2 19 27 993.6664376588503 3.1351201793252124e-10 1
2 20 17 916.8996529908903 1.86218191297687e-10 1
2 20 18 924.7779488893203 1.8464022906941621e-10 1
2 20 19 932.2070260377603 1.9766020944635173e-10 1
2 20 20 943.5036568971403 2.2434893003946843e-10 1
2 20 21 948.0884957643203 2.554288094682041e-10 1
2 20 22 967.7108102174503 2.767110880162794e-10 1
2 20 23 996.6830392213503 2.830114595474337e-10 1
2 20 24 1008.5904488893203 2.8269137906288287e-10 1
2 20 25 1012.5892281862003 2.9108968591064874e-10 1
2 20 26 1018.1383614869803 2.8241918725190666e-10 1
2 20 27 1028.2826485963503 2.6121777980122466e-10 1
2 21 11 962.3270821901003 2.2368257687503054e-10 1
2 21 12 968.4651437135403 2.277061364630045e-10 1
2 21 13 975.3074899049503 2.0938762469381843e-10 1
2 21 14 979.9750924440103 2.0328187962949494e-10 1
2 21 15 983.2438912721403 2.0486672395384064e-10 1
2 21 16 987.8070626588503 2.0391283755053223e-10 1
2 21 17 991.2369332643203 1.9647858610462982e-10 1
2 21 18 994.3289742799503 1.9068198526201937e-10 1
