2 98 267 993.5796190902109 1.3008478458616857e-10 1
2 98 268 1013.2989184066109 1.1932245759540626e-10 1
2 98 269 1035.585905711301 1.2705867499591648e-10 1
2 98 270 1029.7489306136408 1.6910120221127004e-10 1
2 99 206 972.3205858870809 1.1546178451676881e-10 1
2 99 207 972.3205858870809 1.1589315955349976e-10 1
2 99 208 972.3205858870809 1.1630712418426384e-10 1
2 99 209 972.3205858870809 1.1672405673865577e-10 1
2 99 210 975.3067919417709 1.171393618417111e-10 1
2 99 211 975.3067919417709 1.1752089963957334e-10 1
2 99 212 975.3067919417709 1.179049309935191e-10 1
2 99 213 975.3067919417709 1.1829172089147072e-10 1
2 99 214 978.1145922347409 1.186507919391163e-10 1
2 99 215 978.1145922347409 1.1900182286706034e-10 1
2 99 216 978.1145922347409 1.1935493702342886e-10 1
2 99 217 978.1145922347409 1.196929472266996e-10 1
2 99 218 978.1145922347409 1.2000968717020987e-10 1
2 99 219 980.1128222152109 1.203281079208776e-10 1
2 99 220 980.1128222152109 1.2064453152284243e-10 1
2 99 221 980.1128222152109 1.2092682696790818e-10 1
2 99 222 980.1128222152109 1.2121044659439415e-10 1
2 99 223 987.0288378402109 1.214953997413402e-10 1
2 99 224 987.0288378402109 1.2175210164589215e-10 1
2 99 225 987.0288378402109 1.2200106788637215e-10 1
2 99 226 987.0288378402109 1.2225105441638987e-10 1
2 99 227 990.0421435042709 1.2248692530820502e-10 1
2 99 228 990.0421435042709 1.2270297995130583e-10 1
2 99 229 990.0421435042709 1.2291963591034491e-10 1
2 99 230 990.0421435042709 1.2313385176632579e-10 1
2 99 231 994.3720995589609 1.233177740309194e-10 1
2 99 232 994.3720995589609 1.235022465585274e-10 1
2 99 233 994.3720995589609 1.2368785020404243e-10 1
2 99 234 994.3720995589609 1.2385263183694656e-10 1
2 99 235 999.2503344222409 1.2400811508832474e-10 1
2 99 236 999.2503344222409 1.241639892143797e-10 1
2 99 237 999.2503344222409 1.2430863462356169e-10 1
2 99 238 999.2503344222409 1.2443800481086845e-10 1
2 99 239 1008.9308153792709 1.2456764455437546e-10 1
2 99 240 1008.9308153792709 1.2469839100633546e-10 1
2 99 241 1008.9308153792709 1.2480518244228448e-10 1
2 99 242 1008.9308153792709 1.249121569469293e-10 1
2 99 243 1008.9308153792709 1.2502196516147795e-10 1
2 99 244 1012.5949389144209 1.2511879056883579e-10 1
2 99 245 1012.5949389144209 1.2520222442076652e-10 1
2 99 246 1012.5949389144209 1.252857696205245e-10 1
2 99 247 1012.5949389144209 1.2536487718396844e-10 1
2 99 248 1015.7796923323909 1.254298856313547e-10 1
2 99 249 1015.7796923323909 1.2549127532669378e-10 1
2 99 250 1015.7796923323909 1.2555078052498293e-10 1
2 99 251 1015.7796923323909 1.2559156263133432e-10 1
2 99 252 1019.0143725081709 1.2563237124043753e-10 1
2 99 253 1019.0143725081709 1.256791595778776e-10 1
2 99 254 1019.0143725081709 1.257176906216789e-10 1
2 99 255 1019.0143725081709 1.2574081046233444e-10 1
2 99 256 1023.9966723128609 1.2576393880816205e-10 1
2 99 257 1023.9966723128609 1.2578453829493481e-10 1
2 99 258 1023.9966723128609 1.2579884593003943e-10 1
2 99 259 1026.209501902711 1.2581579011844608e-10 1
2 99 260 1026.209501902711 1.2581582563846654e-10 1
2 99 261 1028.4657274886408 1.2578432138541192e-10 1
2 99 262 1029.8028856917708 1.2571675366281353e-10 1
2 99 263 1030.9217821761408 1.257686801686079e-10 1
2 99 264 1032.8192431136408 1.2686519989842164e-10 1
2 99 265 1035.709501902711 1.3107624407839333e-10 1
2 99 266 1038.649260203491 1.3268132564080683e-10 1
2 99 267 1040.711943308961 1.2499022560263224e-10 1
2 99 268 1045.441374461301 1.1289227896464085e-10 1
2 100 43 988.5130907698909 9.203075056389074e-11 1
2 100 44 988.7106615706709 9.202700789361159e-11 1
2 100 45 988.7106615706709 9.201939063792715e-11 1
2 100 46 988.7106615706709 9.200895915530837e-11 1
2 100 47 988.7106615706709 9.197746396964277e-11 1
2 100 48 991.1543261214609 9.194745238606351e-11 1
2 100 49 991.1543261214609 9.192241974031372e-11 1
2 100 50 991.1543261214609 9.189576359432864e-11 1
2 100 51 991.1543261214609 9.1853337398168e-11 1
2 100 52 990.9875170394209 9.181095035836064e-11 1
2 100 53 990.9875170394209 9.176007439047549e-11 1
2 100 54 990.9875170394209 9.168533053420381e-11 1
2 100 55 990.9875170394209 9.162453315984865e-11 1
2 100 56 989.6888109847409 9.156381636264314e-11 1
2 100 57 989.6888109847409 9.149378993670739e-11 1
2 100 58 989.6888109847409 9.141130410742316e-11 1
2 100 59 989.6888109847409 9.132896687365571e-11 1
2 100 60 987.3996264144209 9.123012778722005e-11 1
2 100 61 987.3996264144209 9.112100849218794e-11 1
2 100 62 987.3996264144209 9.101214991795041e-11 1
2 100 63 987.3996264144209 9.089595926776951e-11 1
2 100 64 986.3455492659909 9.075399593526325e-11 1
2 100 65 986.3455492659909 9.062016037789816e-11 1
2 100 66 986.3455492659909 9.048671897574906e-11 1
2 100 67 986.3455492659909 9.034280638462287e-11 1
2 100 68 986.3455492659909 9.018483693255128e-11 1
2 100 69 989.2150561019209 9.002741895305121e-11 1
2 100 70 989.2150561019209 8.985848547027302e-11 1
2 100 71 989.2150561019209 8.967869146550827e-11 1
2 100 72 989.2150561019209 8.949961550831875e-11 1
2 100 73 990.3741137191109 8.931599796959855e-11 1
2 100 74 990.3741137191109 8.911767160419555e-11 1
2 100 75 990.3741137191109 8.892449870721037e-11 1
2 100 76 990.3741137191109 8.87321614482335e-11 1
2 100 77 990.2012621566109 8.853726622797436e-11 1
2 100 78 990.2012621566109 8.833870323190186e-11 1
2 100 79 990.2012621566109 8.814102887943014e-11 1
2 100 80 990.2012621566109 8.794055289590958e-11 1
2 100 81 989.6797167464609 8.773975580976892e-11 1
2 100 82 989.6797167464609 8.753987360568557e-11 1
2 100 83 989.6797167464609 8.734175651935955e-11 1
2 100 84 989.6797167464609 8.714979327052471e-11 1
2 100 85 988.1280810042709 8.695286391019452e-11 1
2 100 86 988.1280810042709 8.675682253219042e-11 1
2 100 87 988.1280810042709 8.656381734291715e-11 1
2 100 88 988.1280810042709 8.637454436079582e-11 1
2 100 89 991.2392260238009 8.618609726883324e-11 1
2 100 90 991.2392260238009 8.600796033546751e-11 1
2 100 91 991.2392260238009 8.583304791424632e-11 1
2 100 92 991.2392260238009 8.565192363380273e-11 1
2 100 93 991.2392260238009 8.547156215800278e-11 1
2 100 94 992.9411913558309 8.530420116312354e-11 1
2 100 95 992.9411913558309 8.513155281180915e-11 1
2 100 96 992.9411913558309 8.495960189970525e-11 1
2 100 97 992.9411913558309 8.479398959020521e-11 1
2 100 98 992.1377245589609 8.463082680705039e-11 1
2 100 99 992.1377245589609 8.446569127646752e-11 1
2 100 100 992.1377245589609 8.430155022764339e-11 1
2 100 101 992.1377245589609 8.41414227826948e-11 1
2 100 102 988.2362353011409 8.398190249591188e-11 1
2 100 103 988.2362353011409 8.38275986009924e-11 1
2 100 104 988.2362353011409 8.367865429963788e-11 1
2 100 105 988.2362353011409 8.353030334882028e-11 1
2 100 106 990.8873583480209 8.338339279991681e-11 1
2 100 107 990.8873583480209 8.32450919735128e-11 1
2 100 108 990.8873583480209 8.311216787047582e-11 1
2 100 109 990.8873583480209 8.297974645166175e-11 1
2 100 110 993.3007494613009 8.284982488123148e-11 1
2 100 111 993.3007494613009 8.274030940741684e-11 1
2 100 112 993.3007494613009 8.26310830785965e-11 1
2 100 113 993.3007494613009 8.252022557601652e-11 1
2 100 114 996.7345263167709 8.243838522263838e-11 1
2 100 115 996.7345263167709 8.23663352242949e-11 1
2 100 116 996.7345263167709 8.229322143959476e-11 1
2 100 117 996.7345263167709 8.223739041203835e-11 1
2 100 118 996.7345263167709 8.221533452288715e-11 1
2 100 119 999.6627489730209 8.2194562286491e-11 1
2 100 120 999.6627489730209 8.217836499519407e-11 1
2 100 121 999.6627489730209 8.220622802457112e-11 1
2 100 122 999.6627489730209 8.22341099545851e-11 1
2 100 123 999.8979174300509 8.226926012188892e-11 1
2 100 124 999.8979174300509 8.23466775610226e-11 1
2 100 125 999.8979174300509 8.241793133299644e-11 1
2 100 126 999.8979174300509 8.248930852214103e-11 1
2 100 127 1000.9576708480209 8.258878015655896e-11 1
2 100 128 1000.9576708480209 8.271517519253091e-11 1
2 100 129 1000.9576708480209 8.283696700619482e-11 1
2 100 130 1000.9576708480209 8.29634313641528e-11 1
2 100 131 1000.7974535628609 8.313205526269363e-11 1
2 100 132 1000.7974535628609 8.330136601636537e-11 1
2 100 133 1000.7974535628609 8.347960629369378e-11 1
2 100 134 1000.7974535628609 8.368765066491423e-11 1
2 100 135 1002.0999437972409 8.390331183700484e-11 1
2 100 136 1002.0999437972409 8.412234868738978e-11 1
2 100 137 1002.0999437972409 8.436822662109232e-11 1
2 100 138 1002.0999437972409 8.462828564279732e-11 1
2 100 139 1003.1116625472409 8.488690957279861e-11 1
2 100 140 1003.1116625472409 8.515041161373085e-11 1
2 100 141 1003.1116625472409 8.544462807641195e-11 1
2 100 142 1003.1116625472409 8.573553659692005e-11 1
2 100 143 1003.1116625472409 8.602843276442124e-11 1
2 100 144 1004.3605028792709 8.633673911862984e-11 1
2 100 145 1004.3605028792709 8.665151359521594e-11 1
2 100 146 1004.3605028792709 8.696972932253622e-11 1
2 100 147 1004.3605028792709 8.729795154561278e-11 1
2 100 148 1005.0249926253609 8.763129808349901e-11 1
2 100 149 1005.0249926253609 8.796720014185939e-11 1
2 100 150 1005.0249926253609 8.831089430653569e-11 1
2 100 151 1005.0249926253609 8.866217007725847e-11 1
2 100 152 1006.1509081527109 8.901318171193336e-11 1
2 100 153 1006.1509081527109 8.936698368861825e-11 1
2 100 154 1006.1509081527109 8.972544528405412e-11 1
2 100 155 1006.1509081527109 9.00873767539317e-11 1
2 100 156 1009.8621508284909 9.045285677739347e-11 1
2 100 157 1009.8621508284909 9.082412948766119e-11 1
2 100 158 1009.8621508284909 9.119401238263407e-11 1
2 100 159 1009.8621508284909 9.1565053836632e-11 1
2 100 160 1011.7501513167709 9.193886170717488e-11 1
2 100 161 1011.7501513167709 9.231315382129553e-11 1
2 100 162 1011.7501513167709 9.269050595278617e-11 1
2 100 163 1011.7501513167709 9.307729750609881e-11 1
2 100 164 1012.4628588363009 9.348149477259798e-11 1
2 100 165 1012.4628588363009 9.387110095793509e-11 1
2 100 166 1012.4628588363009 9.426396828625666e-11 1
2 100 167 1012.4628588363009 9.467680642162521e-11 1
2 100 168 1012.4628588363009 9.509578205610019e-11 1
2 100 169 1013.1134325667709 9.550928135495426e-11 1
2 100 170 1013.1134325667709 9.592775102365627e-11 1
2 100 171 1013.1134325667709 9.636313221368083e-11 1
2 100 172 1013.1134325667709 9.680248349641424e-11 1
2 100 173 1012.8826586409909 9.725988070533072e-11 1
2 100 174 1012.8826586409909 9.772076919029118e-11 1
2 100 175 1012.8826586409909 9.818128661192894e-11 1
2 100 176 1012.8826586409909 9.864891349884558e-11 1
2 100 177 1011.8498217269209 9.912507614939855e-11 1
2 100 178 1011.8498217269209 9.959163087935352e-11 1
2 100 179 1011.8498217269209 1.0006213241943492e-10 1
2 100 180 1011.8498217269209 1.0053478715057965e-10 1
2 100 181 1010.2530199691109 1.0098939708880203e-10 1
2 100 182 1010.2530199691109 1.0144813711954996e-10 1
2 100 183 1010.2530199691109 1.0191008811643752e-10 1
2 100 184 1010.2530199691109 1.0235434219860352e-10 1
2 100 185 1007.9044481917709 1.0279583809382575e-10 1
2 100 186 1007.9044481917709 1.032416935583287e-10 1
2 100 187 1007.9044481917709 1.0368172331415038e-10 1
2 100 188 1007.9044481917709 1.0410876494382576e-10 1
2 100 189 1005.6625048323909 1.0453933889863127e-10 1
2 100 190 1005.6625048323909 1.0497863069209698e-10 1
2 100 191 1005.6625048323909 1.0539960721590482e-10 1
2 100 192 1005.6625048323909 1.0581826077547716e-10 1
2 100 193 1005.6625048323909 1.0624025343222549e-10 1
2 100 194 1007.1398607894209 1.0665472895372812e-10 1
2 100 195 1007.1398607894209 1.0705937122241767e-10 1
2 100 196 1007.1398607894209 1.0746709556606298e-10 1
2 100 197 1007.1398607894209 1.078719631703855e-10 1
2 100 198 1006.4405810042709 1.0826339753534171e-10 1
2 100 199 1006.4405810042709 1.0865382102306439e-10 1
2 100 200 1006.4405810042709 1.0904468112112824e-10 1
2 100 201 1006.4405810042709 1.09415144314072e-10 1
2 100 202 1005.3495775863009 1.0978813327586805e-10 1
2 100 203 1005.3495775863009 1.1017073737697592e-10 1
2 100 204 1005.3495775863009 1.1054294180920072e-10 1
2 100 205 1005.3495775863009 1.1089689758045669e-10 1
2 100 206 1010.7389208480209 1.1125312734828e-10 1
2 100 207 1010.7389208480209 1.1159988714970262e-10 1
2 100 208 1010.7389208480209 1.1193294652676623e-10 1
2 100 209 1010.7389208480209 1.1226799982332717e-10 1
2 100 210 1012.9826342269209 1.1261146918859107e-10 1
2 100 211 1012.9826342269209 1.1292433592296467e-10 1
2 100 212 1012.9826342269209 1.132311910500452e-10 1
2 100 213 1012.9826342269209 1.1353971838766305e-10 1
2 100 214 1016.0586840316109 1.134203854174739e-10 1
2 100 215 1016.0586840316109 1.134203854174739e-10 1
2 100 216 1016.0586840316109 1.1526542213216281e-10 1
2 100 217 1016.0586840316109 1.1526542213216281e-10 1
2 100 218 1016.0586840316109 1.1526542213216281e-10 1
2 100 219 1018.2500902816109 1.1612209333744519e-10 1
2 100 220 1018.2500902816109 1.1612209333744519e-10 1
2 100 221 1018.2500902816109 1.1612209333744519e-10 1
2 100 222 1018.2500902816109 1.1685318731439067e-10 1
2 100 223 1023.4530321761409 1.1685318731439067e-10 1
2 100 224 1023.4530321761409 1.1685318731439067e-10 1
2 100 225 1023.4530321761409 1.1746918575837317e-10 1
2 100 226 1023.4530321761409 1.1746918575837317e-10 1
2 100 227 1024.6451708480208 1.1746918575837317e-10 1
2 100 228 1024.6451708480208 1.1746918575837317e-10 1
2 100 229 1024.6451708480208 1.179871113627607e-10 1
2 100 230 1024.6451708480208 1.179871113627607e-10 1
2 100 231 1025.3290087386408 1.179871113627607e-10 1
2 100 232 1025.3290087386408 1.1841679691381569e-10 1
2 100 233 1025.3290087386408 1.1841679691381569e-10 1
2 100 234 1025.3290087386408 1.1841679691381569e-10 1
2 100 235 1026.306425730831 1.1875959861371993e-10 1
2 100 236 1026.306425730831 1.1875959861371993e-10 1
2 100 237 1026.306425730831 1.1875959861371993e-10 1
2 100 238 1026.306425730831 1.1875959861371993e-10 1
2 100 239 1027.230192820671 1.1875959861371993e-10 1
2 100 240 1027.230192820671 1.1875959861371993e-10 1
2 100 241 1027.230192820671 1.1875959861371993e-10 1
2 100 242 1027.230192820671 1.1875959861371993e-10 1
2 100 243 1027.230192820671 1.2076016845541137e-10 1
2 100 244 1028.368742625361 1.2076016845541137e-10 1
2 100 245 1028.368742625361 1.2094279872147872e-10 1
2 100 246 1028.368742625361 1.2094279872147872e-10 1
2 101 24 984.3035570784909 9.849946768491547e-11 1
2 101 25 985.6098314925509 1.0069703659704535e-10 1
2 101 26 988.6626269027109 1.0160733099324526e-10 1
2 101 27 992.2877489730209 1.0079146073551636e-10 1
2 101 28 996.3064257308309 9.708924198997966e-11 1
2 101 29 997.8766161605209 9.272402737842754e-11 1
2 101 30 999.7567431136409 9.107504590515298e-11 1
2 101 31 1001.4409472152109 9.072130663203944e-11 1
2 101 32 1001.6905199691109 9.078214572023811e-11 1
2 101 33 1002.1183764144209 9.091199827793352e-11 1
2 101 34 1002.4555956527109 9.099599949874331e-11 1
2 101 35 1003.3548876448909 9.104227006436372e-11 1
2 101 36 1003.3548876448909 9.106712927581821e-11 1
2 101 37 1003.3548876448909 9.108264553100395e-11 1
2 101 38 1003.3548876448909 9.109229253168503e-11 1
2 101 39 1003.7323900863009 9.110194157610298e-11 1
2 101 40 1003.7323900863009 9.111405234901137e-11 1
2 101 41 1003.7323900863009 9.11156104777337e-11 1
2 101 42 1003.7323900863009 9.111716865974714e-11 1
2 101 43 1003.7323900863009 9.11199729612475e-11 1
2 101 44 1003.9732348128609 9.112017637819504e-11 1
2 101 45 1003.9732348128609 9.111645178580998e-11 1
2 101 46 1003.9732348128609 9.111272749790242e-11 1
2 101 47 1003.9732348128609 9.11091333876787e-11 1
2 101 48 1004.2015062972409 9.110314161522174e-11 1
2 101 49 1004.2015062972409 9.109598042440052e-11 1
2 101 50 1004.2015062972409 9.108896658434942e-11 1
2 101 51 1004.2015062972409 9.108237001691249e-11 1
2 101 52 1005.6562182113009 9.107395909514182e-11 1
2 101 53 1005.6562182113009 9.106554972662589e-11 1
2 101 54 1005.6562182113009 9.105171517582559e-11 1
2 101 55 1005.6562182113009 9.10361770951049e-11 1
2 101 56 1006.2161547347409 9.102121502654191e-11 1
2 101 57 1006.2161547347409 9.100272589153206e-11 1
2 101 58 1006.2161547347409 9.093595936078081e-11 1
2 101 59 1006.2161547347409 9.093595936078081e-11 1
2 101 60 1006.3699022933309 9.119923740872158e-11 1
2 101 61 1006.3699022933309 9.119923740872158e-11 1
2 101 62 1006.3699022933309 9.104979007532319e-11 1
2 101 63 1006.3699022933309 9.104979007532319e-11 1
2 101 64 1006.7674242659909 9.104979007532319e-11 1
2 101 65 1006.7674242659909 9.08554016098168e-11 1
2 101 66 1006.7674242659909 9.08554016098168e-11 1
2 101 67 1006.7674242659909 9.08554016098168e-11 1
2 101 68 1006.7674242659909 9.08554016098168e-11 1
2 101 69 1008.0173632308309 9.062792780023656e-11 1
2 101 70 1008.0173632308309 9.062792780023656e-11 1
2 101 71 1008.0173632308309 9.062792780023656e-11 1
2 101 72 1008.0173632308309 9.037709295935868e-11 1
2 101 73 1008.2596728011409 9.037709295935868e-11 1
2 101 74 1008.2596728011409 9.037709295935868e-11 1
2 101 75 1008.2596728011409 9.011543565098674e-11 1
2 101 76 1008.2596728011409 9.011543565098674e-11 1
2 101 77 1008.6072680159909 9.011543565098674e-11 1
2 101 78 1008.6072680159909 9.011543565098674e-11 1
2 101 79 1008.6072680159909 8.944641247357811e-11 1
2 101 80 1008.6072680159909 8.944641247357811e-11 1
2 101 81 1009.1329027816109 8.944641247357811e-11 1
2 101 82 1009.1329027816109 8.944641247357811e-11 1
2 101 83 1009.1329027816109 9.020182410396183e-11 1
2 101 84 1009.1329027816109 9.020182410396183e-11 1
2 101 85 1009.6844774886409 9.052946531310568e-11 1
2 101 86 1009.6844774886409 8.901052259863635e-11 1
2 102 24 985.2258593245809 9.942954242019663e-11 1
2 102 25 987.3699022933309 1.0188492395087527e-10 1
2 102 26 989.7983080550509 1.0129407446047214e-10 1
