6 98 267 989.0721886848527 1.5996094636741515e-11 1
6 98 268 1008.7914880012527 1.5538083346748116e-11 1
6 98 269 1031.0784753059427 1.5395303726389805e-11 1
6 98 270 1025.2415002082828 1.5375778331896145e-11 1
6 99 206 967.8131554817227 1.9221076948181546e-11 1
6 99 207 967.8131554817227 1.91944415525882e-11 1
6 99 208 967.8131554817227 1.916822667302816e-11 1
6 99 209 967.8131554817227 1.914208330194264e-11 1
6 99 210 970.7993615364127 1.9115912623885506e-11 1
6 99 211 970.7993615364127 1.9090377102869932e-11 1
6 99 212 970.7993615364127 1.906490971283678e-11 1
6 99 213 970.7993615364127 1.9039428783364787e-11 1
6 99 214 973.6071618293827 1.9014349814195503e-11 1
6 99 215 973.6071618293827 1.898962450433085e-11 1
6 99 216 973.6071618293827 1.8964963414071836e-11 1
6 99 217 973.6071618293827 1.8940631498180368e-11 1
6 99 218 973.6071618293827 1.8916716582945202e-11 1
6 99 219 975.6053918098527 1.889286198269551e-11 1
6 99 220 975.6053918098527 1.886901311541745e-11 1
6 99 221 975.6053918098527 1.884596955671507e-11 1
6 99 222 975.6053918098527 1.882298221270722e-11 1
6 99 223 982.5214074348527 1.8799984471691133e-11 1
6 99 224 982.5214074348527 1.877754293381004e-11 1
6 99 225 982.5214074348527 1.875546119384302e-11 1
6 99 226 982.5214074348527 1.8733431327596716e-11 1
6 99 227 985.5347130989127 1.8711733897404322e-11 1
6 99 228 985.5347130989127 1.8690533627117798e-11 1
6 99 229 985.5347130989127 1.8669413775673154e-11 1
6 99 230 985.5347130989127 1.864841992884103e-11 1
6 99 231 989.8646691536027 1.8628227422944803e-11 1
6 99 232 989.8646691536027 1.8608078598633966e-11 1
6 99 233 989.8646691536027 1.858793452270656e-11 1
6 99 234 989.8646691536027 1.856846562007394e-11 1
6 99 235 994.7429040168827 1.8549324641776987e-11 1
6 99 236 994.7429040168827 1.85302230851289e-11 1
6 99 237 994.7429040168827 1.8511544833949592e-11 1
6 99 238 994.7429040168827 1.8493418001983325e-11 1
6 99 239 1004.4233849739127 1.8475326635517265e-11 1
6 99 240 1004.4233849739127 1.8457318799610094e-11 1
6 99 241 1004.4233849739127 1.8440214742485984e-11 1
6 99 242 1004.4233849739127 1.8423142356042188e-11 1
6 99 243 1004.4233849739127 1.840607671239473e-11 1
6 99 244 1008.0875085090627 1.8389733598378683e-11 1
6 99 245 1008.0875085090627 1.8373692509678242e-11 1
6 99 246 1008.0875085090627 1.8357679381390342e-11 1
6 99 247 1008.0875085090627 1.8342081674507093e-11 1
6 99 248 1011.2722619270327 1.832704815890397e-11 1
6 99 249 1011.2722619270327 1.8312047907710928e-11 1
6 99 250 1011.2722619270327 1.8297159252942256e-11 1
6 99 251 1011.2722619270327 1.82831335807777e-11 1
6 99 252 1014.5069421028127 1.8269129394877465e-11 1
6 99 253 1014.5069421028127 1.8255134428783752e-11 1
6 99 254 1014.5069421028127 1.824183223572155e-11 1
6 99 255 1014.5069421028127 1.822876429035316e-11 1
6 99 256 1019.4892419075027 1.821571505461281e-11 1
6 99 257 1019.4892419075027 1.8203045433467607e-11 1
6 99 258 1019.4892419075027 1.818779018789482e-11 1
6 99 259 1021.7020714973527 1.8165115987689383e-11 1
6 99 260 1021.7020714973527 1.8133234323417424e-11 1
6 99 261 1023.9582970832827 1.8088751521226575e-11 1
6 99 262 1025.2954552864128 1.8028056035182363e-11 1
6 99 263 1026.4143517707828 1.794411094915903e-11 1
6 99 264 1028.3118127082828 1.780127105231944e-11 1
6 99 265 1031.2020714973528 1.746391031278558e-11 1
6 99 266 1034.1418297981327 1.6884189904884824e-11 1
6 99 267 1036.2045129036028 1.612630169885234e-11 1
6 99 268 1040.9339440559427 1.560342315333144e-11 1
6 100 43 984.0056603645327 2.1608536463087907e-11 1
6 100 44 984.2032311653127 2.1596210103325865e-11 1
6 100 45 984.2032311653127 2.1583972857722816e-11 1
6 100 46 984.2032311653127 2.1571726321231734e-11 1
6 100 47 984.2032311653127 2.1559527578701246e-11 1
6 100 48 986.6468957161027 2.154766204570341e-11 1
6 100 49 986.6468957161027 2.153586401138424e-11 1
6 100 50 986.6468957161027 2.152411154843404e-11 1
6 100 51 986.6468957161027 2.151268671239652e-11 1
6 100 52 986.4800866340627 2.1501273998358317e-11 1
6 100 53 986.4800866340627 2.148980354951421e-11 1
6 100 54 986.4800866340627 2.1478542693002015e-11 1
6 100 55 986.4800866340627 2.146754589471709e-11 1
6 100 56 985.1813805793827 2.1456560351170544e-11 1
6 100 57 985.1813805793827 2.1445747949289436e-11 1
6 100 58 985.1813805793827 2.1435163279773623e-11 1
6 100 59 985.1813805793827 2.1424589053349894e-11 1
6 100 60 982.8921960090627 2.1413939868956054e-11 1
6 100 61 982.8921960090627 2.140383324497437e-11 1
6 100 62 982.8921960090627 2.1393736156432063e-11 1
6 100 63 982.8921960090627 2.1383562677745022e-11 1
6 100 64 981.8381188606327 2.137360304298005e-11 1
6 100 65 981.8381188606327 2.136391051843325e-11 1
6 100 66 981.8381188606327 2.1354226780654775e-11 1
6 100 67 981.8381188606327 2.1344756751018345e-11 1
6 100 68 981.8381188606327 2.1335569621760122e-11 1
6 100 69 984.7076256965627 2.1326390397678045e-11 1
6 100 70 984.7076256965627 2.131710982497083e-11 1
6 100 71 984.7076256965627 2.1308389178254384e-11 1
6 100 72 984.7076256965627 2.12996756637037e-11 1
6 100 73 985.8666833137527 2.1290884103568678e-11 1
6 100 74 985.8666833137527 2.1282352692489666e-11 1
6 100 75 985.8666833137527 2.127409966284069e-11 1
6 100 76 985.8666833137527 2.1265853031553452e-11 1
6 100 77 985.6938317512527 2.125783108271794e-11 1
6 100 78 985.6938317512527 2.1250107620686742e-11 1
6 100 79 985.6938317512527 2.124238976884227e-11 1
6 100 80 985.6938317512527 2.123459666081276e-11 1
6 100 81 985.1722863411027 2.1227362414580845e-11 1
6 100 82 985.1722863411027 2.1220133095826087e-11 1
6 100 83 985.1722863411027 2.1212840650542776e-11 1
6 100 84 985.1722863411027 2.1205898472192874e-11 1
6 100 85 983.6206505989127 2.119915485373736e-11 1
6 100 86 983.6206505989127 2.119241552295046e-11 1
6 100 87 983.6206505989127 2.1185896414628275e-11 1
6 100 88 983.6206505989127 2.117967064126169e-11 1
6 100 89 986.7317956184427 2.1173448525882132e-11 1
6 100 90 986.7317956184427 2.116719212095237e-11 1
6 100 91 986.7317956184427 2.116139276186087e-11 1
6 100 92 986.7317956184427 2.1155617758087823e-11 1
6 100 93 986.7317956184427 2.1149845905484464e-11 1
6 100 94 988.4337609504727 2.1144383124795968e-11 1
6 100 95 988.4337609504727 2.113898559215403e-11 1
6 100 96 988.4337609504727 2.1133590814468204e-11 1
6 100 97 988.4337609504727 2.112836990578771e-11 1
6 100 98 987.6302941536027 2.112331349257622e-11 1
6 100 99 987.6302941536027 2.111822885260071e-11 1
6 100 100 987.6302941536027 2.11131685032077e-11 1
6 100 101 987.6302941536027 2.1108321259343943e-11 1
6 100 102 983.7288048957827 2.1103476240667747e-11 1
6 100 103 983.7288048957827 2.1098700763857965e-11 1
6 100 104 983.7288048957827 2.109396825561308e-11 1
6 100 105 983.7288048957827 2.1089229582944343e-11 1
6 100 106 986.3799279426627 2.108452128083724e-11 1
6 100 107 986.3799279426627 2.1079940909529536e-11 1
6 100 108 986.3799279426627 2.107522814593245e-11 1
6 100 109 986.3799279426627 2.1070465371373242e-11 1
6 100 110 988.7933190559427 2.1065686055752967e-11 1
6 100 111 988.7933190559427 2.1060728608490718e-11 1
6 100 112 988.7933190559427 2.1055773493979562e-11 1
6 100 113 988.7933190559427 2.105090295441116e-11 1
6 100 114 992.2270959114127 2.1045738880785237e-11 1
6 100 115 992.2270959114127 2.1040458461262203e-11 1
6 100 116 992.2270959114127 2.1035208462178503e-11 1
6 100 117 992.2270959114127 2.102990126410412e-11 1
6 100 118 992.2270959114127 2.1024171421372272e-11 1
6 100 119 995.1553185676627 2.101837196908763e-11 1
6 100 120 995.1553185676627 2.1012479304272398e-11 1
6 100 121 995.1553185676627 2.100566017795599e-11 1
6 100 122 995.1553185676627 2.0998845476191026e-11 1
6 100 123 995.3904870246927 2.0992150299864472e-11 1
6 100 124 995.3904870246927 2.0984216108825186e-11 1
6 100 125 995.3904870246927 2.0975731410039397e-11 1
6 100 126 995.3904870246927 2.0967253569838802e-11 1
6 100 127 996.4502404426627 2.0958023171999843e-11 1
6 100 128 996.4502404426627 2.0947760317439377e-11 1
6 100 129 996.4502404426627 2.093749684018501e-11 1
6 100 130 996.4502404426627 2.0927073804947302e-11 1
6 100 131 996.2900231575027 2.0915026235246064e-11 1
6 100 132 996.2900231575027 2.0902992528966588e-11 1
6 100 133 996.2900231575027 2.0890955662367086e-11 1
6 100 134 996.2900231575027 2.0877574119706287e-11 1
6 100 135 997.5925133918827 2.0863787941330514e-11 1
6 100 136 997.5925133918827 2.0850009310280485e-11 1
6 100 137 997.5925133918827 2.083545723944915e-11 1
6 100 138 997.5925133918827 2.082004983494985e-11 1
6 100 139 998.6042321418827 2.0804716631298935e-11 1
6 100 140 998.6042321418827 2.0789235639887142e-11 1
6 100 141 998.6042321418827 2.0772193012275175e-11 1
6 100 142 998.6042321418827 2.0755281500034604e-11 1
6 100 143 998.6042321418827 2.0738397502134132e-11 1
6 100 144 999.8530724739127 2.0720389914371477e-11 1
6 100 145 999.8530724739127 2.070205187015494e-11 1
6 100 146 999.8530724739127 2.0683713838678857e-11 1
6 100 147 999.8530724739127 2.0664741810399725e-11 1
6 100 148 1000.5175622200027 2.06451284341669e-11 1
6 100 149 1000.5175622200027 2.0625552253633327e-11 1
6 100 150 1000.5175622200027 2.060567509251673e-11 1
6 100 151 1000.5175622200027 2.0584673601161437e-11 1
6 100 152 1001.6434777473527 2.0563879959090017e-11 1
6 100 153 1001.6434777473527 2.0543128284089353e-11 1
6 100 154 1001.6434777473527 2.0521480032336718e-11 1
6 100 155 1001.6434777473527 2.0499582575407263e-11 1
6 100 156 1005.3547204231327 2.047769007503755e-11 1
6 100 157 1005.3547204231327 2.0455153285342188e-11 1
6 100 158 1005.3547204231327 2.0432235846373214e-11 1
6 100 159 1005.3547204231327 2.0409468095916048e-11 1
6 100 160 1007.2427209114127 2.0386654201579987e-11 1
6 100 161 1007.2427209114127 2.0362959033534287e-11 1
6 100 162 1007.2427209114127 2.033931888277208e-11 1
6 100 163 1007.2427209114127 2.0315579413442762e-11 1
6 100 164 1007.9554284309427 2.0291067909967305e-11 1
6 100 165 1007.9554284309427 2.026673311308108e-11 1
6 100 166 1007.9554284309427 2.0242456615047998e-11 1
6 100 167 1007.9554284309427 2.0217753749525747e-11 1
6 100 168 1007.9554284309427 2.019269413594135e-11 1
6 100 169 1008.6060021614127 2.016780137916909e-11 1
6 100 170 1008.6060021614127 2.014290713554827e-11 1
6 100 171 1008.6060021614127 2.0117469935141625e-11 1
6 100 172 1008.6060021614127 2.0092096899760512e-11 1
6 100 173 1008.3752282356327 2.006660602764641e-11 1
6 100 174 1008.3752282356327 2.0040815665614892e-11 1
6 100 175 1008.3752282356327 2.0015033993021047e-11 1
6 100 176 1008.3752282356327 1.998926351925193e-11 1
6 100 177 1007.3423913215627 1.9963068388948982e-11 1
6 100 178 1007.3423913215627 1.9936917414988027e-11 1
6 100 179 1007.3423913215627 1.9910955753315718e-11 1
6 100 180 1007.3423913215627 1.9885025415164017e-11 1
6 100 181 1005.7455895637527 1.9858814101525738e-11 1
6 100 182 1005.7455895637527 1.9832671797459488e-11 1
6 100 183 1005.7455895637527 1.9806421154376355e-11 1
6 100 184 1005.7455895637527 1.9780153589024118e-11 1
6 100 185 1003.3970177864127 1.9753983832152697e-11 1
6 100 186 1003.3970177864127 1.972781978089329e-11 1
6 100 187 1003.3970177864127 1.9701484916369586e-11 1
6 100 188 1003.3970177864127 1.9675320751172647e-11 1
6 100 189 1001.1550744270327 1.964922598740691e-11 1
6 100 190 1001.1550744270327 1.962287899543068e-11 1
6 100 191 1001.1550744270327 1.9596593241090717e-11 1
6 100 192 1001.1550744270327 1.9570619085607547e-11 1
6 100 193 1001.1550744270327 1.9544713693476254e-11 1
6 100 194 1002.6324303840627 1.951862446321926e-11 1
6 100 195 1002.6324303840627 1.9492886016281503e-11 1
6 100 196 1002.6324303840627 1.9467215360517487e-11 1
6 100 197 1002.6324303840627 1.944149099787363e-11 1
6 100 198 1001.9331505989127 1.9415923861046105e-11 1
6 100 199 1001.9331505989127 1.9390537994651755e-11 1
6 100 200 1001.9331505989127 1.9365237123080285e-11 1
6 100 201 1001.9331505989127 1.9340182157727232e-11 1
6 100 202 1000.8421471809427 1.93151919414028e-11 1
6 100 203 1000.8421471809427 1.9290083764686056e-11 1
6 100 204 1000.8421471809427 1.9265077996639715e-11 1
6 100 205 1000.8421471809427 1.9240530476844797e-11 1
6 100 206 1006.2314904426627 1.9216045434232492e-11 1
6 100 207 1006.2314904426627 1.9191763815774348e-11 1
6 100 208 1006.2314904426627 1.916773228942597e-11 1
6 100 209 1006.2314904426627 1.9143760871363344e-11 1
6 100 210 1008.4752038215627 1.911958682071684e-11 1
6 100 211 1008.4752038215627 1.9095881524269487e-11 1
6 100 212 1008.4752038215627 1.9072500659109012e-11 1
6 100 213 1008.4752038215627 1.9049176978670897e-11 1
6 100 214 1011.5512536262527 1.9044447408515658e-11 1
6 100 215 1011.5512536262527 1.9044447408515658e-11 1
6 100 216 1011.5512536262527 1.8963906768507707e-11 1
6 100 217 1011.5512536262527 1.8963906768507707e-11 1
6 100 218 1011.5512536262527 1.8963906768507707e-11 1
6 100 219 1013.7426598762527 1.888957456087118e-11 1
6 100 220 1013.7426598762527 1.888957456087118e-11 1
6 100 221 1013.7426598762527 1.888957456087118e-11 1
6 100 222 1013.7426598762527 1.8817859623521877e-11 1
6 100 223 1018.9456017707827 1.8817859623521877e-11 1
6 100 224 1018.9456017707827 1.8817859623521877e-11 1
6 100 225 1018.9456017707827 1.874880023527558e-11 1
6 100 226 1018.9456017707827 1.874880023527558e-11 1
6 100 227 1020.1377404426627 1.874880023527558e-11 1
6 100 228 1020.1377404426627 1.874880023527558e-11 1
6 100 229 1020.1377404426627 1.8682509093811647e-11 1
6 100 230 1020.1377404426627 1.8682509093811647e-11 1
6 100 231 1020.8215783332827 1.8682509093811647e-11 1
6 100 232 1020.8215783332827 1.861911277382051e-11 1
6 100 233 1020.8215783332827 1.861911277382051e-11 1
6 100 234 1020.8215783332827 1.861911277382051e-11 1
6 100 235 1021.7989953254727 1.8558730611823738e-11 1
6 100 236 1021.7989953254727 1.8558730611823738e-11 1
6 100 237 1021.7989953254727 1.8558730611823738e-11 1
6 100 238 1021.7989953254727 1.8558730611823738e-11 1
6 100 239 1022.7227624153127 1.8558730611823738e-11 1
6 100 240 1022.7227624153127 1.8558730611823738e-11 1
6 100 241 1022.7227624153127 1.8558730611823738e-11 1
6 100 242 1022.7227624153127 1.8558730611823738e-11 1
6 100 243 1022.7227624153127 1.8437172779287678e-11 1
6 100 244 1023.8613122200027 1.8437172779287678e-11 1
6 100 245 1023.8613122200027 1.8385227406938076e-11 1
6 100 246 1023.8613122200027 1.8385227406938076e-11 1
6 101 24 979.7961266731327 2.386018331587628e-11 1
6 101 25 981.1024010871927 2.3564554038835564e-11 1
6 101 26 984.1551964973527 2.320291744451702e-11 1
6 101 27 987.7803185676627 2.279514694740835e-11 1
6 101 28 991.7989953254727 2.2376565561785754e-11 1
6 101 29 993.3691857551627 2.2043946435912207e-11 1
6 101 30 995.2493127082827 2.1836410272737375e-11 1
6 101 31 996.9335168098527 2.1706689302702328e-11 1
6 101 32 997.1830895637527 2.1624544784266933e-11 1
6 101 33 997.6109460090627 2.1571770451919846e-11 1
6 101 34 997.9481652473527 2.1537693466325885e-11 1
6 101 35 998.8474572395327 2.151528321950758e-11 1
6 101 36 998.8474572395327 2.150053963919088e-11 1
6 101 37 998.8474572395327 2.1488906519616414e-11 1
6 101 38 998.8474572395327 2.1477483119289662e-11 1
6 101 39 999.2249596809427 2.1466071857760334e-11 1
6 101 40 999.2249596809427 2.145457234068494e-11 1
6 101 41 999.2249596809427 2.1443461143413735e-11 1
6 101 42 999.2249596809427 2.1432361449033112e-11 1
6 101 43 999.2249596809427 2.142120489872248e-11 1
6 101 44 999.4658044075027 2.141023002482277e-11 1
6 101 45 999.4658044075027 2.139951057787709e-11 1
6 101 46 999.4658044075027 2.1388801859358083e-11 1
6 101 47 999.4658044075027 2.1378176251962732e-11 1
6 101 48 999.6940758918827 2.136775152862877e-11 1
6 101 49 999.6940758918827 2.1357379412638613e-11 1
6 101 50 999.6940758918827 2.134703675296842e-11 1
6 101 51 999.6940758918827 2.1336939730982093e-11 1
6 101 52 1001.1487878059427 2.1326941037378464e-11 1
6 101 53 1001.1487878059427 2.1316951710352086e-11 1
6 101 54 1001.1487878059427 2.130720408754027e-11 1
6 101 55 1001.1487878059427 2.1297538455601896e-11 1
6 101 56 1001.7087243293827 2.1287870142568582e-11 1
6 101 57 1001.7087243293827 2.1278298862910003e-11 1
6 101 58 1001.7087243293827 2.1277956620059307e-11 1
6 101 59 1001.7087243293827 2.1277956620059307e-11 1
6 101 60 1001.8624718879727 2.1266301563139222e-11 1
6 101 61 1001.8624718879727 2.1266301563139222e-11 1
6 101 62 1001.8624718879727 2.1236270030112594e-11 1
6 101 63 1001.8624718879727 2.1236270030112594e-11 1
6 101 64 1002.2599938606327 2.1236270030112594e-11 1
6 101 65 1002.2599938606327 2.1207558428706692e-11 1
6 101 66 1002.2599938606327 2.1207558428706692e-11 1
6 101 67 1002.2599938606327 2.1207558428706692e-11 1
6 101 68 1002.2599938606327 2.1207558428706692e-11 1
6 101 69 1003.5099328254727 2.1180046880761307e-11 1
6 101 70 1003.5099328254727 2.1180046880761307e-11 1
6 101 71 1003.5099328254727 2.1180046880761307e-11 1
6 101 72 1003.5099328254727 2.1153726352715395e-11 1
6 101 73 1003.7522423957827 2.1153726352715395e-11 1
6 101 74 1003.7522423957827 2.1153726352715395e-11 1
6 101 75 1003.7522423957827 2.1128697223795288e-11 1
6 101 76 1003.7522423957827 2.1128697223795288e-11 1
6 101 77 1004.0998376106327 2.1128697223795288e-11 1
6 101 78 1004.0998376106327 2.1128697223795288e-11 1
6 101 79 1004.0998376106327 2.1128697223795288e-11 1
6 101 80 1004.0998376106327 2.1128697223795288e-11 1
6 101 81 1004.6254723762527 2.1128697223795288e-11 1
6 101 82 1004.6254723762527 2.1128697223795288e-11 1
6 101 83 1004.6254723762527 2.109971851373463e-11 1
6 101 84 1004.6254723762527 2.109971851373463e-11 1
6 101 85 1005.1770470832827 2.107781288102103e-11 1
6 101 86 1005.1770470832827 2.107781288102103e-11 1
6 102 24 980.7184289192227 2.3491138131591726e-11 1
6 102 25 982.8624718879727 2.324284008382704e-11 1
6 102 26 985.2908776496927 2.294209550361443e-11 1
