2 18 26 1059.69134521484 3.188720454988064e-10 1
2 19 16 982.92456054688 1.8694979946026607e-10 1
2 19 17 990.80285644531 1.8503852773300062e-10 1
2 19 18 998.23193359375 1.9890388119938534e-10 1
2 19 19 1009.52856445313 2.2611078440920531e-10 1
2 19 20 1014.11340332031 2.5718680996684446e-10 1
2 19 21 1033.73571777344 2.775893163053064e-10 1
2 19 22 1062.70794677734 2.830768403805142e-10 1
2 19 23 1074.61535644531 2.826587434705849e-10 1
2 19 24 1078.61413574219 2.9132808193601125e-10 1
2 20 10 1028.35198974609 2.2427399097921003e-10 1
2 20 11 1034.4900512695299 2.2724414690979027e-10 1
