2 55 104 963.9442948272346 1.2882203858808065e-10 1
2 55 105 984.5460404327046 1.1898291960161562e-10 1
2 55 106 1008.0393265655146 1.292073155228986e-10 1
2 55 107 1000.9960526397346 1.6860563836846748e-10 1
2 56 79 943.5677079131746 1.1541024505989865e-10 1
2 56 80 943.5677079131746 1.168150609367819e-10 1
2 56 81 946.5539139678646 1.1811754666156431e-10 1
2 56 82 949.3617142608346 1.1931390892623914e-10 1
2 56 83 951.3599442413046 1.2039757164077744e-10 1
2 56 84 958.2759598663046 1.2136722787339685e-10 1
2 56 85 958.2759598663046 1.2222203215407405e-10 1
2 56 86 961.2892655303646 1.2296684860873398e-10 1
2 56 87 965.6192215850546 1.236041456871767e-10 1
2 56 88 970.4974564483346 1.241459056051941e-10 1
2 56 89 980.1779374053646 1.2459607990951078e-10 1
2 56 90 980.1779374053646 1.2497142635638727e-10 1
2 56 91 983.8420609405146 1.2527608223894353e-10 1
2 56 92 987.0268143584846 1.255046323430792e-10 1
2 56 93 990.2614945342646 1.2565546935426987e-10 1
2 56 94 995.2437943389546 1.2576125813431524e-10 1
2 56 95 995.2437943389546 1.2580806272237224e-10 1
2 56 96 997.4566239288046 1.2581628801164767e-10 1
2 56 97 999.7128495147346 1.2579696783469923e-10 1
2 56 98 1000.0881546905146 1.2575319259457552e-10 1
2 56 99 1001.0500077178646 1.2569882898176574e-10 1
2 56 100 1002.5603226592646 1.2585847129815094e-10 1
2 56 101 1004.0663651397346 1.2721117947159413e-10 1
2 56 102 1006.9566239288046 1.3160907972955489e-10 1
2 56 103 1009.8963822295846 1.3266557893416811e-10 1
2 56 104 1012.2963456084846 1.2326466278831854e-10 1
2 56 105 1016.6884964873946 1.1191935303456004e-10 1
2 57 32 959.9577835967646 9.201583040010145e-11 1
2 57 33 962.2346390655146 9.182292293909261e-11 1
2 57 34 960.9359330108346 9.157084843133458e-11 1
2 57 35 960.9359330108346 9.131010309773213e-11 1
2 57 36 958.6467484405146 9.095152438669302e-11 1
2 57 37 957.5926712920846 9.050216275248719e-11 1
2 57 38 960.4621781280146 8.999257653028161e-11 1
2 57 39 961.6212357452046 8.940074910865597e-11 1
2 57 40 961.6212357452046 8.875440789806736e-11 1
2 57 41 961.4483841827046 8.809793778098304e-11 1
2 57 42 960.9268387725546 8.743025867901864e-11 1
2 57 43 959.3752030303646 8.677949557269574e-11 1
2 57 44 962.4863480498946 8.61457856381387e-11 1
2 57 45 962.4863480498946 8.555248985611782e-11 1
2 57 46 964.1883133819246 8.497949291038863e-11 1
2 57 47 963.3848465850546 8.442986816498e-11 1
2 57 48 959.4833573272346 8.389477347311403e-11 1
2 57 49 962.1344803741146 8.339986258133116e-11 1
2 57 50 962.1344803741146 8.295100752508871e-11 1
2 57 51 964.5478714873946 8.257084932673986e-11 1
2 57 52 967.9816483428646 8.230237438203943e-11 1
2 57 53 970.9098709991146 8.219004679626044e-11 1
2 57 54 971.1450394561446 8.225021785492928e-11 1
2 57 55 971.1450394561446 8.248103061410713e-11 1
2 57 56 972.2047928741146 8.286349787163746e-11 1
2 57 57 972.0445755889546 8.339575712307654e-11 1
2 57 58 973.3470658233346 8.409560252077812e-11 1
2 57 59 974.3587845733346 8.494335617842267e-11 1
2 57 60 974.3587845733346 8.589661112039067e-11 1
2 57 61 975.6076249053646 8.693207703502966e-11 1
2 57 62 976.2721146514546 8.80408656386844e-11 1
2 57 63 977.3980301788046 8.920770188797063e-11 1
2 57 64 981.1092728545846 9.040999543286987e-11 1
2 57 65 981.1092728545846 9.164613603571849e-11 1
2 57 66 982.9972733428646 9.29003127095801e-11 1
2 57 67 983.7099808623946 9.421827231370469e-11 1
2 57 68 984.3605545928646 9.559967235225166e-11 1
2 57 69 984.1297806670846 9.704761672304198e-11 1
2 57 70 984.1297806670846 9.859290964369992e-11 1
2 57 71 983.0969437530146 1.0016503104790974e-10 1
2 57 72 981.5001419952046 1.0170248723120288e-10 1
2 57 73 979.1515702178646 1.0318951926017026e-10 1
2 57 74 976.9096268584846 1.0463388053823188e-10 1
2 57 75 976.9096268584846 1.0605027078655042e-10 1
2 57 76 978.3869828155146 1.0741968723967701e-10 1
2 57 77 977.6877030303646 1.0873909082090025e-10 1
2 57 78 976.5966996123946 1.099953786252491e-10 1
2 57 79 981.9860428741146 1.1121172831614568e-10 1
2 57 80 981.9860428741146 1.1234170622069179e-10 1
2 57 81 984.2297562530146 1.1340091437943332e-10 1
2 57 82 987.3058060577046 1.1526542213216281e-10 1
2 57 83 989.4972123077046 1.1612209333744519e-10 1
2 57 84 994.7001542022346 1.1685318731439067e-10 1
2 57 85 994.7001542022346 1.1746918575837317e-10 1
2 57 86 995.8922928741146 1.179871113627607e-10 1
2 57 87 996.5761307647346 1.1841679691381569e-10 1
2 57 88 997.5535477569246 1.1875959861371993e-10 1
2 57 89 998.4773148467646 1.1875959861371993e-10 1
2 57 90 998.4773148467646 1.2076016845541137e-10 1
2 57 91 999.6158646514546 1.2094279872147872e-10 1
2 58 24 955.5506791045846 9.849946768491547e-11 1
2 58 25 956.8569535186446 1.0069703659704535e-10 1
2 58 26 959.9097489288046 1.0160733099324526e-10 1
2 58 27 963.5348709991146 1.0079146073551636e-10 1
2 58 28 967.5535477569246 9.697546725219942e-11 1
2 58 29 969.3930863311446 9.196729661597941e-11 1
2 58 30 972.6880692413046 9.072648573170657e-11 1
2 58 31 974.6020096709846 9.106896836082203e-11 1
2 58 32 975.2203568389546 9.111471083729038e-11 1
2 58 33 976.9033402373946 9.107633546115684e-11 1
2 58 34 977.4632767608346 9.102261923935008e-11 1
2 58 35 977.4632767608346 9.119923740872158e-11 1
2 58 36 977.6170243194246 9.104979007532319e-11 1
2 58 37 978.0145462920846 9.08554016098168e-11 1
2 58 38 979.2644852569246 9.062792780023656e-11 1
2 58 39 979.5067948272346 9.037709295935868e-11 1
2 58 40 979.5067948272346 9.011543565098674e-11 1
2 58 41 979.8543900420846 8.944641247357811e-11 1
2 58 42 980.3800248077046 9.020182410396183e-11 1
2 58 43 980.9315995147346 8.901052259863635e-11 1
2 59 24 956.4729813506746 9.942954242019663e-11 1
2 59 25 958.6170243194246 1.0188492395087527e-10 1
2 59 26 961.0454300811446 1.0129407446047214e-10 1
