5 19 27 981.8524419845323 5.1003088278201924e-11 1
5 20 17 905.0856573165723 1.8495888104119526e-11 1
5 20 18 912.9639532150023 1.8255565855051855e-11 1
5 20 19 920.3930303634423 1.8433970252612886e-11 1
5 20 20 931.6896612228223 1.9627136506441836e-11 1
5 20 21 936.2745000900023 2.191107033014144e-11 1
5 20 22 955.8968145431323 2.4902343258559568e-11 1
5 20 23 984.8690435470323 2.7745815462468582e-11 1
5 20 24 996.7764532150023 2.946467908827323e-11 1
5 20 25 1000.7752325118823 3.07448840775889e-11 1
5 20 26 1006.3243658126623 3.5180985623983445e-11 1
5 20 27 1016.4686529220323 4.582602358491166e-11 1
5 21 11 950.5130865157823 1.9074575773860805e-11 1
5 21 12 956.6511480392223 1.91218879265004e-11 1
5 21 13 963.4934942306323 1.8789733029720065e-11 1
5 21 14 968.1610967696923 1.8010091103290164e-11 1
5 21 15 971.4298955978223 1.7607359325968274e-11 1
5 21 16 975.9930669845323 1.718508262664105e-11 1
5 21 17 979.4229375900023 1.6968323058202036e-11 1
5 21 18 982.5149786056323 1.6881594372801875e-11 1
