3 19 27 992.4726889670203 3.135120179325225e-10 1
3 20 17 915.7059042990603 1.8621819129768744e-10 1
3 20 18 923.5842001974903 1.8464022906941621e-10 1
3 20 19 931.0132773459303 1.9766020944635124e-10 1
3 20 20 942.3099082053103 2.243489300394678e-10 1
3 20 21 946.8947470724903 2.554288094682041e-10 1
3 20 22 966.5170615256203 2.767110880162784e-10 1
3 20 23 995.4892905295203 2.8301145954743473e-10 1
3 20 24 1007.3967001974903 2.8269137906288184e-10 1
3 20 25 1011.3954794943703 2.910896859106498e-10 1
3 20 26 1016.9446127951503 2.824191872519056e-10 1
3 20 27 1027.0888999045203 2.6121777980122554e-10 1
3 21 11 961.1333334982703 2.236825768750299e-10 1
3 21 12 967.2713950217103 2.277061364630045e-10 1
3 21 13 974.1137412131203 2.0938762469381843e-10 1
3 21 14 978.7813437521803 2.0328187962949494e-10 1
3 21 15 982.0501425803103 2.048667239538401e-10 1
3 21 16 986.6133139670203 2.0391283755053274e-10 1
3 21 17 990.0431845724903 1.9647858610462982e-10 1
3 21 18 993.1352255881203 1.906819852620189e-10 1
