1 98 267 962.7891355905947 4.8906941504865306e-11 1
1 98 268 982.5084349069947 4.3456486766929615e-11 1
1 98 269 1004.7954222116847 3.4062214759519676e-11 1
1 98 270 998.9584471140247 3.092874486475607e-11 1
1 99 206 941.5301023874647 6.799148611694095e-11 1
1 99 207 941.5301023874647 6.758101306040419e-11 1
1 99 208 941.5301023874647 6.718632950494957e-11 1
1 99 209 941.5301023874647 6.679622920841546e-11 1
1 99 210 944.5163084421547 6.328029709131783e-11 1
1 99 211 944.5163084421547 6.295788031823573e-11 1
1 99 212 944.5163084421547 6.263873235458784e-11 1
1 99 213 944.5163084421547 6.232616798646495e-11 1
1 99 214 947.3241087351247 5.944980704662133e-11 1
1 99 215 947.3241087351247 5.918669845663407e-11 1
1 99 216 947.3241087351247 5.892590849836615e-11 1
1 99 217 947.3241087351247 5.867678488530815e-11 1
1 99 218 947.3241087351247 5.844223071992524e-11 1
1 99 219 949.3223387155947 5.6564698627447024e-11 1
1 99 220 949.3223387155947 5.635385413136067e-11 1
1 99 221 949.3223387155947 5.6157326696400596e-11 1
1 99 222 949.3223387155947 5.596216523039147e-11 1
1 99 223 956.2383543405947 5.0866884051208334e-11 1
1 99 224 956.2383543405947 5.072473434318444e-11 1
1 99 225 956.2383543405947 5.0580801426161104e-11 1
1 99 226 956.2383543405947 5.0437683025645497e-11 1
1 99 227 959.2516600046547 4.846766115132367e-11 1
1 99 228 959.2516600046547 4.835159353838546e-11 1
1 99 229 959.2516600046547 4.823422191115009e-11 1
1 99 230 959.2516600046547 4.8118593102462326e-11 1
1 99 231 963.5816160593447 4.5642506623134726e-11 1
1 99 232 963.5816160593447 4.55491088010597e-11 1
1 99 233 963.5816160593447 4.5458649143616616e-11 1
1 99 234 963.5816160593447 4.537862904107814e-11 1
1 99 235 968.4598509226247 4.2925205699692524e-11 1
1 99 236 968.4598509226247 4.285168065521875e-11 1
1 99 237 968.4598509226247 4.27820400002041e-11 1
1 99 238 968.4598509226247 4.2717480977338646e-11 1
1 99 239 978.1403318796547 3.8662186389183496e-11 1
1 99 240 978.1403318796547 3.861246235739157e-11 1
1 99 241 978.1403318796547 3.8566333430652113e-11 1
1 99 242 978.1403318796547 3.85203145895527e-11 1
1 99 243 978.1403318796547 3.8475796103733485e-11 1
1 99 244 981.8044554148047 3.712985033347534e-11 1
1 99 245 981.8044554148047 3.709297484269809e-11 1
1 99 246 981.8044554148047 3.705617252499644e-11 1
1 99 247 981.8044554148047 3.702256317165426e-11 1
1 99 248 984.9892088327747 3.593351645967267e-11 1
1 99 249 984.9892088327747 3.590400482360898e-11 1
1 99 250 984.9892088327747 3.587501295264701e-11 1
1 99 251 984.9892088327747 3.585060932067136e-11 1
1 99 252 988.2238890085547 3.4817519407108756e-11 1
1 99 253 988.2238890085547 3.479530398812556e-11 1
1 99 254 988.2238890085547 3.4777238405312526e-11 1
1 99 255 988.2238890085547 3.47589224019589e-11 1
1 99 256 993.2061888132447 3.329968015231187e-11 1
1 99 257 993.2061888132447 3.3285196666624586e-11 1
1 99 258 993.2061888132447 3.3269884639758614e-11 1
1 99 259 995.4190184030947 3.264706959341344e-11 1
1 99 260 995.4190184030947 3.2624368922859955e-11 1
1 99 261 997.6752439890247 3.2017623149496786e-11 1
1 99 262 999.0124021921547 3.168173820728337e-11 1
1 99 263 1000.1312986765247 3.144589631238691e-11 1
1 99 264 1002.0287596140247 3.104955916637985e-11 1
1 99 265 1004.9190184030947 3.0450099409905147e-11 1
1 99 266 1007.8587767038747 3.057403399537252e-11 1
1 99 267 1009.9214598093447 3.217619925519779e-11 1
1 99 268 1014.6508909616847 3.366183965939612e-11 1
1 100 43 957.7226072702747 6.854436677272719e-11 1
1 100 44 957.9201780710547 6.850447624413491e-11 1
1 100 45 957.9201780710547 6.870143136489279e-11 1
1 100 46 957.9201780710547 6.88995840395918e-11 1
1 100 47 957.9201780710547 6.910760703940534e-11 1
1 100 48 960.3638426218447 6.651078323728678e-11 1
1 100 49 960.3638426218447 6.671445195256589e-11 1
1 100 50 960.3638426218447 6.69209483838006e-11 1
1 100 51 960.3638426218447 6.714403857249278e-11 1
1 100 52 960.1970335398047 6.755842142171107e-11 1
1 100 53 960.1970335398047 6.778803187192255e-11 1
1 100 54 960.1970335398047 6.8037904748191e-11 1
1 100 55 960.1970335398047 6.828601573776704e-11 1
1 100 56 958.8983274851247 7.009571349012568e-11 1
1 100 57 958.8983274851247 7.03678032557876e-11 1
1 100 58 958.8983274851247 7.06537912777293e-11 1
1 100 59 958.8983274851247 7.09421134044149e-11 1
1 100 60 956.6091429148047 7.427275806923855e-11 1
1 100 61 956.6091429148047 7.46185999218983e-11 1
1 100 62 956.6091429148047 7.496767758076175e-11 1
1 100 63 956.6091429148047 7.532641957046839e-11 1
1 100 64 955.5550657663747 7.725544421135225e-11 1
1 100 65 955.5550657663747 7.765543756792599e-11 1
1 100 66 955.5550657663747 7.805959444663165e-11 1
1 100 67 955.5550657663747 7.847785571378178e-11 1
1 100 68 955.5550657663747 7.891400991976315e-11 1
1 100 69 958.4245726023047 7.508087589901125e-11 1
1 100 70 958.4245726023047 7.549325221754723e-11 1
1 100 71 958.4245726023047 7.591360400827674e-11 1
1 100 72 958.4245726023047 7.633866310688906e-11 1
1 100 73 959.5836302194947 7.510518234443423e-11 1
1 100 74 959.5836302194947 7.553714570606841e-11 1
1 100 75 959.5836302194947 7.596276853456032e-11 1
1 100 76 959.5836302194947 7.639321498492023e-11 1
1 100 77 959.4107786569947 7.70801059872965e-11 1
1 100 78 959.4107786569947 7.751297513805775e-11 1
1 100 79 959.4107786569947 7.795073358971023e-11 1
1 100 80 959.4107786569947 7.839873440501507e-11 1
1 100 81 958.8892332468447 7.964844994072344e-11 1
1 100 82 958.8892332468447 8.0093403689405e-11 1
1 100 83 958.8892332468447 8.054335680927316e-11 1
1 100 84 958.8892332468447 8.096978059621564e-11 1
1 100 85 957.3375975046547 8.405548360763689e-11 1
1 100 86 957.3375975046547 8.452063816616655e-11 1
1 100 87 957.3375975046547 8.497409111550446e-11 1
1 100 88 957.3375975046547 8.540957374773671e-11 1
1 100 89 960.4487425241847 8.047595468206967e-11 1
1 100 90 960.4487425241847 8.084904439747834e-11 1
1 100 91 960.4487425241847 8.11957298678944e-11 1
1 100 92 960.4487425241847 8.155828476652565e-11 1
1 100 93 960.4487425241847 8.192409194504288e-11 1
1 100 94 962.1507078562147 7.946852480776499e-11 1
1 100 95 962.1507078562147 7.978284657629973e-11 1
1 100 96 962.1507078562147 8.009966469172164e-11 1
1 100 97 962.1507078562147 8.039684307371705e-11 1
1 100 98 961.3472410593447 8.20125587232395e-11 1
1 100 99 961.3472410593447 8.231888373003668e-11 1
1 100 100 961.3472410593447 8.26255834731091e-11 1
1 100 101 961.3472410593447 8.291589475859291e-11 1
1 100 102 957.4457518015247 9.055783939542892e-11 1
1 100 103 957.4457518015247 9.088466884472106e-11 1
1 100 104 957.4457518015247 9.120738541496575e-11 1
1 100 105 957.4457518015247 9.153736096554437e-11 1
1 100 106 960.0968748484047 8.658908668191848e-11 1
1 100 107 960.0968748484047 8.683150063046412e-11 1
1 100 108 960.0968748484047 8.710128294969219e-11 1
1 100 109 960.0968748484047 8.738958056329494e-11 1
1 100 110 962.5102659616847 8.327440925349006e-11 1
1 100 111 962.5102659616847 8.353738071323227e-11 1
1 100 112 962.5102659616847 8.380201830454626e-11 1
1 100 113 962.5102659616847 8.404021903051861e-11 1
1 100 114 965.9440428171547 7.860603359699476e-11 1
1 100 115 965.9440428171547 7.883982188749822e-11 1
1 100 116 965.9440428171547 7.90697503503915e-11 1
1 100 117 965.9440428171547 7.928277285770468e-11 1
1 100 118 965.9440428171547 7.94964037538366e-11 1
1 100 119 968.8722654734047 7.531159634229326e-11 1
1 100 120 968.8722654734047 7.549407318116918e-11 1
1 100 121 968.8722654734047 7.562338552659971e-11 1
1 100 122 968.8722654734047 7.575314162538347e-11 1
1 100 123 969.1074339304347 7.554608353529213e-11 1
1 100 124 969.1074339304347 7.561825047385237e-11 1
1 100 125 969.1074339304347 7.566804281735525e-11 1
1 100 126 969.1074339304347 7.571790077758586e-11 1
1 100 127 970.1671873484047 7.424552931143888e-11 1
1 100 128 970.1671873484047 7.420839059865878e-11 1
1 100 129 970.1671873484047 7.416586300263366e-11 1
1 100 130 970.1671873484047 7.411553243190533e-11 1
1 100 131 970.0069700632447 7.420962035123519e-11 1
1 100 132 970.0069700632447 7.408346069410014e-11 1
1 100 133 970.0069700632447 7.39644975572194e-11 1
1 100 134 970.0069700632447 7.377929020787861e-11 1
1 100 135 971.3094602976247 7.185075071893272e-11 1
1 100 136 971.3094602976247 7.165593838388446e-11 1
1 100 137 971.3094602976247 7.143955026998927e-11 1
1 100 138 971.3094602976247 7.117633872169443e-11 1
1 100 139 972.3211790476247 6.966266105065072e-11 1
1 100 140 972.3211790476247 6.940478816638812e-11 1
1 100 141 972.3211790476247 6.910121189946142e-11 1
1 100 142 972.3211790476247 6.879637420286781e-11 1
1 100 143 972.3211790476247 6.84942142561763e-11 1
1 100 144 973.5700193796547 6.674073947105122e-11 1
1 100 145 973.5700193796547 6.641428479765533e-11 1
1 100 146 973.5700193796547 6.609166350313602e-11 1
1 100 147 973.5700193796547 6.575849278680242e-11 1
1 100 148 974.2345091257447 6.470321678114304e-11 1
1 100 149 974.2345091257447 6.436215552065606e-11 1
1 100 150 974.2345091257447 6.402589132913967e-11 1
1 100 151 974.2345091257447 6.36668477422405e-11 1
1 100 152 975.3604246530947 6.219991213345254e-11 1
1 100 153 975.3604246530947 6.185766319743543e-11 1
1 100 154 975.3604246530947 6.150275968844064e-11 1
1 100 155 975.3604246530947 6.114680295695648e-11 1
1 100 156 979.0716673288747 5.7549911983723327e-11 1
1 100 157 979.0716673288747 5.723906054407604e-11 1
1 100 158 979.0716673288747 5.691981258336112e-11 1
1 100 159 979.0716673288747 5.660207871743477e-11 1
1 100 160 980.9596678171547 5.483023384741365e-11 1
1 100 161 980.9596678171547 5.452594765498656e-11 1
1 100 162 980.9596678171547 5.4225020160044466e-11 1
1 100 163 980.9596678171547 5.3929148595708756e-11 1
1 100 164 981.6723753366847 5.3120309710222745e-11 1
1 100 165 981.6723753366847 5.282504928840589e-11 1
1 100 166 981.6723753366847 5.253305303531256e-11 1
1 100 167 981.6723753366847 5.223813974075118e-11 1
1 100 168 981.6723753366847 5.194034176823299e-11 1
1 100 169 982.3229490671547 5.121657452656975e-11 1
1 100 170 982.3229490671547 5.0930107250124065e-11 1
1 100 171 982.3229490671547 5.063708279476507e-11 1
1 100 172 982.3229490671547 5.0347410861150985e-11 1
1 100 173 982.0921751413747 5.020509192425617e-11 1
1 100 174 982.0921751413747 4.991461366948326e-11 1
1 100 175 982.0921751413747 4.96262815818924e-11 1
1 100 176 982.0921751413747 4.9341565206388484e-11 1
1 100 177 981.0593382273047 4.9691488087279476e-11 1
1 100 178 981.0593382273047 4.940632685502163e-11 1
1 100 179 981.0593382273047 4.912345596225732e-11 1
1 100 180 981.0593382273047 4.8844057995636324e-11 1
1 100 181 979.4625364694947 4.95305885388594e-11 1
1 100 182 979.4625364694947 4.9249028218637044e-11 1
1 100 183 979.4625364694947 4.897182132180316e-11 1
1 100 184 979.4625364694947 4.869941745230448e-11 1
1 100 185 977.1139646921547 4.984763686742935e-11 1
1 100 186 977.1139646921547 4.9565792562912166e-11 1
1 100 187 977.1139646921547 4.92887234840683e-11 1
1 100 188 977.1139646921547 4.901566074917225e-11 1
1 100 189 974.8720213327747 5.011480464004593e-11 1
1 100 190 974.8720213327747 4.983299621419791e-11 1
1 100 191 974.8720213327747 4.955713923597607e-11 1
1 100 192 974.8720213327747 4.9284204591700516e-11 1
1 100 193 974.8720213327747 4.9014259841448525e-11 1
1 100 194 976.3493772898047 4.7888513836242554e-11 1
1 100 195 976.3493772898047 4.76376845456289e-11 1
1 100 196 976.3493772898047 4.738946913916667e-11 1
1 100 197 976.3493772898047 4.714646119589936e-11 1
1 100 198 975.6500975046547 4.729683549884215e-11 1
1 100 199 975.6500975046547 4.7057623480898776e-11 1
1 100 200 975.6500975046547 4.6821422073693016e-11 1
1 100 201 975.6500975046547 4.6593342247580755e-11 1
1 100 202 974.5590940866847 4.696138345201156e-11 1
1 100 203 974.5590940866847 4.673259686581323e-11 1
1 100 204 974.5590940866847 4.651257275203462e-11 1
1 100 205 974.5590940866847 4.6295361693725957e-11 1
1 100 206 979.9484373484047 4.338649903690421e-11 1
1 100 207 979.9484373484047 4.320049212514964e-11 1
1 100 208 979.9484373484047 4.3020124731551895e-11 1
1 100 209 979.9484373484047 4.284125718821226e-11 1
1 100 210 982.1921507273047 4.166888669847169e-11 1
1 100 211 982.1921507273047 4.150993606015943e-11 1
1 100 212 982.1921507273047 4.135094942436403e-11 1
1 100 213 982.1921507273047 4.119317600689659e-11 1
1 100 214 985.2682005319947 3.994039656396602e-11 1
1 100 215 985.2682005319947 3.994039656396602e-11 1
1 100 216 985.2682005319947 3.927681657374407e-11 1
1 100 217 985.2682005319947 3.927681657374407e-11 1
1 100 218 985.2682005319947 3.927681657374407e-11 1
1 100 219 987.4596067819947 3.8051155626186356e-11 1
1 100 220 987.4596067819947 3.8051155626186356e-11 1
1 100 221 987.4596067819947 3.8051155626186356e-11 1
1 100 222 987.4596067819947 3.768583141318065e-11 1
1 100 223 992.6625486765247 3.592482187239519e-11 1
1 100 224 992.6625486765247 3.592482187239519e-11 1
1 100 225 992.6625486765247 3.562153424365739e-11 1
1 100 226 992.6625486765247 3.562153424365739e-11 1
1 100 227 993.8546873484047 3.524733262411194e-11 1
1 100 228 993.8546873484047 3.524733262411194e-11 1
1 100 229 993.8546873484047 3.4976727901912105e-11 1
1 100 230 993.8546873484047 3.4976727901912105e-11 1
1 100 231 994.5385252390247 3.476882413827276e-11 1
1 100 232 994.5385252390247 3.452663122475002e-11 1
1 100 233 994.5385252390247 3.452663122475002e-11 1
1 100 234 994.5385252390247 3.452663122475002e-11 1
1 100 235 995.5159422312147 3.402314795106338e-11 1
1 100 236 995.5159422312147 3.402314795106338e-11 1
1 100 237 995.5159422312147 3.402314795106338e-11 1
1 100 238 995.5159422312147 3.402314795106338e-11 1
1 100 239 996.4397093210547 3.375789977402536e-11 1
1 100 240 996.4397093210547 3.375789977402536e-11 1
1 100 241 996.4397093210547 3.375789977402536e-11 1
1 100 242 996.4397093210547 3.375789977402536e-11 1
1 100 243 996.4397093210547 3.3301202199011177e-11 1
1 100 244 997.5782591257447 3.2988511706503137e-11 1
1 100 245 997.5782591257447 3.2850075914672475e-11 1
1 100 246 997.5782591257447 3.2850075914672475e-11 1
1 101 24 953.5130735788747 4.770294088069093e-11 1
1 101 25 954.8193479929347 4.7344283215779755e-11 1
1 101 26 957.8721434030947 4.693193993227221e-11 1
1 101 27 961.4972654734047 4.749434680231474e-11 1
1 101 28 965.5159422312147 4.969114222100192e-11 1
1 101 29 967.0861326609047 5.384963390702791e-11 1
1 101 30 968.9662596140247 5.538317776326991e-11 1
1 101 31 970.6504637155947 5.553993076542046e-11 1
1 101 32 970.9000364694947 5.612846436270707e-11 1
1 101 33 971.3278929148047 5.626699976112709e-11 1
1 101 34 971.6651121530947 5.632747777068023e-11 1
1 101 35 972.5644041452747 5.5847079847497745e-11 1
1 101 36 972.5644041452747 5.6001897636914115e-11 1
1 101 37 972.5644041452747 5.612980306535098e-11 1
1 101 38 972.5644041452747 5.626291665505752e-11 1
1 101 39 972.9419065866847 5.609808277698206e-11 1
1 101 40 972.9419065866847 5.6229845169775005e-11 1
1 101 41 972.9419065866847 5.636938272411935e-11 1
1 101 42 972.9419065866847 5.6509614542050593e-11 1
1 101 43 972.9419065866847 5.665018550477066e-11 1
1 101 44 973.1827513132447 5.660032165093942e-11 1
1 101 45 973.1827513132447 5.674533213382669e-11 1
1 101 46 973.1827513132447 5.689108756133342e-11 1
1 101 47 973.1827513132447 5.703749188853937e-11 1
1 101 48 973.4110227976247 5.6999507326762085e-11 1
1 101 49 973.4110227976247 5.7147798985093126e-11 1
1 101 50 973.4110227976247 5.729667939811803e-11 1
1 101 51 973.4110227976247 5.744498287864094e-11 1
1 101 52 974.8657347116847 5.641322999342973e-11 1
1 101 53 974.8657347116847 5.655776539025512e-11 1
1 101 54 974.8657347116847 5.6705248647512583e-11 1
1 101 55 974.8657347116847 5.6854201017321373e-11 1
1 101 56 975.4256712351247 5.655226621499648e-11 1
1 101 57 975.4256712351247 5.670108853566766e-11 1
1 101 58 975.4256712351247 5.666307277161434e-11 1
1 101 59 975.4256712351247 5.666307277161434e-11 1
1 101 60 975.5794187937147 5.692777965502576e-11 1
1 101 61 975.5794187937147 5.692777965502576e-11 1
1 101 62 975.5794187937147 5.747914784637585e-11 1
1 101 63 975.5794187937147 5.747914784637585e-11 1
1 101 64 975.9769407663747 5.7152674278766526e-11 1
1 101 65 975.9769407663747 5.7725914651333224e-11 1
1 101 66 975.9769407663747 5.7725914651333224e-11 1
1 101 67 975.9769407663747 5.7725914651333224e-11 1
1 101 68 975.9769407663747 5.7725914651333224e-11 1
1 101 69 977.2268797312147 5.727464756113134e-11 1
1 101 70 977.2268797312147 5.727464756113134e-11 1
1 101 71 977.2268797312147 5.727464756113134e-11 1
1 101 72 977.2268797312147 5.7857040070695855e-11 1
1 101 73 977.4691893015247 5.7654969283703856e-11 1
1 101 74 977.4691893015247 5.7654969283703856e-11 1
1 101 75 977.4691893015247 5.823160247974893e-11 1
1 101 76 977.4691893015247 5.823160247974893e-11 1
1 101 77 977.8167845163747 5.793841921190034e-11 1
1 101 78 977.8167845163747 5.793841921190034e-11 1
1 101 79 977.8167845163747 5.850107074027135e-11 1
1 101 80 977.8167845163747 5.850107074027135e-11 1
1 101 81 978.3424192819947 5.8054771828346127e-11 1
1 101 82 978.3424192819947 5.8054771828346127e-11 1
1 101 83 978.3424192819947 5.8054771828346127e-11 1
1 101 84 978.3424192819947 5.8054771828346127e-11 1
1 101 85 978.8939939890247 5.759371193653503e-11 1
1 101 86 978.8939939890247 5.887198559102295e-11 1
1 102 24 954.4353758249647 4.592504244857009e-11 1
1 102 25 956.5794187937147 4.520718696043973e-11 1
1 102 26 959.0078245554347 4.544323028587353e-11 1
