1 55 104 971.9094800641005 5.003528887733262e-11 1
1 55 105 992.5112256695705 4.364633795739214e-11 1
1 55 106 1016.0045118023805 3.341105817578202e-11 1
1 55 107 1008.9612378766005 3.092874486475607e-11 1
1 56 79 951.5328931500405 6.804033975770371e-11 1
1 56 80 951.5328931500405 6.6712344508914e-11 1
1 56 81 954.5190992047305 6.246467613491871e-11 1
1 56 82 957.3268994977005 5.895601245907813e-11 1
1 56 83 959.3251294781705 5.651751920138212e-11 1
1 56 84 966.2411451031705 5.093645689102921e-11 1
1 56 85 966.2411451031705 5.0454226857594435e-11 1
1 56 86 969.2544507672305 4.820877508154395e-11 1
1 56 87 973.5844068219205 4.549809269474973e-11 1
1 56 88 978.4626416852005 4.286018822992719e-11 1
1 56 89 988.1431226422305 3.865087448819795e-11 1
1 56 90 988.1431226422305 3.8495157877008866e-11 1
1 56 91 991.8072461773805 3.706043363541583e-11 1
1 56 92 994.9919995953505 3.589759399509956e-11 1
1 56 93 998.2266797711305 3.480493417740161e-11 1
1 56 94 1003.2089795758205 3.330162732120486e-11 1
1 56 95 1003.2089795758205 3.32577615610879e-11 1
1 56 96 1005.4218091656705 3.2627579869768866e-11 1
1 56 97 1007.6780347516005 3.2021501388601526e-11 1
1 56 98 1008.0533399273805 3.191926014654935e-11 1
1 56 99 1009.0151929547305 3.169120370473025e-11 1
1 56 100 1010.5255078961305 3.136410779232521e-11 1
1 56 101 1012.0315503766005 3.1058152311063874e-11 1
1 56 102 1014.9218091656705 3.0468451273472673e-11 1
1 56 103 1017.8615674664505 3.072673107452424e-11 1
1 56 104 1020.2615308453505 3.246600125631509e-11 1
1 56 105 1024.6536817242607 3.388855909503504e-11 1
1 57 32 967.9229688336305 6.87938865773912e-11 1
1 57 33 970.1998243023805 6.749445426878218e-11 1
1 57 34 968.9011182477005 7.006531957469707e-11 1
1 57 35 968.9011182477005 7.100576216133952e-11 1
1 57 36 966.6119336773805 7.516199308613712e-11 1
1 57 37 965.5578565289505 7.801254317924067e-11 1
1 57 38 968.4273633648805 7.516810785945479e-11 1
1 57 39 969.5864209820705 7.491334241863496e-11 1
1 57 40 969.5864209820705 7.634308277773833e-11 1
1 57 41 969.4135694195705 7.804704790562029e-11 1
1 57 42 968.8920240094205 8.034060558120399e-11 1
1 57 43 967.3403882672305 8.446646997152407e-11 1
1 57 44 970.4515332867605 8.055969595451032e-11 1
1 57 45 970.4515332867605 8.175935936706659e-11 1
1 57 46 972.1534986187905 8.006282125320897e-11 1
1 57 47 971.3500318219205 8.238579660445531e-11 1
1 57 48 967.4485425641005 9.074739519003257e-11 1
1 57 49 970.0996656109805 8.656016492700535e-11 1
1 57 50 970.0996656109805 8.745252307805675e-11 1
1 57 51 972.5130567242605 8.394561740418799e-11 1
1 57 52 975.9468335797305 7.90460670951744e-11 1
1 57 53 978.8750562359805 7.53524088631208e-11 1
1 57 54 979.1102246930105 7.54882572152884e-11 1
1 57 55 979.1102246930105 7.571211960150445e-11 1
1 57 56 980.1699781109805 7.415662191667217e-11 1
1 57 57 980.0097608258205 7.401485228882573e-11 1
1 57 58 981.3122510602005 7.167745465515695e-11 1
1 57 59 982.3239698102005 6.960746263849314e-11 1
1 57 60 982.3239698102005 6.862962116436678e-11 1
1 57 61 983.5728101422305 6.61285112912212e-11 1
1 57 62 984.2372998883205 6.428870669754727e-11 1
1 57 63 985.3632154156705 6.201094074052568e-11 1
1 57 64 989.0744580914505 5.7585513991909424e-11 1
1 57 65 989.0744580914505 5.6533457117314415e-11 1
1 57 66 990.9624585797305 5.4060869776699624e-11 1
1 57 67 991.6751660992605 5.2566725668574283e-11 1
1 57 68 992.3257398297305 5.1154233000519954e-11 1
1 57 69 992.0949659039505 5.0334928117086935e-11 1
1 57 70 992.0949659039505 4.937421666250664e-11 1
1 57 71 991.0621289898805 4.906237448834775e-11 1
1 57 72 989.4653272320705 4.9095433513136605e-11 1
1 57 73 987.1167554547305 4.9598184324459715e-11 1
1 57 74 984.8748120953505 5.0053164692274694e-11 1
1 57 75 984.8748120953505 4.913515735260925e-11 1
1 57 76 986.3521680523805 4.7418101096277715e-11 1
1 57 77 985.6528882672305 4.7005927261270395e-11 1
1 57 78 984.5618848492605 4.68348005790822e-11 1
1 57 79 989.9512281109805 4.340851473230615e-11 1
1 57 80 989.9512281109805 4.280265118713331e-11 1
1 57 81 992.1949414898805 4.126390158585803e-11 1
1 57 82 995.2709912945705 3.927681657374407e-11 1
1 57 83 997.4623975445705 3.8051155626186356e-11 1
1 57 84 1002.6653394391005 3.592482187239519e-11 1
1 57 85 1002.6653394391005 3.562153424365739e-11 1
1 57 86 1003.8574781109805 3.4976727901912105e-11 1
1 57 87 1004.5413160016005 3.452663122475002e-11 1
1 57 88 1005.5187329937905 3.402314795106338e-11 1
1 57 89 1006.4425000836305 3.375789977402536e-11 1
1 57 90 1006.4425000836305 3.3301202199011177e-11 1
1 57 91 1007.5810498883205 3.2850075914672475e-11 1
1 58 24 963.5158643414505 4.770294088069093e-11 1
1 58 25 964.8221387555105 4.7344283215779755e-11 1
1 58 26 967.8749341656705 4.693193993227221e-11 1
1 58 27 971.5000562359805 4.749434680231474e-11 1
1 58 28 975.5187329937905 4.9811836799052155e-11 1
1 58 29 977.3582715680105 5.4819500932797037e-11 1
1 58 30 980.6532544781705 5.5859995115651946e-11 1
1 58 31 982.5671949078505 5.601338179870128e-11 1
1 58 32 983.1855420758205 5.6813372132343854e-11 1
1 58 33 984.8685254742605 5.637252497285574e-11 1
1 58 34 985.4284619977005 5.6535426051492305e-11 1
1 58 35 985.4284619977005 5.7052618016632513e-11 1
1 58 36 985.5822095562905 5.747914784637585e-11 1
1 58 37 985.9797315289505 5.7725914651333224e-11 1
1 58 38 987.2296704937905 5.727464756113134e-11 1
1 58 39 987.4719800641005 5.7654969283703856e-11 1
1 58 40 987.4719800641005 5.823160247974893e-11 1
1 58 41 987.8195752789505 5.850107074027135e-11 1
1 58 42 988.3452100445705 5.8054771828346127e-11 1
1 58 43 988.8967847516005 5.887198559102295e-11 1
1 59 24 964.4381665875405 4.592504244857009e-11 1
1 59 25 966.5822095562905 4.520718696043973e-11 1
1 59 26 969.0106153180105 4.544323028587353e-11 1
