4 55 104 956.39074707031 1.8372260423062345e-11 1
4 55 105 976.99249267578 1.9845640333342327e-11 1
4 55 106 1000.48577880859 2.0534329000000592e-11 1
4 55 107 993.44250488281 2.195271871572142e-11 1
4 56 79 936.01416015625 1.002048224845866e-11 1
4 56 80 936.01416015625 1.0185222143759727e-11 1
4 56 81 939.00036621094 1.0353140904696422e-11 1
4 56 82 941.80816650391 1.0522515991026294e-11 1
4 56 83 943.80639648438 1.0694181001144592e-11 1
4 56 84 950.72241210938 1.0865354169971832e-11 1
4 56 85 950.72241210938 1.1035238596841455e-11 1
4 56 86 953.73571777344 1.1204755074438205e-11 1
4 56 87 958.06567382813 1.1373548368175559e-11 1
4 56 88 962.94390869141 1.1537502226478173e-11 1
4 56 89 972.62438964844 1.1700128936264492e-11 1
4 56 90 972.62438964844 1.1856838229305817e-11 1
4 56 91 976.28851318359 1.2007093911450899e-11 1
4 56 92 979.47326660156 1.2152843435368577e-11 1
4 56 93 982.70794677734 1.2293584026110095e-11 1
4 56 94 987.69024658203 1.2424095230033457e-11 1
4 56 95 987.69024658203 1.2547428946740697e-11 1
4 56 96 989.90307617188 1.2660942093321015e-11 1
4 56 97 992.15930175781 1.2763950635535526e-11 1
4 56 98 992.53460693359 1.2878388617573252e-11 1
4 56 99 993.49645996094 1.301949906705244e-11 1
4 56 100 995.00677490234 1.3180530586286186e-11 1
4 56 101 996.51281738281 1.3389455824813516e-11 1
4 56 102 999.40307617188 1.3870949959786833e-11 1
4 56 103 1002.34283447266 1.5018946707444906e-11 1
4 56 104 1004.74279785156 1.6887979529096187e-11 1
4 56 105 1009.13494873047 1.880983371769403e-11 1
4 57 32 952.40423583984 7.847276977952783e-12 1
4 57 33 954.68109130859 7.821272425048337e-12 1
4 57 34 953.38238525391 7.803611380741793e-12 1
4 57 35 953.38238525391 7.78862182919207e-12 1
4 57 36 951.09320068359 7.774795363989054e-12 1
4 57 37 950.03912353516 7.762247519389725e-12 1
4 57 38 952.90863037109 7.750460664094526e-12 1
4 57 39 954.06768798828 7.740740118502455e-12 1
4 57 40 954.06768798828 7.733223591696811e-12 1
4 57 41 953.89483642578 7.728125194439856e-12 1
4 57 42 953.37329101563 7.725877146482203e-12 1
4 57 43 951.82165527344 7.726624841508825e-12 1
4 57 44 954.93280029297 7.730485541544824e-12 1
4 57 45 954.93280029297 7.737288156448678e-12 1
4 57 46 956.634765625 7.746901412735638e-12 1
4 57 47 955.83129882813 7.758982341305278e-12 1
4 57 48 951.92980957031 7.772444028004332e-12 1
4 57 49 954.58093261719 7.78672084418307e-12 1
4 57 50 954.58093261719 7.801008390035311e-12 1
4 57 51 956.99432373047 7.807792136805232e-12 1
4 57 52 960.42810058594 7.807152769620161e-12 1
4 57 53 963.35632324219 7.796061218945337e-12 1
4 57 54 963.59149169922 7.780712697657719e-12 1
4 57 55 963.59149169922 7.766759978827352e-12 1
4 57 56 964.65124511719 7.759315550083485e-12 1
4 57 57 964.49102783203 7.759542560253826e-12 1
4 57 58 965.79351806641 7.764996934507406e-12 1
4 57 59 966.80523681641 7.777195682073385e-12 1
4 57 60 966.80523681641 7.798966588574031e-12 1
4 57 61 968.05407714844 7.830003961627755e-12 1
4 57 62 968.71856689453 7.869520549271755e-12 1
4 57 63 969.84448242188 7.9178651297985e-12 1
4 57 64 973.55572509766 7.97623937063418e-12 1
4 57 65 973.55572509766 8.04230839420483e-12 1
4 57 66 975.44372558594 8.117713333465605e-12 1
4 57 67 976.15643310547 8.198703340563599e-12 1
4 57 68 976.80700683594 8.286660411352969e-12 1
4 57 69 976.57623291016 8.381083078369089e-12 1
4 57 70 976.57623291016 8.479668990358088e-12 1
4 57 71 975.54339599609 8.584149418603971e-12 1
4 57 72 973.94659423828 8.697732697749512e-12 1
4 57 73 971.59802246094 8.820792449625822e-12 1
4 57 74 969.35607910156 8.95308115971634e-12 1
4 57 75 969.35607910156 9.093510260538158e-12 1
4 57 76 970.83343505859 9.242046320070433e-12 1
4 57 77 970.13415527344 9.398156501977564e-12 1
4 57 78 969.04315185547 9.561624981948809e-12 1
4 57 79 974.43249511719 9.729857865341717e-12 1
4 57 80 974.43249511719 9.905078341989281e-12 1
4 57 81 976.67620849609 1.0085024307856674e-11 1
4 57 82 979.75225830078 1.031207171371261e-11 1
4 57 83 981.94366455078 1.0502547271559205e-11 1
4 57 84 987.14660644531 1.0698480017892103e-11 1
4 57 85 987.14660644531 1.089843581104603e-11 1
4 57 86 988.33874511719 1.1100477820555986e-11 1
4 57 87 989.02258300781 1.1302788875541688e-11 1
4 57 88 990.0 1.1504497016179716e-11 1
4 57 89 990.92376708984 1.1504497016179716e-11 1
4 57 90 990.92376708984 1.1832924223316465e-11 1
4 57 91 992.06231689453 1.2014890279977645e-11 1
4 58 24 947.99713134766 8.396055338460146e-12 1
4 58 25 949.30340576172 8.366170373170636e-12 1
4 58 26 952.35620117188 8.333350066139275e-12 1
4 58 27 955.98132324219 8.254824535017892e-12 1
4 58 28 960.0 8.131890057293462e-12 1
4 58 29 961.83953857422 8.016367056711579e-12 1
4 58 30 965.13452148438 7.936908412684556e-12 1
4 58 31 967.04846191406 7.863167216582527e-12 1
4 58 32 967.66680908203 7.805218345762342e-12 1
4 58 33 969.34979248047 7.765220841284987e-12 1
4 58 34 969.90972900391 7.738672714637493e-12 1
4 58 35 969.90972900391 7.693197138763524e-12 1
4 58 36 970.0634765625 7.673712651451087e-12 1
4 58 37 970.46099853516 7.655207295435164e-12 1
4 58 38 971.7109375 7.637814500729372e-12 1
4 58 39 971.95324707031 7.621586198434903e-12 1
4 58 40 971.95324707031 7.606658147246865e-12 1
4 58 41 972.30084228516 7.606658147246865e-12 1
4 58 42 972.82647705078 7.571453163070964e-12 1
4 58 43 973.37805175781 7.562580596769593e-12 1
4 59 24 948.91943359375 8.78300276680096e-12 1
4 59 25 951.0634765625 8.698866649278362e-12 1
4 59 26 953.49188232422 8.682438385237923e-12 1
