6 19 27 1007.9914219608108 3.5316349092853453e-11 1
6 20 17 931.2246372928508 4.788639325370883e-11 1
6 20 18 939.1029331912808 4.7583550765063536e-11 1
6 20 19 946.5320103397208 4.6713329486355564e-11 1
6 20 20 957.8286411991008 4.519754137531937e-11 1
6 20 21 962.4134800662808 4.350578429900998e-11 1
6 20 22 982.0357945194108 4.2041955030462854e-11 1
6 20 23 1011.0080235233108 4.102158416690468e-11 1
6 20 24 1022.9154331912808 4.040635361005011e-11 1
6 20 25 1026.9142124881607 3.949360040836433e-11 1
6 20 26 1032.4633457889408 3.6921717875468634e-11 1
6 20 27 1042.6076328983108 3.4566462308148866e-11 1
6 21 11 976.6520664920608 5.3272066583406884e-11 1
6 21 12 982.7901280155008 5.15707414074902e-11 1
6 21 13 989.6324742069108 4.986673998419241e-11 1
6 21 14 994.3000767459708 4.885648341730387e-11 1
6 21 15 997.5688755741008 4.8180897941686646e-11 1
6 21 16 1002.1320469608108 4.765510548171294e-11 1
6 21 17 1005.5619175662808 4.7287789247106445e-11 1
6 21 18 1008.6539585819108 4.7003036824082835e-11 1
