3 55 104 987.387049309897 1.288220385880811e-10 1
3 55 105 1007.988794915367 1.1898291960161562e-10 1
3 55 106 1031.482081048177 1.292073155228986e-10 1
3 55 107 1024.438807122397 1.6860563836846748e-10 1
3 56 79 967.010462395837 1.1541024505989828e-10 1
3 56 80 967.010462395837 1.168150609367819e-10 1
3 56 81 969.996668450527 1.1811754666156431e-10 1
3 56 82 972.804468743497 1.1931390892623914e-10 1
3 56 83 974.802698723967 1.2039757164077703e-10 1
3 56 84 981.718714348967 1.2136722787339726e-10 1
3 56 85 981.718714348967 1.2222203215407405e-10 1
3 56 86 984.732020013027 1.2296684860873398e-10 1
3 56 87 989.061976067717 1.236041456871767e-10 1
3 56 88 993.940210930997 1.241459056051941e-10 1
3 56 89 1003.620691888027 1.2459607990951078e-10 1
3 56 90 1003.620691888027 1.2497142635638727e-10 1
3 56 91 1007.284815423177 1.2527608223894307e-10 1
3 56 92 1010.469568841147 1.255046323430792e-10 1
3 56 93 1013.704249016927 1.2565546935426987e-10 1
3 56 94 1018.686548821617 1.2576125813431568e-10 1
3 56 95 1018.686548821617 1.2580806272237224e-10 1
3 56 96 1020.899378411467 1.2581628801164814e-10 1
3 56 97 1023.155603997397 1.2579696783469923e-10 1
3 56 98 1023.530909173177 1.2575319259457552e-10 1
3 56 99 1024.492762200527 1.2569882898176527e-10 1
3 56 100 1026.003077141927 1.2585847129815047e-10 1
3 56 101 1027.509119622397 1.2721117947159413e-10 1
3 56 102 1030.399378411467 1.3160907972955489e-10 1
3 56 103 1033.339136712247 1.3266557893416811e-10 1
3 56 104 1035.739100091147 1.2326466278831854e-10 1
3 56 105 1040.131250970057 1.119193530345604e-10 1
3 57 32 983.400538079427 9.201583040010168e-11 1
3 57 33 985.677393548177 9.182292293909261e-11 1
3 57 34 984.378687493497 9.157084843133434e-11 1
3 57 35 984.378687493497 9.131010309773213e-11 1
3 57 36 982.089502923177 9.095152438669302e-11 1
3 57 37 981.035425774747 9.050216275248696e-11 1
3 57 38 983.904932610677 8.999257653028161e-11 1
3 57 39 985.063990227867 8.940074910865597e-11 1
3 57 40 985.063990227867 8.875440789806736e-11 1
3 57 41 984.891138665367 8.809793778098304e-11 1
3 57 42 984.369593255217 8.743025867901864e-11 1
3 57 43 982.817957513027 8.677949557269574e-11 1
3 57 44 985.929102532557 8.61457856381387e-11 1
3 57 45 985.929102532557 8.555248985611803e-11 1
3 57 46 987.631067864587 8.497949291038883e-11 1
3 57 47 986.827601067717 8.442986816498019e-11 1
3 57 48 982.926111809897 8.389477347311403e-11 1
3 57 49 985.577234856777 8.339986258133116e-11 1
3 57 50 985.577234856777 8.295100752508871e-11 1
3 57 51 987.990625970057 8.257084932673986e-11 1
3 57 52 991.424402825527 8.230237438203943e-11 1
3 57 53 994.352625481777 8.219004679626044e-11 1
3 57 54 994.587793938807 8.225021785492947e-11 1
3 57 55 994.587793938807 8.248103061410693e-11 1
3 57 56 995.647547356777 8.286349787163746e-11 1
3 57 57 995.487330071617 8.339575712307635e-11 1
3 57 58 996.789820305997 8.409560252077812e-11 1
3 57 59 997.801539055997 8.494335617842267e-11 1
3 57 60 997.801539055997 8.589661112039088e-11 1
3 57 61 999.050379388027 8.693207703502944e-11 1
3 57 62 999.714869134117 8.80408656386844e-11 1
3 57 63 1000.840784661467 8.92077018879704e-11 1
3 57 64 1004.552027337247 9.040999543287011e-11 1
3 57 65 1004.552027337247 9.164613603571873e-11 1
3 57 66 1006.440027825527 9.29003127095801e-11 1
3 57 67 1007.152735345057 9.421827231370469e-11 1
3 57 68 1007.803309075527 9.559967235225166e-11 1
3 57 69 1007.572535149747 9.704761672304224e-11 1
3 57 70 1007.572535149747 9.859290964369965e-11 1
3 57 71 1006.539698235677 1.0016503104790974e-10 1
3 57 72 1004.942896477867 1.0170248723120288e-10 1
3 57 73 1002.594324700527 1.0318951926017055e-10 1
3 57 74 1000.352381341147 1.0463388053823188e-10 1
3 57 75 1000.352381341147 1.060502707865501e-10 1
3 57 76 1001.829737298177 1.0741968723967701e-10 1
3 57 77 1001.130457513027 1.0873909082090059e-10 1
3 57 78 1000.039454095057 1.099953786252491e-10 1
3 57 79 1005.428797356777 1.1121172831614568e-10 1
3 57 80 1005.428797356777 1.1234170622069179e-10 1
3 57 81 1007.672510735677 1.1340091437943294e-10 1
3 57 82 1010.748560540367 1.1526542213216281e-10 1
3 57 83 1012.939966790367 1.1612209333744557e-10 1
3 57 84 1018.142908684897 1.1685318731439028e-10 1
3 57 85 1018.142908684897 1.1746918575837356e-10 1
3 57 86 1019.335047356777 1.1798711136276108e-10 1
3 57 87 1020.018885247397 1.1841679691381569e-10 1
3 57 88 1020.996302239587 1.1875959861372035e-10 1
3 57 89 1021.920069329427 1.1875959861372035e-10 1
3 57 90 1021.920069329427 1.2076016845541178e-10 1
3 57 91 1023.058619134117 1.2094279872147872e-10 1
3 58 24 978.993433587247 9.849946768491547e-11 1
3 58 25 980.299708001307 1.0069703659704535e-10 1
3 58 26 983.352503411467 1.0160733099324496e-10 1
3 58 27 986.977625481777 1.0079146073551606e-10 1
3 58 28 990.996302239587 9.697546725219969e-11 1
3 58 29 992.835840813807 9.196729661597917e-11 1
3 58 30 996.130823723967 9.072648573170657e-11 1
3 58 31 998.044764153647 9.106896836082179e-11 1
3 58 32 998.663111321617 9.111471083729061e-11 1
3 58 33 1000.346094720057 9.107633546115708e-11 1
3 58 34 1000.906031243497 9.102261923935008e-11 1
3 58 35 1000.906031243497 9.119923740872182e-11 1
3 58 36 1001.059778802087 9.104979007532319e-11 1
3 58 37 1001.457300774747 9.08554016098168e-11 1
3 58 38 1002.707239739587 9.06279278002368e-11 1
3 58 39 1002.949549309897 9.037709295935844e-11 1
3 58 40 1002.949549309897 9.011543565098674e-11 1
3 58 41 1003.297144524747 8.944641247357788e-11 1
3 58 42 1003.822779290367 9.02018241039616e-11 1
3 58 43 1004.374353997397 8.901052259863657e-11 1
3 59 24 979.915735833337 9.942954242019663e-11 1
3 59 25 982.059778802087 1.0188492395087497e-10 1
3 59 26 984.488184563807 1.0129407446047244e-10 1
