2 19 27 997.3094293563316 3.1351201793252124e-10 1
2 20 17 920.5426446883716 1.86218191297687e-10 1
2 20 18 928.4209405868016 1.8464022906941621e-10 1
2 20 19 935.8500177352416 1.9766020944635173e-10 1
2 20 20 947.1466485946216 2.2434893003946843e-10 1
2 20 21 951.7314874618016 2.554288094682041e-10 1
2 20 22 971.3538019149316 2.767110880162794e-10 1
2 20 23 1000.3260309188316 2.830114595474337e-10 1
2 20 24 1012.2334405868016 2.8269137906288287e-10 1
2 20 25 1016.2322198836816 2.9108968591064874e-10 1
2 20 26 1021.7813531844616 2.8241918725190666e-10 1
2 20 27 1031.9256402938317 2.6121777980122466e-10 1
2 21 11 965.9700738875816 2.2368257687503054e-10 1
2 21 12 972.1081354110216 2.277061364630045e-10 1
2 21 13 978.9504816024316 2.0938762469381843e-10 1
2 21 14 983.6180841414916 2.0328187962949494e-10 1
2 21 15 986.8868829696216 2.0486672395384064e-10 1
2 21 16 991.4500543563316 2.0391283755053223e-10 1
2 21 17 994.8799249618016 1.9647858610462982e-10 1
2 21 18 997.9719659774316 1.9068198526201937e-10 1
