3 98 267 989.0721886848527 1.3008478458616857e-10 1
3 98 268 1008.7914880012527 1.1932245759540626e-10 1
3 98 269 1031.0784753059427 1.2705867499591648e-10 1
3 98 270 1025.2415002082828 1.6910120221127004e-10 1
3 99 206 967.8131554817227 1.1546178451676919e-10 1
3 99 207 967.8131554817227 1.1589315955349976e-10 1
3 99 208 967.8131554817227 1.1630712418426423e-10 1
3 99 209 967.8131554817227 1.1672405673865577e-10 1
3 99 210 970.7993615364127 1.171393618417115e-10 1
3 99 211 970.7993615364127 1.1752089963957373e-10 1
3 99 212 970.7993615364127 1.179049309935191e-10 1
3 99 213 970.7993615364127 1.182917208914703e-10 1
3 99 214 973.6071618293827 1.186507919391163e-10 1
3 99 215 973.6071618293827 1.1900182286706076e-10 1
3 99 216 973.6071618293827 1.1935493702342845e-10 1
3 99 217 973.6071618293827 1.196929472266992e-10 1
3 99 218 973.6071618293827 1.200096871702103e-10 1
3 99 219 975.6053918098527 1.203281079208776e-10 1
3 99 220 975.6053918098527 1.2064453152284202e-10 1
3 99 221 975.6053918098527 1.209268269679086e-10 1
3 99 222 975.6053918098527 1.2121044659439415e-10 1
3 99 223 982.5214074348527 1.214953997413402e-10 1
3 99 224 982.5214074348527 1.2175210164589174e-10 1
3 99 225 982.5214074348527 1.220010678863726e-10 1
3 99 226 982.5214074348527 1.2225105441639028e-10 1
3 99 227 985.5347130989127 1.2248692530820459e-10 1
3 99 228 985.5347130989127 1.2270297995130627e-10 1
3 99 229 985.5347130989127 1.2291963591034491e-10 1
3 99 230 985.5347130989127 1.2313385176632579e-10 1
3 99 231 989.8646691536027 1.233177740309194e-10 1
3 99 232 989.8646691536027 1.235022465585274e-10 1
3 99 233 989.8646691536027 1.2368785020404243e-10 1
3 99 234 989.8646691536027 1.2385263183694656e-10 1
3 99 235 994.7429040168827 1.2400811508832518e-10 1
3 99 236 994.7429040168827 1.241639892143797e-10 1
3 99 237 994.7429040168827 1.2430863462356169e-10 1
3 99 238 994.7429040168827 1.2443800481086801e-10 1
3 99 239 1004.4233849739127 1.2456764455437546e-10 1
3 99 240 1004.4233849739127 1.246983910063359e-10 1
3 99 241 1004.4233849739127 1.2480518244228492e-10 1
3 99 242 1004.4233849739127 1.249121569469293e-10 1
3 99 243 1004.4233849739127 1.2502196516147748e-10 1
3 99 244 1008.0875085090627 1.2511879056883623e-10 1
3 99 245 1008.0875085090627 1.2520222442076652e-10 1
3 99 246 1008.0875085090627 1.252857696205245e-10 1
3 99 247 1008.0875085090627 1.2536487718396844e-10 1
3 99 248 1011.2722619270327 1.254298856313547e-10 1
3 99 249 1011.2722619270327 1.2549127532669332e-10 1
3 99 250 1011.2722619270327 1.255507805249834e-10 1
3 99 251 1011.2722619270327 1.2559156263133385e-10 1
3 99 252 1014.5069421028127 1.2563237124043707e-10 1
3 99 253 1014.5069421028127 1.2567915957787715e-10 1
3 99 254 1014.5069421028127 1.257176906216789e-10 1
3 99 255 1014.5069421028127 1.2574081046233398e-10 1
3 99 256 1019.4892419075027 1.257639388081625e-10 1
3 99 257 1019.4892419075027 1.2578453829493481e-10 1
3 99 258 1019.4892419075027 1.2579884593003943e-10 1
3 99 259 1021.7020714973527 1.2581579011844608e-10 1
3 99 260 1021.7020714973527 1.2581582563846654e-10 1
3 99 261 1023.9582970832827 1.2578432138541148e-10 1
3 99 262 1025.2954552864128 1.2571675366281306e-10 1
3 99 263 1026.4143517707828 1.2576868016860837e-10 1
3 99 264 1028.3118127082828 1.2686519989842164e-10 1
3 99 265 1031.2020714973528 1.3107624407839333e-10 1
3 99 266 1034.1418297981327 1.3268132564080683e-10 1
3 99 267 1036.2045129036028 1.2499022560263224e-10 1
3 99 268 1040.9339440559427 1.1289227896464085e-10 1
3 100 43 984.0056603645327 9.20307505638905e-11 1
3 100 44 984.2032311653127 9.202700789361159e-11 1
3 100 45 984.2032311653127 9.201939063792692e-11 1
3 100 46 984.2032311653127 9.200895915530837e-11 1
3 100 47 984.2032311653127 9.197746396964252e-11 1
3 100 48 986.6468957161027 9.194745238606351e-11 1
3 100 49 986.6468957161027 9.192241974031348e-11 1
3 100 50 986.6468957161027 9.189576359432864e-11 1
3 100 51 986.6468957161027 9.1853337398168e-11 1
3 100 52 986.4800866340627 9.18109503583604e-11 1
3 100 53 986.4800866340627 9.176007439047549e-11 1
3 100 54 986.4800866340627 9.168533053420357e-11 1
3 100 55 986.4800866340627 9.162453315984865e-11 1
3 100 56 985.1813805793827 9.156381636264314e-11 1
3 100 57 985.1813805793827 9.149378993670739e-11 1
3 100 58 985.1813805793827 9.141130410742316e-11 1
3 100 59 985.1813805793827 9.132896687365594e-11 1
3 100 60 982.8921960090627 9.123012778722029e-11 1
3 100 61 982.8921960090627 9.112100849218794e-11 1
3 100 62 982.8921960090627 9.101214991795041e-11 1
3 100 63 982.8921960090627 9.089595926776974e-11 1
3 100 64 981.8381188606327 9.075399593526325e-11 1
3 100 65 981.8381188606327 9.062016037789816e-11 1
3 100 66 981.8381188606327 9.048671897574906e-11 1
3 100 67 981.8381188606327 9.034280638462287e-11 1
3 100 68 981.8381188606327 9.018483693255128e-11 1
3 100 69 984.7076256965627 9.002741895305121e-11 1
3 100 70 984.7076256965627 8.985848547027302e-11 1
3 100 71 984.7076256965627 8.967869146550803e-11 1
3 100 72 984.7076256965627 8.949961550831875e-11 1
3 100 73 985.8666833137527 8.931599796959878e-11 1
3 100 74 985.8666833137527 8.911767160419555e-11 1
3 100 75 985.8666833137527 8.892449870721015e-11 1
3 100 76 985.8666833137527 8.87321614482335e-11 1
3 100 77 985.6938317512527 8.853726622797459e-11 1
3 100 78 985.6938317512527 8.833870323190186e-11 1
3 100 79 985.6938317512527 8.814102887943014e-11 1
3 100 80 985.6938317512527 8.794055289590936e-11 1
3 100 81 985.1722863411027 8.77397558097687e-11 1
3 100 82 985.1722863411027 8.753987360568557e-11 1
3 100 83 985.1722863411027 8.734175651935977e-11 1
3 100 84 985.1722863411027 8.714979327052493e-11 1
3 100 85 983.6206505989127 8.695286391019452e-11 1
3 100 86 983.6206505989127 8.675682253219042e-11 1
3 100 87 983.6206505989127 8.656381734291715e-11 1
3 100 88 983.6206505989127 8.637454436079603e-11 1
3 100 89 986.7317956184427 8.618609726883344e-11 1
3 100 90 986.7317956184427 8.600796033546751e-11 1
3 100 91 986.7317956184427 8.583304791424611e-11 1
3 100 92 986.7317956184427 8.565192363380295e-11 1
3 100 93 986.7317956184427 8.547156215800278e-11 1
3 100 94 988.4337609504727 8.530420116312333e-11 1
3 100 95 988.4337609504727 8.513155281180936e-11 1
3 100 96 988.4337609504727 8.495960189970546e-11 1
3 100 97 988.4337609504727 8.479398959020542e-11 1
3 100 98 987.6302941536027 8.46308268070506e-11 1
3 100 99 987.6302941536027 8.446569127646752e-11 1
3 100 100 987.6302941536027 8.430155022764318e-11 1
3 100 101 987.6302941536027 8.41414227826948e-11 1
3 100 102 983.7288048957827 8.398190249591188e-11 1
3 100 103 983.7288048957827 8.38275986009926e-11 1
3 100 104 983.7288048957827 8.367865429963788e-11 1
3 100 105 983.7288048957827 8.353030334882028e-11 1
3 100 106 986.3799279426627 8.338339279991681e-11 1
3 100 107 986.3799279426627 8.3245091973513e-11 1
3 100 108 986.3799279426627 8.311216787047582e-11 1
3 100 109 986.3799279426627 8.297974645166156e-11 1
3 100 110 988.7933190559427 8.284982488123168e-11 1
3 100 111 988.7933190559427 8.274030940741684e-11 1
3 100 112 988.7933190559427 8.26310830785965e-11 1
3 100 113 988.7933190559427 8.252022557601672e-11 1
3 100 114 992.2270959114127 8.243838522263838e-11 1
3 100 115 992.2270959114127 8.236633522429471e-11 1
3 100 116 992.2270959114127 8.229322143959495e-11 1
3 100 117 992.2270959114127 8.223739041203815e-11 1
3 100 118 992.2270959114127 8.221533452288715e-11 1
3 100 119 995.1553185676627 8.2194562286491e-11 1
3 100 120 995.1553185676627 8.217836499519407e-11 1
3 100 121 995.1553185676627 8.220622802457092e-11 1
3 100 122 995.1553185676627 8.22341099545851e-11 1
3 100 123 995.3904870246927 8.226926012188892e-11 1
3 100 124 995.3904870246927 8.23466775610226e-11 1
3 100 125 995.3904870246927 8.241793133299625e-11 1
3 100 126 995.3904870246927 8.248930852214103e-11 1
3 100 127 996.4502404426627 8.258878015655877e-11 1
3 100 128 996.4502404426627 8.271517519253091e-11 1
3 100 129 996.4502404426627 8.283696700619482e-11 1
3 100 130 996.4502404426627 8.296343136415299e-11 1
3 100 131 996.2900231575027 8.313205526269363e-11 1
3 100 132 996.2900231575027 8.330136601636516e-11 1
3 100 133 996.2900231575027 8.347960629369358e-11 1
3 100 134 996.2900231575027 8.368765066491402e-11 1
3 100 135 997.5925133918827 8.390331183700484e-11 1
3 100 136 997.5925133918827 8.412234868738978e-11 1
3 100 137 997.5925133918827 8.436822662109232e-11 1
3 100 138 997.5925133918827 8.462828564279711e-11 1
3 100 139 998.6042321418827 8.488690957279861e-11 1
3 100 140 998.6042321418827 8.515041161373065e-11 1
3 100 141 998.6042321418827 8.544462807641195e-11 1
3 100 142 998.6042321418827 8.573553659692026e-11 1
3 100 143 998.6042321418827 8.602843276442124e-11 1
3 100 144 999.8530724739127 8.633673911862984e-11 1
3 100 145 999.8530724739127 8.665151359521594e-11 1
3 100 146 999.8530724739127 8.696972932253643e-11 1
3 100 147 999.8530724739127 8.7297951545613e-11 1
3 100 148 1000.5175622200027 8.763129808349901e-11 1
3 100 149 1000.5175622200027 8.796720014185939e-11 1
3 100 150 1000.5175622200027 8.831089430653569e-11 1
3 100 151 1000.5175622200027 8.866217007725847e-11 1
3 100 152 1001.6434777473527 8.901318171193336e-11 1
3 100 153 1001.6434777473527 8.936698368861802e-11 1
3 100 154 1001.6434777473527 8.972544528405388e-11 1
3 100 155 1001.6434777473527 9.00873767539317e-11 1
3 100 156 1005.3547204231327 9.04528567773937e-11 1
3 100 157 1005.3547204231327 9.082412948766096e-11 1
3 100 158 1005.3547204231327 9.119401238263407e-11 1
3 100 159 1005.3547204231327 9.1565053836632e-11 1
3 100 160 1007.2427209114127 9.193886170717465e-11 1
3 100 161 1007.2427209114127 9.231315382129577e-11 1
3 100 162 1007.2427209114127 9.269050595278617e-11 1
3 100 163 1007.2427209114127 9.307729750609857e-11 1
3 100 164 1007.9554284309427 9.348149477259774e-11 1
3 100 165 1007.9554284309427 9.387110095793535e-11 1
3 100 166 1007.9554284309427 9.426396828625666e-11 1
3 100 167 1007.9554284309427 9.467680642162521e-11 1
3 100 168 1007.9554284309427 9.509578205609993e-11 1
3 100 169 1008.6060021614127 9.550928135495399e-11 1
3 100 170 1008.6060021614127 9.592775102365627e-11 1
3 100 171 1008.6060021614127 9.636313221368083e-11 1
3 100 172 1008.6060021614127 9.680248349641424e-11 1
3 100 173 1008.3752282356327 9.725988070533072e-11 1
3 100 174 1008.3752282356327 9.772076919029145e-11 1
3 100 175 1008.3752282356327 9.818128661192894e-11 1
3 100 176 1008.3752282356327 9.864891349884558e-11 1
3 100 177 1007.3423913215627 9.912507614939855e-11 1
3 100 178 1007.3423913215627 9.959163087935352e-11 1
3 100 179 1007.3423913215627 1.0006213241943464e-10 1
3 100 180 1007.3423913215627 1.0053478715057936e-10 1
3 100 181 1005.7455895637527 1.0098939708880203e-10 1
3 100 182 1005.7455895637527 1.0144813711954996e-10 1
3 100 183 1005.7455895637527 1.0191008811643781e-10 1
3 100 184 1005.7455895637527 1.0235434219860352e-10 1
3 100 185 1003.3970177864127 1.0279583809382575e-10 1
3 100 186 1003.3970177864127 1.032416935583287e-10 1
3 100 187 1003.3970177864127 1.0368172331415069e-10 1
3 100 188 1003.3970177864127 1.0410876494382545e-10 1
3 100 189 1001.1550744270327 1.0453933889863127e-10 1
3 100 190 1001.1550744270327 1.0497863069209667e-10 1
3 100 191 1001.1550744270327 1.0539960721590482e-10 1
3 100 192 1001.1550744270327 1.0581826077547749e-10 1
3 100 193 1001.1550744270327 1.0624025343222549e-10 1
3 100 194 1002.6324303840627 1.0665472895372812e-10 1
3 100 195 1002.6324303840627 1.0705937122241767e-10 1
3 100 196 1002.6324303840627 1.0746709556606298e-10 1
3 100 197 1002.6324303840627 1.0787196317038584e-10 1
3 100 198 1001.9331505989127 1.0826339753534171e-10 1
3 100 199 1001.9331505989127 1.0865382102306439e-10 1
3 100 200 1001.9331505989127 1.0904468112112824e-10 1
3 100 201 1001.9331505989127 1.09415144314072e-10 1
3 100 202 1000.8421471809427 1.0978813327586805e-10 1
3 100 203 1000.8421471809427 1.1017073737697592e-10 1
3 100 204 1000.8421471809427 1.1054294180920038e-10 1
3 100 205 1000.8421471809427 1.1089689758045634e-10 1
3 100 206 1006.2314904426627 1.1125312734828034e-10 1
3 100 207 1006.2314904426627 1.1159988714970227e-10 1
3 100 208 1006.2314904426627 1.1193294652676623e-10 1
3 100 209 1006.2314904426627 1.1226799982332717e-10 1
3 100 210 1008.4752038215627 1.1261146918859143e-10 1
3 100 211 1008.4752038215627 1.1292433592296504e-10 1
3 100 212 1008.4752038215627 1.132311910500452e-10 1
3 100 213 1008.4752038215627 1.1353971838766267e-10 1
3 100 214 1011.5512536262527 1.134203854174739e-10 1
3 100 215 1011.5512536262527 1.134203854174739e-10 1
3 100 216 1011.5512536262527 1.1526542213216281e-10 1
3 100 217 1011.5512536262527 1.1526542213216281e-10 1
3 100 218 1011.5512536262527 1.1526542213216281e-10 1
3 100 219 1013.7426598762527 1.1612209333744557e-10 1
3 100 220 1013.7426598762527 1.1612209333744557e-10 1
3 100 221 1013.7426598762527 1.1612209333744557e-10 1
3 100 222 1013.7426598762527 1.1685318731439028e-10 1
3 100 223 1018.9456017707827 1.1685318731439028e-10 1
3 100 224 1018.9456017707827 1.1685318731439028e-10 1
3 100 225 1018.9456017707827 1.1746918575837356e-10 1
3 100 226 1018.9456017707827 1.1746918575837356e-10 1
3 100 227 1020.1377404426627 1.1746918575837356e-10 1
3 100 228 1020.1377404426627 1.1746918575837356e-10 1
3 100 229 1020.1377404426627 1.1798711136276108e-10 1
3 100 230 1020.1377404426627 1.1798711136276108e-10 1
3 100 231 1020.8215783332827 1.1798711136276108e-10 1
3 100 232 1020.8215783332827 1.1841679691381569e-10 1
3 100 233 1020.8215783332827 1.1841679691381569e-10 1
3 100 234 1020.8215783332827 1.1841679691381569e-10 1
3 100 235 1021.7989953254727 1.1875959861372035e-10 1
3 100 236 1021.7989953254727 1.1875959861372035e-10 1
3 100 237 1021.7989953254727 1.1875959861372035e-10 1
3 100 238 1021.7989953254727 1.1875959861372035e-10 1
3 100 239 1022.7227624153127 1.1875959861372035e-10 1
3 100 240 1022.7227624153127 1.1875959861372035e-10 1
3 100 241 1022.7227624153127 1.1875959861372035e-10 1
3 100 242 1022.7227624153127 1.1875959861372035e-10 1
3 100 243 1022.7227624153127 1.2076016845541178e-10 1
3 100 244 1023.8613122200027 1.2076016845541178e-10 1
3 100 245 1023.8613122200027 1.2094279872147872e-10 1
3 100 246 1023.8613122200027 1.2094279872147872e-10 1
3 101 24 979.7961266731327 9.849946768491547e-11 1
3 101 25 981.1024010871927 1.0069703659704535e-10 1
3 101 26 984.1551964973527 1.0160733099324496e-10 1
3 101 27 987.7803185676627 1.0079146073551606e-10 1
3 101 28 991.7989953254727 9.708924198997966e-11 1
3 101 29 993.3691857551627 9.272402737842754e-11 1
3 101 30 995.2493127082827 9.107504590515298e-11 1
3 101 31 996.9335168098527 9.072130663203921e-11 1
3 101 32 997.1830895637527 9.078214572023811e-11 1
3 101 33 997.6109460090627 9.091199827793327e-11 1
3 101 34 997.9481652473527 9.099599949874331e-11 1
3 101 35 998.8474572395327 9.104227006436372e-11 1
3 101 36 998.8474572395327 9.106712927581821e-11 1
3 101 37 998.8474572395327 9.108264553100395e-11 1
3 101 38 998.8474572395327 9.109229253168503e-11 1
3 101 39 999.2249596809427 9.110194157610275e-11 1
3 101 40 999.2249596809427 9.111405234901137e-11 1
3 101 41 999.2249596809427 9.11156104777337e-11 1
3 101 42 999.2249596809427 9.111716865974738e-11 1
3 101 43 999.2249596809427 9.11199729612475e-11 1
3 101 44 999.4658044075027 9.11201763781948e-11 1
3 101 45 999.4658044075027 9.111645178580998e-11 1
3 101 46 999.4658044075027 9.111272749790242e-11 1
3 101 47 999.4658044075027 9.11091333876787e-11 1
3 101 48 999.6940758918827 9.110314161522174e-11 1
3 101 49 999.6940758918827 9.109598042440075e-11 1
3 101 50 999.6940758918827 9.108896658434942e-11 1
3 101 51 999.6940758918827 9.108237001691249e-11 1
3 101 52 1001.1487878059427 9.107395909514158e-11 1
3 101 53 1001.1487878059427 9.106554972662589e-11 1
3 101 54 1001.1487878059427 9.105171517582559e-11 1
3 101 55 1001.1487878059427 9.10361770951049e-11 1
3 101 56 1001.7087243293827 9.102121502654168e-11 1
3 101 57 1001.7087243293827 9.100272589153181e-11 1
3 101 58 1001.7087243293827 9.093595936078081e-11 1
3 101 59 1001.7087243293827 9.093595936078081e-11 1
3 101 60 1001.8624718879727 9.119923740872182e-11 1
3 101 61 1001.8624718879727 9.119923740872182e-11 1
3 101 62 1001.8624718879727 9.104979007532319e-11 1
3 101 63 1001.8624718879727 9.104979007532319e-11 1
3 101 64 1002.2599938606327 9.104979007532319e-11 1
3 101 65 1002.2599938606327 9.08554016098168e-11 1
3 101 66 1002.2599938606327 9.08554016098168e-11 1
3 101 67 1002.2599938606327 9.08554016098168e-11 1
3 101 68 1002.2599938606327 9.08554016098168e-11 1
3 101 69 1003.5099328254727 9.06279278002368e-11 1
3 101 70 1003.5099328254727 9.06279278002368e-11 1
3 101 71 1003.5099328254727 9.06279278002368e-11 1
3 101 72 1003.5099328254727 9.037709295935844e-11 1
3 101 73 1003.7522423957827 9.037709295935844e-11 1
3 101 74 1003.7522423957827 9.037709295935844e-11 1
3 101 75 1003.7522423957827 9.011543565098674e-11 1
3 101 76 1003.7522423957827 9.011543565098674e-11 1
3 101 77 1004.0998376106327 9.011543565098674e-11 1
3 101 78 1004.0998376106327 9.011543565098674e-11 1
3 101 79 1004.0998376106327 8.944641247357788e-11 1
3 101 80 1004.0998376106327 8.944641247357788e-11 1
3 101 81 1004.6254723762527 8.944641247357788e-11 1
3 101 82 1004.6254723762527 8.944641247357788e-11 1
3 101 83 1004.6254723762527 9.02018241039616e-11 1
3 101 84 1004.6254723762527 9.02018241039616e-11 1
3 101 85 1005.1770470832827 9.052946531310568e-11 1
3 101 86 1005.1770470832827 8.901052259863657e-11 1
3 102 24 980.7184289192227 9.942954242019663e-11 1
3 102 25 982.8624718879727 1.0188492395087497e-10 1
3 102 26 985.2908776496927 1.0129407446047244e-10 1
