5 55 104 984.443841328316 1.8372260423062438e-11 1
5 55 105 1005.045586933786 1.984564033334244e-11 1
5 55 106 1028.538873066596 2.0534329000000472e-11 1
5 55 107 1021.495599140816 2.1952718715721555e-11 1
5 56 79 964.067254414256 1.0020482248458632e-11 1
5 56 80 964.067254414256 1.0185222143759698e-11 1
5 56 81 967.053460468946 1.0353140904696391e-11 1
5 56 82 969.861260761916 1.0522515991026294e-11 1
5 56 83 971.859490742386 1.0694181001144625e-11 1
5 56 84 978.775506367386 1.0865354169971832e-11 1
5 56 85 978.775506367386 1.1035238596841421e-11 1
5 56 86 981.788812031446 1.1204755074438205e-11 1
5 56 87 986.118768086136 1.1373548368175522e-11 1
5 56 88 990.997002949416 1.1537502226478173e-11 1
5 56 89 1000.677483906446 1.1700128936264492e-11 1
5 56 90 1000.677483906446 1.1856838229305778e-11 1
5 56 91 1004.341607441596 1.2007093911450899e-11 1
5 56 92 1007.526360859566 1.2152843435368535e-11 1
5 56 93 1010.761041035346 1.2293584026110095e-11 1
5 56 94 1015.743340840036 1.2424095230033501e-11 1
5 56 95 1015.743340840036 1.2547428946740697e-11 1
5 56 96 1017.956170429886 1.2660942093321015e-11 1
5 56 97 1020.212396015816 1.2763950635535481e-11 1
5 56 98 1020.587701191596 1.2878388617573299e-11 1
5 56 99 1021.549554218946 1.301949906705244e-11 1
5 56 100 1023.059869160346 1.3180530586286235e-11 1
5 56 101 1024.565911640816 1.3389455824813566e-11 1
5 56 102 1027.456170429886 1.3870949959786778e-11 1
5 56 103 1030.395928730666 1.5018946707444842e-11 1
5 56 104 1032.795892109566 1.6887979529096187e-11 1
5 56 105 1037.188042988476 1.8809833717694135e-11 1
5 57 32 980.457330097846 7.8472769779528e-12 1
5 57 33 982.734185566596 7.821272425048337e-12 1
5 57 34 981.435479511916 7.803611380741793e-12 1
5 57 35 981.435479511916 7.788621829192087e-12 1
5 57 36 979.146294941596 7.774795363989072e-12 1
5 57 37 978.092217793166 7.762247519389707e-12 1
5 57 38 980.961724629096 7.750460664094542e-12 1
5 57 39 982.120782246286 7.740740118502473e-12 1
5 57 40 982.120782246286 7.733223591696811e-12 1
5 57 41 981.947930683786 7.728125194439856e-12 1
5 57 42 981.426385273636 7.725877146482185e-12 1
5 57 43 979.874749531446 7.726624841508825e-12 1
5 57 44 982.985894550976 7.730485541544824e-12 1
5 57 45 982.985894550976 7.737288156448678e-12 1
5 57 46 984.687859883006 7.746901412735656e-12 1
5 57 47 983.884393086136 7.758982341305278e-12 1
5 57 48 979.982903828316 7.772444028004332e-12 1
5 57 49 982.634026875196 7.78672084418307e-12 1
5 57 50 982.634026875196 7.801008390035311e-12 1
5 57 51 985.047417988476 7.807792136805232e-12 1
5 57 52 988.481194843946 7.807152769620161e-12 1
5 57 53 991.409417500196 7.796061218945337e-12 1
5 57 54 991.644585957226 7.780712697657719e-12 1
5 57 55 991.644585957226 7.766759978827352e-12 1
5 57 56 992.704339375196 7.759315550083503e-12 1
5 57 57 992.544122090036 7.759542560253826e-12 1
5 57 58 993.846612324416 7.764996934507424e-12 1
5 57 59 994.858331074416 7.777195682073385e-12 1
5 57 60 994.858331074416 7.798966588574049e-12 1
5 57 61 996.107171406446 7.830003961627755e-12 1
5 57 62 996.771661152536 7.869520549271755e-12 1
5 57 63 997.897576679886 7.9178651297985e-12 1
5 57 64 1001.608819355666 7.97623937063418e-12 1
5 57 65 1001.608819355666 8.042308394204849e-12 1
5 57 66 1003.496819843946 8.117713333465624e-12 1
5 57 67 1004.209527363476 8.198703340563599e-12 1
5 57 68 1004.860101093946 8.28666041135295e-12 1
5 57 69 1004.629327168166 8.381083078369089e-12 1
5 57 70 1004.629327168166 8.479668990358088e-12 1
5 57 71 1003.596490254096 8.58414941860395e-12 1
5 57 72 1001.999688496286 8.697732697749533e-12 1
5 57 73 999.651116718946 8.820792449625822e-12 1
5 57 74 997.409173359566 8.95308115971634e-12 1
5 57 75 997.409173359566 9.093510260538158e-12 1
5 57 76 998.886529316596 9.242046320070433e-12 1
5 57 77 998.187249531446 9.398156501977538e-12 1
5 57 78 997.096246113476 9.561624981948835e-12 1
5 57 79 1002.485589375196 9.72985786534169e-12 1
5 57 80 1002.485589375196 9.90507834198931e-12 1
5 57 81 1004.729302754096 1.0085024307856674e-11 1
5 57 82 1007.805352558786 1.031207171371261e-11 1
5 57 83 1009.996758808786 1.0502547271559205e-11 1
5 57 84 1015.199700703316 1.0698480017892103e-11 1
5 57 85 1015.199700703316 1.089843581104603e-11 1
5 57 86 1016.391839375196 1.1100477820555986e-11 1
5 57 87 1017.075677265816 1.1302788875541652e-11 1
5 57 88 1018.053094258006 1.1504497016179679e-11 1
5 57 89 1018.976861347846 1.1504497016179679e-11 1
5 57 90 1018.976861347846 1.1832924223316503e-11 1
5 57 91 1020.115411152536 1.2014890279977605e-11 1
5 58 24 976.050225605666 8.396055338460146e-12 1
5 58 25 977.356500019726 8.366170373170636e-12 1
5 58 26 980.409295429886 8.333350066139275e-12 1
5 58 27 984.034417500196 8.254824535017892e-12 1
5 58 28 988.053094258006 8.131890057293443e-12 1
5 58 29 989.892632832226 8.016367056711579e-12 1
5 58 30 993.187615742386 7.936908412684573e-12 1
5 58 31 995.101556172066 7.863167216582545e-12 1
5 58 32 995.719903340036 7.805218345762342e-12 1
5 58 33 997.402886738476 7.765220841284987e-12 1
5 58 34 997.962823261916 7.738672714637476e-12 1
5 58 35 997.962823261916 7.693197138763542e-12 1
5 58 36 998.116570820506 7.67371265145107e-12 1
5 58 37 998.514092793166 7.655207295435164e-12 1
5 58 38 999.764031758006 7.637814500729356e-12 1
5 58 39 1000.006341328316 7.621586198434921e-12 1
5 58 40 1000.006341328316 7.606658147246865e-12 1
5 58 41 1000.353936543166 7.606658147246865e-12 1
5 58 42 1000.879571308786 7.571453163070964e-12 1
5 58 43 1001.431146015816 7.562580596769575e-12 1
5 59 24 976.972527851756 8.783002766800983e-12 1
5 59 25 979.116570820506 8.698866649278383e-12 1
5 59 26 981.544976582226 8.682438385237923e-12 1
