3 98 267 957.27319335938 1.3008478458616857e-10 1
3 98 268 976.99249267578 1.1932245759540626e-10 1
3 98 269 999.27947998047 1.2705867499591648e-10 1
3 98 270 993.44250488281 1.6910120221127004e-10 1
3 99 206 936.01416015625 1.1546178451676919e-10 1
3 99 207 936.01416015625 1.1589315955349976e-10 1
3 99 208 936.01416015625 1.1630712418426423e-10 1
3 99 209 936.01416015625 1.1672405673865577e-10 1
3 99 210 939.00036621094 1.171393618417115e-10 1
3 99 211 939.00036621094 1.1752089963957373e-10 1
3 99 212 939.00036621094 1.179049309935191e-10 1
3 99 213 939.00036621094 1.182917208914703e-10 1
3 99 214 941.80816650391 1.186507919391163e-10 1
3 99 215 941.80816650391 1.1900182286706076e-10 1
3 99 216 941.80816650391 1.1935493702342845e-10 1
3 99 217 941.80816650391 1.196929472266992e-10 1
3 99 218 941.80816650391 1.200096871702103e-10 1
3 99 219 943.80639648438 1.203281079208776e-10 1
3 99 220 943.80639648438 1.2064453152284202e-10 1
3 99 221 943.80639648438 1.209268269679086e-10 1
3 99 222 943.80639648438 1.2121044659439415e-10 1
3 99 223 950.72241210938 1.214953997413402e-10 1
3 99 224 950.72241210938 1.2175210164589174e-10 1
3 99 225 950.72241210938 1.220010678863726e-10 1
3 99 226 950.72241210938 1.2225105441639028e-10 1
3 99 227 953.73571777344 1.2248692530820459e-10 1
3 99 228 953.73571777344 1.2270297995130627e-10 1
3 99 229 953.73571777344 1.2291963591034491e-10 1
3 99 230 953.73571777344 1.2313385176632579e-10 1
3 99 231 958.06567382813 1.233177740309194e-10 1
3 99 232 958.06567382813 1.235022465585274e-10 1
3 99 233 958.06567382813 1.2368785020404243e-10 1
3 99 234 958.06567382813 1.2385263183694656e-10 1
3 99 235 962.94390869141 1.2400811508832518e-10 1
3 99 236 962.94390869141 1.241639892143797e-10 1
3 99 237 962.94390869141 1.2430863462356169e-10 1
3 99 238 962.94390869141 1.2443800481086801e-10 1
3 99 239 972.62438964844 1.2456764455437546e-10 1
3 99 240 972.62438964844 1.246983910063359e-10 1
3 99 241 972.62438964844 1.2480518244228492e-10 1
3 99 242 972.62438964844 1.249121569469293e-10 1
3 99 243 972.62438964844 1.2502196516147748e-10 1
3 99 244 976.28851318359 1.2511879056883623e-10 1
3 99 245 976.28851318359 1.2520222442076652e-10 1
3 99 246 976.28851318359 1.252857696205245e-10 1
3 99 247 976.28851318359 1.2536487718396844e-10 1
3 99 248 979.47326660156 1.254298856313547e-10 1
3 99 249 979.47326660156 1.2549127532669332e-10 1
3 99 250 979.47326660156 1.255507805249834e-10 1
3 99 251 979.47326660156 1.2559156263133385e-10 1
3 99 252 982.70794677734 1.2563237124043707e-10 1
3 99 253 982.70794677734 1.2567915957787715e-10 1
3 99 254 982.70794677734 1.257176906216789e-10 1
3 99 255 982.70794677734 1.2574081046233398e-10 1
3 99 256 987.69024658203 1.257639388081625e-10 1
3 99 257 987.69024658203 1.2578453829493481e-10 1
3 99 258 987.69024658203 1.2579884593003943e-10 1
3 99 259 989.90307617188 1.2581579011844608e-10 1
3 99 260 989.90307617188 1.2581582563846654e-10 1
3 99 261 992.15930175781 1.2578432138541148e-10 1
3 99 262 993.49645996094 1.2571675366281306e-10 1
3 99 263 994.61535644531 1.2576868016860837e-10 1
3 99 264 996.51281738281 1.2686519989842164e-10 1
3 99 265 999.40307617188 1.3107624407839333e-10 1
3 99 266 1002.34283447266 1.3268132564080683e-10 1
3 99 267 1004.40551757813 1.2499022560263224e-10 1
3 99 268 1009.13494873047 1.1289227896464085e-10 1
3 100 43 952.20666503906 9.20307505638905e-11 1
3 100 44 952.40423583984 9.202700789361159e-11 1
3 100 45 952.40423583984 9.201939063792692e-11 1
3 100 46 952.40423583984 9.200895915530837e-11 1
3 100 47 952.40423583984 9.197746396964252e-11 1
3 100 48 954.84790039063 9.194745238606351e-11 1
3 100 49 954.84790039063 9.192241974031348e-11 1
3 100 50 954.84790039063 9.189576359432864e-11 1
3 100 51 954.84790039063 9.1853337398168e-11 1
3 100 52 954.68109130859 9.18109503583604e-11 1
3 100 53 954.68109130859 9.176007439047549e-11 1
3 100 54 954.68109130859 9.168533053420357e-11 1
3 100 55 954.68109130859 9.162453315984865e-11 1
3 100 56 953.38238525391 9.156381636264314e-11 1
3 100 57 953.38238525391 9.149378993670739e-11 1
3 100 58 953.38238525391 9.141130410742316e-11 1
3 100 59 953.38238525391 9.132896687365594e-11 1
3 100 60 951.09320068359 9.123012778722029e-11 1
3 100 61 951.09320068359 9.112100849218794e-11 1
3 100 62 951.09320068359 9.101214991795041e-11 1
3 100 63 951.09320068359 9.089595926776974e-11 1
3 100 64 950.03912353516 9.075399593526325e-11 1
3 100 65 950.03912353516 9.062016037789816e-11 1
3 100 66 950.03912353516 9.048671897574906e-11 1
3 100 67 950.03912353516 9.034280638462287e-11 1
3 100 68 950.03912353516 9.018483693255128e-11 1
3 100 69 952.90863037109 9.002741895305121e-11 1
3 100 70 952.90863037109 8.985848547027302e-11 1
3 100 71 952.90863037109 8.967869146550803e-11 1
3 100 72 952.90863037109 8.949961550831875e-11 1
3 100 73 954.06768798828 8.931599796959878e-11 1
3 100 74 954.06768798828 8.911767160419555e-11 1
3 100 75 954.06768798828 8.892449870721015e-11 1
3 100 76 954.06768798828 8.87321614482335e-11 1
3 100 77 953.89483642578 8.853726622797459e-11 1
3 100 78 953.89483642578 8.833870323190186e-11 1
3 100 79 953.89483642578 8.814102887943014e-11 1
3 100 80 953.89483642578 8.794055289590936e-11 1
3 100 81 953.37329101563 8.77397558097687e-11 1
3 100 82 953.37329101563 8.753987360568557e-11 1
3 100 83 953.37329101563 8.734175651935977e-11 1
3 100 84 953.37329101563 8.714979327052493e-11 1
3 100 85 951.82165527344 8.695286391019452e-11 1
3 100 86 951.82165527344 8.675682253219042e-11 1
3 100 87 951.82165527344 8.656381734291715e-11 1
3 100 88 951.82165527344 8.637454436079603e-11 1
3 100 89 954.93280029297 8.618609726883344e-11 1
3 100 90 954.93280029297 8.600796033546751e-11 1
3 100 91 954.93280029297 8.583304791424611e-11 1
3 100 92 954.93280029297 8.565192363380295e-11 1
3 100 93 954.93280029297 8.547156215800278e-11 1
3 100 94 956.634765625 8.530420116312333e-11 1
3 100 95 956.634765625 8.513155281180936e-11 1
3 100 96 956.634765625 8.495960189970546e-11 1
3 100 97 956.634765625 8.479398959020542e-11 1
3 100 98 955.83129882813 8.46308268070506e-11 1
3 100 99 955.83129882813 8.446569127646752e-11 1
3 100 100 955.83129882813 8.430155022764318e-11 1
3 100 101 955.83129882813 8.41414227826948e-11 1
3 100 102 951.92980957031 8.398190249591188e-11 1
3 100 103 951.92980957031 8.38275986009926e-11 1
3 100 104 951.92980957031 8.367865429963788e-11 1
3 100 105 951.92980957031 8.353030334882028e-11 1
3 100 106 954.58093261719 8.338339279991681e-11 1
3 100 107 954.58093261719 8.3245091973513e-11 1
3 100 108 954.58093261719 8.311216787047582e-11 1
3 100 109 954.58093261719 8.297974645166156e-11 1
3 100 110 956.99432373047 8.284982488123168e-11 1
3 100 111 956.99432373047 8.274030940741684e-11 1
3 100 112 956.99432373047 8.26310830785965e-11 1
3 100 113 956.99432373047 8.252022557601672e-11 1
3 100 114 960.42810058594 8.243838522263838e-11 1
3 100 115 960.42810058594 8.236633522429471e-11 1
3 100 116 960.42810058594 8.229322143959495e-11 1
3 100 117 960.42810058594 8.223739041203815e-11 1
3 100 118 960.42810058594 8.221533452288715e-11 1
3 100 119 963.35632324219 8.2194562286491e-11 1
3 100 120 963.35632324219 8.217836499519407e-11 1
3 100 121 963.35632324219 8.220622802457092e-11 1
3 100 122 963.35632324219 8.22341099545851e-11 1
3 100 123 963.59149169922 8.226926012188892e-11 1
3 100 124 963.59149169922 8.23466775610226e-11 1
3 100 125 963.59149169922 8.241793133299625e-11 1
3 100 126 963.59149169922 8.248930852214103e-11 1
3 100 127 964.65124511719 8.258878015655877e-11 1
3 100 128 964.65124511719 8.271517519253091e-11 1
3 100 129 964.65124511719 8.283696700619482e-11 1
3 100 130 964.65124511719 8.296343136415299e-11 1
3 100 131 964.49102783203 8.313205526269363e-11 1
3 100 132 964.49102783203 8.330136601636516e-11 1
3 100 133 964.49102783203 8.347960629369358e-11 1
3 100 134 964.49102783203 8.368765066491402e-11 1
3 100 135 965.79351806641 8.390331183700484e-11 1
3 100 136 965.79351806641 8.412234868738978e-11 1
3 100 137 965.79351806641 8.436822662109232e-11 1
3 100 138 965.79351806641 8.462828564279711e-11 1
3 100 139 966.80523681641 8.488690957279861e-11 1
3 100 140 966.80523681641 8.515041161373065e-11 1
3 100 141 966.80523681641 8.544462807641195e-11 1
3 100 142 966.80523681641 8.573553659692026e-11 1
3 100 143 966.80523681641 8.602843276442124e-11 1
3 100 144 968.05407714844 8.633673911862984e-11 1
3 100 145 968.05407714844 8.665151359521594e-11 1
3 100 146 968.05407714844 8.696972932253643e-11 1
3 100 147 968.05407714844 8.7297951545613e-11 1
3 100 148 968.71856689453 8.763129808349901e-11 1
3 100 149 968.71856689453 8.796720014185939e-11 1
3 100 150 968.71856689453 8.831089430653569e-11 1
3 100 151 968.71856689453 8.866217007725847e-11 1
3 100 152 969.84448242188 8.901318171193336e-11 1
3 100 153 969.84448242188 8.936698368861802e-11 1
3 100 154 969.84448242188 8.972544528405388e-11 1
3 100 155 969.84448242188 9.00873767539317e-11 1
3 100 156 973.55572509766 9.04528567773937e-11 1
3 100 157 973.55572509766 9.082412948766096e-11 1
3 100 158 973.55572509766 9.119401238263407e-11 1
3 100 159 973.55572509766 9.1565053836632e-11 1
3 100 160 975.44372558594 9.193886170717465e-11 1
3 100 161 975.44372558594 9.231315382129577e-11 1
3 100 162 975.44372558594 9.269050595278617e-11 1
3 100 163 975.44372558594 9.307729750609857e-11 1
3 100 164 976.15643310547 9.348149477259774e-11 1
3 100 165 976.15643310547 9.387110095793535e-11 1
3 100 166 976.15643310547 9.426396828625666e-11 1
3 100 167 976.15643310547 9.467680642162521e-11 1
3 100 168 976.15643310547 9.509578205609993e-11 1
3 100 169 976.80700683594 9.550928135495399e-11 1
3 100 170 976.80700683594 9.592775102365627e-11 1
3 100 171 976.80700683594 9.636313221368083e-11 1
3 100 172 976.80700683594 9.680248349641424e-11 1
3 100 173 976.57623291016 9.725988070533072e-11 1
3 100 174 976.57623291016 9.772076919029145e-11 1
3 100 175 976.57623291016 9.818128661192894e-11 1
3 100 176 976.57623291016 9.864891349884558e-11 1
3 100 177 975.54339599609 9.912507614939855e-11 1
3 100 178 975.54339599609 9.959163087935352e-11 1
3 100 179 975.54339599609 1.0006213241943464e-10 1
3 100 180 975.54339599609 1.0053478715057936e-10 1
3 100 181 973.94659423828 1.0098939708880203e-10 1
3 100 182 973.94659423828 1.0144813711954996e-10 1
3 100 183 973.94659423828 1.0191008811643781e-10 1
3 100 184 973.94659423828 1.0235434219860352e-10 1
3 100 185 971.59802246094 1.0279583809382575e-10 1
3 100 186 971.59802246094 1.032416935583287e-10 1
3 100 187 971.59802246094 1.0368172331415069e-10 1
3 100 188 971.59802246094 1.0410876494382545e-10 1
3 100 189 969.35607910156 1.0453933889863127e-10 1
3 100 190 969.35607910156 1.0497863069209667e-10 1
3 100 191 969.35607910156 1.0539960721590482e-10 1
3 100 192 969.35607910156 1.0581826077547749e-10 1
3 100 193 969.35607910156 1.0624025343222549e-10 1
3 100 194 970.83343505859 1.0665472895372812e-10 1
3 100 195 970.83343505859 1.0705937122241767e-10 1
3 100 196 970.83343505859 1.0746709556606298e-10 1
3 100 197 970.83343505859 1.0787196317038584e-10 1
3 100 198 970.13415527344 1.0826339753534171e-10 1
3 100 199 970.13415527344 1.0865382102306439e-10 1
3 100 200 970.13415527344 1.0904468112112824e-10 1
3 100 201 970.13415527344 1.09415144314072e-10 1
3 100 202 969.04315185547 1.0978813327586805e-10 1
3 100 203 969.04315185547 1.1017073737697592e-10 1
3 100 204 969.04315185547 1.1054294180920038e-10 1
3 100 205 969.04315185547 1.1089689758045634e-10 1
3 100 206 974.43249511719 1.1125312734828034e-10 1
3 100 207 974.43249511719 1.1159988714970227e-10 1
3 100 208 974.43249511719 1.1193294652676623e-10 1
3 100 209 974.43249511719 1.1226799982332717e-10 1
3 100 210 976.67620849609 1.1261146918859143e-10 1
3 100 211 976.67620849609 1.1292433592296504e-10 1
3 100 212 976.67620849609 1.132311910500452e-10 1
3 100 213 976.67620849609 1.1353971838766267e-10 1
3 100 214 979.75225830078 1.134203854174739e-10 1
3 100 215 979.75225830078 1.134203854174739e-10 1
3 100 216 979.75225830078 1.1526542213216281e-10 1
3 100 217 979.75225830078 1.1526542213216281e-10 1
3 100 218 979.75225830078 1.1526542213216281e-10 1
3 100 219 981.94366455078 1.1612209333744557e-10 1
3 100 220 981.94366455078 1.1612209333744557e-10 1
3 100 221 981.94366455078 1.1612209333744557e-10 1
3 100 222 981.94366455078 1.1685318731439028e-10 1
3 100 223 987.14660644531 1.1685318731439028e-10 1
3 100 224 987.14660644531 1.1685318731439028e-10 1
3 100 225 987.14660644531 1.1746918575837356e-10 1
3 100 226 987.14660644531 1.1746918575837356e-10 1
3 100 227 988.33874511719 1.1746918575837356e-10 1
3 100 228 988.33874511719 1.1746918575837356e-10 1
3 100 229 988.33874511719 1.1798711136276108e-10 1
3 100 230 988.33874511719 1.1798711136276108e-10 1
3 100 231 989.02258300781 1.1798711136276108e-10 1
3 100 232 989.02258300781 1.1841679691381569e-10 1
3 100 233 989.02258300781 1.1841679691381569e-10 1
3 100 234 989.02258300781 1.1841679691381569e-10 1
3 100 235 990.0 1.1875959861372035e-10 1
3 100 236 990.0 1.1875959861372035e-10 1
3 100 237 990.0 1.1875959861372035e-10 1
3 100 238 990.0 1.1875959861372035e-10 1
3 100 239 990.92376708984 1.1875959861372035e-10 1
3 100 240 990.92376708984 1.1875959861372035e-10 1
3 100 241 990.92376708984 1.1875959861372035e-10 1
3 100 242 990.92376708984 1.1875959861372035e-10 1
3 100 243 990.92376708984 1.2076016845541178e-10 1
3 100 244 992.06231689453 1.2076016845541178e-10 1
3 100 245 992.06231689453 1.2094279872147872e-10 1
3 100 246 992.06231689453 1.2094279872147872e-10 1
3 101 24 947.99713134766 9.849946768491547e-11 1
3 101 25 949.30340576172 1.0069703659704535e-10 1
3 101 26 952.35620117188 1.0160733099324496e-10 1
3 101 27 955.98132324219 1.0079146073551606e-10 1
3 101 28 960.0 9.708924198997966e-11 1
3 101 29 961.57019042969 9.272402737842754e-11 1
3 101 30 963.45031738281 9.107504590515298e-11 1
3 101 31 965.13452148438 9.072130663203921e-11 1
3 101 32 965.38409423828 9.078214572023811e-11 1
3 101 33 965.81195068359 9.091199827793327e-11 1
3 101 34 966.14916992188 9.099599949874331e-11 1
3 101 35 967.04846191406 9.104227006436372e-11 1
3 101 36 967.04846191406 9.106712927581821e-11 1
3 101 37 967.04846191406 9.108264553100395e-11 1
3 101 38 967.04846191406 9.109229253168503e-11 1
3 101 39 967.42596435547 9.110194157610275e-11 1
3 101 40 967.42596435547 9.111405234901137e-11 1
3 101 41 967.42596435547 9.11156104777337e-11 1
3 101 42 967.42596435547 9.111716865974738e-11 1
3 101 43 967.42596435547 9.11199729612475e-11 1
3 101 44 967.66680908203 9.11201763781948e-11 1
3 101 45 967.66680908203 9.111645178580998e-11 1
3 101 46 967.66680908203 9.111272749790242e-11 1
3 101 47 967.66680908203 9.11091333876787e-11 1
3 101 48 967.89508056641 9.110314161522174e-11 1
3 101 49 967.89508056641 9.109598042440075e-11 1
3 101 50 967.89508056641 9.108896658434942e-11 1
3 101 51 967.89508056641 9.108237001691249e-11 1
3 101 52 969.34979248047 9.107395909514158e-11 1
3 101 53 969.34979248047 9.106554972662589e-11 1
3 101 54 969.34979248047 9.105171517582559e-11 1
3 101 55 969.34979248047 9.10361770951049e-11 1
3 101 56 969.90972900391 9.102121502654168e-11 1
3 101 57 969.90972900391 9.100272589153181e-11 1
3 101 58 969.90972900391 9.093595936078081e-11 1
3 101 59 969.90972900391 9.093595936078081e-11 1
3 101 60 970.0634765625 9.119923740872182e-11 1
3 101 61 970.0634765625 9.119923740872182e-11 1
3 101 62 970.0634765625 9.104979007532319e-11 1
3 101 63 970.0634765625 9.104979007532319e-11 1
3 101 64 970.46099853516 9.104979007532319e-11 1
3 101 65 970.46099853516 9.08554016098168e-11 1
3 101 66 970.46099853516 9.08554016098168e-11 1
3 101 67 970.46099853516 9.08554016098168e-11 1
3 101 68 970.46099853516 9.08554016098168e-11 1
3 101 69 971.7109375 9.06279278002368e-11 1
3 101 70 971.7109375 9.06279278002368e-11 1
3 101 71 971.7109375 9.06279278002368e-11 1
3 101 72 971.7109375 9.037709295935844e-11 1
3 101 73 971.95324707031 9.037709295935844e-11 1
3 101 74 971.95324707031 9.037709295935844e-11 1
3 101 75 971.95324707031 9.011543565098674e-11 1
3 101 76 971.95324707031 9.011543565098674e-11 1
3 101 77 972.30084228516 9.011543565098674e-11 1
3 101 78 972.30084228516 9.011543565098674e-11 1
3 101 79 972.30084228516 8.944641247357788e-11 1
3 101 80 972.30084228516 8.944641247357788e-11 1
3 101 81 972.82647705078 8.944641247357788e-11 1
3 101 82 972.82647705078 8.944641247357788e-11 1
3 101 83 972.82647705078 9.02018241039616e-11 1
3 101 84 972.82647705078 9.02018241039616e-11 1
3 101 85 973.37805175781 9.052946531310568e-11 1
3 101 86 973.37805175781 8.901052259863657e-11 1
3 102 24 948.91943359375 9.942954242019663e-11 1
3 102 25 951.0634765625 1.0188492395087497e-10 1
3 102 26 953.49188232422 1.0129407446047244e-10 1
