4 98 267 966.8437647680174 1.821252149981353e-11 1
4 98 268 986.5630640844174 1.9768134176170344e-11 1
4 98 269 1008.8500513891074 2.047880734507865e-11 1
4 98 270 1003.0130762914474 2.1825366763030495e-11 1
4 99 206 945.5847315648874 1.002614492363583e-11 1
4 99 207 945.5847315648874 1.0075163399283268e-11 1
4 99 208 945.5847315648874 1.0124510342471673e-11 1
4 99 209 945.5847315648874 1.0174343055734247e-11 1
4 99 210 948.5709376195774 1.0224287138427208e-11 1
4 99 211 948.5709376195774 1.0274432785487394e-11 1
4 99 212 948.5709376195774 1.0325072741757102e-11 1
4 99 213 948.5709376195774 1.0375850493289626e-11 1
4 99 214 951.3787379125474 1.0425852893744369e-11 1
4 99 215 951.3787379125474 1.0476934911895205e-11 1
4 99 216 951.3787379125474 1.0528519952736338e-11 1
4 99 217 951.3787379125474 1.0580021090064078e-11 1
4 99 218 951.3787379125474 1.0631223933085695e-11 1
4 99 219 953.3769678930174 1.0682924786628875e-11 1
4 99 220 953.3769678930174 1.0734212105240782e-11 1
4 99 221 953.3769678930174 1.0785268376595297e-11 1
4 99 222 953.3769678930174 1.083681265783846e-11 1
4 99 223 960.2929835180174 1.088827335156151e-11 1
4 99 224 960.2929835180174 1.093826835387048e-11 1
4 99 225 960.2929835180174 1.0989522412830875e-11 1
4 99 226 960.2929835180174 1.1041259061138315e-11 1
4 99 227 963.3062891820774 1.1092044855809356e-11 1
4 99 228 963.3062891820774 1.1142343795810394e-11 1
4 99 229 963.3062891820774 1.1193556583963283e-11 1
4 99 230 963.3062891820774 1.1245046640579516e-11 1
4 99 231 967.6362452367674 1.1295107245761474e-11 1
4 99 232 967.6362452367674 1.1345615562835748e-11 1
4 99 233 967.6362452367674 1.1395797975972416e-11 1
4 99 234 967.6362452367674 1.1443844869039319e-11 1
4 99 235 972.5144801000474 1.1493363649332787e-11 1
4 99 236 972.5144801000474 1.1543312838512688e-11 1
4 99 237 972.5144801000474 1.1592621696551838e-11 1
4 99 238 972.5144801000474 1.1640898496232105e-11 1
4 99 239 982.1949610570774 1.1689579069259135e-11 1
4 99 240 982.1949610570774 1.1737107280119268e-11 1
4 99 241 982.1949610570774 1.1783790531575438e-11 1
4 99 242 982.1949610570774 1.1830846622538701e-11 1
4 99 243 982.1949610570774 1.1877429858490644e-11 1
4 99 244 985.8590845922274 1.192133534995708e-11 1
4 99 245 985.8590845922274 1.1966698857924034e-11 1
4 99 246 985.8590845922274 1.2012408922430941e-11 1
4 99 247 985.8590845922274 1.2056398216611714e-11 1
4 99 248 989.0438380101974 1.2099344533223443e-11 1
4 99 249 989.0438380101974 1.2143253339642447e-11 1
4 99 250 989.0438380101974 1.2187200124566548e-11 1
4 99 251 989.0438380101974 1.2228727054027232e-11 1
4 99 252 992.2785181859774 1.227053795059986e-11 1
4 99 253 992.2785181859774 1.231160937175674e-11 1
4 99 254 992.2785181859774 1.2349618425517456e-11 1
4 99 255 992.2785181859774 1.238903568768941e-11 1
4 99 256 997.2608179906674 1.2428705377995715e-11 1
4 99 257 997.2608179906674 1.2466412284179437e-11 1
4 99 258 997.2608179906674 1.2511720930225605e-11 1
4 99 259 999.4736475805174 1.2579943977246493e-11 1
4 99 260 999.4736475805174 1.2674091513262014e-11 1
4 99 261 1001.7298731664474 1.2800968276317561e-11 1
4 99 262 1003.0670313695774 1.2959819203079977e-11 1
4 99 263 1004.1859278539474 1.313854381766798e-11 1
4 99 264 1006.0833887914474 1.3350154962615249e-11 1
4 99 265 1008.9736475805174 1.3801751710109388e-11 1
4 99 266 1011.9134058812974 1.4730252917739603e-11 1
4 99 267 1013.9760889867674 1.6651739150870746e-11 1
4 99 268 1018.7055201391074 1.8566648818479336e-11 1
4 100 43 961.7772364476974 7.857712003832472e-12 1
4 100 44 961.9748072484774 7.853515768051484e-12 1
4 100 45 961.9748072484774 7.849263236050275e-12 1
4 100 46 961.9748072484774 7.845231294696759e-12 1
4 100 47 961.9748072484774 7.842150237955064e-12 1
4 100 48 964.4184717992674 7.83806013211454e-12 1
4 100 49 964.4184717992674 7.833592561489627e-12 1
4 100 50 964.4184717992674 7.829119410261385e-12 1
4 100 51 964.4184717992674 7.824548516437739e-12 1
4 100 52 964.2516627172274 7.819982956771935e-12 1
4 100 53 964.2516627172274 7.815938484341618e-12 1
4 100 54 964.2516627172274 7.812271326784075e-12 1
4 100 55 964.2516627172274 7.807672639929689e-12 1
4 100 56 962.9529566625474 7.803079363916406e-12 1
4 100 57 962.9529566625474 7.798531334281045e-12 1
4 100 58 962.9529566625474 7.794041959580112e-12 1
4 100 59 962.9529566625474 7.78955775069538e-12 1
4 100 60 960.6637720922274 7.78565219041466e-12 1
4 100 61 960.6637720922274 7.781381346074264e-12 1
4 100 62 960.6637720922274 7.777115184735526e-12 1
4 100 63 960.6637720922274 7.77312572903056e-12 1
4 100 64 959.6096949437974 7.769576515032688e-12 1
4 100 65 959.6096949437974 7.765684903963014e-12 1
4 100 66 959.6096949437974 7.761797189387552e-12 1
4 100 67 959.6096949437974 7.758096401650034e-12 1
4 100 68 959.6096949437974 7.754644306828024e-12 1
4 100 69 962.4792017797274 7.751195282774344e-12 1
4 100 70 962.4792017797274 7.74801982648528e-12 1
4 100 71 962.4792017797274 7.74516154752378e-12 1
4 100 72 962.4792017797274 7.742305376648262e-12 1
4 100 73 963.6382593969174 7.73951924877438e-12 1
4 100 74 963.6382593969174 7.737279798140365e-12 1
4 100 75 963.6382593969174 7.735126423527737e-12 1
4 100 76 963.6382593969174 7.732974247199837e-12 1
4 100 77 963.4654078344174 7.731157573090627e-12 1
4 100 78 963.4654078344174 7.729789770141208e-12 1
4 100 79 963.4654078344174 7.728422451091874e-12 1
4 100 80 963.4654078344174 7.727137615071656e-12 1
4 100 81 962.9438624242674 7.726644295782859e-12 1
4 100 82 962.9438624242674 7.726151039479452e-12 1
4 100 83 962.9438624242674 7.725635965093195e-12 1
4 100 84 962.9438624242674 7.725780487297888e-12 1
4 100 85 961.3922266820774 7.72622860808555e-12 1
4 100 86 961.3922266820774 7.726676780861199e-12 1
4 100 87 961.3922266820774 7.727507456068292e-12 1
4 100 88 961.3922266820774 7.728851208383916e-12 1
4 100 89 964.5033717016074 7.73019542811658e-12 1
4 100 90 964.5033717016074 7.73159405192377e-12 1
4 100 91 964.5033717016074 7.73384309598898e-12 1
4 100 92 964.5033717016074 7.736064244527979e-12 1
4 100 93 964.5033717016074 7.738286669254736e-12 1
4 100 94 966.2053370336374 7.741224779032626e-12 1
4 100 95 966.2053370336374 7.744236634630765e-12 1
4 100 96 966.2053370336374 7.747250834768699e-12 1
4 100 97 966.2053370336374 7.750710282534392e-12 1
4 100 98 965.4018702367674 7.754504234905162e-12 1
4 100 99 965.4018702367674 7.75818212904362e-12 1
4 100 100 965.4018702367674 7.761903782703584e-12 1
4 100 101 965.4018702367674 7.76601798473607e-12 1
4 100 102 961.5003809789474 7.770136550552402e-12 1
4 100 103 961.5003809789474 7.774622329651097e-12 1
4 100 104 961.5003809789474 7.77890693779863e-12 1
4 100 105 961.5003809789474 7.78301700601776e-12 1
4 100 106 964.1515040258274 7.787347945243867e-12 1
4 100 107 964.1515040258274 7.792783129865293e-12 1
4 100 108 964.1515040258274 7.796842449165983e-12 1
4 100 109 964.1515040258274 7.800263986368048e-12 1
4 100 110 966.5648951391074 7.80351904054504e-12 1
4 100 111 966.5648951391074 7.805140336329825e-12 1
4 100 112 966.5648951391074 7.806762305950636e-12 1
4 100 113 966.5648951391074 7.809713737027669e-12 1
4 100 114 969.9986719945774 7.809676459285796e-12 1
4 100 115 969.9986719945774 7.808280734503087e-12 1
4 100 116 969.9986719945774 7.807229562923899e-12 1
4 100 117 969.9986719945774 7.805558527330737e-12 1
4 100 118 969.9986719945774 7.801170785521149e-12 1
4 100 119 972.9268946508274 7.796973345682469e-12 1
4 100 120 972.9268946508274 7.79273343502157e-12 1
4 100 121 972.9268946508274 7.788045264570606e-12 1
4 100 122 972.9268946508274 7.783362731609409e-12 1
4 100 123 973.1620631078574 7.777970505242665e-12 1
4 100 124 973.1620631078574 7.772687768373249e-12 1
4 100 125 973.1620631078574 7.769540448287915e-12 1
4 100 126 973.1620631078574 7.766395675999338e-12 1
4 100 127 974.2218165258274 7.76301123829249e-12 1
4 100 128 974.2218165258274 7.760936525360114e-12 1
4 100 129 974.2218165258274 7.759605022199129e-12 1
4 100 130 974.2218165258274 7.75844344397736e-12 1
4 100 131 974.0615992406674 7.758917408132922e-12 1
4 100 132 974.0615992406674 7.759391430201065e-12 1
4 100 133 974.0615992406674 7.758792936003007e-12 1
4 100 134 974.0615992406674 7.760316696838443e-12 1
4 100 135 975.3640894750474 7.762846856110853e-12 1
4 100 136 975.3640894750474 7.765091132848707e-12 1
4 100 137 975.3640894750474 7.767045399876971e-12 1
4 100 138 975.3640894750474 7.771402161253414e-12 1
4 100 139 976.3758082250474 7.776160269936224e-12 1
4 100 140 976.3758082250474 7.78106695131252e-12 1
4 100 141 976.3758082250474 7.787698232957135e-12 1
4 100 142 976.3758082250474 7.794960745167952e-12 1
4 100 143 976.3758082250474 7.802236815509832e-12 1
4 100 144 977.6246485570774 7.81145711294458e-12 1
4 100 145 977.6246485570774 7.821308645639591e-12 1
4 100 146 977.6246485570774 7.831070056616783e-12 1
4 100 147 977.6246485570774 7.841689098612936e-12 1
4 100 148 978.2891383031674 7.854229727676765e-12 1
4 100 149 978.2891383031674 7.866810531576465e-12 1
4 100 150 978.2891383031674 7.879171908251823e-12 1
4 100 151 978.2891383031674 7.894057812112397e-12 1
4 100 152 979.4150538305174 7.909393208022828e-12 1
4 100 153 979.4150538305174 7.924788302538011e-12 1
4 100 154 979.4150538305174 7.9421689788075e-12 1
4 100 155 979.4150538305174 7.960235098887028e-12 1
4 100 156 983.1262965062974 7.978263500111429e-12 1
4 100 157 983.1262965062974 7.996696401899553e-12 1
4 100 158 983.1262965062974 8.017053249858168e-12 1
4 100 159 983.1262965062974 8.037785917048065e-12 1
4 100 160 985.0142969945774 8.058818429702198e-12 1
4 100 161 985.0142969945774 8.081827491434315e-12 1
4 100 162 985.0142969945774 8.104968317596794e-12 1
4 100 163 985.0142969945774 8.127682728374365e-12 1
4 100 164 985.7270045141074 8.151108588511708e-12 1
4 100 165 985.7270045141074 8.176300634296291e-12 1
4 100 166 985.7270045141074 8.201648881333366e-12 1
4 100 167 985.7270045141074 8.227056830611747e-12 1
4 100 168 985.7270045141074 8.25356197463308e-12 1
4 100 169 986.3775782445774 8.28072925311514e-12 1
4 100 170 986.3775782445774 8.308163346037682e-12 1
4 100 171 986.3775782445774 8.336628688313988e-12 1
4 100 172 986.3775782445774 8.36528975649975e-12 1
4 100 173 986.1468043187974 8.39339549025548e-12 1
4 100 174 986.1468043187974 8.422755503967558e-12 1
4 100 175 986.1468043187974 8.452899164200402e-12 1
4 100 176 986.1468043187974 8.483060789033267e-12 1
4 100 177 985.1139674047274 8.513301342972887e-12 1
4 100 178 985.1139674047274 8.54506870953084e-12 1
4 100 179 985.1139674047274 8.577143027310637e-12 1
4 100 180 985.1139674047274 8.609623442880811e-12 1
4 100 181 983.5171656469174 8.643949653970235e-12 1
4 100 182 983.5171656469174 8.678550675071721e-12 1
4 100 183 983.5171656469174 8.71348722773909e-12 1
4 100 184 983.5171656469174 8.750117900400364e-12 1
4 100 185 981.1685938695774 8.787487787063359e-12 1
4 100 186 981.1685938695774 8.825173471426801e-12 1
4 100 187 981.1685938695774 8.863876579371155e-12 1
4 100 188 981.1685938695774 8.903890228816208e-12 1
4 100 189 978.9266505101974 8.94426677876292e-12 1
4 100 190 978.9266505101974 8.984896970807619e-12 1
4 100 191 978.9266505101974 9.02705829355757e-12 1
4 100 192 978.9266505101974 9.06979719096813e-12 1
4 100 193 978.9266505101974 9.112942710910999e-12 1
4 100 194 980.4040064672274 9.156960941751793e-12 1
4 100 195 980.4040064672274 9.201924237358715e-12 1
4 100 196 980.4040064672274 9.247331277143468e-12 1
4 100 197 980.4040064672274 9.293258757721631e-12 1
4 100 198 979.7047266820774 9.340166393145767e-12 1
4 100 199 979.7047266820774 9.38774614772476e-12 1
4 100 200 979.7047266820774 9.43584738885805e-12 1
4 100 201 979.7047266820774 9.484778042620148e-12 1
4 100 202 978.6137232641074 9.534218812524779e-12 1
4 100 203 978.6137232641074 9.583730491606494e-12 1
4 100 204 978.6137232641074 9.633301682788697e-12 1
4 100 205 978.6137232641074 9.684309287644502e-12 1
4 100 206 984.0030665258274 9.735859930677143e-12 1
4 100 207 984.0030665258274 9.787901436641094e-12 1
4 100 208 984.0030665258274 9.84041977679303e-12 1
4 100 209 984.0030665258274 9.893504746121206e-12 1
4 100 210 986.2467799047274 9.94640628113432e-12 1
4 100 211 986.2467799047274 9.99992625814272e-12 1
4 100 212 986.2467799047274 1.0054635215126531e-11 1
4 100 213 986.2467799047274 1.0109946083538413e-11 1
4 100 214 989.3228297094174 1.0122226315224676e-11 1
4 100 215 989.3228297094174 1.0122226315224676e-11 1
4 100 216 989.3228297094174 1.031207171371261e-11 1
4 100 217 989.3228297094174 1.031207171371261e-11 1
4 100 218 989.3228297094174 1.031207171371261e-11 1
4 100 219 991.5142359594174 1.0502547271559205e-11 1
4 100 220 991.5142359594174 1.0502547271559205e-11 1
4 100 221 991.5142359594174 1.0502547271559205e-11 1
4 100 222 991.5142359594174 1.0698480017892103e-11 1
4 100 223 996.7171778539474 1.0698480017892103e-11 1
4 100 224 996.7171778539474 1.0698480017892103e-11 1
4 100 225 996.7171778539474 1.089843581104603e-11 1
4 100 226 996.7171778539474 1.089843581104603e-11 1
4 100 227 997.9093165258274 1.089843581104603e-11 1
4 100 228 997.9093165258274 1.089843581104603e-11 1
4 100 229 997.9093165258274 1.1100477820555986e-11 1
4 100 230 997.9093165258274 1.1100477820555986e-11 1
4 100 231 998.5931544164474 1.1100477820555986e-11 1
4 100 232 998.5931544164474 1.1302788875541688e-11 1
4 100 233 998.5931544164474 1.1302788875541688e-11 1
4 100 234 998.5931544164474 1.1302788875541688e-11 1
4 100 235 999.5705714086374 1.1504497016179716e-11 1
4 100 236 999.5705714086374 1.1504497016179716e-11 1
4 100 237 999.5705714086374 1.1504497016179716e-11 1
4 100 238 999.5705714086374 1.1504497016179716e-11 1
4 100 239 1000.4943384984774 1.1504497016179716e-11 1
4 100 240 1000.4943384984774 1.1504497016179716e-11 1
4 100 241 1000.4943384984774 1.1504497016179716e-11 1
4 100 242 1000.4943384984774 1.1504497016179716e-11 1
4 100 243 1000.4943384984774 1.1832924223316465e-11 1
4 100 244 1001.6328883031674 1.1832924223316465e-11 1
4 100 245 1001.6328883031674 1.2014890279977645e-11 1
4 100 246 1001.6328883031674 1.2014890279977645e-11 1
4 101 24 957.5677027562974 8.396055338460146e-12 1
4 101 25 958.8739771703574 8.366170373170636e-12 1
4 101 26 961.9267725805174 8.333350066139275e-12 1
4 101 27 965.5518946508274 8.254824535017892e-12 1
4 101 28 969.5705714086374 8.134554040427526e-12 1
4 101 29 971.1407618383274 8.035675563835927e-12 1
4 101 30 973.0208887914474 7.98353152272608e-12 1
4 101 31 974.7050928930174 7.947773391838911e-12 1
4 101 32 974.9546656469174 7.91914877442045e-12 1
4 101 33 975.3825220922274 7.897520697403273e-12 1
4 101 34 975.7197413305174 7.881850288223728e-12 1
4 101 35 976.6190333226974 7.871019250058793e-12 1
4 101 36 976.6190333226974 7.863707445962687e-12 1
4 101 37 976.6190333226974 7.857759095664801e-12 1
4 101 38 976.6190333226974 7.851674260660933e-12 1
4 101 39 976.9965357641074 7.845598842226727e-12 1
4 101 40 976.9965357641074 7.839534415006407e-12 1
4 101 41 976.9965357641074 7.83331765249635e-12 1
4 101 42 976.9965357641074 7.827110741977574e-12 1
4 101 43 976.9965357641074 7.820901747304624e-12 1
4 101 44 977.2373804906674 7.814551896145392e-12 1
4 101 45 977.2373804906674 7.808189078966994e-12 1
4 101 46 977.2373804906674 7.801836614910685e-12 1
4 101 47 977.2373804906674 7.795446345370152e-12 1
4 101 48 977.4656519750474 7.789034559649226e-12 1
4 101 49 977.4656519750474 7.782648053636674e-12 1
4 101 50 977.4656519750474 7.776265513942259e-12 1
4 101 51 977.4656519750474 7.76983083289063e-12 1
4 101 52 978.9203638891074 7.763406792135902e-12 1
4 101 53 978.9203638891074 7.756993365307855e-12 1
4 101 54 978.9203638891074 7.750623989523837e-12 1
4 101 55 978.9203638891074 7.744275582488396e-12 1
4 101 56 979.4803004125474 7.73794146216125e-12 1
4 101 57 979.4803004125474 7.731714226289226e-12 1
4 101 58 979.4803004125474 7.74030940686852e-12 1
4 101 59 979.4803004125474 7.74030940686852e-12 1
4 101 60 979.6340479711374 7.693197138763524e-12 1
4 101 61 979.6340479711374 7.693197138763524e-12 1
4 101 62 979.6340479711374 7.673712651451087e-12 1
4 101 63 979.6340479711374 7.673712651451087e-12 1
4 101 64 980.0315699437974 7.673712651451087e-12 1
4 101 65 980.0315699437974 7.655207295435164e-12 1
4 101 66 980.0315699437974 7.655207295435164e-12 1
4 101 67 980.0315699437974 7.655207295435164e-12 1
4 101 68 980.0315699437974 7.655207295435164e-12 1
4 101 69 981.2815089086374 7.637814500729372e-12 1
4 101 70 981.2815089086374 7.637814500729372e-12 1
4 101 71 981.2815089086374 7.637814500729372e-12 1
4 101 72 981.2815089086374 7.621586198434903e-12 1
4 101 73 981.5238184789474 7.621586198434903e-12 1
4 101 74 981.5238184789474 7.621586198434903e-12 1
4 101 75 981.5238184789474 7.606658147246865e-12 1
4 101 76 981.5238184789474 7.606658147246865e-12 1
4 101 77 981.8714136937974 7.606658147246865e-12 1
4 101 78 981.8714136937974 7.606658147246865e-12 1
4 101 79 981.8714136937974 7.606658147246865e-12 1
4 101 80 981.8714136937974 7.606658147246865e-12 1
4 101 81 982.3970484594174 7.606658147246865e-12 1
4 101 82 982.3970484594174 7.606658147246865e-12 1
4 101 83 982.3970484594174 7.571453163070964e-12 1
4 101 84 982.3970484594174 7.571453163070964e-12 1
4 101 85 982.9486231664474 7.562580596769593e-12 1
4 101 86 982.9486231664474 7.562580596769593e-12 1
4 102 24 958.4900050023874 8.78300276680096e-12 1
4 102 25 960.6340479711374 8.698866649278362e-12 1
4 102 26 963.0624537328574 8.682438385237923e-12 1
