1 113 272 1029.3787374277897 1.527067235830073e-11 1
1 113 273 1019.902326772243 1.5618640525435177e-11 1
1 113 274 1005.0246332794927 1.7671837150601038e-11 1
1 114 266 1003.8561158114492 2.111102719650229e-11 1
1 114 267 1009.9820618141455 2.108147879603878e-11 1
1 114 268 1017.0771496697832 2.0636284286491045e-11 1
1 114 269 1032.324898350486 1.8305580023115162e-11 1
1 114 270 1036.9320509047755 1.737847094233314e-11 1
1 114 271 1038.317829122527 1.6322740893232148e-11 1
1 114 272 1036.7720298541865 1.5342754599044593e-11 1
1 114 273 1032.3527317086816 1.524453690386873e-11 1
1 114 274 1020.9716758394358 1.6692612035736417e-11 1
1 115 260 1029.007488631504 1.5780288829238933e-11 1
1 115 261 1030.336395771407 1.5634256893169114e-11 1
1 115 262 1031.7388118570007 1.5446114925966355e-11 1
1 115 263 1033.865671978699 1.5204321712639698e-11 1
1 115 264 1034.6831629194842 1.5267856492501733e-11 1
1 115 265 1035.3522863839287 1.5588618678393065e-11 1
1 115 266 1031.2933766155584 1.6793146925052934e-11 1
1 115 267 1038.655289971505 1.6578060933410055e-11 1
1 115 268 1039.708381849102 1.7161729395985733e-11 1
1 115 269 1042.6320060228193 1.718289347125047e-11 1
1 116 199 975.4047866797815 3.242906177652327e-11 1
1 116 200 975.8625058096818 3.199457742915531e-11 1
1 116 201 976.3255465324215 3.1578298807516606e-11 1
1 116 202 976.9008557128391 3.111911614282981e-11 1
1 116 203 977.4877052299247 3.0667590606836545e-11 1
1 116 204 978.0745547470262 3.0232773787751905e-11 1
1 116 205 978.6614042641213 2.981615783437879e-11 1
1 116 206 979.4385172256647 2.932880870449494e-11 1
1 116 207 980.2678324319565 2.8837978765681104e-11 1
1 116 208 981.0971476382257 2.8370116747799072e-11 1
1 116 209 981.9264628445593 2.7917193381158972e-11 1
1 116 210 982.7092344580417 2.749737128363755e-11 1
1 116 211 983.4631832044339 2.71063192246291e-11 1
1 116 212 984.2171319508674 2.6727898491408278e-11 1
1 116 213 984.9710806972598 2.6360245806550815e-11 1
1 116 214 985.7326690868005 2.6005604754111023e-11 1
1 116 215 986.503578801911 2.56603862767172e-11 1
1 116 216 987.2744885170396 2.5323172689758146e-11 1
1 116 217 988.0453982321502 2.4995178067284502e-11 1
1 116 218 988.9732807428802 2.4636502802314092e-11 1
1 116 219 990.2983044267398 2.4169391163917793e-11 1
1 116 220 991.6233281104969 2.3719662941252543e-11 1
1 116 221 992.9483517941666 2.3290772985282213e-11 1
1 116 222 994.1643223941419 2.2907411929437303e-11 1
1 116 223 994.9639347708496 2.264299088113359e-11 1
1 116 224 995.7205170079125 2.23995949344653e-11 1
1 116 225 996.4770992449664 2.21632068508871e-11 1
1 116 226 997.3060820377932 2.1913525915354642e-11 1
1 116 227 998.5052931595105 2.1583052917582357e-11 1
1 116 228 999.8045780606317 2.1244260916107135e-11 1
1 116 229 1001.1038629618536 2.0915940662830555e-11 1
1 116 230 1002.4696429361461 2.0584407692416372e-11 1
1 116 231 1004.3917690135906 2.0153454252893534e-11 1
1 116 232 1006.5727049875877 1.968925100067523e-11 1
1 116 233 1008.753640961468 1.924590465285937e-11 1
1 116 234 1010.9151023882017 1.8827348989102906e-11 1
1 116 235 1012.4462134601464 1.8536275325827868e-11 1
1 116 236 1013.5383812056109 1.8327016422978928e-11 1
1 116 237 1014.6305489511337 1.8122562434075056e-11 1
1 116 238 1015.7227166966273 1.792533403959184e-11 1
1 116 239 1016.5654662567297 1.777165228903672e-11 1
1 116 240 1017.1315516164613 1.7664188760586238e-11 1
1 116 241 1017.688001746207 1.756121488394926e-11 1
1 116 242 1018.2444518759673 1.7459855235635992e-11 1
1 116 243 1018.8821877752134 1.7347543145771484e-11 1
1 116 244 1019.6776248526718 1.7215065477683738e-11 1
1 116 245 1020.4841994717359 1.7083823270513358e-11 1
1 116 246 1021.2907740907788 1.695424028277286e-11 1
1 116 247 1022.1558648604364 1.6818473923451395e-11 1
1 116 248 1023.2563795105682 1.665488296041666e-11 1
1 116 249 1024.3795369085544 1.649079723219929e-11 1
1 116 250 1025.5026943066 1.6329913142160383e-11 1
1 116 251 1026.5821955885372 1.6179248624967386e-11 1
1 116 252 1026.8340260380903 1.6138968823483937e-11 1
1 116 253 1026.990150436783 1.6111393415450842e-11 1
1 116 254 1027.14627483548 1.6085315382393596e-11 1
1 116 255 1027.3023992341728 1.6058683491709954e-11 1
1 116 256 1027.472300387928 1.6027051911879606e-11 1
1 116 257 1027.708862048121 1.5986855351698396e-11 1
1 116 258 1028.1328305788802 1.5925610996759116e-11 1
1 116 259 1029.405693211519 1.5766326556297357e-11 1
1 116 260 1030.5727173609885 1.5641070470506007e-11 1
1 116 261 1032.0876450909257 1.549318240727905e-11 1
1 116 262 1033.4962881420709 1.5376991631912878e-11 1
1 116 263 1036.1056701708512 1.5153641872140385e-11 1
1 117 121 984.1638795255201 4.9668072594613284e-11 1
1 117 122 984.1468952025754 4.968695712308476e-11 1
1 117 123 983.9083171556451 4.998094874841643e-11 1
1 117 124 983.6453336742297 5.027695986523798e-11 1
1 117 125 983.3823501927938 5.052296793573872e-11 1
1 117 126 983.1418544218528 5.0742428169295505e-11 1
1 117 127 983.0083007039528 5.082804243048331e-11 1
1 117 128 982.9035085745049 5.079916747823264e-11 1
1 117 129 982.7987164450714 5.076252797450562e-11 1
1 117 130 982.7486605029886 5.065561749478072e-11 1
1 117 131 983.1419738767945 4.994602375879247e-11 1
1 117 132 983.73415716451 4.898810695693489e-11 1
1 117 133 984.3263404522143 4.8065937431280716e-11 1
1 117 134 984.9098603315498 4.716571492267038e-11 1
1 117 135 985.157700335431 4.6626319117659113e-11 1
1 117 136 985.1860313048105 4.633354969183298e-11 1
1 117 137 985.2143622741903 4.605028898126401e-11 1
1 117 138 985.2426932435711 4.572598303065084e-11 1
1 117 139 985.2449809229314 4.542792032738174e-11 1
1 117 140 985.219268074256 4.516225557994178e-11 1
1 117 141 985.1927043850903 4.4882438820292256e-11 1
1 117 142 985.1661406959254 4.459189670677626e-11 1
1 117 143 985.5236625236446 4.393111219168705e-11 1
1 117 144 986.6248000617352 4.259512488403916e-11 1
1 117 145 987.7685449706115 4.128812022398996e-11 1
1 117 146 988.9122898795542 4.0058936899623496e-11 1
1 117 147 990.0567900928869 3.890543777472317e-11 1
1 117 148 991.2044364557017 3.780009698615696e-11 1
1 117 149 992.352322008685 3.675187207731702e-11 1
1 117 150 993.5002075616908 3.576021462908466e-11 1
1 117 151 994.6192811676597 3.483010098514661e-11 1
1 117 152 995.0520754715013 3.434408665604347e-11 1
1 117 153 995.423044372884 3.390725996622958e-11 1
1 117 154 995.7940132742377 3.3477954449167123e-11 1
1 117 155 996.1649821755955 3.305094785278105e-11 1
1 117 156 996.7537114527014 3.25194899547082e-11 1
1 117 157 997.4001979620539 3.197467628636183e-11 1
1 117 158 998.0466844714247 3.1435595387068873e-11 1
1 117 159 998.6931709807893 3.091518627822446e-11 1
1 117 160 999.115191230338 3.051588399207573e-11 1
1 117 161 999.401511422843 3.018204338851951e-11 1
1 117 162 999.6878316153397 2.985288881084051e-11 1
1 117 163 999.9741518078587 2.953083606744435e-11 1
1 117 164 1000.0211413207852 2.931630173628652e-11 1
1 117 165 999.7827178493319 2.92232318012824e-11 1
1 117 166 999.5442943778651 2.9130750931082666e-11 1
1 117 167 999.3058709064118 2.9040705521592226e-11 1
1 117 168 998.9636015296859 2.899389998593031e-11 1
1 117 169 998.3657897782059 2.9053124747787688e-11 1
1 117 170 997.7679780267431 2.9112591957316266e-11 1
1 117 171 997.1701662752339 2.9173757403909926e-11 1
1 117 172 996.5639317860348 2.9237748967606716e-11 1
1 117 173 995.9270934858372 2.931511989102231e-11 1
1 117 174 995.2869847693764 2.939450908602815e-11 1
1 117 175 994.6468760530014 2.947465045946548e-11 1
1 117 176 994.0515991554056 2.953566242978304e-11 1
1 117 177 993.6770773486552 2.950106773943656e-11 1
1 117 178 993.3621253419473 2.9440782060143304e-11 1
1 117 179 993.047173335246 2.938056120670557e-11 1
1 117 180 992.7182579298131 2.932658958615709e-11 1
1 117 181 992.2745921481105 2.932288761640734e-11 1
1 117 182 991.77847092442 2.9342082916185336e-11 1
1 117 183 991.282349700724 2.9361334365272907e-11 1
1 117 184 990.7950257774602 2.937782897970545e-11 1
1 117 185 990.6164918799934 2.92628186856445e-11 1
1 117 186 990.6464609450011 2.9060396770912757e-11 1
1 117 187 990.6764300100083 2.8861322664313873e-11 1
1 117 188 990.7063990750162 2.8668447266021645e-11 1
1 117 189 990.7505790582757 2.8471783878271906e-11 1
1 117 190 990.810268864908 2.8271600567852756e-11 1
1 117 191 990.870467707577 2.8077127391249668e-11 1
1 117 192 990.9306665502411 2.7886552248663336e-11 1
1 117 193 991.0655025436884 2.7670027742344904e-11 1
1 117 194 991.3449035999923 2.7405145207641156e-11 1
1 117 195 991.6335722568457 2.7144450738938836e-11 1
1 117 196 991.922240913707 2.6888236903177324e-11 1
1 117 197 992.3867518567772 2.65748307176474e-11 1
1 117 198 993.5705726614727 2.6027839843486096e-11 1
1 117 199 994.8163578632015 2.5482777444317768e-11 1
1 117 200 996.0621430648962 2.4960666518217497e-11 1
1 117 201 997.2756773246 2.4473698986299954e-11 1
1 117 202 997.8088206446326 2.4203261696660397e-11 1
1 117 203 998.2720249928183 2.3958756811344262e-11 1
1 117 204 998.7352293410167 2.3721124438869514e-11 1
1 117 205 999.19843368921 2.3491343439166896e-11 1
1 117 206 999.9594694835617 2.3185640830812123e-11 1
1 117 207 1000.8022207650116 2.2867769999215865e-11 1
1 117 208 1001.6449720464386 2.25634053190388e-11 1
1 117 209 1002.4877233279309 2.2265949065582532e-11 1
1 117 210 1003.3427181720755 2.1973277426008647e-11 1
1 117 211 1004.2052950390154 2.168993569776408e-11 1
1 117 212 1005.0678719060026 2.1415193248318537e-11 1
1 117 213 1005.9304487729428 2.114749940580527e-11 1
1 117 214 1006.9804291205298 2.0848115647460168e-11 1
1 117 215 1008.2590652872686 2.051084781611318e-11 1
1 117 216 1009.5377014540377 2.018431848191066e-11 1
1 117 217 1010.8163376207768 1.9869293806469688e-11 1
1 117 218 1011.9656849785982 1.959261881876188e-11 1
1 117 219 1012.7879316499632 1.9383789063914338e-11 1
1 117 220 1013.6101783212644 1.9179364023849523e-11 1
1 117 221 1014.4324249925114 1.898197841451798e-11 1
1 117 222 1015.2588174794041 1.8788979326908976e-11 1
1 117 223 1016.1010384447293 1.859729438821924e-11 1
1 117 224 1016.9448952649769 1.8411799041087272e-11 1
1 117 225 1017.7887520852147 1.823133563165955e-11 1
1 117 226 1018.5838987427533 1.806184132965122e-11 1
1 117 227 1019.1299605423403 1.7935595227499385e-11 1
1 117 228 1019.6086939902244 1.7824923779218036e-11 1
1 117 229 1020.0874274381456 1.7715609749579807e-11 1
1 117 230 1020.5959709809833 1.7603598879724607e-11 1
1 117 231 1021.3539274407628 1.745783265292572e-11 1
1 117 232 1022.2279097536294 1.7296785877910762e-11 1
1 117 233 1023.1018920664492 1.71386504399417e-11 1
1 117 234 1023.9669040677726 1.6985773389356622e-11 1
1 117 235 1024.5415658499414 1.6878626524457905e-11 1
1 117 236 1024.9140427835287 1.6801311351643158e-11 1
1 117 237 1025.286519717136 1.6725711605364537e-11 1
1 117 238 1025.658996650733 1.6653213910290023e-11 1
1 117 239 1026.000178168287 1.6584928467684352e-11 1
1 118 61 996.0271150883708 3.057176916065255e-11 1
1 118 62 996.6535717747734 3.1148028646319254e-11 1
1 118 63 995.3888347894443 3.250597963097311e-11 1
1 118 64 995.3459152575459 3.310257043929521e-11 1
1 118 65 996.7181424938777 3.2762951996912274e-11 1
1 118 66 997.0561268516201 3.285501898908887e-11 1
1 118 67 997.73209556711 3.267911491155571e-11 1
1 118 68 997.9923401126874 3.269164617166314e-11 1
1 118 69 998.071436228084 3.2797212907795676e-11 1
1 118 70 998.1505323434855 3.2903463637580024e-11 1
1 118 71 998.2296284588821 3.300888418733251e-11 1
1 118 72 998.2536926875546 3.314456494377484e-11 1
1 118 73 998.0952346645589 3.338341600782109e-11 1
1 118 74 997.9161236127727 3.364087577568446e-11 1
1 118 75 997.7370125609895 3.389744704205172e-11 1
1 118 76 997.5666029051403 3.4151491358790516e-11 1
1 118 77 997.436268545336 3.438557537522855e-11 1
1 118 78 997.3166582707833 3.461459009341336e-11 1
1 118 79 997.1970479962296 3.484667583163924e-11 1
1 118 80 997.1170164769467 3.5057718992138373e-11 1
1 118 81 997.3540382202996 3.506804571697568e-11 1
1 118 82 997.7303939136091 3.4994198120383227e-11 1
1 118 83 998.1067496068865 3.4920782219601763e-11 1
1 118 84 998.4821840549653 3.4842574059412686e-11 1
1 118 85 998.8173336399002 3.4784474935183303e-11 1
1 118 86 999.1270034326412 3.4744552041895113e-11 1
1 118 87 999.4366732254065 3.470389435860387e-11 1
1 118 88 999.7463430181477 3.464888695343746e-11 1
1 118 89 999.8861375931976 3.470226986101349e-11 1
1 118 90 999.8457914545298 3.486496119078826e-11 1
1 118 91 999.8004872131535 3.5025809047224993e-11 1
1 118 92 999.7551829717756 3.518553327699008e-11 1
1 118 93 999.6808616057652 3.5363629158901656e-11 1
1 118 94 999.5503184175469 3.5568089466146605e-11 1
1 118 95 999.4169521822172 3.5780379249756255e-11 1
1 118 96 999.2835859468917 3.599900763876042e-11 1
1 118 97 999.1765171989214 3.6202875595667306e-11 1
1 118 98 999.1811571103173 3.6330826419194065e-11 1
1 118 99 999.1931522354707 3.6454796857548394e-11 1
1 118 100 999.2051473606252 3.657416965441289e-11 1
1 118 101 999.2278137997756 3.668310040554732e-11 1
1 118 102 999.5428227800406 3.659690851174585e-11 1
1 118 103 999.8804969190209 3.649492554292592e-11 1
1 118 104 1000.2181710579907 3.638395408417535e-11 1
1 118 105 1000.5558451969868 3.627360373182045e-11 1
1 118 106 1000.9419260885126 3.613363619345864e-11 1
1 118 107 1001.3404101337236 3.598609845424253e-11 1
1 118 108 1001.7388941789583 3.5827072885797646e-11 1
1 118 109 1002.1373782241692 3.5669446628179674e-11 1
1 118 110 1002.519914582209 3.552420138582574e-11 1
1 118 111 1002.8930403680781 3.5376328586269065e-11 1
1 118 112 1003.2661661539538 3.5218821378832836e-11 1
1 118 113 1003.6392919398228 3.506252703062641e-11 1
1 118 114 1004.0282204487361 3.48911343233376e-11 1
1 118 115 1004.4355693097773 3.4692518955746844e-11 1
1 118 116 1004.8429181707868 3.44924208957833e-11 1
1 118 117 1005.2502670317998 3.429323049975909e-11 1
1 118 118 1005.5638057323505 3.412193236049995e-11 1
1 118 119 1005.6527412601373 3.408155850463647e-11 1
1 118 120 1005.7416767879266 3.404128007840827e-11 1
1 118 121 1005.8306123157153 3.3977881683256724e-11 1
1 118 122 1005.9307827745631 3.389893375055121e-11 1
1 118 123 1006.0699062762989 3.379790595733701e-11 1
1 118 124 1006.2133199082714 3.368156673782798e-11 1
1 118 125 1006.3567335402553 3.3547178860039673e-11 1
1 118 126 1006.5045484706651 3.341188921703571e-11 1
1 118 127 1006.6732941174986 3.326457518475924e-11 1
1 118 128 1006.8476689872228 3.308459068108683e-11 1
1 118 129 1007.0220438569232 3.2908009432169255e-11 1
1 118 130 1007.2233597371815 3.2718876229098865e-11 1
1 118 131 1007.6429008535688 3.239674680474354e-11 1
1 118 132 1008.1603252297332 3.202268596035847e-11 1
1 118 133 1008.6777496058877 3.16567888366633e-11 1
1 118 134 1009.1905313584429 3.1290027898177394e-11 1
1 118 135 1009.5234260223122 3.100564849047539e-11 1
1 118 136 1009.7386882510768 3.078294491788324e-11 1
1 118 137 1009.9539504798436 3.05624828235119e-11 1
1 118 138 1010.1692127086166 3.032631118786562e-11 1
1 118 139 1010.3759009907257 3.0098490938318337e-11 1
1 118 140 1010.5733709661768 2.987818212445892e-11 1
1 118 141 1010.7705608287436 2.965001320956465e-11 1
1 118 142 1010.9677506913047 2.942085761762483e-11 1
1 118 143 1011.1530186442524 2.9200237444990904e-11 1
1 118 144 1011.3152049684495 2.8987467640876067e-11 1
1 118 145 1011.476068771502 2.87707643974079e-11 1
1 118 146 1011.6369325745638 2.8557277153178978e-11 1
1 118 147 1011.8264379928431 2.8334997206009664e-11 1
1 118 148 1012.1352473569614 2.805980290798004e-11 1
1 118 149 1012.4531269616115 2.778584129358362e-11 1
1 118 150 1012.7710065662678 2.7517177596170343e-11 1
1 118 151 1013.0830201240518 2.725130885145975e-11 1
1 118 152 1013.2553087771779 2.7038442751776844e-11 1
1 118 153 1013.41500991902 2.6833371668702653e-11 1
1 118 154 1013.5747110608496 2.6629450969955345e-11 1
1 118 155 1013.7344122026809 2.642548168562052e-11 1
1 118 156 1013.9193407546263 2.6215941311825064e-11 1
1 118 157 1014.1109604475934 2.6009038127716395e-11 1
1 118 158 1014.3025801405657 2.580224124214636e-11 1
1 118 159 1014.4941998335364 2.5597682318475092e-11 1
1 118 160 1014.6546339557236 2.5406402277258527e-11 1
1 118 161 1014.7962149828595 2.5222258821437238e-11 1
1 119 54 991.3431838135124 2.411878059295927e-11 1
1 119 55 993.4437850492169 2.4564627847258954e-11 1
1 119 56 994.9364756349205 2.5518456972834908e-11 1
1 119 57 995.589012593763 2.6922759792801647e-11 1
1 119 58 996.9930920159777 2.7870050949715468e-11 1
1 119 59 998.9333249511909 2.8223930032740165e-11 1
1 119 60 1000.5964660526918 2.838437850325448e-11 1
1 119 61 1001.7963247963398 2.8736029696626772e-11 1
1 119 62 1003.431844572734 2.876671974107512e-11 1
1 119 63 1004.576797077337 2.8818785136814016e-11 1
1 119 64 1005.1770776772291 2.8951976670528277e-11 1
1 119 65 1005.7611446509381 2.8974229007966983e-11 1
1 119 66 1005.8208024416294 2.912948623871607e-11 1
1 119 67 1005.940118023013 2.919839050758722e-11 1
1 119 68 1006.0499287293648 2.9250093945341054e-11 1
1 119 69 1006.27660519208 2.9247708555711107e-11 1
1 119 70 1006.503281654809 2.9245323555107814e-11 1
1 119 71 1006.7299581175241 2.924604587916398e-11 1
1 119 72 1006.9259643990613 2.925428066809045e-11 1
1 119 73 1007.0202480092169 2.930594191941402e-11 1
1 119 74 1007.1030213446476 2.936353096554531e-11 1
1 119 75 1007.1857946800767 2.9422636138084785e-11 1
1 119 76 1007.2714450764905 2.948072943424775e-11 1
1 119 77 1007.3703461135876 2.953849101600888e-11 1
1 119 78 1007.4727930009662 2.959849979422081e-11 1
1 119 79 1007.5752398883458 2.9655186239371746e-11 1
1 120 48 983.6106610060291 2.3629557583325758e-11 1
1 120 49 984.5967152520628 2.339383724288371e-11 1
1 120 50 985.7189504432934 2.3240326351372388e-11 1
1 120 51 987.1838800599211 2.31390574869761e-11 1
1 120 52 989.0032294990474 2.3113899247904485e-11 1
1 120 53 991.0464316522671 2.3220159053466476e-11 1
1 120 54 993.2696084852556 2.3512019126528264e-11 1
1 120 55 994.8603416091814 2.4297996456608732e-11 1
1 120 56 996.1894730560873 2.547915262276329e-11 1
1 120 57 998.1177992356045 2.642970230185086e-11 1
1 121 48 983.9161758340458 2.313513497989822e-11 1
1 121 49 985.3770540540185 2.275153451387258e-11 1
1 121 50 986.4700011359179 2.25894725553831e-11 1
1 121 51 987.7141663641793 2.2697093491066568e-11 1
