1 113 272 1031.6633254414644 1.527067235830073e-11 1
1 113 273 1022.1869147859178 1.5618640525435177e-11 1
1 113 274 1007.3092212931675 1.7671837150601038e-11 1
1 114 266 1006.140703825124 2.111102719650229e-11 1
1 114 267 1012.2666498278203 2.108147879603878e-11 1
1 114 268 1019.361737683458 2.0636284286491045e-11 1
1 114 269 1034.6094863641606 1.8305580023115162e-11 1
1 114 270 1039.2166389184501 1.737847094233314e-11 1
1 114 271 1040.6024171362017 1.6322740893232148e-11 1
1 114 272 1039.0566178678612 1.5342754599044593e-11 1
1 114 273 1034.6373197223563 1.524453690386873e-11 1
1 114 274 1023.2562638531106 1.6692612035736417e-11 1
1 115 260 1031.2920766451787 1.5780288829238933e-11 1
1 115 261 1032.6209837850818 1.5634256893169114e-11 1
1 115 262 1034.0233998706753 1.5446114925966355e-11 1
1 115 263 1036.1502599923738 1.5204321712639698e-11 1
1 115 264 1036.9677509331589 1.5267856492501733e-11 1
1 115 265 1037.6368743976034 1.5588618678393065e-11 1
1 115 266 1033.577964629233 1.6793146925052934e-11 1
1 115 267 1040.9398779851797 1.6578060933410055e-11 1
1 115 268 1041.9929698627766 1.7161729395985733e-11 1
1 115 269 1044.916594036494 1.718289347125047e-11 1
1 116 199 977.6893746934563 3.242906177652327e-11 1
1 116 200 978.1470938233566 3.199457742915531e-11 1
1 116 201 978.6101345460963 3.1578298807516606e-11 1
1 116 202 979.1854437265139 3.111911614282981e-11 1
1 116 203 979.7722932435995 3.0667590606836545e-11 1
1 116 204 980.359142760701 3.0232773787751905e-11 1
1 116 205 980.9459922777961 2.981615783437879e-11 1
1 116 206 981.7231052393395 2.932880870449494e-11 1
1 116 207 982.5524204456314 2.8837978765681104e-11 1
1 116 208 983.3817356519005 2.8370116747799072e-11 1
1 116 209 984.2110508582341 2.7917193381158972e-11 1
1 116 210 984.9938224717165 2.749737128363755e-11 1
1 116 211 985.7477712181087 2.71063192246291e-11 1
1 116 212 986.5017199645422 2.6727898491408278e-11 1
1 116 213 987.2556687109346 2.6360245806550815e-11 1
1 116 214 988.0172571004753 2.6005604754111023e-11 1
1 116 215 988.7881668155858 2.56603862767172e-11 1
1 116 216 989.5590765307144 2.5323172689758146e-11 1
1 116 217 990.329986245825 2.4995178067284502e-11 1
1 116 218 991.257868756555 2.4636502802314092e-11 1
1 116 219 992.5828924404146 2.4169391163917793e-11 1
1 116 220 993.9079161241717 2.3719662941252543e-11 1
1 116 221 995.2329398078414 2.3290772985282213e-11 1
1 116 222 996.4489104078167 2.2907411929437303e-11 1
1 116 223 997.2485227845244 2.264299088113359e-11 1
1 116 224 998.0051050215873 2.23995949344653e-11 1
1 116 225 998.7616872586412 2.21632068508871e-11 1
1 116 226 999.590670051468 2.1913525915354642e-11 1
1 116 227 1000.7898811731853 2.1583052917582357e-11 1
1 116 228 1002.0891660743065 2.1244260916107135e-11 1
1 116 229 1003.3884509755284 2.0915940662830555e-11 1
1 116 230 1004.7542309498209 2.0584407692416372e-11 1
1 116 231 1006.6763570272655 2.0153454252893534e-11 1
1 116 232 1008.8572930012625 1.968925100067523e-11 1
1 116 233 1011.0382289751428 1.924590465285937e-11 1
1 116 234 1013.1996904018765 1.8827348989102906e-11 1
1 116 235 1014.7308014738212 1.8536275325827868e-11 1
1 116 236 1015.8229692192857 1.8327016422978928e-11 1
1 116 237 1016.9151369648085 1.8122562434075056e-11 1
1 116 238 1018.0073047103022 1.792533403959184e-11 1
1 116 239 1018.8500542704045 1.777165228903672e-11 1
1 116 240 1019.4161396301361 1.7664188760586238e-11 1
1 116 241 1019.9725897598818 1.756121488394926e-11 1
1 116 242 1020.5290398896421 1.7459855235635992e-11 1
1 116 243 1021.1667757888882 1.7347543145771484e-11 1
1 116 244 1021.9622128663466 1.7215065477683738e-11 1
1 116 245 1022.7687874854107 1.7083823270513358e-11 1
1 116 246 1023.5753621044536 1.695424028277286e-11 1
1 116 247 1024.440452874111 1.6818473923451395e-11 1
1 116 248 1025.540967524243 1.665488296041666e-11 1
1 116 249 1026.6641249222291 1.649079723219929e-11 1
1 116 250 1027.7872823202747 1.6329913142160383e-11 1
1 116 251 1028.8667836022119 1.6179248624967386e-11 1
1 116 252 1029.118614051765 1.6138968823483937e-11 1
1 116 253 1029.2747384504578 1.6111393415450842e-11 1
1 116 254 1029.4308628491547 1.6085315382393596e-11 1
1 116 255 1029.5869872478474 1.6058683491709954e-11 1
1 116 256 1029.7568884016027 1.6027051911879606e-11 1
1 116 257 1029.9934500617958 1.5986855351698396e-11 1
1 116 258 1030.417418592555 1.5925610996759116e-11 1
1 116 259 1031.6902812251938 1.5766326556297357e-11 1
1 116 260 1032.8573053746632 1.5641070470506007e-11 1
1 116 261 1034.3722331046004 1.549318240727905e-11 1
1 116 262 1035.7808761557455 1.5376991631912878e-11 1
1 116 263 1038.390258184526 1.5153641872140385e-11 1
1 117 121 986.4484675391949 4.9668072594613284e-11 1
1 117 122 986.4314832162502 4.968695712308476e-11 1
1 117 123 986.1929051693199 4.998094874841643e-11 1
1 117 124 985.9299216879045 5.027695986523798e-11 1
1 117 125 985.6669382064686 5.052296793573872e-11 1
1 117 126 985.4264424355276 5.0742428169295505e-11 1
1 117 127 985.2928887176276 5.082804243048331e-11 1
1 117 128 985.1880965881797 5.079916747823264e-11 1
1 117 129 985.0833044587462 5.076252797450562e-11 1
1 117 130 985.0332485166634 5.065561749478072e-11 1
1 117 131 985.4265618904693 4.994602375879247e-11 1
1 117 132 986.0187451781848 4.898810695693489e-11 1
1 117 133 986.6109284658891 4.8065937431280716e-11 1
1 117 134 987.1944483452246 4.716571492267038e-11 1
1 117 135 987.4422883491058 4.6626319117659113e-11 1
1 117 136 987.4706193184853 4.633354969183298e-11 1
1 117 137 987.4989502878651 4.605028898126401e-11 1
1 117 138 987.5272812572459 4.572598303065084e-11 1
1 117 139 987.5295689366062 4.542792032738174e-11 1
1 117 140 987.5038560879308 4.516225557994178e-11 1
1 117 141 987.4772923987651 4.4882438820292256e-11 1
1 117 142 987.4507287096002 4.459189670677626e-11 1
1 117 143 987.8082505373194 4.393111219168705e-11 1
1 117 144 988.90938807541 4.259512488403916e-11 1
1 117 145 990.0531329842863 4.128812022398996e-11 1
1 117 146 991.196877893229 4.0058936899623496e-11 1
1 117 147 992.3413781065617 3.890543777472317e-11 1
1 117 148 993.4890244693765 3.780009698615696e-11 1
1 117 149 994.6369100223598 3.675187207731702e-11 1
1 117 150 995.7847955753656 3.576021462908466e-11 1
1 117 151 996.9038691813345 3.483010098514661e-11 1
1 117 152 997.3366634851761 3.434408665604347e-11 1
1 117 153 997.7076323865588 3.390725996622958e-11 1
1 117 154 998.0786012879125 3.3477954449167123e-11 1
1 117 155 998.4495701892703 3.305094785278105e-11 1
1 117 156 999.0382994663762 3.25194899547082e-11 1
1 117 157 999.6847859757287 3.197467628636183e-11 1
1 117 158 1000.3312724850995 3.1435595387068873e-11 1
1 117 159 1000.9777589944641 3.091518627822446e-11 1
1 117 160 1001.3997792440128 3.051588399207573e-11 1
1 117 161 1001.6860994365178 3.018204338851951e-11 1
1 117 162 1001.9724196290146 2.985288881084051e-11 1
1 117 163 1002.2587398215335 2.953083606744435e-11 1
1 117 164 1002.30572933446 2.931630173628652e-11 1
1 117 165 1002.0673058630067 2.92232318012824e-11 1
1 117 166 1001.8288823915399 2.9130750931082666e-11 1
1 117 167 1001.5904589200866 2.9040705521592226e-11 1
1 117 168 1001.2481895433607 2.899389998593031e-11 1
1 117 169 1000.6503777918807 2.9053124747787688e-11 1
1 117 170 1000.0525660404179 2.9112591957316266e-11 1
1 117 171 999.4547542889087 2.9173757403909926e-11 1
1 117 172 998.8485197997096 2.9237748967606716e-11 1
1 117 173 998.211681499512 2.931511989102231e-11 1
1 117 174 997.5715727830512 2.939450908602815e-11 1
1 117 175 996.9314640666762 2.947465045946548e-11 1
1 117 176 996.3361871690804 2.953566242978304e-11 1
1 117 177 995.96166536233 2.950106773943656e-11 1
1 117 178 995.6467133556221 2.9440782060143304e-11 1
1 117 179 995.3317613489208 2.938056120670557e-11 1
1 117 180 995.002845943488 2.932658958615709e-11 1
1 117 181 994.5591801617853 2.932288761640734e-11 1
1 117 182 994.0630589380949 2.9342082916185336e-11 1
1 117 183 993.5669377143988 2.9361334365272907e-11 1
1 117 184 993.079613791135 2.937782897970545e-11 1
1 117 185 992.9010798936682 2.92628186856445e-11 1
1 117 186 992.9310489586759 2.9060396770912757e-11 1
1 117 187 992.9610180236831 2.8861322664313873e-11 1
1 117 188 992.990987088691 2.8668447266021645e-11 1
1 117 189 993.0351670719505 2.8471783878271906e-11 1
1 117 190 993.0948568785828 2.8271600567852756e-11 1
1 117 191 993.1550557212518 2.8077127391249668e-11 1
1 117 192 993.2152545639159 2.7886552248663336e-11 1
1 117 193 993.3500905573632 2.7670027742344904e-11 1
1 117 194 993.6294916136671 2.7405145207641156e-11 1
1 117 195 993.9181602705205 2.7144450738938836e-11 1
1 117 196 994.2068289273818 2.6888236903177324e-11 1
1 117 197 994.671339870452 2.65748307176474e-11 1
1 117 198 995.8551606751475 2.6027839843486096e-11 1
1 117 199 997.1009458768763 2.5482777444317768e-11 1
1 117 200 998.346731078571 2.4960666518217497e-11 1
1 117 201 999.5602653382748 2.4473698986299954e-11 1
1 117 202 1000.0934086583075 2.4203261696660397e-11 1
1 117 203 1000.5566130064931 2.3958756811344262e-11 1
1 117 204 1001.0198173546916 2.3721124438869514e-11 1
1 117 205 1001.4830217028848 2.3491343439166896e-11 1
1 117 206 1002.2440574972366 2.3185640830812123e-11 1
1 117 207 1003.0868087786864 2.2867769999215865e-11 1
1 117 208 1003.9295600601134 2.25634053190388e-11 1
1 117 209 1004.7723113416057 2.2265949065582532e-11 1
1 117 210 1005.6273061857503 2.1973277426008647e-11 1
1 117 211 1006.4898830526902 2.168993569776408e-11 1
1 117 212 1007.3524599196774 2.1415193248318537e-11 1
1 117 213 1008.2150367866176 2.114749940580527e-11 1
1 117 214 1009.2650171342046 2.0848115647460168e-11 1
1 117 215 1010.5436533009434 2.051084781611318e-11 1
1 117 216 1011.8222894677125 2.018431848191066e-11 1
1 117 217 1013.1009256344516 1.9869293806469688e-11 1
1 117 218 1014.250272992273 1.959261881876188e-11 1
1 117 219 1015.072519663638 1.9383789063914338e-11 1
1 117 220 1015.8947663349392 1.9179364023849523e-11 1
1 117 221 1016.7170130061862 1.898197841451798e-11 1
1 117 222 1017.5434054930789 1.8788979326908976e-11 1
1 117 223 1018.3856264584041 1.859729438821924e-11 1
1 117 224 1019.2294832786517 1.8411799041087272e-11 1
1 117 225 1020.0733400988895 1.823133563165955e-11 1
1 117 226 1020.8684867564281 1.806184132965122e-11 1
1 117 227 1021.4145485560151 1.7935595227499385e-11 1
1 117 228 1021.8932820038992 1.7824923779218036e-11 1
1 117 229 1022.3720154518204 1.7715609749579807e-11 1
1 117 230 1022.8805589946581 1.7603598879724607e-11 1
1 117 231 1023.6385154544377 1.745783265292572e-11 1
1 117 232 1024.5124977673042 1.7296785877910762e-11 1
1 117 233 1025.3864800801239 1.71386504399417e-11 1
1 117 234 1026.2514920814474 1.6985773389356622e-11 1
1 117 235 1026.8261538636161 1.6878626524457905e-11 1
1 117 236 1027.1986307972034 1.6801311351643158e-11 1
1 117 237 1027.5711077308106 1.6725711605364537e-11 1
1 117 238 1027.9435846644076 1.6653213910290023e-11 1
1 117 239 1028.2847661819617 1.6584928467684352e-11 1
1 118 61 998.3117031020456 3.057176916065255e-11 1
1 118 62 998.9381597884482 3.1148028646319254e-11 1
1 118 63 997.6734228031191 3.250597963097311e-11 1
1 118 64 997.6305032712207 3.310257043929521e-11 1
1 118 65 999.0027305075525 3.2762951996912274e-11 1
1 118 66 999.3407148652949 3.285501898908887e-11 1
1 118 67 1000.0166835807848 3.267911491155571e-11 1
1 118 68 1000.2769281263622 3.269164617166314e-11 1
1 118 69 1000.3560242417589 3.2797212907795676e-11 1
1 118 70 1000.4351203571603 3.2903463637580024e-11 1
1 118 71 1000.5142164725569 3.300888418733251e-11 1
1 118 72 1000.5382807012294 3.314456494377484e-11 1
1 118 73 1000.3798226782337 3.338341600782109e-11 1
1 118 74 1000.2007116264475 3.364087577568446e-11 1
1 118 75 1000.0216005746643 3.389744704205172e-11 1
1 118 76 999.8511909188151 3.4151491358790516e-11 1
1 118 77 999.7208565590108 3.438557537522855e-11 1
1 118 78 999.601246284458 3.461459009341336e-11 1
1 118 79 999.4816360099044 3.484667583163924e-11 1
1 118 80 999.4016044906215 3.5057718992138373e-11 1
1 118 81 999.6386262339744 3.506804571697568e-11 1
1 118 82 1000.0149819272839 3.4994198120383227e-11 1
1 118 83 1000.3913376205613 3.4920782219601763e-11 1
1 118 84 1000.7667720686401 3.4842574059412686e-11 1
1 118 85 1001.101921653575 3.4784474935183303e-11 1
1 118 86 1001.411591446316 3.4744552041895113e-11 1
1 118 87 1001.7212612390813 3.470389435860387e-11 1
1 118 88 1002.0309310318225 3.464888695343746e-11 1
1 118 89 1002.1707256068725 3.470226986101349e-11 1
1 118 90 1002.1303794682046 3.486496119078826e-11 1
1 118 91 1002.0850752268283 3.5025809047224993e-11 1
1 118 92 1002.0397709854504 3.518553327699008e-11 1
1 118 93 1001.96544961944 3.5363629158901656e-11 1
1 118 94 1001.8349064312217 3.5568089466146605e-11 1
1 118 95 1001.701540195892 3.5780379249756255e-11 1
1 118 96 1001.5681739605665 3.599900763876042e-11 1
1 118 97 1001.4611052125962 3.6202875595667306e-11 1
1 118 98 1001.4657451239921 3.6330826419194065e-11 1
1 118 99 1001.4777402491455 3.6454796857548394e-11 1
1 118 100 1001.4897353743 3.657416965441289e-11 1
1 118 101 1001.5124018134504 3.668310040554732e-11 1
1 118 102 1001.8274107937154 3.659690851174585e-11 1
1 118 103 1002.1650849326957 3.649492554292592e-11 1
1 118 104 1002.5027590716655 3.638395408417535e-11 1
1 118 105 1002.8404332106616 3.627360373182045e-11 1
1 118 106 1003.2265141021874 3.613363619345864e-11 1
1 118 107 1003.6249981473984 3.598609845424253e-11 1
1 118 108 1004.0234821926331 3.5827072885797646e-11 1
1 118 109 1004.421966237844 3.5669446628179674e-11 1
1 118 110 1004.8045025958838 3.552420138582574e-11 1
1 118 111 1005.1776283817529 3.5376328586269065e-11 1
1 118 112 1005.5507541676286 3.5218821378832836e-11 1
1 118 113 1005.9238799534976 3.506252703062641e-11 1
1 118 114 1006.3128084624109 3.48911343233376e-11 1
1 118 115 1006.7201573234521 3.4692518955746844e-11 1
1 118 116 1007.1275061844616 3.44924208957833e-11 1
1 118 117 1007.5348550454746 3.429323049975909e-11 1
1 118 118 1007.8483937460253 3.412193236049995e-11 1
1 118 119 1007.9373292738121 3.408155850463647e-11 1
1 118 120 1008.0262648016014 3.404128007840827e-11 1
1 118 121 1008.1152003293901 3.3977881683256724e-11 1
1 118 122 1008.2153707882379 3.389893375055121e-11 1
1 118 123 1008.3544942899737 3.379790595733701e-11 1
1 118 124 1008.4979079219462 3.368156673782798e-11 1
1 118 125 1008.6413215539301 3.3547178860039673e-11 1
1 118 126 1008.7891364843399 3.341188921703571e-11 1
1 118 127 1008.9578821311734 3.326457518475924e-11 1
1 118 128 1009.1322570008977 3.308459068108683e-11 1
1 118 129 1009.306631870598 3.2908009432169255e-11 1
1 118 130 1009.5079477508563 3.2718876229098865e-11 1
1 118 131 1009.9274888672436 3.239674680474354e-11 1
1 118 132 1010.444913243408 3.202268596035847e-11 1
1 118 133 1010.9623376195625 3.16567888366633e-11 1
1 118 134 1011.4751193721177 3.1290027898177394e-11 1
1 118 135 1011.808014035987 3.100564849047539e-11 1
1 118 136 1012.0232762647516 3.078294491788324e-11 1
1 118 137 1012.2385384935184 3.05624828235119e-11 1
1 118 138 1012.4538007222914 3.032631118786562e-11 1
1 118 139 1012.6604890044005 3.0098490938318337e-11 1
1 118 140 1012.8579589798516 2.987818212445892e-11 1
1 118 141 1013.0551488424184 2.965001320956465e-11 1
1 118 142 1013.2523387049795 2.942085761762483e-11 1
1 118 143 1013.4376066579272 2.9200237444990904e-11 1
1 118 144 1013.5997929821243 2.8987467640876067e-11 1
1 118 145 1013.7606567851768 2.87707643974079e-11 1
1 118 146 1013.9215205882386 2.8557277153178978e-11 1
1 118 147 1014.1110260065179 2.8334997206009664e-11 1
1 118 148 1014.4198353706362 2.805980290798004e-11 1
1 118 149 1014.7377149752863 2.778584129358362e-11 1
1 118 150 1015.0555945799426 2.7517177596170343e-11 1
1 118 151 1015.3676081377266 2.725130885145975e-11 1
1 118 152 1015.5398967908527 2.7038442751776844e-11 1
1 118 153 1015.6995979326948 2.6833371668702653e-11 1
1 118 154 1015.8592990745244 2.6629450969955345e-11 1
1 118 155 1016.0190002163557 2.642548168562052e-11 1
1 118 156 1016.2039287683011 2.6215941311825064e-11 1
1 118 157 1016.3955484612682 2.6009038127716395e-11 1
1 118 158 1016.5871681542405 2.580224124214636e-11 1
1 118 159 1016.7787878472112 2.5597682318475092e-11 1
1 118 160 1016.9392219693984 2.5406402277258527e-11 1
1 118 161 1017.0808029965343 2.5222258821437238e-11 1
1 119 54 993.6277718271872 2.411878059295927e-11 1
1 119 55 995.7283730628917 2.4564627847258954e-11 1
1 119 56 997.2210636485953 2.5518456972834908e-11 1
1 119 57 997.8736006074378 2.6922759792801647e-11 1
1 119 58 999.2776800296525 2.7870050949715468e-11 1
1 119 59 1001.2179129648657 2.8223930032740165e-11 1
1 119 60 1002.8810540663666 2.838437850325448e-11 1
1 119 61 1004.0809128100146 2.8736029696626772e-11 1
1 119 62 1005.7164325864088 2.876671974107512e-11 1
1 119 63 1006.8613850910118 2.8818785136814016e-11 1
1 119 64 1007.4616656909039 2.8951976670528277e-11 1
1 119 65 1008.045732664613 2.8974229007966983e-11 1
1 119 66 1008.1053904553042 2.912948623871607e-11 1
1 119 67 1008.2247060366878 2.919839050758722e-11 1
1 119 68 1008.3345167430396 2.9250093945341054e-11 1
1 119 69 1008.5611932057548 2.9247708555711107e-11 1
1 119 70 1008.7878696684838 2.9245323555107814e-11 1
1 119 71 1009.0145461311989 2.924604587916398e-11 1
1 119 72 1009.2105524127361 2.925428066809045e-11 1
1 119 73 1009.3048360228917 2.930594191941402e-11 1
1 119 74 1009.3876093583224 2.936353096554531e-11 1
1 119 75 1009.4703826937515 2.9422636138084785e-11 1
1 119 76 1009.5560330901653 2.948072943424775e-11 1
1 119 77 1009.6549341272624 2.953849101600888e-11 1
1 119 78 1009.757381014641 2.959849979422081e-11 1
1 119 79 1009.8598279020206 2.9655186239371746e-11 1
1 120 48 985.8952490197039 2.3629557583325758e-11 1
1 120 49 986.8813032657376 2.339383724288371e-11 1
1 120 50 988.0035384569682 2.3240326351372388e-11 1
1 120 51 989.4684680735959 2.31390574869761e-11 1
1 120 52 991.2878175127222 2.3113899247904485e-11 1
1 120 53 993.3310196659419 2.3220159053466476e-11 1
1 120 54 995.5541964989304 2.3512019126528264e-11 1
1 120 55 997.1449296228562 2.4297996456608732e-11 1
1 120 56 998.4740610697621 2.547915262276329e-11 1
1 120 57 1000.4023872492793 2.642970230185086e-11 1
1 121 48 986.2007638477206 2.313513497989822e-11 1
1 121 49 987.6616420676933 2.275153451387258e-11 1
1 121 50 988.7545891495927 2.25894725553831e-11 1
1 121 51 989.9987543778541 2.2697093491066568e-11 1
