6 113 272 1011.2049426883772 7.710785887119746e-12 1
6 113 273 1001.7285320328305 7.707129094412332e-12 1
6 113 274 986.8508385400802 7.707129094412332e-12 1
6 114 266 985.6823210720366 8.077751732291227e-12 1
6 114 267 991.808267074733 7.924464504275776e-12 1
6 114 268 998.9033549303707 7.805186813360916e-12 1
6 114 269 1014.1511036110734 7.72890324741193e-12 1
6 114 270 1018.7582561653629 7.69197892401517e-12 1
6 114 271 1020.1440343831143 7.676712323788558e-12 1
6 114 272 1018.598235114774 7.67235010006591e-12 1
6 114 273 1014.178936969269 7.685715049675145e-12 1
6 114 274 1002.7978811000232 7.685715049675145e-12 1
6 115 260 1010.8336938920913 8.957957694331327e-12 1
6 115 261 1012.1626010319945 8.88802789615072e-12 1
6 115 262 1013.565017117588 8.781079040212386e-12 1
6 115 263 1015.6918772392864 8.639438140590547e-12 1
6 115 264 1016.5093681800715 8.472136652234491e-12 1
6 115 265 1017.178491644516 8.292688985135013e-12 1
6 115 266 1013.1195818761457 8.117353337638305e-12 1
6 115 267 1020.4814952320925 7.96051982457988e-12 1
6 115 268 1021.5345871096893 7.834372405193931e-12 1
6 115 269 1024.4582112834066 7.746820638160683e-12 1
6 116 199 957.230991940369 9.61727114567997e-12 1
6 116 200 957.6887110702693 9.604095406973806e-12 1
6 116 201 958.151751793009 9.591043913587318e-12 1
6 116 202 958.7270609734265 9.578170347568526e-12 1
6 116 203 959.3139104905122 9.565334320965932e-12 1
6 116 204 959.9007600076137 9.552615938221363e-12 1
6 116 205 960.4876095247088 9.54006740639121e-12 1
6 116 206 961.2647224862521 9.52755179937935e-12 1
6 116 207 962.094037692544 9.515000418742327e-12 1
6 116 208 962.9233528988132 9.502820794055162e-12 1
6 116 209 963.7526681051468 9.490672310431112e-12 1
6 116 210 964.5354397186292 9.47850610584893e-12 1
6 116 211 965.2893884650214 9.466589819841992e-12 1
6 116 212 966.0433372114549 9.454815265669195e-12 1
6 116 213 966.7972859578473 9.443058887790548e-12 1
6 116 214 967.5588743473879 9.431381116042716e-12 1
6 116 215 968.3297840624984 9.419997978927384e-12 1
6 116 216 969.100693777627 9.408671244174918e-12 1
6 116 217 969.8716034927377 9.39738443233786e-12 1
6 116 218 970.7994860034677 9.386413619493036e-12 1
6 116 219 972.1245096873273 9.37552314426173e-12 1
6 116 220 973.4495333710844 9.364657910833721e-12 1
6 116 221 974.774557054754 9.354088896217974e-12 1
6 116 222 975.9905276547294 9.343652904985701e-12 1
6 116 223 976.7901400314371 9.333230871129276e-12 1
6 116 224 977.5467222684999 9.322921716570602e-12 1
6 116 225 978.3033045055539 9.312935767985898e-12 1
6 116 226 979.1322872983807 9.302994638338587e-12 1
6 116 227 980.331498420098 9.29309423121943e-12 1
6 116 228 981.6307833212192 9.283621462843982e-12 1
6 116 229 982.930068222441 9.274167986636094e-12 1
6 116 230 984.2958481967336 9.264704593959277e-12 1
6 116 231 986.2179742741781 9.255536472385688e-12 1
6 116 232 988.3989102481752 9.246561349354498e-12 1
6 116 233 990.5798462220555 9.237605016516146e-12 1
6 116 234 992.7413076487892 9.228821191503283e-12 1
6 116 235 994.2724187207339 9.220332152905941e-12 1
6 116 236 995.3645864661984 9.211872456472808e-12 1
6 116 237 996.4567542117212 9.20344918924154e-12 1
6 116 238 997.5489219572148 9.195477150958943e-12 1
6 116 239 998.3916715173171 9.187518911501262e-12 1
6 116 240 998.9577568770487 9.17955698605842e-12 1
6 116 241 999.5142070067944 9.171938896136117e-12 1
6 116 242 1000.0706571365548 9.164474975351745e-12 1
6 116 243 1000.7083930358009 9.157020177255261e-12 1
6 116 244 1001.5038301132593 9.149721976846782e-12 1
6 116 245 1002.3104047323234 9.142723805843618e-12 1
6 116 246 1003.1169793513662 9.135745156757762e-12 1
6 116 247 1003.9820701210239 9.128795990756221e-12 1
6 116 248 1005.0825847711557 9.122246238503373e-12 1
6 116 249 1006.2057421691419 9.115697427598336e-12 1
6 116 250 1007.3288995671875 9.109158012659369e-12 1
6 116 251 1008.4084008491246 9.102929531630166e-12 1
6 116 252 1008.6602312986777 9.096831148631343e-12 1
6 116 253 1008.8163556973706 9.090739400246527e-12 1
6 116 254 1008.9724800960673 9.084794857678105e-12 1
6 116 255 1009.1286044947602 9.077671117663213e-12 1
6 116 256 1009.2985056485154 9.067060539671043e-12 1
6 116 257 1009.5350673087086 9.0521066394126e-12 1
6 116 258 1009.9590358394677 9.031139954954249e-12 1
6 116 259 1011.2318984721064 9.002204499361862e-12 1
6 116 260 1012.3989226215759 8.961394836249116e-12 1
6 116 261 1013.913850351513 8.901366682794104e-12 1
6 116 262 1015.3224934026583 8.811684899880476e-12 1
6 116 263 1017.9318754314386 8.661757421097163e-12 1
6 117 121 965.9900847861076 1.049977592756935e-11 1
6 117 122 965.9731004631628 1.0494633113858676e-11 1
6 117 123 965.7345224162326 1.0489497141608682e-11 1
6 117 124 965.4715389348172 1.0483997707680049e-11 1
6 117 125 965.2085554533812 1.0477901096981707e-11 1
6 117 126 964.9680596824403 1.0471811572713838e-11 1
6 117 127 964.8345059645403 1.0465647692283286e-11 1
6 117 128 964.7297138350924 1.0458602910371982e-11 1
6 117 129 964.6249217056588 1.0451601627213603e-11 1
6 117 130 964.5748657635761 1.0444609711496405e-11 1
6 117 131 964.968179137382 1.0436952168985853e-11 1
6 117 132 965.5603624250974 1.0429081212338926e-11 1
6 117 133 966.1525457128017 1.0421223462186928e-11 1
6 117 134 966.7360655921373 1.0413069346274211e-11 1
6 117 135 966.9839055960184 1.0404423941298385e-11 1
6 117 136 967.012236565398 1.0395792880032583e-11 1
6 117 137 967.0405675347778 1.0387063071522123e-11 1
6 117 138 967.0688985041586 1.0377597064545355e-11 1
6 117 139 967.0711861835189 1.036820432308355e-11 1
6 117 140 967.0454733348435 1.0358828568947985e-11 1
6 117 141 967.0189096456778 1.0348885764136266e-11 1
6 117 142 966.9923459565128 1.0338803806593651e-11 1
6 117 143 967.3498677842321 1.0328743655867444e-11 1
6 117 144 968.4510053223227 1.0318449217556032e-11 1
6 117 145 969.594750231199 1.0307760300036731e-11 1
6 117 146 970.7384951401417 1.0297093504974548e-11 1
6 117 147 971.8829953534744 1.028633217941365e-11 1
6 117 148 973.0306417162892 1.0274998373141683e-11 1
6 117 149 974.1785272692724 1.026376651593256e-11 1
6 117 150 975.3264128222783 1.0252559187557345e-11 1
6 117 151 976.4454864282471 1.0240962457360476e-11 1
6 117 152 976.8782807320888 1.0229225236304212e-11 1
6 117 153 977.2492496334714 1.0217499985378233e-11 1
6 117 154 977.6202185348252 1.0205495625323387e-11 1
6 117 155 977.9911874361829 1.0193278925573184e-11 1
6 117 156 978.5799167132889 1.0181136307539372e-11 1
6 117 157 979.2264032226414 1.0168994923844105e-11 1
6 117 158 979.8728897320121 1.0156349303452196e-11 1
6 117 159 980.5193762413768 1.0143831888738468e-11 1
6 117 160 980.9413964909255 1.0131345290766754e-11 1
6 117 161 981.2277166834305 1.0118604915713844e-11 1
6 117 162 981.5140368759272 1.0105781983708949e-11 1
6 117 163 981.8003570684461 1.0092973416125802e-11 1
6 117 164 981.8473465813727 1.0079982591235773e-11 1
6 117 165 981.6089231099194 1.0066892654951813e-11 1
6 117 166 981.3704996384525 1.0053836671942528e-11 1
6 117 167 981.1320761669992 1.0040681735241159e-11 1
6 117 168 980.7898067902734 1.0027286847799329e-11 1
6 117 169 980.1919950387934 1.0014032182592141e-11 1
6 117 170 979.5941832873306 1.0000812512738442e-11 1
6 117 171 978.9963715358214 9.987339492656499e-12 1
6 117 172 978.3901370466223 9.973946984731641e-12 1
6 117 173 977.7532987464247 9.960594880697297e-12 1
6 117 174 977.1131900299639 9.947205336897234e-12 1
6 117 175 976.4730813135889 9.933732252123522e-12 1
6 117 176 975.8778044159931 9.920295615472243e-12 1
6 117 177 975.5032826092427 9.906750826246864e-12 1
6 117 178 975.1883306025347 9.893128095572818e-12 1
6 117 179 974.8733785958335 9.879654448806036e-12 1
6 117 180 974.5444631904006 9.866217452176595e-12 1
6 117 181 974.100797408698 9.8527650379486e-12 1
6 117 182 973.6046761850075 9.839328354408168e-12 1
6 117 183 973.1085549613115 9.825907542640845e-12 1
6 117 184 972.6212310380477 9.812414412056701e-12 1
6 117 185 972.4426971405809 9.79903034312037e-12 1
6 117 186 972.4726662055886 9.785682736014938e-12 1
6 117 187 972.5026352705958 9.772236794304313e-12 1
6 117 188 972.5326043356037 9.758852805734251e-12 1
6 117 189 972.5767843188631 9.74561348526214e-12 1
6 117 190 972.6364741254955 9.732410038296808e-12 1
6 117 191 972.6966729681644 9.71928359834409e-12 1
6 117 192 972.7568718108286 9.706209139568915e-12 1
6 117 193 972.8917078042758 9.693151276978632e-12 1
6 117 194 973.1711088605798 9.680023574407996e-12 1
6 117 195 973.4597775174332 9.667090615015893e-12 1
6 117 196 973.7484461742945 9.65425253008134e-12 1
6 117 197 974.2129571173647 9.64145429635676e-12 1
6 117 198 975.3967779220602 9.628810640037524e-12 1
6 117 199 976.6425631237889 9.616200101684544e-12 1
6 117 200 977.8883483254837 9.603553415666979e-12 1
6 117 201 979.1018825851875 9.59095486440725e-12 1
6 117 202 979.6350259052201 9.57861599390797e-12 1
6 117 203 980.0982302534057 9.566314122814758e-12 1
6 117 204 980.5614346016042 9.554111283247108e-12 1
6 117 205 981.0246389497975 9.542049786764927e-12 1
6 117 206 981.7856747441492 9.530018705726997e-12 1
6 117 207 982.6284260255991 9.517944390791514e-12 1
6 117 208 983.4711773070261 9.50616521067722e-12 1
6 117 209 984.3139285885184 9.494509115826031e-12 1
6 117 210 985.168923432663 9.482881570480627e-12 1
6 117 211 986.0315002996028 9.471473791037304e-12 1
6 117 212 986.89407716659 9.460170483479446e-12 1
6 117 213 987.7566540335303 9.448878166586828e-12 1
6 117 214 988.8066343811173 9.437667129987536e-12 1
6 117 215 990.0852705478561 9.426764044114416e-12 1
6 117 216 991.3639067146252 9.415886121261485e-12 1
6 117 217 992.6425428813643 9.404944107300491e-12 1
6 117 218 993.7918902391857 9.394351776664825e-12 1
6 117 219 994.6141369105507 9.38386611228515e-12 1
6 117 220 995.4363835818518 9.373403829310673e-12 1
6 117 221 996.2586302530989 9.363217003685375e-12 1
6 117 222 997.0850227399916 9.353153879837447e-12 1
6 117 223 997.9272437053168 9.343098474970732e-12 1
6 117 224 998.7711005255644 9.333110518751473e-12 1
6 117 225 999.6149573458022 9.323445011961668e-12 1
6 117 226 1000.4101040033407 9.313832467170317e-12 1
6 117 227 1000.9561658029278 9.304258132253212e-12 1
6 117 228 1001.4348992508119 9.295086902331769e-12 1
6 117 229 1001.9136326987331 9.28593373481356e-12 1
6 117 230 1002.4221762415708 9.27675153018474e-12 1
6 117 231 1003.1801327013503 9.267833684636536e-12 1
6 117 232 1004.0541150142169 9.259142101685994e-12 1
6 117 233 1004.9280973270367 9.250469269147535e-12 1
6 117 234 1005.7931093283601 9.241963542635761e-12 1
6 117 235 1006.3677711105289 9.233720151594154e-12 1
6 117 236 1006.740248044116 9.225491452871604e-12 1
6 117 237 1007.1127249777232 9.21724593059328e-12 1
6 117 238 1007.4852019113204 9.209405417612154e-12 1
6 117 239 1007.8263834288744 9.201613750786806e-12 1
6 118 61 977.8533203489583 1.0753394195060379e-11 1
6 118 62 978.4797770353608 1.0701206874477358e-11 1
6 118 63 977.2150400500318 1.0669592149162899e-11 1
6 118 64 977.1721205181334 1.0650084908055313e-11 1
6 118 65 978.5443477544652 1.0637659750846058e-11 1
6 118 66 978.8823321122076 1.062977315644879e-11 1
6 118 67 979.5583008276975 1.0624479198046471e-11 1
6 118 68 979.8185453732749 1.0620471853475498e-11 1
6 118 69 979.8976414886715 1.0616514095968616e-11 1
6 118 70 979.9767376040729 1.0612559287108403e-11 1
6 118 71 980.0558337194695 1.0608763771359156e-11 1
6 118 72 980.079897948142 1.0605034047397635e-11 1
6 118 73 979.9214399251464 1.0601300943883297e-11 1
6 118 74 979.7423288733602 1.0597609099209872e-11 1
6 118 75 979.5632178215769 1.0594087903250183e-11 1
6 118 76 979.3928081657277 1.0590587206280122e-11 1
6 118 77 979.2624738059235 1.0587098816061551e-11 1
6 118 78 979.1428635313707 1.0583821173109694e-11 1
6 118 79 979.023253256817 1.0580545558970188e-11 1
6 118 80 978.9432217375341 1.0577256681415035e-11 1
6 118 81 979.180243480887 1.0574106676493972e-11 1
6 118 82 979.5565991741965 1.0571022215979187e-11 1
6 118 83 979.932954867474 1.0567939582611969e-11 1
6 118 84 980.3083893155527 1.056493466752782e-11 1
6 118 85 980.6435389004877 1.0562044664673177e-11 1
6 118 86 980.9532086932287 1.0559149979469443e-11 1
6 118 87 981.262878485994 1.0556264577284728e-11 1
6 118 88 981.5725482787352 1.0553531016581783e-11 1
6 118 89 981.7123428537851 1.0550775522139476e-11 1
6 118 90 981.6719967151173 1.054802146622379e-11 1
6 118 91 981.626692473741 1.054536385991831e-11 1
6 118 92 981.5813882323631 1.0542745932545727e-11 1
6 118 93 981.5070668663527 1.0540135236765697e-11 1
6 118 94 981.3765236781344 1.0537600931372729e-11 1
6 118 95 981.2431574428047 1.0535066351288284e-11 1
6 118 96 981.1097912074791 1.0532503299099802e-11 1
6 118 97 981.0027224595088 1.0529942979003275e-11 1
6 118 98 981.0073623709047 1.0527414887403422e-11 1
6 118 99 981.0193574960582 1.0524888009430863e-11 1
6 118 100 981.0313526212127 1.0522400403687113e-11 1
6 118 101 981.0540190603631 1.051986547285919e-11 1
6 118 102 981.3690280406281 1.0517293607642165e-11 1
6 118 103 981.7067021796083 1.051473480670934e-11 1
6 118 104 982.0443763185782 1.051222663111337e-11 1
6 118 105 982.3820504575742 1.0509572828597766e-11 1
6 118 106 982.7681313491 1.0506872580073798e-11 1
6 118 107 983.1666153943111 1.0504164665911977e-11 1
6 118 108 983.5650994395457 1.0501269307512532e-11 1
6 118 109 983.9635834847567 1.0498375544821163e-11 1
6 118 110 984.3461198427965 1.04955581949269e-11 1
6 118 111 984.7192456286656 1.049259736066819e-11 1
6 118 112 985.0923714145413 1.0489366844677888e-11 1
6 118 113 985.4654972004103 1.048613331929446e-11 1
6 118 114 985.8544257093236 1.0482764116800342e-11 1
6 118 115 986.2617745703648 1.0479066338251141e-11 1
6 118 116 986.6691234313743 1.047531170318673e-11 1
6 118 117 987.0764722923873 1.0471534236466012e-11 1
6 118 118 987.390010992938 1.0467186771749507e-11 1
6 118 119 987.4789465207248 1.046275107033433e-11 1
6 118 120 987.5678820485141 1.0458319126779429e-11 1
6 118 121 987.6568175763027 1.045334285070444e-11 1
6 118 122 987.7569880351506 1.0448150258144231e-11 1
6 118 123 987.8961115368863 1.0442968526142682e-11 1
6 118 124 988.0395251688589 1.0437505937823712e-11 1
6 118 125 988.1829388008427 1.0431522265757328e-11 1
6 118 126 988.3307537312526 1.0425551196846697e-11 1
6 118 127 988.499499378086 1.04195482389634e-11 1
6 118 128 988.6738742478103 1.0412755064574944e-11 1
6 118 129 988.8482491175107 1.0405993454808346e-11 1
6 118 130 989.0495649977689 1.0399240620759095e-11 1
6 118 131 989.4691061141563 1.0391942904557078e-11 1
6 118 132 989.9865304903207 1.0384432234332143e-11 1
6 118 133 990.5039548664752 1.037692279065574e-11 1
6 118 134 991.0167366190303 1.0369059802033807e-11 1
6 118 135 991.3496312828996 1.0360790597382857e-11 1
6 118 136 991.5648935116643 1.0352569276845552e-11 1
6 118 137 991.780155740431 1.0344323546205829e-11 1
6 118 138 991.995417969204 1.0335345080077395e-11 1
6 118 139 992.2021062513131 1.0326460130550444e-11 1
6 118 140 992.3995762267642 1.0317590444088578e-11 1
6 118 141 992.596766089331 1.0308247364743818e-11 1
6 118 142 992.7939559518921 1.0298724293828437e-11 1
6 118 143 992.9792239048398 1.0289203688915114e-11 1
6 118 144 993.141410229037 1.0279403099486205e-11 1
6 118 145 993.3022740320895 1.0269317194896448e-11 1
6 118 146 993.4631378351513 1.0259251063003154e-11 1
6 118 147 993.6526432534306 1.0249065464165478e-11 1
6 118 148 993.9614526175488 1.02383477962177e-11 1
6 118 149 994.279332222199 1.022776089558417e-11 1
6 118 150 994.5972118268553 1.0217195866973116e-11 1
6 118 151 994.9092253846393 1.0206151914822286e-11 1
6 118 152 995.0815140377654 1.0195111471659306e-11 1
6 118 153 995.2412151796075 1.0184100021857743e-11 1
6 118 154 995.4009163214371 1.0172924138624452e-11 1
6 118 155 995.5606174632684 1.0161465161025073e-11 1
6 118 156 995.7455460152138 1.0150031969605585e-11 1
6 118 157 995.9371657081808 1.013848277789772e-11 1
6 118 158 996.1287854011532 1.0126557813338801e-11 1
6 118 159 996.3204050941239 1.0114788971716803e-11 1
6 118 160 996.4808392163111 1.0103047453269093e-11 1
6 118 161 996.622420243447 1.0091072146848743e-11 1
6 119 54 973.1693890740999 1.138557970057825e-11 1
6 119 55 975.2699903098044 1.127549225881073e-11 1
6 119 56 976.762680895508 1.1166040856219055e-11 1
6 119 57 977.4152178543504 1.1060102450899321e-11 1
6 119 58 978.8192972765652 1.095942199193282e-11 1
6 119 59 980.7595302117784 1.0865548963671218e-11 1
6 119 60 982.4226713132792 1.0779773031103998e-11 1
6 119 61 983.6225300569273 1.0708591296472148e-11 1
6 119 62 985.2580498333215 1.0659758845903422e-11 1
6 119 63 986.4030023379245 1.0630185775492689e-11 1
6 119 64 987.0032829378166 1.061186280399358e-11 1
6 119 65 987.5873499115256 1.0600186203404314e-11 1
6 119 66 987.6470077022169 1.0592716592537556e-11 1
6 119 67 987.7663232836005 1.0587760281624443e-11 1
6 119 68 987.8761339899522 1.0583954836034466e-11 1
6 119 69 988.1028104526674 1.058017489276308e-11 1
6 119 70 988.3294869153965 1.057639764845827e-11 1
6 119 71 988.5561633781116 1.057274266497996e-11 1
6 119 72 988.7521696596488 1.0569139440146909e-11 1
6 119 73 988.8464532698043 1.0565538698647436e-11 1
6 119 74 988.929226605235 1.0561997318897858e-11 1
6 119 75 989.0119999406642 1.0558551475856412e-11 1
6 119 76 989.097650337078 1.0555107880488653e-11 1
6 119 77 989.1965513741751 1.0551686242484143e-11 1
6 119 78 989.2989982615537 1.0548408891970636e-11 1
6 119 79 989.4014451489332 1.0545121561293786e-11 1
6 120 48 965.4368662666166 1.184607937015121e-11 1
6 120 49 966.4229205126503 1.1772481987303479e-11 1
6 120 50 967.5451557038808 1.1690778861171886e-11 1
6 120 51 969.0100853205086 1.1601809411707585e-11 1
6 120 52 970.8294347596349 1.1506781743828891e-11 1
6 120 53 972.8726369128545 1.1407119998289978e-11 1
6 120 54 975.0958137458431 1.1304516832435836e-11 1
6 120 55 976.6865468697689 1.1200733426835944e-11 1
6 120 56 978.0156783166748 1.1097561534075478e-11 1
6 120 57 979.944004496192 1.099752302929308e-11 1
6 121 48 965.7423810946333 1.1748293712020087e-11 1
6 121 49 967.2032593146059 1.1675344231799142e-11 1
6 121 50 968.2962063965053 1.1595692270086926e-11 1
6 121 51 969.5403716247667 1.1516556279753315e-11 1
