6 113 272 1009.661302138597 7.710785887119746e-12 1
6 113 273 1000.1848914830503 7.707129094412332e-12 1
6 113 274 985.3071979903 7.707129094412332e-12 1
6 114 266 984.1386805222564 8.077751732291227e-12 1
6 114 267 990.2646265249527 7.924464504275776e-12 1
6 114 268 997.3597143805905 7.805186813360916e-12 1
6 114 269 1012.6074630612932 7.72890324741193e-12 1
6 114 270 1017.2146156155827 7.69197892401517e-12 1
6 114 271 1018.6003938333341 7.676712323788558e-12 1
6 114 272 1017.0545945649937 7.67235010006591e-12 1
6 114 273 1012.6352964194888 7.685715049675145e-12 1
6 114 274 1001.254240550243 7.685715049675145e-12 1
6 115 260 1009.2900533423111 8.957957694331327e-12 1
6 115 261 1010.6189604822143 8.88802789615072e-12 1
6 115 262 1012.0213765678078 8.781079040212386e-12 1
6 115 263 1014.1482366895062 8.639438140590547e-12 1
6 115 264 1014.9657276302913 8.472136652234491e-12 1
6 115 265 1015.6348510947358 8.292688985135013e-12 1
6 115 266 1011.5759413263655 8.117353337638305e-12 1
6 115 267 1018.9378546823123 7.96051982457988e-12 1
6 115 268 1019.990946559909 7.834372405193931e-12 1
6 115 269 1022.9145707336264 7.746820638160683e-12 1
6 116 199 955.6873513905888 9.61727114567997e-12 1
6 116 200 956.1450705204891 9.604095406973806e-12 1
6 116 201 956.6081112432288 9.591043913587318e-12 1
6 116 202 957.1834204236463 9.578170347568526e-12 1
6 116 203 957.770269940732 9.565334320965932e-12 1
6 116 204 958.3571194578335 9.552615938221363e-12 1
6 116 205 958.9439689749286 9.54006740639121e-12 1
6 116 206 959.7210819364719 9.52755179937935e-12 1
6 116 207 960.5503971427638 9.515000418742327e-12 1
6 116 208 961.379712349033 9.502820794055162e-12 1
6 116 209 962.2090275553666 9.490672310431112e-12 1
6 116 210 962.991799168849 9.47850610584893e-12 1
6 116 211 963.7457479152412 9.466589819841992e-12 1
6 116 212 964.4996966616746 9.454815265669195e-12 1
6 116 213 965.2536454080671 9.443058887790548e-12 1
6 116 214 966.0152337976077 9.431381116042716e-12 1
6 116 215 966.7861435127182 9.419997978927384e-12 1
6 116 216 967.5570532278468 9.408671244174918e-12 1
6 116 217 968.3279629429575 9.39738443233786e-12 1
6 116 218 969.2558454536875 9.386413619493036e-12 1
6 116 219 970.5808691375471 9.37552314426173e-12 1
6 116 220 971.9058928213042 9.364657910833721e-12 1
6 116 221 973.2309165049738 9.354088896217974e-12 1
6 116 222 974.4468871049492 9.343652904985701e-12 1
6 116 223 975.2464994816569 9.333230871129276e-12 1
6 116 224 976.0030817187197 9.322921716570602e-12 1
6 116 225 976.7596639557737 9.312935767985898e-12 1
6 116 226 977.5886467486005 9.302994638338587e-12 1
6 116 227 978.7878578703178 9.29309423121943e-12 1
6 116 228 980.087142771439 9.283621462843982e-12 1
6 116 229 981.3864276726608 9.274167986636094e-12 1
6 116 230 982.7522076469534 9.264704593959277e-12 1
6 116 231 984.6743337243979 9.255536472385688e-12 1
6 116 232 986.855269698395 9.246561349354498e-12 1
6 116 233 989.0362056722753 9.237605016516146e-12 1
6 116 234 991.197667099009 9.228821191503283e-12 1
6 116 235 992.7287781709537 9.220332152905941e-12 1
6 116 236 993.8209459164182 9.211872456472808e-12 1
6 116 237 994.913113661941 9.20344918924154e-12 1
6 116 238 996.0052814074346 9.195477150958943e-12 1
6 116 239 996.8480309675369 9.187518911501262e-12 1
6 116 240 997.4141163272685 9.17955698605842e-12 1
6 116 241 997.9705664570142 9.171938896136117e-12 1
6 116 242 998.5270165867746 9.164474975351745e-12 1
6 116 243 999.1647524860207 9.157020177255261e-12 1
6 116 244 999.960189563479 9.149721976846782e-12 1
6 116 245 1000.7667641825432 9.142723805843618e-12 1
6 116 246 1001.573338801586 9.135745156757762e-12 1
6 116 247 1002.4384295712437 9.128795990756221e-12 1
6 116 248 1003.5389442213755 9.122246238503373e-12 1
6 116 249 1004.6621016193617 9.115697427598336e-12 1
6 116 250 1005.7852590174073 9.109158012659369e-12 1
6 116 251 1006.8647602993444 9.102929531630166e-12 1
6 116 252 1007.1165907488975 9.096831148631343e-12 1
6 116 253 1007.2727151475904 9.090739400246527e-12 1
6 116 254 1007.4288395462871 9.084794857678105e-12 1
6 116 255 1007.58496394498 9.077671117663213e-12 1
6 116 256 1007.7548650987352 9.067060539671043e-12 1
6 116 257 1007.9914267589284 9.0521066394126e-12 1
6 116 258 1008.4153952896875 9.031139954954249e-12 1
6 116 259 1009.6882579223262 9.002204499361862e-12 1
6 116 260 1010.8552820717957 8.961394836249116e-12 1
6 116 261 1012.3702098017328 8.901366682794104e-12 1
6 116 262 1013.7788528528781 8.811684899880476e-12 1
6 116 263 1016.3882348816584 8.661757421097163e-12 1
6 117 121 964.4464442363274 1.049977592756935e-11 1
6 117 122 964.4294599133826 1.0494633113858676e-11 1
6 117 123 964.1908818664524 1.0489497141608682e-11 1
6 117 124 963.927898385037 1.0483997707680049e-11 1
6 117 125 963.664914903601 1.0477901096981707e-11 1
6 117 126 963.4244191326601 1.0471811572713838e-11 1
6 117 127 963.2908654147601 1.0465647692283286e-11 1
6 117 128 963.1860732853122 1.0458602910371982e-11 1
6 117 129 963.0812811558786 1.0451601627213603e-11 1
6 117 130 963.0312252137959 1.0444609711496405e-11 1
6 117 131 963.4245385876018 1.0436952168985853e-11 1
6 117 132 964.0167218753172 1.0429081212338926e-11 1
6 117 133 964.6089051630215 1.0421223462186928e-11 1
6 117 134 965.1924250423571 1.0413069346274211e-11 1
6 117 135 965.4402650462382 1.0404423941298385e-11 1
6 117 136 965.4685960156178 1.0395792880032583e-11 1
6 117 137 965.4969269849976 1.0387063071522123e-11 1
6 117 138 965.5252579543784 1.0377597064545355e-11 1
6 117 139 965.5275456337387 1.036820432308355e-11 1
6 117 140 965.5018327850632 1.0358828568947985e-11 1
6 117 141 965.4752690958976 1.0348885764136266e-11 1
6 117 142 965.4487054067326 1.0338803806593651e-11 1
6 117 143 965.8062272344519 1.0328743655867444e-11 1
6 117 144 966.9073647725425 1.0318449217556032e-11 1
6 117 145 968.0511096814188 1.0307760300036731e-11 1
6 117 146 969.1948545903615 1.0297093504974548e-11 1
6 117 147 970.3393548036942 1.028633217941365e-11 1
6 117 148 971.487001166509 1.0274998373141683e-11 1
6 117 149 972.6348867194922 1.026376651593256e-11 1
6 117 150 973.782772272498 1.0252559187557345e-11 1
6 117 151 974.9018458784669 1.0240962457360476e-11 1
6 117 152 975.3346401823086 1.0229225236304212e-11 1
6 117 153 975.7056090836912 1.0217499985378233e-11 1
6 117 154 976.076577985045 1.0205495625323387e-11 1
6 117 155 976.4475468864027 1.0193278925573184e-11 1
6 117 156 977.0362761635087 1.0181136307539372e-11 1
6 117 157 977.6827626728611 1.0168994923844105e-11 1
6 117 158 978.3292491822319 1.0156349303452196e-11 1
6 117 159 978.9757356915966 1.0143831888738468e-11 1
6 117 160 979.3977559411453 1.0131345290766754e-11 1
6 117 161 979.6840761336503 1.0118604915713844e-11 1
6 117 162 979.970396326147 1.0105781983708949e-11 1
6 117 163 980.2567165186659 1.0092973416125802e-11 1
6 117 164 980.3037060315925 1.0079982591235773e-11 1
6 117 165 980.0652825601392 1.0066892654951813e-11 1
6 117 166 979.8268590886723 1.0053836671942528e-11 1
6 117 167 979.588435617219 1.0040681735241159e-11 1
6 117 168 979.2461662404932 1.0027286847799329e-11 1
6 117 169 978.6483544890132 1.0014032182592141e-11 1
6 117 170 978.0505427375504 1.0000812512738442e-11 1
6 117 171 977.4527309860412 9.987339492656499e-12 1
6 117 172 976.8464964968421 9.973946984731641e-12 1
6 117 173 976.2096581966445 9.960594880697297e-12 1
6 117 174 975.5695494801837 9.947205336897234e-12 1
6 117 175 974.9294407638087 9.933732252123522e-12 1
6 117 176 974.3341638662129 9.920295615472243e-12 1
6 117 177 973.9596420594625 9.906750826246864e-12 1
6 117 178 973.6446900527545 9.893128095572818e-12 1
6 117 179 973.3297380460533 9.879654448806036e-12 1
6 117 180 973.0008226406204 9.866217452176595e-12 1
6 117 181 972.5571568589178 9.8527650379486e-12 1
6 117 182 972.0610356352273 9.839328354408168e-12 1
6 117 183 971.5649144115313 9.825907542640845e-12 1
6 117 184 971.0775904882674 9.812414412056701e-12 1
6 117 185 970.8990565908007 9.79903034312037e-12 1
6 117 186 970.9290256558083 9.785682736014938e-12 1
6 117 187 970.9589947208156 9.772236794304313e-12 1
6 117 188 970.9889637858234 9.758852805734251e-12 1
6 117 189 971.0331437690829 9.74561348526214e-12 1
6 117 190 971.0928335757153 9.732410038296808e-12 1
6 117 191 971.1530324183842 9.71928359834409e-12 1
6 117 192 971.2132312610483 9.706209139568915e-12 1
6 117 193 971.3480672544956 9.693151276978632e-12 1
6 117 194 971.6274683107996 9.680023574407996e-12 1
6 117 195 971.916136967653 9.667090615015893e-12 1
6 117 196 972.2048056245143 9.65425253008134e-12 1
6 117 197 972.6693165675845 9.64145429635676e-12 1
6 117 198 973.85313737228 9.628810640037524e-12 1
6 117 199 975.0989225740087 9.616200101684544e-12 1
6 117 200 976.3447077757035 9.603553415666979e-12 1
6 117 201 977.5582420354073 9.59095486440725e-12 1
6 117 202 978.0913853554399 9.57861599390797e-12 1
6 117 203 978.5545897036255 9.566314122814758e-12 1
6 117 204 979.017794051824 9.554111283247108e-12 1
6 117 205 979.4809984000173 9.542049786764927e-12 1
6 117 206 980.242034194369 9.530018705726997e-12 1
6 117 207 981.0847854758189 9.517944390791514e-12 1
6 117 208 981.9275367572459 9.50616521067722e-12 1
6 117 209 982.7702880387382 9.494509115826031e-12 1
6 117 210 983.6252828828827 9.482881570480627e-12 1
6 117 211 984.4878597498226 9.471473791037304e-12 1
6 117 212 985.3504366168098 9.460170483479446e-12 1
6 117 213 986.21301348375 9.448878166586828e-12 1
6 117 214 987.2629938313371 9.437667129987536e-12 1
6 117 215 988.5416299980759 9.426764044114416e-12 1
6 117 216 989.820266164845 9.415886121261485e-12 1
6 117 217 991.0989023315841 9.404944107300491e-12 1
6 117 218 992.2482496894055 9.394351776664825e-12 1
6 117 219 993.0704963607704 9.38386611228515e-12 1
6 117 220 993.8927430320716 9.373403829310673e-12 1
6 117 221 994.7149897033187 9.363217003685375e-12 1
6 117 222 995.5413821902114 9.353153879837447e-12 1
6 117 223 996.3836031555365 9.343098474970732e-12 1
6 117 224 997.2274599757842 9.333110518751473e-12 1
6 117 225 998.071316796022 9.323445011961668e-12 1
6 117 226 998.8664634535605 9.313832467170317e-12 1
6 117 227 999.4125252531476 9.304258132253212e-12 1
6 117 228 999.8912587010317 9.295086902331769e-12 1
6 117 229 1000.3699921489529 9.28593373481356e-12 1
6 117 230 1000.8785356917906 9.27675153018474e-12 1
6 117 231 1001.6364921515701 9.267833684636536e-12 1
6 117 232 1002.5104744644367 9.259142101685994e-12 1
6 117 233 1003.3844567772564 9.250469269147535e-12 1
6 117 234 1004.2494687785799 9.241963542635761e-12 1
6 117 235 1004.8241305607487 9.233720151594154e-12 1
6 117 236 1005.1966074943358 9.225491452871604e-12 1
6 117 237 1005.569084427943 9.21724593059328e-12 1
6 117 238 1005.9415613615402 9.209405417612154e-12 1
6 117 239 1006.2827428790941 9.201613750786806e-12 1
6 118 61 976.3096797991781 1.0753394195060379e-11 1
6 118 62 976.9361364855806 1.0701206874477358e-11 1
6 118 63 975.6713995002516 1.0669592149162899e-11 1
6 118 64 975.6284799683532 1.0650084908055313e-11 1
6 118 65 977.000707204685 1.0637659750846058e-11 1
6 118 66 977.3386915624274 1.062977315644879e-11 1
6 118 67 978.0146602779173 1.0624479198046471e-11 1
6 118 68 978.2749048234947 1.0620471853475498e-11 1
6 118 69 978.3540009388913 1.0616514095968616e-11 1
6 118 70 978.4330970542927 1.0612559287108403e-11 1
6 118 71 978.5121931696893 1.0608763771359156e-11 1
6 118 72 978.5362573983618 1.0605034047397635e-11 1
6 118 73 978.3777993753662 1.0601300943883297e-11 1
6 118 74 978.19868832358 1.0597609099209872e-11 1
6 118 75 978.0195772717967 1.0594087903250183e-11 1
6 118 76 977.8491676159475 1.0590587206280122e-11 1
6 118 77 977.7188332561433 1.0587098816061551e-11 1
6 118 78 977.5992229815905 1.0583821173109694e-11 1
6 118 79 977.4796127070368 1.0580545558970188e-11 1
6 118 80 977.3995811877539 1.0577256681415035e-11 1
6 118 81 977.6366029311068 1.0574106676493972e-11 1
6 118 82 978.0129586244163 1.0571022215979187e-11 1
6 118 83 978.3893143176938 1.0567939582611969e-11 1
6 118 84 978.7647487657725 1.056493466752782e-11 1
6 118 85 979.0998983507075 1.0562044664673177e-11 1
6 118 86 979.4095681434485 1.0559149979469443e-11 1
6 118 87 979.7192379362137 1.0556264577284728e-11 1
6 118 88 980.028907728955 1.0553531016581783e-11 1
6 118 89 980.1687023040049 1.0550775522139476e-11 1
6 118 90 980.1283561653371 1.054802146622379e-11 1
6 118 91 980.0830519239607 1.054536385991831e-11 1
6 118 92 980.0377476825829 1.0542745932545727e-11 1
6 118 93 979.9634263165725 1.0540135236765697e-11 1
6 118 94 979.8328831283542 1.0537600931372729e-11 1
6 118 95 979.6995168930245 1.0535066351288284e-11 1
6 118 96 979.5661506576989 1.0532503299099802e-11 1
6 118 97 979.4590819097286 1.0529942979003275e-11 1
6 118 98 979.4637218211245 1.0527414887403422e-11 1
6 118 99 979.475716946278 1.0524888009430863e-11 1
6 118 100 979.4877120714325 1.0522400403687113e-11 1
6 118 101 979.5103785105829 1.051986547285919e-11 1
6 118 102 979.8253874908479 1.0517293607642165e-11 1
6 118 103 980.1630616298281 1.051473480670934e-11 1
6 118 104 980.500735768798 1.051222663111337e-11 1
6 118 105 980.838409907794 1.0509572828597766e-11 1
6 118 106 981.2244907993198 1.0506872580073798e-11 1
6 118 107 981.6229748445309 1.0504164665911977e-11 1
6 118 108 982.0214588897655 1.0501269307512532e-11 1
6 118 109 982.4199429349765 1.0498375544821163e-11 1
6 118 110 982.8024792930163 1.04955581949269e-11 1
6 118 111 983.1756050788854 1.049259736066819e-11 1
6 118 112 983.5487308647611 1.0489366844677888e-11 1
6 118 113 983.92185665063 1.048613331929446e-11 1
6 118 114 984.3107851595433 1.0482764116800342e-11 1
6 118 115 984.7181340205846 1.0479066338251141e-11 1
6 118 116 985.125482881594 1.047531170318673e-11 1
6 118 117 985.5328317426071 1.0471534236466012e-11 1
6 118 118 985.8463704431578 1.0467186771749507e-11 1
6 118 119 985.9353059709446 1.046275107033433e-11 1
6 118 120 986.0242414987339 1.0458319126779429e-11 1
6 118 121 986.1131770265225 1.045334285070444e-11 1
6 118 122 986.2133474853704 1.0448150258144231e-11 1
6 118 123 986.3524709871061 1.0442968526142682e-11 1
6 118 124 986.4958846190787 1.0437505937823712e-11 1
6 118 125 986.6392982510625 1.0431522265757328e-11 1
6 118 126 986.7871131814724 1.0425551196846697e-11 1
6 118 127 986.9558588283058 1.04195482389634e-11 1
6 118 128 987.1302336980301 1.0412755064574944e-11 1
6 118 129 987.3046085677305 1.0405993454808346e-11 1
6 118 130 987.5059244479887 1.0399240620759095e-11 1
6 118 131 987.925465564376 1.0391942904557078e-11 1
6 118 132 988.4428899405405 1.0384432234332143e-11 1
6 118 133 988.960314316695 1.037692279065574e-11 1
6 118 134 989.4730960692501 1.0369059802033807e-11 1
6 118 135 989.8059907331194 1.0360790597382857e-11 1
6 118 136 990.0212529618841 1.0352569276845552e-11 1
6 118 137 990.2365151906508 1.0344323546205829e-11 1
6 118 138 990.4517774194238 1.0335345080077395e-11 1
6 118 139 990.6584657015329 1.0326460130550444e-11 1
6 118 140 990.855935676984 1.0317590444088578e-11 1
6 118 141 991.0531255395508 1.0308247364743818e-11 1
6 118 142 991.2503154021119 1.0298724293828437e-11 1
6 118 143 991.4355833550596 1.0289203688915114e-11 1
6 118 144 991.5977696792568 1.0279403099486205e-11 1
6 118 145 991.7586334823093 1.0269317194896448e-11 1
6 118 146 991.9194972853711 1.0259251063003154e-11 1
6 118 147 992.1090027036504 1.0249065464165478e-11 1
6 118 148 992.4178120677686 1.02383477962177e-11 1
6 118 149 992.7356916724187 1.022776089558417e-11 1
6 118 150 993.0535712770751 1.0217195866973116e-11 1
6 118 151 993.3655848348591 1.0206151914822286e-11 1
6 118 152 993.5378734879852 1.0195111471659306e-11 1
6 118 153 993.6975746298273 1.0184100021857743e-11 1
6 118 154 993.8572757716569 1.0172924138624452e-11 1
6 118 155 994.0169769134882 1.0161465161025073e-11 1
6 118 156 994.2019054654336 1.0150031969605585e-11 1
6 118 157 994.3935251584006 1.013848277789772e-11 1
6 118 158 994.585144851373 1.0126557813338801e-11 1
6 118 159 994.7767645443437 1.0114788971716803e-11 1
6 118 160 994.9371986665309 1.0103047453269093e-11 1
6 118 161 995.0787796936668 1.0091072146848743e-11 1
6 119 54 971.6257485243196 1.138557970057825e-11 1
6 119 55 973.7263497600242 1.127549225881073e-11 1
6 119 56 975.2190403457278 1.1166040856219055e-11 1
6 119 57 975.8715773045702 1.1060102450899321e-11 1
6 119 58 977.275656726785 1.095942199193282e-11 1
6 119 59 979.2158896619982 1.0865548963671218e-11 1
6 119 60 980.879030763499 1.0779773031103998e-11 1
6 119 61 982.0788895071471 1.0708591296472148e-11 1
6 119 62 983.7144092835413 1.0659758845903422e-11 1
6 119 63 984.8593617881443 1.0630185775492689e-11 1
6 119 64 985.4596423880364 1.061186280399358e-11 1
6 119 65 986.0437093617454 1.0600186203404314e-11 1
6 119 66 986.1033671524367 1.0592716592537556e-11 1
6 119 67 986.2226827338203 1.0587760281624443e-11 1
6 119 68 986.332493440172 1.0583954836034466e-11 1
6 119 69 986.5591699028872 1.058017489276308e-11 1
6 119 70 986.7858463656163 1.057639764845827e-11 1
6 119 71 987.0125228283314 1.057274266497996e-11 1
6 119 72 987.2085291098686 1.0569139440146909e-11 1
6 119 73 987.3028127200241 1.0565538698647436e-11 1
6 119 74 987.3855860554548 1.0561997318897858e-11 1
6 119 75 987.468359390884 1.0558551475856412e-11 1
6 119 76 987.5540097872978 1.0555107880488653e-11 1
6 119 77 987.6529108243949 1.0551686242484143e-11 1
6 119 78 987.7553577117735 1.0548408891970636e-11 1
6 119 79 987.857804599153 1.0545121561293786e-11 1
6 120 48 963.8932257168364 1.184607937015121e-11 1
6 120 49 964.8792799628701 1.1772481987303479e-11 1
6 120 50 966.0015151541006 1.1690778861171886e-11 1
6 120 51 967.4664447707283 1.1601809411707585e-11 1
6 120 52 969.2857942098547 1.1506781743828891e-11 1
6 120 53 971.3289963630743 1.1407119998289978e-11 1
6 120 54 973.5521731960629 1.1304516832435836e-11 1
6 120 55 975.1429063199887 1.1200733426835944e-11 1
6 120 56 976.4720377668946 1.1097561534075478e-11 1
6 120 57 978.4003639464117 1.099752302929308e-11 1
6 121 48 964.1987405448531 1.1748293712020087e-11 1
6 121 49 965.6596187648257 1.1675344231799142e-11 1
6 121 50 966.7525658467251 1.1595692270086926e-11 1
6 121 51 967.9967310749865 1.1516556279753315e-11 1
