6 55 104 993.6645208790032 1.5948830593746977e-11 1
6 55 105 1014.2662664844732 1.5515957230795964e-11 1
6 55 106 1037.7595526172831 1.5391139532506605e-11 1
6 55 107 1030.7162786915032 1.537143009935029e-11 1
6 56 79 973.2879339649432 1.9224198535674538e-11 1
6 56 80 973.2879339649432 1.9136398023699248e-11 1
6 56 81 976.2741400196333 1.9050903394055262e-11 1
6 56 82 979.0819403126033 1.8967817993001293e-11 1
6 56 83 981.0801702930733 1.888767451398516e-11 1
6 56 84 987.9961859180733 1.8810338331618962e-11 1
6 56 85 987.9961859180733 1.873598161632089e-11 1
6 56 86 991.0094915821333 1.8664827624221123e-11 1
6 56 87 995.3394476368233 1.8596995626555464e-11 1
6 56 88 1000.2176825001033 1.8532434661406764e-11 1
6 56 89 1009.8981634571333 1.8471394744736877e-11 1
6 56 90 1009.8981634571333 1.8413750150456002e-11 1
6 56 91 1013.5622869922832 1.835953363943053e-11 1
6 56 92 1016.7470404102532 1.8308789383961913e-11 1
6 56 93 1019.9817205860332 1.826142405662627e-11 1
6 56 94 1024.9640203907231 1.8217226313569886e-11 1
6 56 95 1024.9640203907231 1.8175988725707517e-11 1
6 56 96 1027.1768499805733 1.8137613248881056e-11 1
6 56 97 1029.4330755665032 1.8101826364244083e-11 1
6 56 98 1029.8083807422831 1.8060144434593378e-11 1
6 56 99 1030.7702337696333 1.80027735851613e-11 1
6 56 100 1032.2805487110331 1.79200698744298e-11 1
6 56 101 1033.7865911915032 1.7770977948788172e-11 1
6 56 102 1036.6768499805733 1.741711457506789e-11 1
6 56 103 1039.6166082813531 1.6764812720956176e-11 1
6 56 104 1042.0165716602532 1.6047177762356847e-11 1
6 56 105 1046.4087225391631 1.5558752118567038e-11 1
6 57 32 989.6780096485332 2.1578257337981045e-11 1
6 57 33 991.9548651172832 2.150449745694189e-11 1
6 57 34 990.6561590626033 2.145783283946e-11 1
6 57 35 990.6561590626033 2.142228225029523e-11 1
6 57 36 988.3669744922832 2.1388170124577808e-11 1
6 57 37 987.3128973438533 2.1355348534898063e-11 1
6 57 38 990.1824041797832 2.132438497095449e-11 1
6 57 39 991.3414617969732 2.1294870730530583e-11 1
6 57 40 991.3414617969732 2.1266808368320424e-11 1
6 57 41 991.1686102344732 2.124070358892106e-11 1
6 57 42 990.6470648243233 2.121614644603715e-11 1
6 57 43 989.0954290821333 2.119319629358966e-11 1
6 57 44 992.2065741016633 2.117209075845474e-11 1
6 57 45 992.2065741016633 2.11524383402279e-11 1
6 57 46 993.9085394336932 2.113421584946514e-11 1
6 57 47 993.1050726368233 2.111712353222825e-11 1
6 57 48 989.2035833790032 2.110081554842719e-11 1
6 57 49 991.8547064258833 2.108505049487258e-11 1
6 57 50 991.8547064258833 2.1069430000893793e-11 1
6 57 51 994.2680975391633 2.105305373956626e-11 1
6 57 52 997.7018743946333 2.1035800696031858e-11 1
6 57 53 1000.6300970508833 2.101711131375225e-11 1
6 57 54 1000.8652655079133 2.0995105759224197e-11 1
6 57 55 1000.8652655079133 2.096823567679889e-11 1
6 57 56 1001.9250189258833 2.093526639953873e-11 1
6 57 57 1001.7648016407232 2.0896368757282708e-11 1
6 57 58 1003.0672918751033 2.0851611266942135e-11 1
6 57 59 1004.0790106251033 2.080138544706949e-11 1
6 57 60 1004.0790106251033 2.0745978711045157e-11 1
6 57 61 1005.3278509571333 2.068585599964501e-11 1
6 57 62 1005.9923407032232 2.0621287280447957e-11 1
6 57 63 1007.1182562305733 2.0552445141949216e-11 1
6 57 64 1010.8294989063533 2.0480248789995575e-11 1
6 57 65 1010.8294989063533 2.0404524010683544e-11 1
6 57 66 1012.7174993946333 2.032630593691193e-11 1
6 57 67 1013.4302069141633 2.02452669273457e-11 1
6 57 68 1014.0807806446333 2.016239662265706e-11 1
6 57 69 1013.8500067188533 2.0078130565728625e-11 1
6 57 70 1013.8500067188533 1.999227832496595e-11 1
6 57 71 1012.8171698047832 1.9905319391323423e-11 1
6 57 72 1011.2203680469732 1.9818284302608948e-11 1
6 57 73 1008.8717962696333 1.9730884895454555e-11 1
6 57 74 1006.6298529102532 1.964354158648789e-11 1
6 57 75 1006.6298529102532 1.9556342392062637e-11 1
6 57 76 1008.1072088672832 1.9470186750969176e-11 1
6 57 77 1007.4079290821333 1.938502667521068e-11 1
6 57 78 1006.3169256641633 1.9301436631039005e-11 1
6 57 79 1011.7062689258833 1.921887970069212e-11 1
6 57 80 1011.7062689258833 1.9138538028456012e-11 1
6 57 81 1013.9499823047832 1.9059647352308046e-11 1
6 57 82 1017.0260321094732 1.8963906768507707e-11 1
6 57 83 1019.2174383594732 1.888957456087118e-11 1
6 57 84 1024.4203802540032 1.8817859623521877e-11 1
6 57 85 1024.4203802540032 1.874880023527558e-11 1
6 57 86 1025.6125189258833 1.8682509093811647e-11 1
6 57 87 1026.2963568165032 1.861911277382051e-11 1
6 57 88 1027.2737738086932 1.8558730611823738e-11 1
6 57 89 1028.1975408985331 1.8558730611823738e-11 1
6 57 90 1028.1975408985331 1.8437172779287678e-11 1
6 57 91 1029.3360907032231 1.8385227406938076e-11 1
6 58 24 985.2709051563533 2.386018331587628e-11 1
6 58 25 986.5771795704133 2.3564554038835564e-11 1
6 58 26 989.6299749805733 2.320291744451702e-11 1
6 58 27 993.2550970508833 2.279514694740835e-11 1
6 58 28 997.2737738086932 2.2368287455648365e-11 1
6 58 29 999.1133123829133 2.196721571016403e-11 1
6 58 30 1002.4082952930733 2.1673768315776346e-11 1
6 58 31 1004.3222357227532 2.14994500310011e-11 1
6 58 32 1004.9405828907232 2.1394503475326868e-11 1
6 58 33 1006.6235662891633 2.132976523913669e-11 1
6 58 34 1007.1835028126033 2.128899671677164e-11 1
6 58 35 1007.1835028126033 2.1266301563139222e-11 1
6 58 36 1007.3372503711932 2.1236270030112594e-11 1
6 58 37 1007.7347723438533 2.1207558428706692e-11 1
6 58 38 1008.9847113086932 2.1180046880761307e-11 1
6 58 39 1009.2270208790032 2.1153726352715395e-11 1
6 58 40 1009.2270208790032 2.1128697223795288e-11 1
6 58 41 1009.5746160938533 2.1128697223795288e-11 1
6 58 42 1010.1002508594732 2.109971851373463e-11 1
6 58 43 1010.6518255665032 2.107781288102103e-11 1
6 59 24 986.1932074024432 2.3491138131591726e-11 1
6 59 25 988.3372503711932 2.324284008382704e-11 1
6 59 26 990.7656561329133 2.294209550361443e-11 1
