1 19 27 992.4726889670203 8.025265765914338e-09 1
1 20 17 915.7059042990603 9.000000000000001e-07 1
1 20 18 923.5842001974903 1.6143736820163768e-07 1
1 20 19 931.0132773459303 5.339263459249444e-08 1
1 20 20 942.3099082053103 2.340047091986865e-08 1
1 20 21 946.8947470724903 1.6476161909824505e-08 1
1 20 22 966.5170615256203 1.093139158965714e-08 1
1 20 23 995.4892905295203 7.837335980624142e-09 1
1 20 24 1007.3967001974903 7.080239920902328e-09 1
1 20 25 1011.3954794943703 6.904690488359578e-09 1
1 20 26 1016.9446127951503 7.171014814144638e-09 1
1 20 27 1027.0888999045203 7.156911756854627e-09 1
1 21 11 961.1333334982703 1.0642035279192093e-08 1
1 21 12 967.2713950217103 1.036982568711014e-08 1
1 21 13 974.1137412131203 1.1379525096831459e-08 1
1 21 14 978.7813437521803 1.2278974953409665e-08 1
1 21 15 982.0501425803103 1.2434236988851996e-08 1
1 21 16 986.6133139670203 1.2506955093842877e-08 1
1 21 17 990.0431845724903 1.2997363612564518e-08 1
1 21 18 993.1352255881203 1.326379531499846e-08 1
