1 19 27 994.9630957206657 8.025265765914338e-09 1
1 20 17 918.1963110527057 9.000000000000001e-07 1
1 20 18 926.0746069511357 1.6143736820163768e-07 1
1 20 19 933.5036840995757 5.339263459249444e-08 1
1 20 20 944.8003149589557 2.340047091986865e-08 1
1 20 21 949.3851538261357 1.6476161909824505e-08 1
1 20 22 969.0074682792657 1.093139158965714e-08 1
1 20 23 997.9796972831657 7.837335980624142e-09 1
1 20 24 1009.8871069511357 7.080239920902328e-09 1
1 20 25 1013.8858862480157 6.904690488359578e-09 1
1 20 26 1019.4350195487957 7.171014814144638e-09 1
1 20 27 1029.5793066581657 7.156911756854627e-09 1
1 21 11 963.6237402519157 1.0642035279192093e-08 1
1 21 12 969.7618017753557 1.036982568711014e-08 1
1 21 13 976.6041479667657 1.1379525096831459e-08 1
1 21 14 981.2717505058257 1.2278974953409665e-08 1
1 21 15 984.5405493339557 1.2434236988851996e-08 1
1 21 16 989.1037207206657 1.2506955093842877e-08 1
1 21 17 992.5335913261357 1.2997363612564518e-08 1
1 21 18 995.6256323417657 1.326379531499846e-08 1
