2 19 27 991.3818496451756 3.1351201793252124e-10 1
2 20 17 914.6150649772156 1.86218191297687e-10 1
2 20 18 922.4933608756456 1.8464022906941621e-10 1
2 20 19 929.9224380240856 1.9766020944635173e-10 1
2 20 20 941.2190688834656 2.2434893003946843e-10 1
2 20 21 945.8039077506456 2.554288094682041e-10 1
2 20 22 965.4262222037756 2.767110880162794e-10 1
2 20 23 994.3984512076756 2.830114595474337e-10 1
2 20 24 1006.3058608756456 2.8269137906288287e-10 1
2 20 25 1010.3046401725256 2.9108968591064874e-10 1
2 20 26 1015.8537734733056 2.8241918725190666e-10 1
2 20 27 1025.9980605826756 2.6121777980122466e-10 1
2 21 11 960.0424941764256 2.2368257687503054e-10 1
2 21 12 966.1805556998656 2.277061364630045e-10 1
2 21 13 973.0229018912756 2.0938762469381843e-10 1
2 21 14 977.6905044303356 2.0328187962949494e-10 1
2 21 15 980.9593032584656 2.0486672395384064e-10 1
2 21 16 985.5224746451756 2.0391283755053223e-10 1
2 21 17 988.9523452506456 1.9647858610462982e-10 1
2 21 18 992.0443862662756 1.9068198526201937e-10 1
