6 55 104 963.2239292373372 1.5948830593746977e-11 1
6 55 105 983.8256748428072 1.5515957230795964e-11 1
6 55 106 1007.3189609756172 1.5391139532506605e-11 1
6 55 107 1000.2756870498372 1.537143009935029e-11 1
6 56 79 942.8473423232772 1.9224198535674538e-11 1
6 56 80 942.8473423232772 1.9136398023699248e-11 1
6 56 81 945.8335483779672 1.9050903394055262e-11 1
6 56 82 948.6413486709372 1.8967817993001293e-11 1
6 56 83 950.6395786514072 1.888767451398516e-11 1
6 56 84 957.5555942764072 1.8810338331618962e-11 1
6 56 85 957.5555942764072 1.873598161632089e-11 1
6 56 86 960.5688999404672 1.8664827624221123e-11 1
6 56 87 964.8988559951572 1.8596995626555464e-11 1
6 56 88 969.7770908584372 1.8532434661406764e-11 1
6 56 89 979.4575718154672 1.8471394744736877e-11 1
6 56 90 979.4575718154672 1.8413750150456002e-11 1
6 56 91 983.1216953506172 1.835953363943053e-11 1
6 56 92 986.3064487685872 1.8308789383961913e-11 1
6 56 93 989.5411289443672 1.826142405662627e-11 1
6 56 94 994.5234287490572 1.8217226313569886e-11 1
6 56 95 994.5234287490572 1.8175988725707517e-11 1
6 56 96 996.7362583389072 1.8137613248881056e-11 1
6 56 97 998.9924839248372 1.8101826364244083e-11 1
6 56 98 999.3677891006172 1.8060144434593378e-11 1
6 56 99 1000.3296421279672 1.80027735851613e-11 1
6 56 100 1001.8399570693672 1.79200698744298e-11 1
6 56 101 1003.3459995498372 1.7770977948788172e-11 1
6 56 102 1006.2362583389072 1.741711457506789e-11 1
6 56 103 1009.1760166396872 1.6764812720956176e-11 1
6 56 104 1011.5759800185872 1.6047177762356847e-11 1
6 56 105 1015.9681308974972 1.5558752118567038e-11 1
6 57 32 959.2374180068672 2.1578257337981045e-11 1
6 57 33 961.5142734756172 2.150449745694189e-11 1
6 57 34 960.2155674209372 2.145783283946e-11 1
6 57 35 960.2155674209372 2.142228225029523e-11 1
6 57 36 957.9263828506172 2.1388170124577808e-11 1
6 57 37 956.8723057021872 2.1355348534898063e-11 1
6 57 38 959.7418125381172 2.132438497095449e-11 1
6 57 39 960.9008701553072 2.1294870730530583e-11 1
6 57 40 960.9008701553072 2.1266808368320424e-11 1
6 57 41 960.7280185928072 2.124070358892106e-11 1
6 57 42 960.2064731826572 2.121614644603715e-11 1
6 57 43 958.6548374404672 2.119319629358966e-11 1
6 57 44 961.7659824599972 2.117209075845474e-11 1
6 57 45 961.7659824599972 2.11524383402279e-11 1
6 57 46 963.4679477920272 2.113421584946514e-11 1
6 57 47 962.6644809951572 2.111712353222825e-11 1
6 57 48 958.7629917373372 2.110081554842719e-11 1
6 57 49 961.4141147842172 2.108505049487258e-11 1
6 57 50 961.4141147842172 2.1069430000893793e-11 1
6 57 51 963.8275058974972 2.105305373956626e-11 1
6 57 52 967.2612827529672 2.1035800696031858e-11 1
6 57 53 970.1895054092172 2.101711131375225e-11 1
6 57 54 970.4246738662472 2.0995105759224197e-11 1
6 57 55 970.4246738662472 2.096823567679889e-11 1
6 57 56 971.4844272842172 2.093526639953873e-11 1
6 57 57 971.3242099990572 2.0896368757282708e-11 1
6 57 58 972.6267002334372 2.0851611266942135e-11 1
6 57 59 973.6384189834372 2.080138544706949e-11 1
6 57 60 973.6384189834372 2.0745978711045157e-11 1
6 57 61 974.8872593154672 2.068585599964501e-11 1
6 57 62 975.5517490615572 2.0621287280447957e-11 1
6 57 63 976.6776645889072 2.0552445141949216e-11 1
6 57 64 980.3889072646872 2.0480248789995575e-11 1
6 57 65 980.3889072646872 2.0404524010683544e-11 1
6 57 66 982.2769077529672 2.032630593691193e-11 1
6 57 67 982.9896152724972 2.02452669273457e-11 1
6 57 68 983.6401890029672 2.016239662265706e-11 1
6 57 69 983.4094150771872 2.0078130565728625e-11 1
6 57 70 983.4094150771872 1.999227832496595e-11 1
6 57 71 982.3765781631172 1.9905319391323423e-11 1
6 57 72 980.7797764053072 1.9818284302608948e-11 1
6 57 73 978.4312046279672 1.9730884895454555e-11 1
6 57 74 976.1892612685872 1.964354158648789e-11 1
6 57 75 976.1892612685872 1.9556342392062637e-11 1
6 57 76 977.6666172256172 1.9470186750969176e-11 1
6 57 77 976.9673374404672 1.938502667521068e-11 1
6 57 78 975.8763340224972 1.9301436631039005e-11 1
6 57 79 981.2656772842172 1.921887970069212e-11 1
6 57 80 981.2656772842172 1.9138538028456012e-11 1
6 57 81 983.5093906631172 1.9059647352308046e-11 1
6 57 82 986.5854404678072 1.8963906768507707e-11 1
6 57 83 988.7768467178072 1.888957456087118e-11 1
6 57 84 993.9797886123372 1.8817859623521877e-11 1
6 57 85 993.9797886123372 1.874880023527558e-11 1
6 57 86 995.1719272842172 1.8682509093811647e-11 1
6 57 87 995.8557651748372 1.861911277382051e-11 1
6 57 88 996.8331821670272 1.8558730611823738e-11 1
6 57 89 997.7569492568672 1.8558730611823738e-11 1
6 57 90 997.7569492568672 1.8437172779287678e-11 1
6 57 91 998.8954990615572 1.8385227406938076e-11 1
6 58 24 954.8303135146872 2.386018331587628e-11 1
6 58 25 956.1365879287472 2.3564554038835564e-11 1
6 58 26 959.1893833389072 2.320291744451702e-11 1
6 58 27 962.8145054092172 2.279514694740835e-11 1
6 58 28 966.8331821670272 2.2368287455648365e-11 1
6 58 29 968.6727207412472 2.196721571016403e-11 1
6 58 30 971.9677036514072 2.1673768315776346e-11 1
6 58 31 973.8816440810872 2.14994500310011e-11 1
6 58 32 974.4999912490572 2.1394503475326868e-11 1
6 58 33 976.1829746474972 2.132976523913669e-11 1
6 58 34 976.7429111709372 2.128899671677164e-11 1
6 58 35 976.7429111709372 2.1266301563139222e-11 1
6 58 36 976.8966587295272 2.1236270030112594e-11 1
6 58 37 977.2941807021872 2.1207558428706692e-11 1
6 58 38 978.5441196670272 2.1180046880761307e-11 1
6 58 39 978.7864292373372 2.1153726352715395e-11 1
6 58 40 978.7864292373372 2.1128697223795288e-11 1
6 58 41 979.1340244521872 2.1128697223795288e-11 1
6 58 42 979.6596592178072 2.109971851373463e-11 1
6 58 43 980.2112339248372 2.107781288102103e-11 1
6 59 24 955.7526157607772 2.3491138131591726e-11 1
6 59 25 957.8966587295272 2.324284008382704e-11 1
6 59 26 960.3250644912472 2.294209550361443e-11 1
