1 98 267 974.8912775008716 4.8906941504865306e-11 1
1 98 268 994.6105768172716 4.3456486766929615e-11 1
1 98 269 1016.8975641219616 3.4062214759519676e-11 1
1 98 270 1011.0605890243016 3.092874486475607e-11 1
1 99 206 953.6322442977416 6.799148611694095e-11 1
1 99 207 953.6322442977416 6.758101306040419e-11 1
1 99 208 953.6322442977416 6.718632950494957e-11 1
1 99 209 953.6322442977416 6.679622920841546e-11 1
1 99 210 956.6184503524316 6.328029709131783e-11 1
1 99 211 956.6184503524316 6.295788031823573e-11 1
1 99 212 956.6184503524316 6.263873235458784e-11 1
1 99 213 956.6184503524316 6.232616798646495e-11 1
1 99 214 959.4262506454016 5.944980704662133e-11 1
1 99 215 959.4262506454016 5.918669845663407e-11 1
1 99 216 959.4262506454016 5.892590849836615e-11 1
1 99 217 959.4262506454016 5.867678488530815e-11 1
1 99 218 959.4262506454016 5.844223071992524e-11 1
1 99 219 961.4244806258716 5.6564698627447024e-11 1
1 99 220 961.4244806258716 5.635385413136067e-11 1
1 99 221 961.4244806258716 5.6157326696400596e-11 1
1 99 222 961.4244806258716 5.596216523039147e-11 1
1 99 223 968.3404962508716 5.0866884051208334e-11 1
1 99 224 968.3404962508716 5.072473434318444e-11 1
1 99 225 968.3404962508716 5.0580801426161104e-11 1
1 99 226 968.3404962508716 5.0437683025645497e-11 1
1 99 227 971.3538019149316 4.846766115132367e-11 1
1 99 228 971.3538019149316 4.835159353838546e-11 1
1 99 229 971.3538019149316 4.823422191115009e-11 1
1 99 230 971.3538019149316 4.8118593102462326e-11 1
1 99 231 975.6837579696216 4.5642506623134726e-11 1
1 99 232 975.6837579696216 4.55491088010597e-11 1
1 99 233 975.6837579696216 4.5458649143616616e-11 1
1 99 234 975.6837579696216 4.537862904107814e-11 1
1 99 235 980.5619928329016 4.2925205699692524e-11 1
1 99 236 980.5619928329016 4.285168065521875e-11 1
1 99 237 980.5619928329016 4.27820400002041e-11 1
1 99 238 980.5619928329016 4.2717480977338646e-11 1
1 99 239 990.2424737899316 3.8662186389183496e-11 1
1 99 240 990.2424737899316 3.861246235739157e-11 1
1 99 241 990.2424737899316 3.8566333430652113e-11 1
1 99 242 990.2424737899316 3.85203145895527e-11 1
1 99 243 990.2424737899316 3.8475796103733485e-11 1
1 99 244 993.9065973250816 3.712985033347534e-11 1
1 99 245 993.9065973250816 3.709297484269809e-11 1
1 99 246 993.9065973250816 3.705617252499644e-11 1
1 99 247 993.9065973250816 3.702256317165426e-11 1
1 99 248 997.0913507430516 3.593351645967267e-11 1
1 99 249 997.0913507430516 3.590400482360898e-11 1
1 99 250 997.0913507430516 3.587501295264701e-11 1
1 99 251 997.0913507430516 3.585060932067136e-11 1
1 99 252 1000.3260309188316 3.4817519407108756e-11 1
1 99 253 1000.3260309188316 3.479530398812556e-11 1
1 99 254 1000.3260309188316 3.4777238405312526e-11 1
1 99 255 1000.3260309188316 3.47589224019589e-11 1
1 99 256 1005.3083307235216 3.329968015231187e-11 1
1 99 257 1005.3083307235216 3.3285196666624586e-11 1
1 99 258 1005.3083307235216 3.3269884639758614e-11 1
1 99 259 1007.5211603133716 3.264706959341344e-11 1
1 99 260 1007.5211603133716 3.2624368922859955e-11 1
1 99 261 1009.7773858993016 3.2017623149496786e-11 1
1 99 262 1011.1145441024316 3.168173820728337e-11 1
1 99 263 1012.2334405868016 3.144589631238691e-11 1
1 99 264 1014.1309015243016 3.104955916637985e-11 1
1 99 265 1017.0211603133716 3.0450099409905147e-11 1
1 99 266 1019.9609186141516 3.057403399537252e-11 1
1 99 267 1022.0236017196216 3.217619925519779e-11 1
1 99 268 1026.7530328719618 3.366183965939612e-11 1
1 100 43 969.8247491805516 6.854436677272719e-11 1
1 100 44 970.0223199813316 6.850447624413491e-11 1
1 100 45 970.0223199813316 6.870143136489279e-11 1
1 100 46 970.0223199813316 6.88995840395918e-11 1
1 100 47 970.0223199813316 6.910760703940534e-11 1
1 100 48 972.4659845321216 6.651078323728678e-11 1
1 100 49 972.4659845321216 6.671445195256589e-11 1
1 100 50 972.4659845321216 6.69209483838006e-11 1
1 100 51 972.4659845321216 6.714403857249278e-11 1
1 100 52 972.2991754500816 6.755842142171107e-11 1
1 100 53 972.2991754500816 6.778803187192255e-11 1
1 100 54 972.2991754500816 6.8037904748191e-11 1
1 100 55 972.2991754500816 6.828601573776704e-11 1
1 100 56 971.0004693954016 7.009571349012568e-11 1
1 100 57 971.0004693954016 7.03678032557876e-11 1
1 100 58 971.0004693954016 7.06537912777293e-11 1
1 100 59 971.0004693954016 7.09421134044149e-11 1
1 100 60 968.7112848250816 7.427275806923855e-11 1
1 100 61 968.7112848250816 7.46185999218983e-11 1
1 100 62 968.7112848250816 7.496767758076175e-11 1
1 100 63 968.7112848250816 7.532641957046839e-11 1
1 100 64 967.6572076766516 7.725544421135225e-11 1
1 100 65 967.6572076766516 7.765543756792599e-11 1
1 100 66 967.6572076766516 7.805959444663165e-11 1
1 100 67 967.6572076766516 7.847785571378178e-11 1
1 100 68 967.6572076766516 7.891400991976315e-11 1
1 100 69 970.5267145125816 7.508087589901125e-11 1
1 100 70 970.5267145125816 7.549325221754723e-11 1
1 100 71 970.5267145125816 7.591360400827674e-11 1
1 100 72 970.5267145125816 7.633866310688906e-11 1
1 100 73 971.6857721297716 7.510518234443423e-11 1
1 100 74 971.6857721297716 7.553714570606841e-11 1
1 100 75 971.6857721297716 7.596276853456032e-11 1
1 100 76 971.6857721297716 7.639321498492023e-11 1
1 100 77 971.5129205672716 7.70801059872965e-11 1
1 100 78 971.5129205672716 7.751297513805775e-11 1
1 100 79 971.5129205672716 7.795073358971023e-11 1
1 100 80 971.5129205672716 7.839873440501507e-11 1
1 100 81 970.9913751571216 7.964844994072344e-11 1
1 100 82 970.9913751571216 8.0093403689405e-11 1
1 100 83 970.9913751571216 8.054335680927316e-11 1
1 100 84 970.9913751571216 8.096978059621564e-11 1
1 100 85 969.4397394149316 8.405548360763689e-11 1
1 100 86 969.4397394149316 8.452063816616655e-11 1
1 100 87 969.4397394149316 8.497409111550446e-11 1
1 100 88 969.4397394149316 8.540957374773671e-11 1
1 100 89 972.5508844344616 8.047595468206967e-11 1
1 100 90 972.5508844344616 8.084904439747834e-11 1
1 100 91 972.5508844344616 8.11957298678944e-11 1
1 100 92 972.5508844344616 8.155828476652565e-11 1
1 100 93 972.5508844344616 8.192409194504288e-11 1
1 100 94 974.2528497664916 7.946852480776499e-11 1
1 100 95 974.2528497664916 7.978284657629973e-11 1
1 100 96 974.2528497664916 8.009966469172164e-11 1
1 100 97 974.2528497664916 8.039684307371705e-11 1
1 100 98 973.4493829696216 8.20125587232395e-11 1
1 100 99 973.4493829696216 8.231888373003668e-11 1
1 100 100 973.4493829696216 8.26255834731091e-11 1
1 100 101 973.4493829696216 8.291589475859291e-11 1
1 100 102 969.5478937118016 9.055783939542892e-11 1
1 100 103 969.5478937118016 9.088466884472106e-11 1
1 100 104 969.5478937118016 9.120738541496575e-11 1
1 100 105 969.5478937118016 9.153736096554437e-11 1
1 100 106 972.1990167586816 8.658908668191848e-11 1
1 100 107 972.1990167586816 8.683150063046412e-11 1
1 100 108 972.1990167586816 8.710128294969219e-11 1
1 100 109 972.1990167586816 8.738958056329494e-11 1
1 100 110 974.6124078719616 8.327440925349006e-11 1
1 100 111 974.6124078719616 8.353738071323227e-11 1
1 100 112 974.6124078719616 8.380201830454626e-11 1
1 100 113 974.6124078719616 8.404021903051861e-11 1
1 100 114 978.0461847274316 7.860603359699476e-11 1
1 100 115 978.0461847274316 7.883982188749822e-11 1
1 100 116 978.0461847274316 7.90697503503915e-11 1
1 100 117 978.0461847274316 7.928277285770468e-11 1
1 100 118 978.0461847274316 7.94964037538366e-11 1
1 100 119 980.9744073836816 7.531159634229326e-11 1
1 100 120 980.9744073836816 7.549407318116918e-11 1
1 100 121 980.9744073836816 7.562338552659971e-11 1
1 100 122 980.9744073836816 7.575314162538347e-11 1
1 100 123 981.2095758407116 7.554608353529213e-11 1
1 100 124 981.2095758407116 7.561825047385237e-11 1
1 100 125 981.2095758407116 7.566804281735525e-11 1
1 100 126 981.2095758407116 7.571790077758586e-11 1
1 100 127 982.2693292586816 7.424552931143888e-11 1
1 100 128 982.2693292586816 7.420839059865878e-11 1
1 100 129 982.2693292586816 7.416586300263366e-11 1
1 100 130 982.2693292586816 7.411553243190533e-11 1
1 100 131 982.1091119735216 7.420962035123519e-11 1
1 100 132 982.1091119735216 7.408346069410014e-11 1
1 100 133 982.1091119735216 7.39644975572194e-11 1
1 100 134 982.1091119735216 7.377929020787861e-11 1
1 100 135 983.4116022079016 7.185075071893272e-11 1
1 100 136 983.4116022079016 7.165593838388446e-11 1
1 100 137 983.4116022079016 7.143955026998927e-11 1
1 100 138 983.4116022079016 7.117633872169443e-11 1
1 100 139 984.4233209579016 6.966266105065072e-11 1
1 100 140 984.4233209579016 6.940478816638812e-11 1
1 100 141 984.4233209579016 6.910121189946142e-11 1
1 100 142 984.4233209579016 6.879637420286781e-11 1
1 100 143 984.4233209579016 6.84942142561763e-11 1
1 100 144 985.6721612899316 6.674073947105122e-11 1
1 100 145 985.6721612899316 6.641428479765533e-11 1
1 100 146 985.6721612899316 6.609166350313602e-11 1
1 100 147 985.6721612899316 6.575849278680242e-11 1
1 100 148 986.3366510360216 6.470321678114304e-11 1
1 100 149 986.3366510360216 6.436215552065606e-11 1
1 100 150 986.3366510360216 6.402589132913967e-11 1
1 100 151 986.3366510360216 6.36668477422405e-11 1
1 100 152 987.4625665633716 6.219991213345254e-11 1
1 100 153 987.4625665633716 6.185766319743543e-11 1
1 100 154 987.4625665633716 6.150275968844064e-11 1
1 100 155 987.4625665633716 6.114680295695648e-11 1
1 100 156 991.1738092391516 5.7549911983723327e-11 1
1 100 157 991.1738092391516 5.723906054407604e-11 1
1 100 158 991.1738092391516 5.691981258336112e-11 1
1 100 159 991.1738092391516 5.660207871743477e-11 1
1 100 160 993.0618097274316 5.483023384741365e-11 1
1 100 161 993.0618097274316 5.452594765498656e-11 1
1 100 162 993.0618097274316 5.4225020160044466e-11 1
1 100 163 993.0618097274316 5.3929148595708756e-11 1
1 100 164 993.7745172469616 5.3120309710222745e-11 1
1 100 165 993.7745172469616 5.282504928840589e-11 1
1 100 166 993.7745172469616 5.253305303531256e-11 1
1 100 167 993.7745172469616 5.223813974075118e-11 1
1 100 168 993.7745172469616 5.194034176823299e-11 1
1 100 169 994.4250909774316 5.121657452656975e-11 1
1 100 170 994.4250909774316 5.0930107250124065e-11 1
1 100 171 994.4250909774316 5.063708279476507e-11 1
1 100 172 994.4250909774316 5.0347410861150985e-11 1
1 100 173 994.1943170516516 5.020509192425617e-11 1
1 100 174 994.1943170516516 4.991461366948326e-11 1
1 100 175 994.1943170516516 4.96262815818924e-11 1
1 100 176 994.1943170516516 4.9341565206388484e-11 1
1 100 177 993.1614801375816 4.9691488087279476e-11 1
1 100 178 993.1614801375816 4.940632685502163e-11 1
1 100 179 993.1614801375816 4.912345596225732e-11 1
1 100 180 993.1614801375816 4.8844057995636324e-11 1
1 100 181 991.5646783797716 4.95305885388594e-11 1
1 100 182 991.5646783797716 4.9249028218637044e-11 1
1 100 183 991.5646783797716 4.897182132180316e-11 1
1 100 184 991.5646783797716 4.869941745230448e-11 1
1 100 185 989.2161066024316 4.984763686742935e-11 1
1 100 186 989.2161066024316 4.9565792562912166e-11 1
1 100 187 989.2161066024316 4.92887234840683e-11 1
1 100 188 989.2161066024316 4.901566074917225e-11 1
1 100 189 986.9741632430516 5.011480464004593e-11 1
1 100 190 986.9741632430516 4.983299621419791e-11 1
1 100 191 986.9741632430516 4.955713923597607e-11 1
1 100 192 986.9741632430516 4.9284204591700516e-11 1
1 100 193 986.9741632430516 4.9014259841448525e-11 1
1 100 194 988.4515192000816 4.7888513836242554e-11 1
1 100 195 988.4515192000816 4.76376845456289e-11 1
1 100 196 988.4515192000816 4.738946913916667e-11 1
1 100 197 988.4515192000816 4.714646119589936e-11 1
1 100 198 987.7522394149316 4.729683549884215e-11 1
1 100 199 987.7522394149316 4.7057623480898776e-11 1
1 100 200 987.7522394149316 4.6821422073693016e-11 1
1 100 201 987.7522394149316 4.6593342247580755e-11 1
1 100 202 986.6612359969616 4.696138345201156e-11 1
1 100 203 986.6612359969616 4.673259686581323e-11 1
1 100 204 986.6612359969616 4.651257275203462e-11 1
1 100 205 986.6612359969616 4.6295361693725957e-11 1
1 100 206 992.0505792586816 4.338649903690421e-11 1
1 100 207 992.0505792586816 4.320049212514964e-11 1
1 100 208 992.0505792586816 4.3020124731551895e-11 1
1 100 209 992.0505792586816 4.284125718821226e-11 1
1 100 210 994.2942926375816 4.166888669847169e-11 1
1 100 211 994.2942926375816 4.150993606015943e-11 1
1 100 212 994.2942926375816 4.135094942436403e-11 1
1 100 213 994.2942926375816 4.119317600689659e-11 1
1 100 214 997.3703424422716 3.994039656396602e-11 1
1 100 215 997.3703424422716 3.994039656396602e-11 1
1 100 216 997.3703424422716 3.927681657374407e-11 1
1 100 217 997.3703424422716 3.927681657374407e-11 1
1 100 218 997.3703424422716 3.927681657374407e-11 1
1 100 219 999.5617486922716 3.8051155626186356e-11 1
1 100 220 999.5617486922716 3.8051155626186356e-11 1
1 100 221 999.5617486922716 3.8051155626186356e-11 1
1 100 222 999.5617486922716 3.768583141318065e-11 1
1 100 223 1004.7646905868016 3.592482187239519e-11 1
1 100 224 1004.7646905868016 3.592482187239519e-11 1
1 100 225 1004.7646905868016 3.562153424365739e-11 1
1 100 226 1004.7646905868016 3.562153424365739e-11 1
1 100 227 1005.9568292586816 3.524733262411194e-11 1
1 100 228 1005.9568292586816 3.524733262411194e-11 1
1 100 229 1005.9568292586816 3.4976727901912105e-11 1
1 100 230 1005.9568292586816 3.4976727901912105e-11 1
1 100 231 1006.6406671493016 3.476882413827276e-11 1
1 100 232 1006.6406671493016 3.452663122475002e-11 1
1 100 233 1006.6406671493016 3.452663122475002e-11 1
1 100 234 1006.6406671493016 3.452663122475002e-11 1
1 100 235 1007.6180841414916 3.402314795106338e-11 1
1 100 236 1007.6180841414916 3.402314795106338e-11 1
1 100 237 1007.6180841414916 3.402314795106338e-11 1
1 100 238 1007.6180841414916 3.402314795106338e-11 1
1 100 239 1008.5418512313316 3.375789977402536e-11 1
1 100 240 1008.5418512313316 3.375789977402536e-11 1
1 100 241 1008.5418512313316 3.375789977402536e-11 1
1 100 242 1008.5418512313316 3.375789977402536e-11 1
1 100 243 1008.5418512313316 3.3301202199011177e-11 1
1 100 244 1009.6804010360216 3.2988511706503137e-11 1
1 100 245 1009.6804010360216 3.2850075914672475e-11 1
1 100 246 1009.6804010360216 3.2850075914672475e-11 1
1 101 24 965.6152154891516 4.770294088069093e-11 1
1 101 25 966.9214899032116 4.7344283215779755e-11 1
1 101 26 969.9742853133716 4.693193993227221e-11 1
1 101 27 973.5994073836816 4.749434680231474e-11 1
1 101 28 977.6180841414916 4.969114222100192e-11 1
1 101 29 979.1882745711816 5.384963390702791e-11 1
1 101 30 981.0684015243016 5.538317776326991e-11 1
1 101 31 982.7526056258716 5.553993076542046e-11 1
1 101 32 983.0021783797716 5.612846436270707e-11 1
1 101 33 983.4300348250816 5.626699976112709e-11 1
1 101 34 983.7672540633716 5.632747777068023e-11 1
1 101 35 984.6665460555516 5.5847079847497745e-11 1
1 101 36 984.6665460555516 5.6001897636914115e-11 1
1 101 37 984.6665460555516 5.612980306535098e-11 1
1 101 38 984.6665460555516 5.626291665505752e-11 1
1 101 39 985.0440484969616 5.609808277698206e-11 1
1 101 40 985.0440484969616 5.6229845169775005e-11 1
1 101 41 985.0440484969616 5.636938272411935e-11 1
1 101 42 985.0440484969616 5.6509614542050593e-11 1
1 101 43 985.0440484969616 5.665018550477066e-11 1
1 101 44 985.2848932235216 5.660032165093942e-11 1
1 101 45 985.2848932235216 5.674533213382669e-11 1
1 101 46 985.2848932235216 5.689108756133342e-11 1
1 101 47 985.2848932235216 5.703749188853937e-11 1
1 101 48 985.5131647079016 5.6999507326762085e-11 1
1 101 49 985.5131647079016 5.7147798985093126e-11 1
1 101 50 985.5131647079016 5.729667939811803e-11 1
1 101 51 985.5131647079016 5.744498287864094e-11 1
1 101 52 986.9678766219616 5.641322999342973e-11 1
1 101 53 986.9678766219616 5.655776539025512e-11 1
1 101 54 986.9678766219616 5.6705248647512583e-11 1
1 101 55 986.9678766219616 5.6854201017321373e-11 1
1 101 56 987.5278131454016 5.655226621499648e-11 1
1 101 57 987.5278131454016 5.670108853566766e-11 1
1 101 58 987.5278131454016 5.666307277161434e-11 1
1 101 59 987.5278131454016 5.666307277161434e-11 1
1 101 60 987.6815607039916 5.692777965502576e-11 1
1 101 61 987.6815607039916 5.692777965502576e-11 1
1 101 62 987.6815607039916 5.747914784637585e-11 1
1 101 63 987.6815607039916 5.747914784637585e-11 1
1 101 64 988.0790826766516 5.7152674278766526e-11 1
1 101 65 988.0790826766516 5.7725914651333224e-11 1
1 101 66 988.0790826766516 5.7725914651333224e-11 1
1 101 67 988.0790826766516 5.7725914651333224e-11 1
1 101 68 988.0790826766516 5.7725914651333224e-11 1
1 101 69 989.3290216414916 5.727464756113134e-11 1
1 101 70 989.3290216414916 5.727464756113134e-11 1
1 101 71 989.3290216414916 5.727464756113134e-11 1
1 101 72 989.3290216414916 5.7857040070695855e-11 1
1 101 73 989.5713312118016 5.7654969283703856e-11 1
1 101 74 989.5713312118016 5.7654969283703856e-11 1
1 101 75 989.5713312118016 5.823160247974893e-11 1
1 101 76 989.5713312118016 5.823160247974893e-11 1
1 101 77 989.9189264266516 5.793841921190034e-11 1
1 101 78 989.9189264266516 5.793841921190034e-11 1
1 101 79 989.9189264266516 5.850107074027135e-11 1
1 101 80 989.9189264266516 5.850107074027135e-11 1
1 101 81 990.4445611922716 5.8054771828346127e-11 1
1 101 82 990.4445611922716 5.8054771828346127e-11 1
1 101 83 990.4445611922716 5.8054771828346127e-11 1
1 101 84 990.4445611922716 5.8054771828346127e-11 1
1 101 85 990.9961358993016 5.759371193653503e-11 1
1 101 86 990.9961358993016 5.887198559102295e-11 1
1 102 24 966.5375177352416 4.592504244857009e-11 1
1 102 25 968.6815607039916 4.520718696043973e-11 1
1 102 26 971.1099664657116 4.544323028587353e-11 1
