4 55 104 992.6971728011409 1.8372260423062345e-11 1
4 55 105 1013.2989184066109 1.9845640333342327e-11 1
4 55 106 1036.792204539421 2.0534329000000592e-11 1
4 55 107 1029.7489306136408 2.195271871572142e-11 1
4 56 79 972.3205858870809 1.002048224845866e-11 1
4 56 80 972.3205858870809 1.0185222143759727e-11 1
4 56 81 975.3067919417709 1.0353140904696422e-11 1
4 56 82 978.1145922347409 1.0522515991026294e-11 1
4 56 83 980.1128222152109 1.0694181001144592e-11 1
4 56 84 987.0288378402109 1.0865354169971832e-11 1
4 56 85 987.0288378402109 1.1035238596841455e-11 1
4 56 86 990.0421435042709 1.1204755074438205e-11 1
4 56 87 994.3720995589609 1.1373548368175559e-11 1
4 56 88 999.2503344222409 1.1537502226478173e-11 1
4 56 89 1008.9308153792709 1.1700128936264492e-11 1
4 56 90 1008.9308153792709 1.1856838229305817e-11 1
4 56 91 1012.5949389144209 1.2007093911450899e-11 1
4 56 92 1015.7796923323909 1.2152843435368577e-11 1
4 56 93 1019.0143725081709 1.2293584026110095e-11 1
4 56 94 1023.9966723128609 1.2424095230033457e-11 1
4 56 95 1023.9966723128609 1.2547428946740697e-11 1
4 56 96 1026.209501902711 1.2660942093321015e-11 1
4 56 97 1028.4657274886408 1.2763950635535526e-11 1
4 56 98 1028.841032664421 1.2878388617573252e-11 1
4 56 99 1029.8028856917708 1.301949906705244e-11 1
4 56 100 1031.313200633171 1.3180530586286186e-11 1
4 56 101 1032.8192431136408 1.3389455824813516e-11 1
4 56 102 1035.709501902711 1.3870949959786833e-11 1
4 56 103 1038.649260203491 1.5018946707444906e-11 1
4 56 104 1041.0492235823908 1.6887979529096187e-11 1
4 56 105 1045.441374461301 1.880983371769403e-11 1
4 57 32 988.7106615706709 7.847276977952783e-12 1
4 57 33 990.9875170394209 7.821272425048337e-12 1
4 57 34 989.6888109847409 7.803611380741793e-12 1
4 57 35 989.6888109847409 7.78862182919207e-12 1
4 57 36 987.3996264144209 7.774795363989054e-12 1
4 57 37 986.3455492659909 7.762247519389725e-12 1
4 57 38 989.2150561019209 7.750460664094526e-12 1
4 57 39 990.3741137191109 7.740740118502455e-12 1
4 57 40 990.3741137191109 7.733223591696811e-12 1
4 57 41 990.2012621566109 7.728125194439856e-12 1
4 57 42 989.6797167464609 7.725877146482203e-12 1
4 57 43 988.1280810042709 7.726624841508825e-12 1
4 57 44 991.2392260238009 7.730485541544824e-12 1
4 57 45 991.2392260238009 7.737288156448678e-12 1
4 57 46 992.9411913558309 7.746901412735638e-12 1
4 57 47 992.1377245589609 7.758982341305278e-12 1
4 57 48 988.2362353011409 7.772444028004332e-12 1
4 57 49 990.8873583480209 7.78672084418307e-12 1
4 57 50 990.8873583480209 7.801008390035311e-12 1
4 57 51 993.3007494613009 7.807792136805232e-12 1
4 57 52 996.7345263167709 7.807152769620161e-12 1
4 57 53 999.6627489730209 7.796061218945337e-12 1
4 57 54 999.8979174300509 7.780712697657719e-12 1
4 57 55 999.8979174300509 7.766759978827352e-12 1
4 57 56 1000.9576708480209 7.759315550083485e-12 1
4 57 57 1000.7974535628609 7.759542560253826e-12 1
4 57 58 1002.0999437972409 7.764996934507406e-12 1
4 57 59 1003.1116625472409 7.777195682073385e-12 1
4 57 60 1003.1116625472409 7.798966588574031e-12 1
4 57 61 1004.3605028792709 7.830003961627755e-12 1
4 57 62 1005.0249926253609 7.869520549271755e-12 1
4 57 63 1006.1509081527109 7.9178651297985e-12 1
4 57 64 1009.8621508284909 7.97623937063418e-12 1
4 57 65 1009.8621508284909 8.04230839420483e-12 1
4 57 66 1011.7501513167709 8.117713333465605e-12 1
4 57 67 1012.4628588363009 8.198703340563599e-12 1
4 57 68 1013.1134325667709 8.286660411352969e-12 1
4 57 69 1012.8826586409909 8.381083078369089e-12 1
4 57 70 1012.8826586409909 8.479668990358088e-12 1
4 57 71 1011.8498217269209 8.584149418603971e-12 1
4 57 72 1010.2530199691109 8.697732697749512e-12 1
4 57 73 1007.9044481917709 8.820792449625822e-12 1
4 57 74 1005.6625048323909 8.95308115971634e-12 1
4 57 75 1005.6625048323909 9.093510260538158e-12 1
4 57 76 1007.1398607894209 9.242046320070433e-12 1
4 57 77 1006.4405810042709 9.398156501977564e-12 1
4 57 78 1005.3495775863009 9.561624981948809e-12 1
4 57 79 1010.7389208480209 9.729857865341717e-12 1
4 57 80 1010.7389208480209 9.905078341989281e-12 1
4 57 81 1012.9826342269209 1.0085024307856674e-11 1
4 57 82 1016.0586840316109 1.031207171371261e-11 1
4 57 83 1018.2500902816109 1.0502547271559205e-11 1
4 57 84 1023.4530321761409 1.0698480017892103e-11 1
4 57 85 1023.4530321761409 1.089843581104603e-11 1
4 57 86 1024.6451708480208 1.1100477820555986e-11 1
4 57 87 1025.3290087386408 1.1302788875541688e-11 1
4 57 88 1026.306425730831 1.1504497016179716e-11 1
4 57 89 1027.230192820671 1.1504497016179716e-11 1
4 57 90 1027.230192820671 1.1832924223316465e-11 1
4 57 91 1028.368742625361 1.2014890279977645e-11 1
4 58 24 984.3035570784909 8.396055338460146e-12 1
4 58 25 985.6098314925509 8.366170373170636e-12 1
4 58 26 988.6626269027109 8.333350066139275e-12 1
4 58 27 992.2877489730209 8.254824535017892e-12 1
4 58 28 996.3064257308309 8.131890057293462e-12 1
4 58 29 998.1459643050509 8.016367056711579e-12 1
4 58 30 1001.4409472152109 7.936908412684556e-12 1
4 58 31 1003.3548876448909 7.863167216582527e-12 1
4 58 32 1003.9732348128609 7.805218345762342e-12 1
4 58 33 1005.6562182113009 7.765220841284987e-12 1
4 58 34 1006.2161547347409 7.738672714637493e-12 1
4 58 35 1006.2161547347409 7.693197138763524e-12 1
4 58 36 1006.3699022933309 7.673712651451087e-12 1
4 58 37 1006.7674242659909 7.655207295435164e-12 1
4 58 38 1008.0173632308309 7.637814500729372e-12 1
4 58 39 1008.2596728011409 7.621586198434903e-12 1
4 58 40 1008.2596728011409 7.606658147246865e-12 1
4 58 41 1008.6072680159909 7.606658147246865e-12 1
4 58 42 1009.1329027816109 7.571453163070964e-12 1
4 58 43 1009.6844774886409 7.562580596769593e-12 1
4 59 24 985.2258593245809 8.78300276680096e-12 1
4 59 25 987.3699022933309 8.698866649278362e-12 1
4 59 26 989.7983080550509 8.682438385237923e-12 1
