4 113 272 1023.1424296066776 1.089027005910594e-11 1
4 113 273 1013.6660189511309 1.1176923037567443e-11 1
4 113 274 998.7883254583807 1.1176923037567443e-11 1
4 114 266 997.6198079903371 8.635516283967733e-12 1
4 114 267 1003.7457539930334 9.105985659809389e-12 1
4 114 268 1010.8408418486712 9.502402261922715e-12 1
4 114 269 1026.0885905293737 9.813379864656342e-12 1
4 114 270 1030.6957430836633 1.0029157776198447e-11 1
4 114 271 1032.0815213014148 1.0248567111594699e-11 1
4 114 272 1030.5357220330743 1.0603022938525631e-11 1
4 114 273 1026.1164238875695 1.097635935786071e-11 1
4 114 274 1014.7353680183237 1.097635935786071e-11 1
4 115 260 1022.7711808103918 6.628902972373803e-12 1
4 115 261 1024.100087950295 6.722462606190182e-12 1
4 115 262 1025.5025040358885 6.8697415715771935e-12 1
4 115 263 1027.629364157587 7.094127650609024e-12 1
4 115 264 1028.446855098372 7.392711963664138e-12 1
4 115 265 1029.1159785628165 7.75685851480002e-12 1
4 115 266 1025.0570687944462 8.185295915468066e-12 1
4 115 267 1032.4189821503928 8.656507595616443e-12 1
4 115 268 1033.4720740279897 9.134841748935693e-12 1
4 115 269 1036.395698201707 9.586290182046833e-12 1
4 116 199 969.1684788586695 4.9257212377896635e-12 1
4 116 200 969.6261979885697 4.949141480193886e-12 1
4 116 201 970.0892387113095 4.9727604995058426e-12 1
4 116 202 970.664547891727 4.996431375211549e-12 1
4 116 203 971.2513974088126 5.020323970901161e-12 1
4 116 204 971.8382469259142 5.044366252247936e-12 1
4 116 205 972.4250964430092 5.068507744895845e-12 1
4 116 206 973.2022094045526 5.0928814230315125e-12 1
4 116 207 974.0315246108445 5.117637791648527e-12 1
4 116 208 974.8608398171136 5.1421908648520594e-12 1
4 116 209 975.6901550234472 5.166980672151749e-12 1
4 116 210 976.4729266369296 5.192065359100243e-12 1
4 116 211 977.2268753833218 5.217112821707207e-12 1
4 116 212 977.9808241297553 5.242260926757214e-12 1
4 116 213 978.7347728761478 5.2676550685294695e-12 1
4 116 214 979.4963612656884 5.293083584353209e-12 1
4 116 215 980.2672709807989 5.3184306559715424e-12 1
4 116 216 981.0381806959275 5.3440523244684655e-12 1
4 116 217 981.8090904110381 5.3698855396442086e-12 1
4 116 218 982.7369729217681 5.395260627538782e-12 1
4 116 219 984.0619966056278 5.421014890255323e-12 1
4 116 220 985.3870202893849 5.447016208102468e-12 1
4 116 221 986.7120439730545 5.4727543493149145e-12 1
4 116 222 987.9280145730298 5.4985274973124475e-12 1
4 116 223 988.7276269497376 5.5245036351626095e-12 1
4 116 224 989.4842091868004 5.550052974727462e-12 1
4 116 225 990.2407914238544 5.575500065388173e-12 1
4 116 226 991.0697742166811 5.6013344929731735e-12 1
4 116 227 992.2689853383985 5.627363844586613e-12 1
4 116 228 993.5682702395196 5.652675766706339e-12 1
4 116 229 994.8675551407415 5.678216424086024e-12 1
4 116 230 996.233335115034 5.703724842529444e-12 1
4 116 231 998.1554611924786 5.7282633317933815e-12 1
4 116 232 1000.3363971664756 5.753455108608617e-12 1
4 116 233 1002.517333140356 5.778892294655719e-12 1
4 116 234 1004.6787945670897 5.803759245203201e-12 1
4 116 235 1006.2099056390343 5.828129211831249e-12 1
4 116 236 1007.3020733844988 5.853048237637948e-12 1
4 116 237 1008.3942411300217 5.878123195597482e-12 1
4 116 238 1009.4864088755153 5.9021917086449976e-12 1
4 116 239 1010.3291584356176 5.926458133516618e-12 1
4 116 240 1010.8952437953492 5.950481293775072e-12 1
4 116 241 1011.4516939250949 5.9738141555967924e-12 1
4 116 242 1012.0081440548553 5.997190555845947e-12 1
4 116 243 1012.6458799541014 6.0206340961162124e-12 1
4 116 244 1013.4413170315597 6.042810810375752e-12 1
4 116 245 1014.2478916506238 6.064756634390863e-12 1
4 116 246 1015.0544662696667 6.0871838195291435e-12 1
4 116 247 1015.9195570393243 6.109658497676561e-12 1
4 116 248 1017.0200716894561 6.130074496556842e-12 1
4 116 249 1018.1432290874424 6.151257440965257e-12 1
4 116 250 1019.2663864854879 6.172587291610277e-12 1
4 116 251 1020.3458877674251 6.192710879432293e-12 1
4 116 252 1020.5977182169781 6.21241576492738e-12 1
4 116 253 1020.753842615671 6.23214973674704e-12 1
4 116 254 1020.9099670143678 6.250577278650952e-12 1
4 116 255 1021.0660914130607 6.2730869238892585e-12 1
4 116 256 1021.2359925668159 6.3073219023328574e-12 1
4 116 257 1021.472554227009 6.354142644867185e-12 1
4 116 258 1021.8965227577681 6.416582155624591e-12 1
4 116 259 1023.1693853904069 6.4967825628902915e-12 1
4 116 260 1024.3364095398763 6.588151155411417e-12 1
4 116 261 1025.8513372698135 6.680520602726497e-12 1
4 116 262 1027.2599803209587 6.792508727289686e-12 1
4 116 263 1029.869362349739 6.9878754986123946e-12 1
4 117 121 977.927571704408 3.951800153719169e-12 1
4 117 122 977.9105873814633 3.9486343239456145e-12 1
4 117 123 977.6720093345331 3.945480009193474e-12 1
4 117 124 977.4090258531177 3.942873943333112e-12 1
4 117 125 977.1460423716817 3.941160320980976e-12 1
4 117 126 976.9055466007408 3.93944818750517e-12 1
4 117 127 976.7719928828408 3.937616970313746e-12 1
4 117 128 976.6672007533929 3.93727852227699e-12 1
4 117 129 976.5624086239593 3.937069191770092e-12 1
4 117 130 976.5123526818766 3.9368598835206645e-12 1
4 117 131 976.9056660556824 3.9376196373989104e-12 1
4 117 132 977.4978493433979 3.9389749302202845e-12 1
4 117 133 978.0900326311022 3.94033693933435e-12 1
4 117 134 978.6735525104377 3.942274212089398e-12 1
4 117 135 978.9213925143189 3.945155492208276e-12 1
4 117 136 978.9497234836984 3.9480409870756196e-12 1
4 117 137 978.9780544530782 3.950795475965863e-12 1
4 117 138 979.0063854224591 3.954975561059777e-12 1
4 117 139 979.0086731018193 3.95934384437063e-12 1
4 117 140 978.9829602531439 3.963721787917362e-12 1
4 117 141 978.9563965639783 3.96891729718962e-12 1
4 117 142 978.9298328748133 3.974708111764749e-12 1
4 117 143 979.2873547025325 3.9805230910335935e-12 1
4 117 144 980.3884922406231 3.986856189150322e-12 1
4 117 145 981.5322371494995 3.994033196585565e-12 1
4 117 146 982.6759820584422 4.00123609024599e-12 1
4 117 147 983.8204822717748 4.008230887155468e-12 1
4 117 148 984.9681286345897 4.016340389725639e-12 1
4 117 149 986.1160141875729 4.024803473443757e-12 1
4 117 150 987.2638997405787 4.0333022986681725e-12 1
4 117 151 988.3829733465476 4.042552157844465e-12 1
4 117 152 988.8157676503893 4.052134632794735e-12 1
4 117 153 989.1867365517719 4.06169037280015e-12 1
4 117 154 989.5577054531257 4.071023079494306e-12 1
4 117 155 989.9286743544834 4.081296391502063e-12 1
4 117 156 990.5174036315893 4.091879759889876e-12 1
4 117 157 991.1638901409418 4.10251819449602e-12 1
4 117 158 991.8103766503126 4.113410799830894e-12 1
4 117 159 992.4568631596773 4.124813385708304e-12 1
4 117 160 992.878883409226 4.136279364420594e-12 1
4 117 161 993.1652036017309 4.1482407533476215e-12 1
4 117 162 993.4515237942277 4.160446763613302e-12 1
4 117 163 993.7378439867466 4.172676623676991e-12 1
4 117 164 993.7848334996731 4.1850628840616566e-12 1
4 117 165 993.5464100282198 4.19825321797043e-12 1
4 117 166 993.307986556753 4.211526960423683e-12 1
4 117 167 993.0695630852997 4.224984177484583e-12 1
4 117 168 992.7272937085738 4.2396732227416225e-12 1
4 117 169 992.1294819570938 4.25432383525283e-12 1
4 117 170 991.531670205631 4.269076052165623e-12 1
4 117 171 990.9338584541218 4.284824040474208e-12 1
4 117 172 990.3276239649227 4.3009424771199454e-12 1
4 117 173 989.6907856647251 4.317179508909524e-12 1
4 117 174 989.0506769482644 4.3339137213774265e-12 1
4 117 175 988.4105682318893 4.3513959446160804e-12 1
4 117 176 987.8152913342935 4.369019779336116e-12 1
4 117 177 987.4407695275431 4.3868205782201685e-12 1
4 117 178 987.1258175208352 4.405511603942429e-12 1
4 117 179 986.810865514134 4.424414220357989e-12 1
4 117 180 986.4819501087011 4.443479745712263e-12 1
4 117 181 986.0382843269985 4.463189002768564e-12 1
4 117 182 985.542163103308 4.483268903625081e-12 1
4 117 183 985.046041879612 4.503508640522991e-12 1
4 117 184 984.5587179563481 4.524042919407181e-12 1
4 117 185 984.3801840588814 4.5452162550702845e-12 1
4 117 186 984.410153123889 4.566588712708702e-12 1
4 117 187 984.4401221888962 4.587873562263361e-12 1
4 117 188 984.4700912539041 4.609594205622583e-12 1
4 117 189 984.5142712371636 4.631901922951764e-12 1
4 117 190 984.573961043796 4.654426602641451e-12 1
4 117 191 984.6341598864649 4.677252039560352e-12 1
4 117 192 984.694358729129 4.700335321350704e-12 1
4 117 193 984.8291947225763 4.723571956926199e-12 1
4 117 194 985.1085957788803 4.746480553052156e-12 1
4 117 195 985.3972644357336 4.7700381116846655e-12 1
4 117 196 985.685933092595 4.794067605604394e-12 1
4 117 197 986.1504440356651 4.818340329574203e-12 1
4 117 198 987.3342648403607 4.84285804453582e-12 1
4 117 199 988.5800500420894 4.867626548229199e-12 1
4 117 200 989.8258352437841 4.892349831037888e-12 1
4 117 201 991.0393695034879 4.916894187778012e-12 1
4 117 202 991.5725128235206 4.942371799680973e-12 1
4 117 203 992.0357171717062 4.968135231152928e-12 1
4 117 204 992.4989215199047 4.994140536799995e-12 1
4 117 205 992.9621258680979 5.0203729528693785e-12 1
4 117 206 993.7231616624497 5.046882402908036e-12 1
4 117 207 994.5659129438995 5.072858306829855e-12 1
4 117 208 995.4086642253266 5.0989269209234825e-12 1
4 117 209 996.2514155068188 5.125880174601995e-12 1
4 117 210 997.1064103509634 5.153119895810303e-12 1
4 117 211 997.9689872179033 5.180464256378677e-12 1
4 117 212 998.8315640848905 5.20802429988046e-12 1
4 117 213 999.6941409518307 5.235742030477034e-12 1
4 117 214 1000.7441212994178 5.262983150159137e-12 1
4 117 215 1002.0227574661566 5.290926935814388e-12 1
4 117 216 1003.3013936329256 5.319169040203258e-12 1
4 117 217 1004.5800297996648 5.346606093454561e-12 1
4 117 218 1005.7293771574862 5.3738255444946055e-12 1
4 117 219 1006.5516238288511 5.402326011605525e-12 1
4 117 220 1007.3738705001523 5.431130399100607e-12 1
4 117 221 1008.1961171713994 5.4596554397683384e-12 1
4 117 222 1009.022509658292 5.488241766111612e-12 1
4 117 223 1009.8647306236172 5.516968647077161e-12 1
4 117 224 1010.7085874438649 5.544474825409238e-12 1
4 117 225 1011.5524442641026 5.572554825375506e-12 1
4 117 226 1012.3475909216412 5.601396518051898e-12 1
4 117 227 1012.8936527212282 5.630486092898201e-12 1
4 117 228 1013.3723861691124 5.65877830131984e-12 1
4 117 229 1013.8511196170335 5.687356272452956e-12 1
4 117 230 1014.3596631598713 5.715693259992322e-12 1
4 117 231 1015.1176196196508 5.742835423662398e-12 1
4 117 232 1015.9916019325174 5.770968799630517e-12 1
4 117 233 1016.8655842453371 5.799409835557141e-12 1
4 117 234 1017.7305962466605 5.827620455301981e-12 1
4 117 235 1018.3052580288294 5.855259900879104e-12 1
4 117 236 1018.6777349624165 5.883162774543542e-12 1
4 117 237 1019.0502118960237 5.910424873468697e-12 1
4 117 238 1019.4226888296208 5.93667712289617e-12 1
4 117 239 1019.7638703471748 5.96386661486065e-12 1
4 118 61 989.7908072672587 3.887665885589919e-12 1
4 118 62 990.4172639536613 3.861256159022476e-12 1
4 118 63 989.1525269683323 3.84560939731981e-12 1
4 118 64 989.1096074364339 3.836693735550905e-12 1
4 118 65 990.4818346727657 3.83152153463872e-12 1
4 118 66 990.819819030508 3.828550140863838e-12 1
4 118 67 991.495787745998 3.826674232581317e-12 1
4 118 68 991.7560322915754 3.825520857927881e-12 1
4 118 69 991.835128406972 3.8242919509608805e-12 1
4 118 70 991.9142245223734 3.823063833286304e-12 1
4 118 71 991.99332063777 3.822117556389108e-12 1
4 118 72 992.0173848664425 3.821285171543141e-12 1
4 118 73 991.8589268434469 3.820464839812393e-12 1
4 118 74 991.6798157916606 3.819897438492525e-12 1
4 118 75 991.5007047398774 3.8195040627758384e-12 1
4 118 76 991.3302950840282 3.819055344740421e-12 1
4 118 77 991.199960724224 3.818624769565179e-12 1
4 118 78 991.0803504496712 3.818570702329734e-12 1
4 118 79 990.9607401751175 3.8185166366253315e-12 1
4 118 80 990.8807086558346 3.818546510342358e-12 1
4 118 81 991.1177303991875 3.8189581204692885e-12 1
4 118 82 991.494086092497 3.819258918727081e-12 1
4 118 83 991.8704417857745 3.8195534094392546e-12 1
4 118 84 992.2458762338532 3.8200765848868044e-12 1
4 118 85 992.5810258187881 3.820778996433748e-12 1
4 118 86 992.8906956115292 3.821371166139535e-12 1
4 118 87 993.2003654042944 3.821991005422597e-12 1
4 118 88 993.5100351970357 3.823067758454122e-12 1
4 118 89 993.6498297720856 3.823878831672992e-12 1
4 118 90 993.6094836334178 3.82469024910725e-12 1
4 118 91 993.5641793920414 3.82552539582157e-12 1
4 118 92 993.5188751506636 3.8263703526167776e-12 1
4 118 93 993.4445537846532 3.827279771016633e-12 1
4 118 94 993.3140105964349 3.828677228961284e-12 1
4 118 95 993.1806443611051 3.829688456737777e-12 1
4 118 96 993.0472781257796 3.830469430575336e-12 1
4 118 97 992.9402093778093 3.831237174421549e-12 1
4 118 98 992.9448492892052 3.8317223641446765e-12 1
4 118 99 992.9568444143587 3.832207676772681e-12 1
4 118 100 992.9688395395132 3.8330265257574675e-12 1
4 118 101 992.9915059786636 3.833370071901546e-12 1
4 118 102 993.3065149589286 3.833358636525596e-12 1
4 118 103 993.6441890979088 3.833433834189678e-12 1
4 118 104 993.9818632368787 3.8338453304889835e-12 1
4 118 105 994.3195373758747 3.833384003812486e-12 1
4 118 106 994.7056182674005 3.832712118204558e-12 1
4 118 107 995.1041023126115 3.832012745153167e-12 1
4 118 108 995.5025863578462 3.830735328620062e-12 1
4 118 109 995.9010704030571 3.829458763466806e-12 1
4 118 110 996.283606761097 3.828287444470116e-12 1
4 118 111 996.656732546966 3.826758378846348e-12 1
4 118 112 997.0298583328417 3.825173083516614e-12 1
4 118 113 997.4029841187107 3.8235930144251025e-12 1
4 118 114 997.791912627624 3.82193567551902e-12 1
4 118 115 998.1992614886652 3.820431265016825e-12 1
4 118 116 998.6066103496747 3.8190861090842835e-12 1
4 118 117 999.0139592106877 3.817761820741943e-12 1
4 118 118 999.3274979112384 3.817011186006915e-12 1
4 118 119 999.4164334390252 3.816617730677756e-12 1
4 118 120 999.5053689668146 3.8162243564545284e-12 1
4 118 121 999.5943044946032 3.816788083589303e-12 1
4 118 122 999.694474953451 3.817738601763871e-12 1
4 118 123 999.8335984551868 3.818614192644599e-12 1
4 118 124 999.9770120871593 3.819292346159232e-12 1
4 118 125 1000.1204257191432 3.821107717102857e-12 1
4 118 126 1000.268240649553 3.823233661854057e-12 1
4 118 127 1000.4369862963865 3.825362494218841e-12 1
4 118 128 1000.6113611661108 3.827790016471854e-12 1
4 118 129 1000.7857360358112 3.830869729303546e-12 1
4 118 130 1000.9870519160694 3.833954401795129e-12 1
4 118 131 1001.4065930324567 3.837641411880332e-12 1
4 118 132 1001.9240174086211 3.8415772098523866e-12 1
4 118 133 1002.4414417847756 3.845420775806604e-12 1
4 118 134 1002.9542235373308 3.84891559683903e-12 1
4 118 135 1003.2871182012001 3.853508267253933e-12 1
4 118 136 1003.5023804299648 3.858369899793643e-12 1
4 118 137 1003.7176426587315 3.863260214706712e-12 1
4 118 138 1003.9329048875045 3.868687940648823e-12 1
4 118 139 1004.1395931696136 3.874545006950826e-12 1
4 118 140 1004.3370631450647 3.88041983495495e-12 1
4 118 141 1004.5342530076315 3.88704750211625e-12 1
4 118 142 1004.7314428701926 3.8939956805491065e-12 1
4 118 143 1004.9167108231403 3.900914351801696e-12 1
4 118 144 1005.0788971473374 3.9080437812348086e-12 1
4 118 145 1005.23976095039 3.916169893487239e-12 1
4 118 146 1005.4006247534518 3.924329869890622e-12 1
4 118 147 1005.5901301717311 3.9323259303733125e-12 1
4 118 148 1005.8989395358493 3.94155613687449e-12 1
4 118 149 1006.2168191404994 3.951016799726432e-12 1
4 118 150 1006.5346987451558 3.9605229874859834e-12 1
4 118 151 1006.8467123029397 3.970732019983682e-12 1
4 118 152 1007.0190009560658 3.981515223506958e-12 1
4 118 153 1007.178702097908 3.992364418741258e-12 1
4 118 154 1007.3384032397375 4.0037103746173194e-12 1
4 118 155 1007.4981043815689 4.015841940111624e-12 1
4 118 156 1007.6830329335143 4.028047248296911e-12 1
4 118 157 1007.8746526264813 4.040090636465973e-12 1
4 118 158 1008.0662723194537 4.053166724852948e-12 1
4 118 159 1008.2578920124243 4.066628857511333e-12 1
4 118 160 1008.4183261346116 4.080180714064907e-12 1
4 118 161 1008.5599071617474 4.094432123787193e-12 1
4 119 54 985.1068759924003 4.05984452873977e-12 1
4 119 55 987.2074772281048 4.030435905456666e-12 1
4 119 56 988.7001678138084 4.005081429143031e-12 1
4 119 57 989.3527047726509 3.986263777006939e-12 1
4 119 58 990.7567841948656 3.970831107202489e-12 1
4 119 59 992.6970171300788 3.9482024827293585e-12 1
4 119 60 994.3601582315797 3.913765646685771e-12 1
4 119 61 995.5600169752278 3.875348287842139e-12 1
4 119 62 997.195536751622 3.8457151511251594e-12 1
4 119 63 998.3404892562249 3.827475667167401e-12 1
4 119 64 998.9407698561171 3.816516278396594e-12 1
4 119 65 999.5248368298261 3.80980276003326e-12 1
4 119 66 999.5844946205174 3.805697539798717e-12 1
4 119 67 999.703810201901 3.802922927557952e-12 1
4 119 68 999.8136209082527 3.801061507616673e-12 1
4 119 69 1000.0402973709679 3.7990367794885765e-12 1
4 119 70 1000.266973833697 3.797014207253725e-12 1
4 119 71 1000.493650296412 3.795354988279321e-12 1
4 119 72 1000.6896565779492 3.793580269319219e-12 1
4 119 73 1000.7839401881048 3.791799766421887e-12 1
4 119 74 1000.8667135235355 3.790106676656991e-12 1
4 119 75 1000.9494868589646 3.788555438754392e-12 1
4 119 76 1001.0351372553785 3.78700547013246e-12 1
4 119 77 1001.1340382924756 3.785705619649353e-12 1
4 119 78 1001.2364851798542 3.784611709681691e-12 1
4 119 79 1001.3389320672337 3.7832805163910175e-12 1
4 120 48 977.374353184917 4.21396783258732e-12 1
4 120 49 978.3604074309508 4.20740696185661e-12 1
4 120 50 979.4826426221813 4.209199158021821e-12 1
4 120 51 980.947572238809 4.212823641540734e-12 1
4 120 52 982.7669216779353 4.213295831630439e-12 1
4 120 53 984.810123831155 4.20567580185376e-12 1
4 120 54 987.0333006641436 4.186335971918213e-12 1
4 120 55 988.6240337880694 4.15373734885939e-12 1
4 120 56 989.9531652349752 4.1138337294686354e-12 1
4 120 57 991.8814914144924 4.073655867036927e-12 1
4 121 48 977.6798680129338 4.334674611926331e-12 1
4 121 49 979.1407462329064 4.332978856300825e-12 1
4 121 50 980.2336933148058 4.3457052362619765e-12 1
4 121 51 981.4778585430672 4.3312548121562415e-12 1
