6 113 272 1023.6363945826073 7.710785887119746e-12 1
6 113 273 1014.1599839270606 7.707129094412332e-12 1
6 113 274 999.2822904343103 7.707129094412332e-12 1
6 114 266 998.1137729662668 8.077751732291227e-12 1
6 114 267 1004.2397189689631 7.924464504275776e-12 1
6 114 268 1011.3348068246008 7.805186813360916e-12 1
6 114 269 1026.5825555053036 7.72890324741193e-12 1
6 114 270 1031.1897080595932 7.69197892401517e-12 1
6 114 271 1032.5754862773445 7.676712323788558e-12 1
6 114 272 1031.0296870090042 7.67235010006591e-12 1
6 114 273 1026.610388863499 7.685715049675145e-12 1
6 114 274 1015.2293329942534 7.685715049675145e-12 1
6 115 260 1023.2651457863215 8.957957694331327e-12 1
6 115 261 1024.5940529262248 8.88802789615072e-12 1
6 115 262 1025.9964690118181 8.781079040212386e-12 1
6 115 263 1028.1233291335166 8.639438140590547e-12 1
6 115 264 1028.9408200743017 8.472136652234491e-12 1
6 115 265 1029.6099435387462 8.292688985135013e-12 1
6 115 266 1025.5510337703759 8.117353337638305e-12 1
6 115 267 1032.9129471263227 7.96051982457988e-12 1
6 115 268 1033.9660390039194 7.834372405193931e-12 1
6 115 269 1036.8896631776367 7.746820638160683e-12 1
6 116 199 969.6624438345991 9.61727114567997e-12 1
6 116 200 970.1201629644994 9.604095406973806e-12 1
6 116 201 970.5832036872391 9.591043913587318e-12 1
6 116 202 971.1585128676567 9.578170347568526e-12 1
6 116 203 971.7453623847423 9.565334320965932e-12 1
6 116 204 972.3322119018438 9.552615938221363e-12 1
6 116 205 972.9190614189389 9.54006740639121e-12 1
6 116 206 973.6961743804823 9.52755179937935e-12 1
6 116 207 974.5254895867741 9.515000418742327e-12 1
6 116 208 975.3548047930433 9.502820794055162e-12 1
6 116 209 976.1841199993769 9.490672310431112e-12 1
6 116 210 976.9668916128593 9.47850610584893e-12 1
6 116 211 977.7208403592515 9.466589819841992e-12 1
6 116 212 978.474789105685 9.454815265669195e-12 1
6 116 213 979.2287378520774 9.443058887790548e-12 1
6 116 214 979.990326241618 9.431381116042716e-12 1
6 116 215 980.7612359567286 9.419997978927384e-12 1
6 116 216 981.5321456718572 9.408671244174918e-12 1
6 116 217 982.3030553869678 9.39738443233786e-12 1
6 116 218 983.2309378976978 9.386413619493036e-12 1
6 116 219 984.5559615815574 9.37552314426173e-12 1
6 116 220 985.8809852653145 9.364657910833721e-12 1
6 116 221 987.2060089489842 9.354088896217974e-12 1
6 116 222 988.4219795489595 9.343652904985701e-12 1
6 116 223 989.2215919256672 9.333230871129276e-12 1
6 116 224 989.97817416273 9.322921716570602e-12 1
6 116 225 990.734756399784 9.312935767985898e-12 1
6 116 226 991.5637391926108 9.302994638338587e-12 1
6 116 227 992.7629503143281 9.29309423121943e-12 1
6 116 228 994.0622352154493 9.283621462843982e-12 1
6 116 229 995.3615201166712 9.274167986636094e-12 1
6 116 230 996.7273000909637 9.264704593959277e-12 1
6 116 231 998.6494261684082 9.255536472385688e-12 1
6 116 232 1000.8303621424053 9.246561349354498e-12 1
6 116 233 1003.0112981162856 9.237605016516146e-12 1
6 116 234 1005.1727595430193 9.228821191503283e-12 1
6 116 235 1006.703870614964 9.220332152905941e-12 1
6 116 236 1007.7960383604285 9.211872456472808e-12 1
6 116 237 1008.8882061059513 9.20344918924154e-12 1
6 116 238 1009.9803738514449 9.195477150958943e-12 1
6 116 239 1010.8231234115473 9.187518911501262e-12 1
6 116 240 1011.3892087712788 9.17955698605842e-12 1
6 116 241 1011.9456589010246 9.171938896136117e-12 1
6 116 242 1012.5021090307849 9.164474975351745e-12 1
6 116 243 1013.139844930031 9.157020177255261e-12 1
6 116 244 1013.9352820074894 9.149721976846782e-12 1
6 116 245 1014.7418566265535 9.142723805843618e-12 1
6 116 246 1015.5484312455964 9.135745156757762e-12 1
6 116 247 1016.413522015254 9.128795990756221e-12 1
6 116 248 1017.5140366653858 9.122246238503373e-12 1
6 116 249 1018.637194063372 9.115697427598336e-12 1
6 116 250 1019.7603514614176 9.109158012659369e-12 1
6 116 251 1020.8398527433548 9.102929531630166e-12 1
6 116 252 1021.0916831929078 9.096831148631343e-12 1
6 116 253 1021.2478075916007 9.090739400246527e-12 1
6 116 254 1021.4039319902975 9.084794857678105e-12 1
6 116 255 1021.5600563889903 9.077671117663213e-12 1
6 116 256 1021.7299575427455 9.067060539671043e-12 1
6 116 257 1021.9665192029387 9.0521066394126e-12 1
6 116 258 1022.3904877336978 9.031139954954249e-12 1
6 116 259 1023.6633503663365 9.002204499361862e-12 1
6 116 260 1024.8303745158062 8.961394836249116e-12 1
6 116 261 1026.3453022457431 8.901366682794104e-12 1
6 116 262 1027.7539452968886 8.811684899880476e-12 1
6 116 263 1030.3633273256687 8.661757421097163e-12 1
6 117 121 978.4215366803377 1.049977592756935e-11 1
6 117 122 978.404552357393 1.0494633113858676e-11 1
6 117 123 978.1659743104627 1.0489497141608682e-11 1
6 117 124 977.9029908290473 1.0483997707680049e-11 1
6 117 125 977.6400073476113 1.0477901096981707e-11 1
6 117 126 977.3995115766704 1.0471811572713838e-11 1
6 117 127 977.2659578587704 1.0465647692283286e-11 1
6 117 128 977.1611657293225 1.0458602910371982e-11 1
6 117 129 977.056373599889 1.0451601627213603e-11 1
6 117 130 977.0063176578062 1.0444609711496405e-11 1
6 117 131 977.3996310316121 1.0436952168985853e-11 1
6 117 132 977.9918143193275 1.0429081212338926e-11 1
6 117 133 978.5839976070318 1.0421223462186928e-11 1
6 117 134 979.1675174863674 1.0413069346274211e-11 1
6 117 135 979.4153574902485 1.0404423941298385e-11 1
6 117 136 979.4436884596281 1.0395792880032583e-11 1
6 117 137 979.4720194290079 1.0387063071522123e-11 1
6 117 138 979.5003503983887 1.0377597064545355e-11 1
6 117 139 979.502638077749 1.036820432308355e-11 1
6 117 140 979.4769252290736 1.0358828568947985e-11 1
6 117 141 979.4503615399079 1.0348885764136266e-11 1
6 117 142 979.423797850743 1.0338803806593651e-11 1
6 117 143 979.7813196784622 1.0328743655867444e-11 1
6 117 144 980.8824572165528 1.0318449217556032e-11 1
6 117 145 982.0262021254291 1.0307760300036731e-11 1
6 117 146 983.1699470343718 1.0297093504974548e-11 1
6 117 147 984.3144472477045 1.028633217941365e-11 1
6 117 148 985.4620936105193 1.0274998373141683e-11 1
6 117 149 986.6099791635025 1.026376651593256e-11 1
6 117 150 987.7578647165084 1.0252559187557345e-11 1
6 117 151 988.8769383224773 1.0240962457360476e-11 1
6 117 152 989.3097326263189 1.0229225236304212e-11 1
6 117 153 989.6807015277016 1.0217499985378233e-11 1
6 117 154 990.0516704290553 1.0205495625323387e-11 1
6 117 155 990.4226393304131 1.0193278925573184e-11 1
6 117 156 991.011368607519 1.0181136307539372e-11 1
6 117 157 991.6578551168715 1.0168994923844105e-11 1
6 117 158 992.3043416262423 1.0156349303452196e-11 1
6 117 159 992.9508281356069 1.0143831888738468e-11 1
6 117 160 993.3728483851556 1.0131345290766754e-11 1
6 117 161 993.6591685776606 1.0118604915713844e-11 1
6 117 162 993.9454887701573 1.0105781983708949e-11 1
6 117 163 994.2318089626763 1.0092973416125802e-11 1
6 117 164 994.2787984756028 1.0079982591235773e-11 1
6 117 165 994.0403750041495 1.0066892654951813e-11 1
6 117 166 993.8019515326827 1.0053836671942528e-11 1
6 117 167 993.5635280612294 1.0040681735241159e-11 1
6 117 168 993.2212586845035 1.0027286847799329e-11 1
6 117 169 992.6234469330235 1.0014032182592141e-11 1
6 117 170 992.0256351815607 1.0000812512738442e-11 1
6 117 171 991.4278234300515 9.987339492656499e-12 1
6 117 172 990.8215889408524 9.973946984731641e-12 1
6 117 173 990.1847506406548 9.960594880697297e-12 1
6 117 174 989.544641924194 9.947205336897234e-12 1
6 117 175 988.904533207819 9.933732252123522e-12 1
6 117 176 988.3092563102232 9.920295615472243e-12 1
6 117 177 987.9347345034728 9.906750826246864e-12 1
6 117 178 987.6197824967649 9.893128095572818e-12 1
6 117 179 987.3048304900636 9.879654448806036e-12 1
6 117 180 986.9759150846307 9.866217452176595e-12 1
6 117 181 986.5322493029281 9.8527650379486e-12 1
6 117 182 986.0361280792376 9.839328354408168e-12 1
6 117 183 985.5400068555416 9.825907542640845e-12 1
6 117 184 985.0526829322778 9.812414412056701e-12 1
6 117 185 984.874149034811 9.79903034312037e-12 1
6 117 186 984.9041180998187 9.785682736014938e-12 1
6 117 187 984.9340871648259 9.772236794304313e-12 1
6 117 188 984.9640562298338 9.758852805734251e-12 1
6 117 189 985.0082362130933 9.74561348526214e-12 1
6 117 190 985.0679260197256 9.732410038296808e-12 1
6 117 191 985.1281248623945 9.71928359834409e-12 1
6 117 192 985.1883237050587 9.706209139568915e-12 1
6 117 193 985.323159698506 9.693151276978632e-12 1
6 117 194 985.6025607548099 9.680023574407996e-12 1
6 117 195 985.8912294116633 9.667090615015893e-12 1
6 117 196 986.1798980685246 9.65425253008134e-12 1
6 117 197 986.6444090115948 9.64145429635676e-12 1
6 117 198 987.8282298162903 9.628810640037524e-12 1
6 117 199 989.074015018019 9.616200101684544e-12 1
6 117 200 990.3198002197138 9.603553415666979e-12 1
6 117 201 991.5333344794176 9.59095486440725e-12 1
6 117 202 992.0664777994502 9.57861599390797e-12 1
6 117 203 992.5296821476359 9.566314122814758e-12 1
6 117 204 992.9928864958343 9.554111283247108e-12 1
6 117 205 993.4560908440276 9.542049786764927e-12 1
6 117 206 994.2171266383793 9.530018705726997e-12 1
6 117 207 995.0598779198292 9.517944390791514e-12 1
6 117 208 995.9026292012562 9.50616521067722e-12 1
6 117 209 996.7453804827485 9.494509115826031e-12 1
6 117 210 997.6003753268931 9.482881570480627e-12 1
6 117 211 998.462952193833 9.471473791037304e-12 1
6 117 212 999.3255290608201 9.460170483479446e-12 1
6 117 213 1000.1881059277604 9.448878166586828e-12 1
6 117 214 1001.2380862753474 9.437667129987536e-12 1
6 117 215 1002.5167224420862 9.426764044114416e-12 1
6 117 216 1003.7953586088553 9.415886121261485e-12 1
6 117 217 1005.0739947755944 9.404944107300491e-12 1
6 117 218 1006.2233421334158 9.394351776664825e-12 1
6 117 219 1007.0455888047808 9.38386611228515e-12 1
6 117 220 1007.867835476082 9.373403829310673e-12 1
6 117 221 1008.690082147329 9.363217003685375e-12 1
6 117 222 1009.5164746342217 9.353153879837447e-12 1
6 117 223 1010.3586955995469 9.343098474970732e-12 1
6 117 224 1011.2025524197945 9.333110518751473e-12 1
6 117 225 1012.0464092400323 9.323445011961668e-12 1
6 117 226 1012.8415558975709 9.313832467170317e-12 1
6 117 227 1013.3876176971579 9.304258132253212e-12 1
6 117 228 1013.866351145042 9.295086902331769e-12 1
6 117 229 1014.3450845929632 9.28593373481356e-12 1
6 117 230 1014.8536281358009 9.27675153018474e-12 1
6 117 231 1015.6115845955804 9.267833684636536e-12 1
6 117 232 1016.485566908447 9.259142101685994e-12 1
6 117 233 1017.3595492212668 9.250469269147535e-12 1
6 117 234 1018.2245612225902 9.241963542635761e-12 1
6 117 235 1018.799223004759 9.233720151594154e-12 1
6 117 236 1019.1716999383461 9.225491452871604e-12 1
6 117 237 1019.5441768719534 9.21724593059328e-12 1
6 117 238 1019.9166538055505 9.209405417612154e-12 1
6 117 239 1020.2578353231045 9.201613750786806e-12 1
6 118 61 990.2847722431884 1.0753394195060379e-11 1
6 118 62 990.911228929591 1.0701206874477358e-11 1
6 118 63 989.6464919442619 1.0669592149162899e-11 1
6 118 64 989.6035724123635 1.0650084908055313e-11 1
6 118 65 990.9757996486953 1.0637659750846058e-11 1
6 118 66 991.3137840064377 1.062977315644879e-11 1
6 118 67 991.9897527219276 1.0624479198046471e-11 1
6 118 68 992.249997267505 1.0620471853475498e-11 1
6 118 69 992.3290933829016 1.0616514095968616e-11 1
6 118 70 992.408189498303 1.0612559287108403e-11 1
6 118 71 992.4872856136997 1.0608763771359156e-11 1
6 118 72 992.5113498423722 1.0605034047397635e-11 1
6 118 73 992.3528918193765 1.0601300943883297e-11 1
6 118 74 992.1737807675903 1.0597609099209872e-11 1
6 118 75 991.994669715807 1.0594087903250183e-11 1
6 118 76 991.8242600599579 1.0590587206280122e-11 1
6 118 77 991.6939257001536 1.0587098816061551e-11 1
6 118 78 991.5743154256008 1.0583821173109694e-11 1
6 118 79 991.4547051510472 1.0580545558970188e-11 1
6 118 80 991.3746736317643 1.0577256681415035e-11 1
6 118 81 991.6116953751172 1.0574106676493972e-11 1
6 118 82 991.9880510684267 1.0571022215979187e-11 1
6 118 83 992.3644067617041 1.0567939582611969e-11 1
6 118 84 992.7398412097829 1.056493466752782e-11 1
6 118 85 993.0749907947178 1.0562044664673177e-11 1
6 118 86 993.3846605874588 1.0559149979469443e-11 1
6 118 87 993.6943303802241 1.0556264577284728e-11 1
6 118 88 994.0040001729653 1.0553531016581783e-11 1
6 118 89 994.1437947480152 1.0550775522139476e-11 1
6 118 90 994.1034486093474 1.054802146622379e-11 1
6 118 91 994.0581443679711 1.054536385991831e-11 1
6 118 92 994.0128401265932 1.0542745932545727e-11 1
6 118 93 993.9385187605828 1.0540135236765697e-11 1
6 118 94 993.8079755723645 1.0537600931372729e-11 1
6 118 95 993.6746093370348 1.0535066351288284e-11 1
6 118 96 993.5412431017093 1.0532503299099802e-11 1
6 118 97 993.434174353739 1.0529942979003275e-11 1
6 118 98 993.4388142651349 1.0527414887403422e-11 1
6 118 99 993.4508093902883 1.0524888009430863e-11 1
6 118 100 993.4628045154428 1.0522400403687113e-11 1
6 118 101 993.4854709545932 1.051986547285919e-11 1
6 118 102 993.8004799348582 1.0517293607642165e-11 1
6 118 103 994.1381540738385 1.051473480670934e-11 1
6 118 104 994.4758282128083 1.051222663111337e-11 1
6 118 105 994.8135023518043 1.0509572828597766e-11 1
6 118 106 995.1995832433302 1.0506872580073798e-11 1
6 118 107 995.5980672885412 1.0504164665911977e-11 1
6 118 108 995.9965513337759 1.0501269307512532e-11 1
6 118 109 996.3950353789868 1.0498375544821163e-11 1
6 118 110 996.7775717370266 1.04955581949269e-11 1
6 118 111 997.1506975228957 1.049259736066819e-11 1
6 118 112 997.5238233087714 1.0489366844677888e-11 1
6 118 113 997.8969490946404 1.048613331929446e-11 1
6 118 114 998.2858776035537 1.0482764116800342e-11 1
6 118 115 998.6932264645949 1.0479066338251141e-11 1
6 118 116 999.1005753256044 1.047531170318673e-11 1
6 118 117 999.5079241866174 1.0471534236466012e-11 1
6 118 118 999.8214628871681 1.0467186771749507e-11 1
6 118 119 999.9103984149549 1.046275107033433e-11 1
6 118 120 999.9993339427442 1.0458319126779429e-11 1
6 118 121 1000.0882694705329 1.045334285070444e-11 1
6 118 122 1000.1884399293807 1.0448150258144231e-11 1
6 118 123 1000.3275634311165 1.0442968526142682e-11 1
6 118 124 1000.470977063089 1.0437505937823712e-11 1
6 118 125 1000.6143906950729 1.0431522265757328e-11 1
6 118 126 1000.7622056254827 1.0425551196846697e-11 1
6 118 127 1000.9309512723162 1.04195482389634e-11 1
6 118 128 1001.1053261420404 1.0412755064574944e-11 1
6 118 129 1001.2797010117408 1.0405993454808346e-11 1
6 118 130 1001.481016891999 1.0399240620759095e-11 1
6 118 131 1001.9005580083864 1.0391942904557078e-11 1
6 118 132 1002.4179823845508 1.0384432234332143e-11 1
6 118 133 1002.9354067607053 1.037692279065574e-11 1
6 118 134 1003.4481885132604 1.0369059802033807e-11 1
6 118 135 1003.7810831771297 1.0360790597382857e-11 1
6 118 136 1003.9963454058944 1.0352569276845552e-11 1
6 118 137 1004.2116076346612 1.0344323546205829e-11 1
6 118 138 1004.4268698634341 1.0335345080077395e-11 1
6 118 139 1004.6335581455432 1.0326460130550444e-11 1
6 118 140 1004.8310281209943 1.0317590444088578e-11 1
6 118 141 1005.0282179835611 1.0308247364743818e-11 1
6 118 142 1005.2254078461223 1.0298724293828437e-11 1
6 118 143 1005.41067579907 1.0289203688915114e-11 1
6 118 144 1005.5728621232671 1.0279403099486205e-11 1
6 118 145 1005.7337259263196 1.0269317194896448e-11 1
6 118 146 1005.8945897293814 1.0259251063003154e-11 1
6 118 147 1006.0840951476607 1.0249065464165478e-11 1
6 118 148 1006.392904511779 1.02383477962177e-11 1
6 118 149 1006.7107841164291 1.022776089558417e-11 1
6 118 150 1007.0286637210854 1.0217195866973116e-11 1
6 118 151 1007.3406772788694 1.0206151914822286e-11 1
6 118 152 1007.5129659319955 1.0195111471659306e-11 1
6 118 153 1007.6726670738376 1.0184100021857743e-11 1
6 118 154 1007.8323682156672 1.0172924138624452e-11 1
6 118 155 1007.9920693574985 1.0161465161025073e-11 1
6 118 156 1008.1769979094439 1.0150031969605585e-11 1
6 118 157 1008.368617602411 1.013848277789772e-11 1
6 118 158 1008.5602372953833 1.0126557813338801e-11 1
6 118 159 1008.751856988354 1.0114788971716803e-11 1
6 118 160 1008.9122911105412 1.0103047453269093e-11 1
6 118 161 1009.0538721376771 1.0091072146848743e-11 1
6 119 54 985.60084096833 1.138557970057825e-11 1
6 119 55 987.7014422040345 1.127549225881073e-11 1
6 119 56 989.1941327897381 1.1166040856219055e-11 1
6 119 57 989.8466697485806 1.1060102450899321e-11 1
6 119 58 991.2507491707953 1.095942199193282e-11 1
6 119 59 993.1909821060085 1.0865548963671218e-11 1
6 119 60 994.8541232075094 1.0779773031103998e-11 1
6 119 61 996.0539819511574 1.0708591296472148e-11 1
6 119 62 997.6895017275516 1.0659758845903422e-11 1
6 119 63 998.8344542321546 1.0630185775492689e-11 1
6 119 64 999.4347348320467 1.061186280399358e-11 1
6 119 65 1000.0188018057557 1.0600186203404314e-11 1
6 119 66 1000.078459596447 1.0592716592537556e-11 1
6 119 67 1000.1977751778306 1.0587760281624443e-11 1
6 119 68 1000.3075858841823 1.0583954836034466e-11 1
6 119 69 1000.5342623468975 1.058017489276308e-11 1
6 119 70 1000.7609388096266 1.057639764845827e-11 1
6 119 71 1000.9876152723417 1.057274266497996e-11 1
6 119 72 1001.1836215538789 1.0569139440146909e-11 1
6 119 73 1001.2779051640345 1.0565538698647436e-11 1
6 119 74 1001.3606784994652 1.0561997318897858e-11 1
6 119 75 1001.4434518348943 1.0558551475856412e-11 1
6 119 76 1001.5291022313081 1.0555107880488653e-11 1
6 119 77 1001.6280032684052 1.0551686242484143e-11 1
6 119 78 1001.7304501557838 1.0548408891970636e-11 1
6 119 79 1001.8328970431634 1.0545121561293786e-11 1
6 120 48 977.8683181608467 1.184607937015121e-11 1
6 120 49 978.8543724068804 1.1772481987303479e-11 1
6 120 50 979.976607598111 1.1690778861171886e-11 1
6 120 51 981.4415372147387 1.1601809411707585e-11 1
6 120 52 983.260886653865 1.1506781743828891e-11 1
6 120 53 985.3040888070847 1.1407119998289978e-11 1
6 120 54 987.5272656400732 1.1304516832435836e-11 1
6 120 55 989.117998763999 1.1200733426835944e-11 1
6 120 56 990.4471302109049 1.1097561534075478e-11 1
6 120 57 992.3754563904221 1.099752302929308e-11 1
6 121 48 978.1738329888634 1.1748293712020087e-11 1
6 121 49 979.634711208836 1.1675344231799142e-11 1
6 121 50 980.7276582907355 1.1595692270086926e-11 1
6 121 51 981.9718235189969 1.1516556279753315e-11 1
