1 55 104 979.0719722150808 5.003528887733262e-11 1
1 55 105 999.6737178205508 4.364633795739214e-11 1
1 55 106 1023.1670039533608 3.341105817578202e-11 1
1 55 107 1016.1237300275808 3.092874486475607e-11 1
1 56 79 958.6953853010208 6.804033975770371e-11 1
1 56 80 958.6953853010208 6.6712344508914e-11 1
1 56 81 961.6815913557108 6.246467613491871e-11 1
1 56 82 964.4893916486808 5.895601245907813e-11 1
1 56 83 966.4876216291508 5.651751920138212e-11 1
1 56 84 973.4036372541508 5.093645689102921e-11 1
1 56 85 973.4036372541508 5.0454226857594435e-11 1
1 56 86 976.4169429182108 4.820877508154395e-11 1
1 56 87 980.7468989729008 4.549809269474973e-11 1
1 56 88 985.6251338361808 4.286018822992719e-11 1
1 56 89 995.3056147932108 3.865087448819795e-11 1
1 56 90 995.3056147932108 3.8495157877008866e-11 1
1 56 91 998.9697383283608 3.706043363541583e-11 1
1 56 92 1002.1544917463308 3.589759399509956e-11 1
1 56 93 1005.3891719221108 3.480493417740161e-11 1
1 56 94 1010.3714717268008 3.330162732120486e-11 1
1 56 95 1010.3714717268008 3.32577615610879e-11 1
1 56 96 1012.5843013166508 3.2627579869768866e-11 1
1 56 97 1014.8405269025808 3.2021501388601526e-11 1
1 56 98 1015.2158320783608 3.191926014654935e-11 1
1 56 99 1016.1776851057108 3.169120370473025e-11 1
1 56 100 1017.6880000471108 3.136410779232521e-11 1
1 56 101 1019.1940425275808 3.1058152311063874e-11 1
1 56 102 1022.0843013166508 3.0468451273472673e-11 1
1 56 103 1025.0240596174308 3.072673107452424e-11 1
1 56 104 1027.424022996331 3.246600125631509e-11 1
1 56 105 1031.8161738752408 3.388855909503504e-11 1
1 57 32 975.0854609846108 6.87938865773912e-11 1
1 57 33 977.3623164533608 6.749445426878218e-11 1
1 57 34 976.0636103986808 7.006531957469707e-11 1
1 57 35 976.0636103986808 7.100576216133952e-11 1
1 57 36 973.7744258283608 7.516199308613712e-11 1
1 57 37 972.7203486799308 7.801254317924067e-11 1
1 57 38 975.5898555158608 7.516810785945479e-11 1
1 57 39 976.7489131330508 7.491334241863496e-11 1
1 57 40 976.7489131330508 7.634308277773833e-11 1
1 57 41 976.5760615705508 7.804704790562029e-11 1
1 57 42 976.0545161604008 8.034060558120399e-11 1
1 57 43 974.5028804182108 8.446646997152407e-11 1
1 57 44 977.6140254377408 8.055969595451032e-11 1
1 57 45 977.6140254377408 8.175935936706659e-11 1
1 57 46 979.3159907697708 8.006282125320897e-11 1
1 57 47 978.5125239729008 8.238579660445531e-11 1
1 57 48 974.6110347150808 9.074739519003257e-11 1
1 57 49 977.2621577619608 8.656016492700535e-11 1
1 57 50 977.2621577619608 8.745252307805675e-11 1
1 57 51 979.6755488752408 8.394561740418799e-11 1
1 57 52 983.1093257307108 7.90460670951744e-11 1
1 57 53 986.0375483869608 7.53524088631208e-11 1
1 57 54 986.2727168439908 7.54882572152884e-11 1
1 57 55 986.2727168439908 7.571211960150445e-11 1
1 57 56 987.3324702619608 7.415662191667217e-11 1
1 57 57 987.1722529768008 7.401485228882573e-11 1
1 57 58 988.4747432111808 7.167745465515695e-11 1
1 57 59 989.4864619611808 6.960746263849314e-11 1
1 57 60 989.4864619611808 6.862962116436678e-11 1
1 57 61 990.7353022932108 6.61285112912212e-11 1
1 57 62 991.3997920393008 6.428870669754727e-11 1
1 57 63 992.5257075666508 6.201094074052568e-11 1
1 57 64 996.2369502424308 5.7585513991909424e-11 1
1 57 65 996.2369502424308 5.6533457117314415e-11 1
1 57 66 998.1249507307108 5.4060869776699624e-11 1
1 57 67 998.8376582502408 5.2566725668574283e-11 1
1 57 68 999.4882319807108 5.1154233000519954e-11 1
1 57 69 999.2574580549308 5.0334928117086935e-11 1
1 57 70 999.2574580549308 4.937421666250664e-11 1
1 57 71 998.2246211408608 4.906237448834775e-11 1
1 57 72 996.6278193830508 4.9095433513136605e-11 1
1 57 73 994.2792476057108 4.9598184324459715e-11 1
1 57 74 992.0373042463308 5.0053164692274694e-11 1
1 57 75 992.0373042463308 4.913515735260925e-11 1
1 57 76 993.5146602033608 4.7418101096277715e-11 1
1 57 77 992.8153804182108 4.7005927261270395e-11 1
1 57 78 991.7243770002408 4.68348005790822e-11 1
1 57 79 997.1137202619608 4.340851473230615e-11 1
1 57 80 997.1137202619608 4.280265118713331e-11 1
1 57 81 999.3574336408608 4.126390158585803e-11 1
1 57 82 1002.4334834455508 3.927681657374407e-11 1
1 57 83 1004.6248896955508 3.8051155626186356e-11 1
1 57 84 1009.8278315900808 3.592482187239519e-11 1
1 57 85 1009.8278315900808 3.562153424365739e-11 1
1 57 86 1011.0199702619608 3.4976727901912105e-11 1
1 57 87 1011.7038081525808 3.452663122475002e-11 1
1 57 88 1012.6812251447708 3.402314795106338e-11 1
1 57 89 1013.6049922346108 3.375789977402536e-11 1
1 57 90 1013.6049922346108 3.3301202199011177e-11 1
1 57 91 1014.7435420393008 3.2850075914672475e-11 1
1 58 24 970.6783564924308 4.770294088069093e-11 1
1 58 25 971.9846309064908 4.7344283215779755e-11 1
1 58 26 975.0374263166508 4.693193993227221e-11 1
1 58 27 978.6625483869608 4.749434680231474e-11 1
1 58 28 982.6812251447708 4.9811836799052155e-11 1
1 58 29 984.5207637189908 5.4819500932797037e-11 1
1 58 30 987.8157466291508 5.5859995115651946e-11 1
1 58 31 989.7296870588308 5.601338179870128e-11 1
1 58 32 990.3480342268008 5.6813372132343854e-11 1
1 58 33 992.0310176252408 5.637252497285574e-11 1
1 58 34 992.5909541486808 5.6535426051492305e-11 1
1 58 35 992.5909541486808 5.7052618016632513e-11 1
1 58 36 992.7447017072708 5.747914784637585e-11 1
1 58 37 993.1422236799308 5.7725914651333224e-11 1
1 58 38 994.3921626447708 5.727464756113134e-11 1
1 58 39 994.6344722150808 5.7654969283703856e-11 1
1 58 40 994.6344722150808 5.823160247974893e-11 1
1 58 41 994.9820674299308 5.850107074027135e-11 1
1 58 42 995.5077021955508 5.8054771828346127e-11 1
1 58 43 996.0592769025808 5.887198559102295e-11 1
1 59 24 971.6006587385208 4.592504244857009e-11 1
1 59 25 973.7447017072708 4.520718696043973e-11 1
1 59 26 976.1731074689908 4.544323028587353e-11 1
