6 19 27 995.8686981765368 3.5316349092853453e-11 1
6 20 17 919.1019135085768 4.788639325370883e-11 1
6 20 18 926.9802094070068 4.7583550765063536e-11 1
6 20 19 934.4092865554468 4.6713329486355564e-11 1
6 20 20 945.7059174148268 4.519754137531937e-11 1
6 20 21 950.2907562820068 4.350578429900998e-11 1
6 20 22 969.9130707351368 4.2041955030462854e-11 1
6 20 23 998.8852997390368 4.102158416690468e-11 1
6 20 24 1010.7927094070068 4.040635361005011e-11 1
6 20 25 1014.7914887038868 3.949360040836433e-11 1
6 20 26 1020.3406220046668 3.6921717875468634e-11 1
6 20 27 1030.4849091140368 3.4566462308148866e-11 1
6 21 11 964.5293427077868 5.3272066583406884e-11 1
6 21 12 970.6674042312268 5.15707414074902e-11 1
6 21 13 977.5097504226368 4.986673998419241e-11 1
6 21 14 982.1773529616968 4.885648341730387e-11 1
6 21 15 985.4461517898268 4.8180897941686646e-11 1
6 21 16 990.0093231765368 4.765510548171294e-11 1
6 21 17 993.4391937820068 4.7287789247106445e-11 1
6 21 18 996.5312347976368 4.7003036824082835e-11 1
