3 19 27 995.8686981765368 3.135120179325225e-10 1
3 20 17 919.1019135085768 1.8621819129768744e-10 1
3 20 18 926.9802094070068 1.8464022906941621e-10 1
3 20 19 934.4092865554468 1.9766020944635124e-10 1
3 20 20 945.7059174148268 2.243489300394678e-10 1
3 20 21 950.2907562820068 2.554288094682041e-10 1
3 20 22 969.9130707351368 2.767110880162784e-10 1
3 20 23 998.8852997390368 2.8301145954743473e-10 1
3 20 24 1010.7927094070068 2.8269137906288184e-10 1
3 20 25 1014.7914887038868 2.910896859106498e-10 1
3 20 26 1020.3406220046668 2.824191872519056e-10 1
3 20 27 1030.4849091140368 2.6121777980122554e-10 1
3 21 11 964.5293427077868 2.236825768750299e-10 1
3 21 12 970.6674042312268 2.277061364630045e-10 1
3 21 13 977.5097504226368 2.0938762469381843e-10 1
3 21 14 982.1773529616968 2.0328187962949494e-10 1
3 21 15 985.4461517898268 2.048667239538401e-10 1
3 21 16 990.0093231765368 2.0391283755053274e-10 1
3 21 17 993.4391937820068 1.9647858610462982e-10 1
3 21 18 996.5312347976368 1.906819852620189e-10 1
