3 55 104 974.0088312118016 1.288220385880811e-10 1
3 55 105 994.6105768172716 1.1898291960161562e-10 1
3 55 106 1018.1038629500816 1.292073155228986e-10 1
3 55 107 1011.0605890243016 1.6860563836846748e-10 1
3 56 79 953.6322442977416 1.1541024505989828e-10 1
3 56 80 953.6322442977416 1.168150609367819e-10 1
3 56 81 956.6184503524316 1.1811754666156431e-10 1
3 56 82 959.4262506454016 1.1931390892623914e-10 1
3 56 83 961.4244806258716 1.2039757164077703e-10 1
3 56 84 968.3404962508716 1.2136722787339726e-10 1
3 56 85 968.3404962508716 1.2222203215407405e-10 1
3 56 86 971.3538019149316 1.2296684860873398e-10 1
3 56 87 975.6837579696216 1.236041456871767e-10 1
3 56 88 980.5619928329016 1.241459056051941e-10 1
3 56 89 990.2424737899316 1.2459607990951078e-10 1
3 56 90 990.2424737899316 1.2497142635638727e-10 1
3 56 91 993.9065973250816 1.2527608223894307e-10 1
3 56 92 997.0913507430516 1.255046323430792e-10 1
3 56 93 1000.3260309188316 1.2565546935426987e-10 1
3 56 94 1005.3083307235216 1.2576125813431568e-10 1
3 56 95 1005.3083307235216 1.2580806272237224e-10 1
3 56 96 1007.5211603133716 1.2581628801164814e-10 1
3 56 97 1009.7773858993016 1.2579696783469923e-10 1
3 56 98 1010.1526910750816 1.2575319259457552e-10 1
3 56 99 1011.1145441024316 1.2569882898176527e-10 1
3 56 100 1012.6248590438316 1.2585847129815047e-10 1
3 56 101 1014.1309015243016 1.2721117947159413e-10 1
3 56 102 1017.0211603133716 1.3160907972955489e-10 1
3 56 103 1019.9609186141516 1.3266557893416811e-10 1
3 56 104 1022.3608819930516 1.2326466278831854e-10 1
3 56 105 1026.7530328719618 1.119193530345604e-10 1
3 57 32 970.0223199813316 9.201583040010168e-11 1
3 57 33 972.2991754500816 9.182292293909261e-11 1
3 57 34 971.0004693954016 9.157084843133434e-11 1
3 57 35 971.0004693954016 9.131010309773213e-11 1
3 57 36 968.7112848250816 9.095152438669302e-11 1
3 57 37 967.6572076766516 9.050216275248696e-11 1
3 57 38 970.5267145125816 8.999257653028161e-11 1
3 57 39 971.6857721297716 8.940074910865597e-11 1
3 57 40 971.6857721297716 8.875440789806736e-11 1
3 57 41 971.5129205672716 8.809793778098304e-11 1
3 57 42 970.9913751571216 8.743025867901864e-11 1
3 57 43 969.4397394149316 8.677949557269574e-11 1
3 57 44 972.5508844344616 8.61457856381387e-11 1
3 57 45 972.5508844344616 8.555248985611803e-11 1
3 57 46 974.2528497664916 8.497949291038883e-11 1
3 57 47 973.4493829696216 8.442986816498019e-11 1
3 57 48 969.5478937118016 8.389477347311403e-11 1
3 57 49 972.1990167586816 8.339986258133116e-11 1
3 57 50 972.1990167586816 8.295100752508871e-11 1
3 57 51 974.6124078719616 8.257084932673986e-11 1
3 57 52 978.0461847274316 8.230237438203943e-11 1
3 57 53 980.9744073836816 8.219004679626044e-11 1
3 57 54 981.2095758407116 8.225021785492947e-11 1
3 57 55 981.2095758407116 8.248103061410693e-11 1
3 57 56 982.2693292586816 8.286349787163746e-11 1
3 57 57 982.1091119735216 8.339575712307635e-11 1
3 57 58 983.4116022079016 8.409560252077812e-11 1
3 57 59 984.4233209579016 8.494335617842267e-11 1
3 57 60 984.4233209579016 8.589661112039088e-11 1
3 57 61 985.6721612899316 8.693207703502944e-11 1
3 57 62 986.3366510360216 8.80408656386844e-11 1
3 57 63 987.4625665633716 8.92077018879704e-11 1
3 57 64 991.1738092391516 9.040999543287011e-11 1
3 57 65 991.1738092391516 9.164613603571873e-11 1
3 57 66 993.0618097274316 9.29003127095801e-11 1
3 57 67 993.7745172469616 9.421827231370469e-11 1
3 57 68 994.4250909774316 9.559967235225166e-11 1
3 57 69 994.1943170516516 9.704761672304224e-11 1
3 57 70 994.1943170516516 9.859290964369965e-11 1
3 57 71 993.1614801375816 1.0016503104790974e-10 1
3 57 72 991.5646783797716 1.0170248723120288e-10 1
3 57 73 989.2161066024316 1.0318951926017055e-10 1
3 57 74 986.9741632430516 1.0463388053823188e-10 1
3 57 75 986.9741632430516 1.060502707865501e-10 1
3 57 76 988.4515192000816 1.0741968723967701e-10 1
3 57 77 987.7522394149316 1.0873909082090059e-10 1
3 57 78 986.6612359969616 1.099953786252491e-10 1
3 57 79 992.0505792586816 1.1121172831614568e-10 1
3 57 80 992.0505792586816 1.1234170622069179e-10 1
3 57 81 994.2942926375816 1.1340091437943294e-10 1
3 57 82 997.3703424422716 1.1526542213216281e-10 1
3 57 83 999.5617486922716 1.1612209333744557e-10 1
3 57 84 1004.7646905868016 1.1685318731439028e-10 1
3 57 85 1004.7646905868016 1.1746918575837356e-10 1
3 57 86 1005.9568292586816 1.1798711136276108e-10 1
3 57 87 1006.6406671493016 1.1841679691381569e-10 1
3 57 88 1007.6180841414916 1.1875959861372035e-10 1
3 57 89 1008.5418512313316 1.1875959861372035e-10 1
3 57 90 1008.5418512313316 1.2076016845541178e-10 1
3 57 91 1009.6804010360216 1.2094279872147872e-10 1
3 58 24 965.6152154891516 9.849946768491547e-11 1
3 58 25 966.9214899032116 1.0069703659704535e-10 1
3 58 26 969.9742853133716 1.0160733099324496e-10 1
3 58 27 973.5994073836816 1.0079146073551606e-10 1
3 58 28 977.6180841414916 9.697546725219969e-11 1
3 58 29 979.4576227157116 9.196729661597917e-11 1
3 58 30 982.7526056258716 9.072648573170657e-11 1
3 58 31 984.6665460555516 9.106896836082179e-11 1
3 58 32 985.2848932235216 9.111471083729061e-11 1
3 58 33 986.9678766219616 9.107633546115708e-11 1
3 58 34 987.5278131454016 9.102261923935008e-11 1
3 58 35 987.5278131454016 9.119923740872182e-11 1
3 58 36 987.6815607039916 9.104979007532319e-11 1
3 58 37 988.0790826766516 9.08554016098168e-11 1
3 58 38 989.3290216414916 9.06279278002368e-11 1
3 58 39 989.5713312118016 9.037709295935844e-11 1
3 58 40 989.5713312118016 9.011543565098674e-11 1
3 58 41 989.9189264266516 8.944641247357788e-11 1
3 58 42 990.4445611922716 9.02018241039616e-11 1
3 58 43 990.9961358993016 8.901052259863657e-11 1
3 59 24 966.5375177352416 9.942954242019663e-11 1
3 59 25 968.6815607039916 1.0188492395087497e-10 1
3 59 26 971.1099664657116 1.0129407446047244e-10 1
