6 19 27 998.7089967881324 3.5316349092853453e-11 1
6 20 17 921.9422121201724 4.788639325370883e-11 1
6 20 18 929.8205080186024 4.7583550765063536e-11 1
6 20 19 937.2495851670424 4.6713329486355564e-11 1
6 20 20 948.5462160264224 4.519754137531937e-11 1
6 20 21 953.1310548936024 4.350578429900998e-11 1
6 20 22 972.7533693467324 4.2041955030462854e-11 1
6 20 23 1001.7255983506324 4.102158416690468e-11 1
6 20 24 1013.6330080186024 4.040635361005011e-11 1
6 20 25 1017.6317873154824 3.949360040836433e-11 1
6 20 26 1023.1809206162624 3.6921717875468634e-11 1
6 20 27 1033.3252077256325 3.4566462308148866e-11 1
6 21 11 967.3696413193824 5.3272066583406884e-11 1
6 21 12 973.5077028428224 5.15707414074902e-11 1
6 21 13 980.3500490342324 4.986673998419241e-11 1
6 21 14 985.0176515732924 4.885648341730387e-11 1
6 21 15 988.2864504014224 4.8180897941686646e-11 1
6 21 16 992.8496217881324 4.765510548171294e-11 1
6 21 17 996.2794923936024 4.7287789247106445e-11 1
6 21 18 999.3715334092324 4.7003036824082835e-11 1
