3 55 104 973.2061381259159 1.288220385880811e-10 1
3 55 105 993.8078837313859 1.1898291960161562e-10 1
3 55 106 1017.3011698641959 1.292073155228986e-10 1
3 55 107 1010.2578959384159 1.6860563836846748e-10 1
3 56 79 952.8295512118559 1.1541024505989828e-10 1
3 56 80 952.8295512118559 1.168150609367819e-10 1
3 56 81 955.8157572665459 1.1811754666156431e-10 1
3 56 82 958.6235575595159 1.1931390892623914e-10 1
3 56 83 960.6217875399859 1.2039757164077703e-10 1
3 56 84 967.5378031649859 1.2136722787339726e-10 1
3 56 85 967.5378031649859 1.2222203215407405e-10 1
3 56 86 970.5511088290459 1.2296684860873398e-10 1
3 56 87 974.8810648837359 1.236041456871767e-10 1
3 56 88 979.7592997470159 1.241459056051941e-10 1
3 56 89 989.4397807040459 1.2459607990951078e-10 1
3 56 90 989.4397807040459 1.2497142635638727e-10 1
3 56 91 993.1039042391959 1.2527608223894307e-10 1
3 56 92 996.2886576571659 1.255046323430792e-10 1
3 56 93 999.5233378329459 1.2565546935426987e-10 1
3 56 94 1004.5056376376359 1.2576125813431568e-10 1
3 56 95 1004.5056376376359 1.2580806272237224e-10 1
3 56 96 1006.7184672274859 1.2581628801164814e-10 1
3 56 97 1008.9746928134159 1.2579696783469923e-10 1
3 56 98 1009.3499979891959 1.2575319259457552e-10 1
3 56 99 1010.3118510165459 1.2569882898176527e-10 1
3 56 100 1011.8221659579459 1.2585847129815047e-10 1
3 56 101 1013.3282084384159 1.2721117947159413e-10 1
3 56 102 1016.2184672274859 1.3160907972955489e-10 1
3 56 103 1019.1582255282659 1.3266557893416811e-10 1
3 56 104 1021.5581889071659 1.2326466278831854e-10 1
3 56 105 1025.950339786076 1.119193530345604e-10 1
3 57 32 969.2196268954459 9.201583040010168e-11 1
3 57 33 971.4964823641959 9.182292293909261e-11 1
3 57 34 970.1977763095159 9.157084843133434e-11 1
3 57 35 970.1977763095159 9.131010309773213e-11 1
3 57 36 967.9085917391959 9.095152438669302e-11 1
3 57 37 966.8545145907659 9.050216275248696e-11 1
3 57 38 969.7240214266959 8.999257653028161e-11 1
3 57 39 970.8830790438859 8.940074910865597e-11 1
3 57 40 970.8830790438859 8.875440789806736e-11 1
3 57 41 970.7102274813859 8.809793778098304e-11 1
3 57 42 970.1886820712359 8.743025867901864e-11 1
3 57 43 968.6370463290459 8.677949557269574e-11 1
3 57 44 971.7481913485759 8.61457856381387e-11 1
3 57 45 971.7481913485759 8.555248985611803e-11 1
3 57 46 973.4501566806059 8.497949291038883e-11 1
3 57 47 972.6466898837359 8.442986816498019e-11 1
3 57 48 968.7452006259159 8.389477347311403e-11 1
3 57 49 971.3963236727959 8.339986258133116e-11 1
3 57 50 971.3963236727959 8.295100752508871e-11 1
3 57 51 973.8097147860759 8.257084932673986e-11 1
3 57 52 977.2434916415459 8.230237438203943e-11 1
3 57 53 980.1717142977959 8.219004679626044e-11 1
3 57 54 980.4068827548259 8.225021785492947e-11 1
3 57 55 980.4068827548259 8.248103061410693e-11 1
3 57 56 981.4666361727959 8.286349787163746e-11 1
3 57 57 981.3064188876359 8.339575712307635e-11 1
3 57 58 982.6089091220159 8.409560252077812e-11 1
3 57 59 983.6206278720159 8.494335617842267e-11 1
3 57 60 983.6206278720159 8.589661112039088e-11 1
3 57 61 984.8694682040459 8.693207703502944e-11 1
3 57 62 985.5339579501359 8.80408656386844e-11 1
3 57 63 986.6598734774859 8.92077018879704e-11 1
3 57 64 990.3711161532659 9.040999543287011e-11 1
3 57 65 990.3711161532659 9.164613603571873e-11 1
3 57 66 992.2591166415459 9.29003127095801e-11 1
3 57 67 992.9718241610759 9.421827231370469e-11 1
3 57 68 993.6223978915459 9.559967235225166e-11 1
3 57 69 993.3916239657659 9.704761672304224e-11 1
3 57 70 993.3916239657659 9.859290964369965e-11 1
3 57 71 992.3587870516959 1.0016503104790974e-10 1
3 57 72 990.7619852938859 1.0170248723120288e-10 1
3 57 73 988.4134135165459 1.0318951926017055e-10 1
3 57 74 986.1714701571659 1.0463388053823188e-10 1
3 57 75 986.1714701571659 1.060502707865501e-10 1
3 57 76 987.6488261141959 1.0741968723967701e-10 1
3 57 77 986.9495463290459 1.0873909082090059e-10 1
3 57 78 985.8585429110759 1.099953786252491e-10 1
3 57 79 991.2478861727959 1.1121172831614568e-10 1
3 57 80 991.2478861727959 1.1234170622069179e-10 1
3 57 81 993.4915995516959 1.1340091437943294e-10 1
3 57 82 996.5676493563859 1.1526542213216281e-10 1
3 57 83 998.7590556063859 1.1612209333744557e-10 1
3 57 84 1003.9619975009159 1.1685318731439028e-10 1
3 57 85 1003.9619975009159 1.1746918575837356e-10 1
3 57 86 1005.1541361727959 1.1798711136276108e-10 1
3 57 87 1005.8379740634159 1.1841679691381569e-10 1
3 57 88 1006.8153910556059 1.1875959861372035e-10 1
3 57 89 1007.7391581454459 1.1875959861372035e-10 1
3 57 90 1007.7391581454459 1.2076016845541178e-10 1
3 57 91 1008.8777079501359 1.2094279872147872e-10 1
3 58 24 964.8125224032659 9.849946768491547e-11 1
3 58 25 966.1187968173259 1.0069703659704535e-10 1
3 58 26 969.1715922274859 1.0160733099324496e-10 1
3 58 27 972.7967142977959 1.0079146073551606e-10 1
3 58 28 976.8153910556059 9.697546725219969e-11 1
3 58 29 978.6549296298259 9.196729661597917e-11 1
3 58 30 981.9499125399859 9.072648573170657e-11 1
3 58 31 983.8638529696659 9.106896836082179e-11 1
3 58 32 984.4822001376359 9.111471083729061e-11 1
3 58 33 986.1651835360759 9.107633546115708e-11 1
3 58 34 986.7251200595159 9.102261923935008e-11 1
3 58 35 986.7251200595159 9.119923740872182e-11 1
3 58 36 986.8788676181059 9.104979007532319e-11 1
3 58 37 987.2763895907659 9.08554016098168e-11 1
3 58 38 988.5263285556059 9.06279278002368e-11 1
3 58 39 988.7686381259159 9.037709295935844e-11 1
3 58 40 988.7686381259159 9.011543565098674e-11 1
3 58 41 989.1162333407659 8.944641247357788e-11 1
3 58 42 989.6418681063859 9.02018241039616e-11 1
3 58 43 990.1934428134159 8.901052259863657e-11 1
3 59 24 965.7348246493559 9.942954242019663e-11 1
3 59 25 967.8788676181059 1.0188492395087497e-10 1
3 59 26 970.3072733798259 1.0129407446047244e-10 1
