5 113 272 1030.6959773636022 1.089027005910594e-11 1
5 113 273 1021.2195667080555 1.1176923037567372e-11 1
5 113 274 1006.3418732153052 1.1176923037567372e-11 1
5 114 266 1005.1733557472617 8.635516283967733e-12 1
5 114 267 1011.299301749958 9.105985659809342e-12 1
5 114 268 1018.3943896055957 9.502402261922767e-12 1
5 114 269 1033.6421382862984 9.813379864656342e-12 1
5 114 270 1038.249290840588 1.0029157776198447e-11 1
5 114 271 1039.6350690583395 1.0248567111594759e-11 1
5 114 272 1038.089269789999 1.0603022938525631e-11 1
5 114 273 1033.6699716444941 1.0976359357860777e-11 1
5 114 274 1022.2889157752483 1.0976359357860777e-11 1
5 115 260 1030.3247285673165 6.628902972373803e-12 1
5 115 261 1031.6536357072196 6.722462606190182e-12 1
5 115 262 1033.056051792813 6.8697415715771935e-12 1
5 115 263 1035.1829119145114 7.0941276506090526e-12 1
5 115 264 1036.0004028552967 7.392711963664138e-12 1
5 115 265 1036.6695263197412 7.75685851480002e-12 1
5 115 266 1032.6106165513706 8.185295915468105e-12 1
5 115 267 1039.9725299073175 8.656507595616485e-12 1
5 115 268 1041.0256217849142 9.134841748935693e-12 1
5 115 269 1043.9492459586318 9.586290182046833e-12 1
5 116 199 976.722026615594 4.9257212377896635e-12 1
5 116 200 977.1797457454943 4.949141480193886e-12 1
5 116 201 977.642786468234 4.9727604995058426e-12 1
5 116 202 978.2180956486516 4.996431375211549e-12 1
5 116 203 978.8049451657372 5.020323970901147e-12 1
5 116 204 979.3917946828387 5.044366252247936e-12 1
5 116 205 979.9786441999338 5.06850774489583e-12 1
5 116 206 980.7557571614772 5.0928814230315125e-12 1
5 116 207 981.585072367769 5.117637791648541e-12 1
5 116 208 982.4143875740382 5.1421908648520594e-12 1
5 116 209 983.2437027803718 5.166980672151734e-12 1
5 116 210 984.0264743938542 5.192065359100243e-12 1
5 116 211 984.7804231402464 5.217112821707192e-12 1
5 116 212 985.5343718866799 5.24226092675723e-12 1
5 116 213 986.2883206330723 5.2676550685294695e-12 1
5 116 214 987.049909022613 5.293083584353225e-12 1
5 116 215 987.8208187377235 5.3184306559715424e-12 1
5 116 216 988.5917284528521 5.344052324468449e-12 1
5 116 217 989.3626381679627 5.3698855396442086e-12 1
5 116 218 990.2905206786927 5.395260627538782e-12 1
5 116 219 991.6155443625523 5.421014890255323e-12 1
5 116 220 992.9405680463094 5.447016208102468e-12 1
5 116 221 994.2655917299791 5.4727543493149314e-12 1
5 116 222 995.4815623299544 5.4985274973124645e-12 1
5 116 223 996.2811747066621 5.5245036351626265e-12 1
5 116 224 997.037756943725 5.550052974727462e-12 1
5 116 225 997.7943391807789 5.575500065388191e-12 1
5 116 226 998.6233219736057 5.6013344929731735e-12 1
5 116 227 999.822533095323 5.627363844586631e-12 1
5 116 228 1001.1218179964442 5.652675766706339e-12 1
5 116 229 1002.4211028976661 5.678216424086042e-12 1
5 116 230 1003.7868828719586 5.703724842529444e-12 1
5 116 231 1005.7090089494031 5.7282633317933815e-12 1
5 116 232 1007.8899449234002 5.753455108608617e-12 1
5 116 233 1010.0708808972805 5.7788922946557375e-12 1
5 116 234 1012.2323423240142 5.803759245203201e-12 1
5 116 235 1013.7634533959589 5.8281292118312686e-12 1
5 116 236 1014.8556211414234 5.853048237637948e-12 1
5 116 237 1015.9477888869462 5.878123195597482e-12 1
5 116 238 1017.0399566324398 5.9021917086449976e-12 1
5 116 239 1017.8827061925422 5.926458133516618e-12 1
5 116 240 1018.4487915522737 5.950481293775072e-12 1
5 116 241 1019.0052416820195 5.9738141555967924e-12 1
5 116 242 1019.5616918117798 5.997190555845947e-12 1
5 116 243 1020.1994277110259 6.0206340961161914e-12 1
5 116 244 1020.9948647884843 6.042810810375731e-12 1
5 116 245 1021.8014394075484 6.064756634390863e-12 1
5 116 246 1022.6080140265913 6.0871838195291435e-12 1
5 116 247 1023.4731047962489 6.109658497676561e-12 1
5 116 248 1024.5736194463807 6.1300744965568204e-12 1
5 116 249 1025.696776844367 6.151257440965257e-12 1
5 116 250 1026.8199342424125 6.172587291610277e-12 1
5 116 251 1027.8994355243497 6.1927108794322715e-12 1
5 116 252 1028.1512659739028 6.21241576492738e-12 1
5 116 253 1028.3073903725956 6.232149736747062e-12 1
5 116 254 1028.4635147712925 6.25057727865093e-12 1
5 116 255 1028.6196391699852 6.2730869238892585e-12 1
5 116 256 1028.7895403237403 6.30732190233288e-12 1
5 116 257 1029.0261019839336 6.354142644867185e-12 1
5 116 258 1029.4500705146927 6.416582155624614e-12 1
5 116 259 1030.7229331473313 6.496782562890267e-12 1
5 116 260 1031.889957296801 6.588151155411417e-12 1
5 116 261 1033.4048850267382 6.680520602726471e-12 1
5 116 262 1034.8135280778833 6.792508727289686e-12 1
5 116 263 1037.4229101066635 6.987875498612423e-12 1
5 117 121 985.4811194613326 3.951800153719169e-12 1
5 117 122 985.4641351383879 3.948634323945606e-12 1
5 117 123 985.2255570914576 3.945480009193483e-12 1
5 117 124 984.9625736100422 3.942873943333121e-12 1
5 117 125 984.6995901286062 3.941160320980976e-12 1
5 117 126 984.4590943576653 3.939448187505179e-12 1
5 117 127 984.3255406397653 3.937616970313746e-12 1
5 117 128 984.2207485103174 3.937278522276981e-12 1
5 117 129 984.1159563808839 3.937069191770092e-12 1
5 117 130 984.0659004388011 3.9368598835206556e-12 1
5 117 131 984.459213812607 3.9376196373989104e-12 1
5 117 132 985.0513971003224 3.9389749302202845e-12 1
5 117 133 985.6435803880267 3.940336939334341e-12 1
5 117 134 986.2271002673623 3.942274212089398e-12 1
5 117 135 986.4749402712434 3.945155492208276e-12 1
5 117 136 986.503271240623 3.948040987075611e-12 1
5 117 137 986.5316022100028 3.950795475965863e-12 1
5 117 138 986.5599331793836 3.954975561059786e-12 1
5 117 139 986.5622208587439 3.959343844370639e-12 1
5 117 140 986.5365080100685 3.963721787917353e-12 1
5 117 141 986.5099443209028 3.96891729718962e-12 1
5 117 142 986.4833806317379 3.974708111764749e-12 1
5 117 143 986.8409024594571 3.9805230910335846e-12 1
5 117 144 987.9420399975477 3.986856189150313e-12 1
5 117 145 989.085784906424 3.994033196585556e-12 1
5 117 146 990.2295298153667 4.00123609024599e-12 1
5 117 147 991.3740300286994 4.008230887155468e-12 1
5 117 148 992.5216763915142 4.016340389725639e-12 1
5 117 149 993.6695619444974 4.024803473443757e-12 1
5 117 150 994.8174474975033 4.0333022986681725e-12 1
5 117 151 995.9365211034722 4.042552157844465e-12 1
5 117 152 996.3693154073138 4.052134632794744e-12 1
5 117 153 996.7402843086965 4.061690372800159e-12 1
5 117 154 997.1112532100502 4.071023079494316e-12 1
5 117 155 997.482222111408 4.081296391502073e-12 1
5 117 156 998.0709513885139 4.091879759889876e-12 1
5 117 157 998.7174378978664 4.10251819449602e-12 1
5 117 158 999.3639244072372 4.113410799830884e-12 1
5 117 159 1000.0104109166018 4.124813385708294e-12 1
5 117 160 1000.4324311661505 4.136279364420604e-12 1
5 117 161 1000.7187513586555 4.148240753347612e-12 1
5 117 162 1001.0050715511522 4.160446763613302e-12 1
5 117 163 1001.2913917436712 4.1726766236770006e-12 1
5 117 164 1001.3383812565977 4.185062884061666e-12 1
5 117 165 1001.0999577851444 4.198253217970419e-12 1
5 117 166 1000.8615343136776 4.2115269604236924e-12 1
5 117 167 1000.6231108422243 4.224984177484573e-12 1
5 117 168 1000.2808414654984 4.239673222741612e-12 1
5 117 169 999.6830297140184 4.2543238352528405e-12 1
5 117 170 999.0852179625556 4.269076052165623e-12 1
5 117 171 998.4874062110464 4.284824040474208e-12 1
5 117 172 997.8811717218473 4.3009424771199454e-12 1
5 117 173 997.2443334216497 4.317179508909524e-12 1
5 117 174 996.6042247051889 4.333913721377415e-12 1
5 117 175 995.9641159888139 4.3513959446160804e-12 1
5 117 176 995.3688390912181 4.369019779336127e-12 1
5 117 177 994.9943172844677 4.3868205782201685e-12 1
5 117 178 994.6793652777598 4.405511603942429e-12 1
5 117 179 994.3644132710585 4.424414220358e-12 1
5 117 180 994.0354978656256 4.443479745712252e-12 1
5 117 181 993.591832083923 4.4631890027685524e-12 1
5 117 182 993.0957108602325 4.4832689036250935e-12 1
5 117 183 992.5995896365365 4.503508640523002e-12 1
5 117 184 992.1122657132727 4.524042919407193e-12 1
5 117 185 991.9337318158059 4.545216255070272e-12 1
5 117 186 991.9637008808136 4.566588712708702e-12 1
5 117 187 991.9936699458208 4.587873562263361e-12 1
5 117 188 992.0236390108287 4.609594205622595e-12 1
5 117 189 992.0678189940882 4.631901922951764e-12 1
5 117 190 992.1275088007205 4.654426602641451e-12 1
5 117 191 992.1877076433894 4.677252039560352e-12 1
5 117 192 992.2479064860536 4.700335321350704e-12 1
5 117 193 992.3827424795008 4.723571956926199e-12 1
5 117 194 992.6621435358048 4.746480553052143e-12 1
5 117 195 992.9508121926582 4.7700381116846655e-12 1
5 117 196 993.2394808495195 4.794067605604381e-12 1
5 117 197 993.7039917925897 4.818340329574203e-12 1
5 117 198 994.8878125972852 4.842858044535806e-12 1
5 117 199 996.133597799014 4.867626548229199e-12 1
5 117 200 997.3793830007087 4.892349831037888e-12 1
5 117 201 998.5929172604125 4.916894187778012e-12 1
5 117 202 999.1260605804451 4.942371799680973e-12 1
5 117 203 999.5892649286308 4.968135231152928e-12 1
5 117 204 1000.0524692768292 4.994140536799995e-12 1
5 117 205 1000.5156736250225 5.020372952869393e-12 1
5 117 206 1001.2767094193742 5.046882402908036e-12 1
5 117 207 1002.1194607008241 5.072858306829839e-12 1
5 117 208 1002.9622119822511 5.0989269209234825e-12 1
5 117 209 1003.8049632637434 5.125880174601995e-12 1
5 117 210 1004.659958107888 5.153119895810303e-12 1
5 117 211 1005.5225349748279 5.180464256378662e-12 1
5 117 212 1006.385111841815 5.208024299880445e-12 1
5 117 213 1007.2476887087553 5.235742030477018e-12 1
5 117 214 1008.2976690563423 5.2629831501591204e-12 1
5 117 215 1009.5763052230811 5.290926935814388e-12 1
5 117 216 1010.8549413898502 5.319169040203258e-12 1
5 117 217 1012.1335775565893 5.346606093454561e-12 1
5 117 218 1013.2829249144107 5.3738255444946225e-12 1
5 117 219 1014.1051715857757 5.402326011605525e-12 1
5 117 220 1014.9274182570769 5.431130399100607e-12 1
5 117 221 1015.7496649283239 5.4596554397683384e-12 1
5 117 222 1016.5760574152166 5.488241766111612e-12 1
5 117 223 1017.4182783805418 5.516968647077161e-12 1
5 117 224 1018.2621352007894 5.544474825409238e-12 1
5 117 225 1019.1059920210272 5.572554825375506e-12 1
5 117 226 1019.9011386785658 5.601396518051898e-12 1
5 117 227 1020.4472004781528 5.630486092898201e-12 1
5 117 228 1020.9259339260369 5.65877830131984e-12 1
5 117 229 1021.4046673739581 5.687356272452974e-12 1
5 117 230 1021.9132109167958 5.715693259992322e-12 1
5 117 231 1022.6711673765753 5.742835423662398e-12 1
5 117 232 1023.5451496894419 5.770968799630517e-12 1
5 117 233 1024.4191320022617 5.799409835557141e-12 1
5 117 234 1025.284144003585 5.8276204553019616e-12 1
5 117 235 1025.858805785754 5.8552599008791235e-12 1
5 117 236 1026.231282719341 5.883162774543542e-12 1
5 117 237 1026.6037596529482 5.910424873468697e-12 1
5 117 238 1026.9762365865454 5.93667712289615e-12 1
5 117 239 1027.3174181040995 5.96386661486063e-12 1
5 118 61 997.3443550241833 3.887665885589919e-12 1
5 118 62 997.9708117105858 3.861256159022476e-12 1
5 118 63 996.7060747252568 3.845609397319801e-12 1
5 118 64 996.6631551933584 3.836693735550905e-12 1
5 118 65 998.0353824296902 3.83152153463872e-12 1
5 118 66 998.3733667874326 3.828550140863829e-12 1
5 118 67 999.0493355029225 3.826674232581317e-12 1
5 118 68 999.3095800484999 3.825520857927873e-12 1
5 118 69 999.3886761638965 3.824291950960872e-12 1
5 118 70 999.467772279298 3.823063833286312e-12 1
5 118 71 999.5468683946946 3.822117556389116e-12 1
5 118 72 999.5709326233671 3.821285171543149e-12 1
5 118 73 999.4124746003714 3.820464839812401e-12 1
5 118 74 999.2333635485852 3.819897438492517e-12 1
5 118 75 999.054252496802 3.8195040627758384e-12 1
5 118 76 998.8838428409528 3.819055344740421e-12 1
5 118 77 998.7535084811485 3.818624769565179e-12 1
5 118 78 998.6338982065957 3.818570702329742e-12 1
5 118 79 998.5142879320421 3.8185166366253315e-12 1
5 118 80 998.4342564127592 3.818546510342358e-12 1
5 118 81 998.6712781561121 3.8189581204692885e-12 1
5 118 82 999.0476338494216 3.819258918727073e-12 1
5 118 83 999.423989542699 3.8195534094392546e-12 1
5 118 84 999.7994239907778 3.820076584886796e-12 1
5 118 85 1000.1345735757127 3.820778996433739e-12 1
5 118 86 1000.4442433684537 3.821371166139527e-12 1
5 118 87 1000.753913161219 3.821991005422606e-12 1
5 118 88 1001.0635829539602 3.823067758454122e-12 1
5 118 89 1001.2033775290101 3.823878831672992e-12 1
5 118 90 1001.1630313903423 3.824690249107241e-12 1
5 118 91 1001.117727148966 3.82552539582157e-12 1
5 118 92 1001.0724229075881 3.8263703526167776e-12 1
5 118 93 1000.9981015415777 3.827279771016633e-12 1
5 118 94 1000.8675583533594 3.828677228961276e-12 1
5 118 95 1000.7341921180297 3.829688456737786e-12 1
5 118 96 1000.6008258827042 3.830469430575336e-12 1
5 118 97 1000.4937571347339 3.831237174421557e-12 1
5 118 98 1000.4983970461298 3.8317223641446765e-12 1
5 118 99 1000.5103921712832 3.8322076767726894e-12 1
5 118 100 1000.5223872964377 3.8330265257574756e-12 1
5 118 101 1000.5450537355881 3.833370071901546e-12 1
5 118 102 1000.8600627158531 3.833358636525588e-12 1
5 118 103 1001.1977368548334 3.83343383418967e-12 1
5 118 104 1001.5354109938032 3.8338453304889835e-12 1
5 118 105 1001.8730851327992 3.833384003812486e-12 1
5 118 106 1002.259166024325 3.832712118204558e-12 1
5 118 107 1002.6576500695361 3.832012745153175e-12 1
5 118 108 1003.0561341147708 3.830735328620062e-12 1
5 118 109 1003.4546181599817 3.829458763466806e-12 1
5 118 110 1003.8371545180215 3.828287444470116e-12 1
5 118 111 1004.2102803038906 3.826758378846357e-12 1
5 118 112 1004.5834060897663 3.825173083516606e-12 1
5 118 113 1004.9565318756353 3.8235930144250944e-12 1
5 118 114 1005.3454603845486 3.821935675519028e-12 1
5 118 115 1005.7528092455898 3.820431265016833e-12 1
5 118 116 1006.1601581065993 3.8190861090842835e-12 1
5 118 117 1006.5675069676123 3.817761820741935e-12 1
5 118 118 1006.881045668163 3.817011186006924e-12 1
5 118 119 1006.9699811959498 3.816617730677764e-12 1
5 118 120 1007.0589167237391 3.8162243564545365e-12 1
5 118 121 1007.1478522515278 3.816788083589303e-12 1
5 118 122 1007.2480227103756 3.817738601763879e-12 1
5 118 123 1007.3871462121114 3.818614192644599e-12 1
5 118 124 1007.5305598440839 3.81929234615924e-12 1
5 118 125 1007.6739734760678 3.821107717102857e-12 1
5 118 126 1007.8217884064776 3.823233661854065e-12 1
5 118 127 1007.9905340533111 3.825362494218841e-12 1
5 118 128 1008.1649089230353 3.827790016471854e-12 1
5 118 129 1008.3392837927357 3.830869729303546e-12 1
5 118 130 1008.540599672994 3.833954401795129e-12 1
5 118 131 1008.9601407893813 3.837641411880323e-12 1
5 118 132 1009.4775651655457 3.841577209852395e-12 1
5 118 133 1009.9949895417002 3.845420775806604e-12 1
5 118 134 1010.5077712942553 3.848915596839021e-12 1
5 118 135 1010.8406659581246 3.853508267253933e-12 1
5 118 136 1011.0559281868893 3.858369899793643e-12 1
5 118 137 1011.2711904156561 3.863260214706704e-12 1
5 118 138 1011.486452644429 3.868687940648814e-12 1
5 118 139 1011.6931409265381 3.874545006950826e-12 1
5 118 140 1011.8906109019892 3.880419834954941e-12 1
5 118 141 1012.087800764556 3.887047502116259e-12 1
5 118 142 1012.2849906271172 3.8939956805491065e-12 1
5 118 143 1012.4702585800649 3.900914351801696e-12 1
5 118 144 1012.632444904262 3.9080437812348175e-12 1
5 118 145 1012.7933087073145 3.916169893487239e-12 1
5 118 146 1012.9541725103763 3.924329869890631e-12 1
5 118 147 1013.1436779286556 3.932325930373321e-12 1
5 118 148 1013.4524872927739 3.94155613687449e-12 1
5 118 149 1013.770366897424 3.951016799726423e-12 1
5 118 150 1014.0882465020803 3.960522987485992e-12 1
5 118 151 1014.4002600598643 3.970732019983682e-12 1
5 118 152 1014.5725487129904 3.981515223506949e-12 1
5 118 153 1014.7322498548325 3.992364418741258e-12 1
5 118 154 1014.8919509966621 4.003710374617328e-12 1
5 118 155 1015.0516521384934 4.0158419401116155e-12 1
5 118 156 1015.2365806904388 4.028047248296911e-12 1
5 118 157 1015.4282003834059 4.040090636465973e-12 1
5 118 158 1015.6198200763782 4.053166724852948e-12 1
5 118 159 1015.8114397693489 4.066628857511333e-12 1
5 118 160 1015.9718738915361 4.080180714064907e-12 1
5 118 161 1016.113454918672 4.0944321237871836e-12 1
5 119 54 992.6604237493249 4.05984452873977e-12 1
5 119 55 994.7610249850294 4.030435905456666e-12 1
5 119 56 996.253715570733 4.005081429143031e-12 1
5 119 57 996.9062525295755 3.986263777006939e-12 1
5 119 58 998.3103319517902 3.970831107202489e-12 1
5 119 59 1000.2505648870034 3.9482024827293585e-12 1
5 119 60 1001.9137059885043 3.913765646685762e-12 1
5 119 61 1003.1135647321523 3.87534828784213e-12 1
5 119 62 1004.7490845085465 3.8457151511251505e-12 1
5 119 63 1005.8940370131495 3.8274756671673925e-12 1
5 119 64 1006.4943176130416 3.816516278396594e-12 1
5 119 65 1007.0783845867506 3.80980276003326e-12 1
5 119 66 1007.1380423774419 3.805697539798726e-12 1
5 119 67 1007.2573579588255 3.8029229275579435e-12 1
5 119 68 1007.3671686651772 3.801061507616673e-12 1
5 119 69 1007.5938451278925 3.7990367794885765e-12 1
5 119 70 1007.8205215906215 3.797014207253725e-12 1
5 119 71 1008.0471980533366 3.795354988279313e-12 1
5 119 72 1008.2432043348738 3.793580269319219e-12 1
5 119 73 1008.3374879450294 3.791799766421887e-12 1
5 119 74 1008.4202612804601 3.790106676656991e-12 1
5 119 75 1008.5030346158892 3.7885554387544e-12 1
5 119 76 1008.588685012303 3.78700547013246e-12 1
5 119 77 1008.6875860494001 3.785705619649353e-12 1
5 119 78 1008.7900329367787 3.784611709681691e-12 1
5 119 79 1008.8924798241583 3.7832805163910175e-12 1
5 120 48 984.9279009418416 4.21396783258732e-12 1
5 120 49 985.9139551878753 4.20740696185661e-12 1
5 120 50 987.0361903791058 4.209199158021821e-12 1
5 120 51 988.5011199957336 4.212823641540734e-12 1
5 120 52 990.3204694348599 4.213295831630439e-12 1
5 120 53 992.3636715880796 4.20567580185376e-12 1
5 120 54 994.5868484210681 4.186335971918213e-12 1
5 120 55 996.1775815449939 4.15373734885939e-12 1
5 120 56 997.5067129918998 4.113833729468626e-12 1
5 120 57 999.435039171417 4.073655867036927e-12 1
5 121 48 985.2334157698583 4.334674611926342e-12 1
5 121 49 986.694293989831 4.332978856300813e-12 1
5 121 50 987.7872410717304 4.3457052362619765e-12 1
5 121 51 989.0314062999918 4.331254812156252e-12 1
