5 55 104 975.4083986436024 1.8372260423062438e-11 1
5 55 105 996.0101442490724 1.984564033334244e-11 1
5 55 106 1019.5034303818824 2.0534329000000472e-11 1
5 55 107 1012.4601564561024 2.1952718715721555e-11 1
5 56 79 955.0318117295424 1.0020482248458632e-11 1
5 56 80 955.0318117295424 1.0185222143759698e-11 1
5 56 81 958.0180177842324 1.0353140904696391e-11 1
5 56 82 960.8258180772024 1.0522515991026294e-11 1
5 56 83 962.8240480576724 1.0694181001144625e-11 1
5 56 84 969.7400636826724 1.0865354169971832e-11 1
5 56 85 969.7400636826724 1.1035238596841421e-11 1
5 56 86 972.7533693467324 1.1204755074438205e-11 1
5 56 87 977.0833254014224 1.1373548368175522e-11 1
5 56 88 981.9615602647024 1.1537502226478173e-11 1
5 56 89 991.6420412217324 1.1700128936264492e-11 1
5 56 90 991.6420412217324 1.1856838229305778e-11 1
5 56 91 995.3061647568824 1.2007093911450899e-11 1
5 56 92 998.4909181748524 1.2152843435368535e-11 1
5 56 93 1001.7255983506324 1.2293584026110095e-11 1
5 56 94 1006.7078981553224 1.2424095230033501e-11 1
5 56 95 1006.7078981553224 1.2547428946740697e-11 1
5 56 96 1008.9207277451724 1.2660942093321015e-11 1
5 56 97 1011.1769533311024 1.2763950635535481e-11 1
5 56 98 1011.5522585068824 1.2878388617573299e-11 1
5 56 99 1012.5141115342324 1.301949906705244e-11 1
5 56 100 1014.0244264756324 1.3180530586286235e-11 1
5 56 101 1015.5304689561024 1.3389455824813566e-11 1
5 56 102 1018.4207277451724 1.3870949959786778e-11 1
5 56 103 1021.3604860459524 1.5018946707444842e-11 1
5 56 104 1023.7604494248524 1.6887979529096187e-11 1
5 56 105 1028.1526003037625 1.8809833717694135e-11 1
5 57 32 971.4218874131324 7.8472769779528e-12 1
5 57 33 973.6987428818824 7.821272425048337e-12 1
5 57 34 972.4000368272024 7.803611380741793e-12 1
5 57 35 972.4000368272024 7.788621829192087e-12 1
5 57 36 970.1108522568824 7.774795363989072e-12 1
5 57 37 969.0567751084524 7.762247519389707e-12 1
5 57 38 971.9262819443824 7.750460664094542e-12 1
5 57 39 973.0853395615724 7.740740118502473e-12 1
5 57 40 973.0853395615724 7.733223591696811e-12 1
5 57 41 972.9124879990724 7.728125194439856e-12 1
5 57 42 972.3909425889224 7.725877146482185e-12 1
5 57 43 970.8393068467324 7.726624841508825e-12 1
5 57 44 973.9504518662624 7.730485541544824e-12 1
5 57 45 973.9504518662624 7.737288156448678e-12 1
5 57 46 975.6524171982924 7.746901412735656e-12 1
5 57 47 974.8489504014224 7.758982341305278e-12 1
5 57 48 970.9474611436024 7.772444028004332e-12 1
5 57 49 973.5985841904824 7.78672084418307e-12 1
5 57 50 973.5985841904824 7.801008390035311e-12 1
5 57 51 976.0119753037624 7.807792136805232e-12 1
5 57 52 979.4457521592324 7.807152769620161e-12 1
5 57 53 982.3739748154824 7.796061218945337e-12 1
5 57 54 982.6091432725124 7.780712697657719e-12 1
5 57 55 982.6091432725124 7.766759978827352e-12 1
5 57 56 983.6688966904824 7.759315550083503e-12 1
5 57 57 983.5086794053224 7.759542560253826e-12 1
5 57 58 984.8111696397024 7.764996934507424e-12 1
5 57 59 985.8228883897024 7.777195682073385e-12 1
5 57 60 985.8228883897024 7.798966588574049e-12 1
5 57 61 987.0717287217324 7.830003961627755e-12 1
5 57 62 987.7362184678224 7.869520549271755e-12 1
5 57 63 988.8621339951724 7.9178651297985e-12 1
5 57 64 992.5733766709524 7.97623937063418e-12 1
5 57 65 992.5733766709524 8.042308394204849e-12 1
5 57 66 994.4613771592324 8.117713333465624e-12 1
5 57 67 995.1740846787624 8.198703340563599e-12 1
5 57 68 995.8246584092324 8.28666041135295e-12 1
5 57 69 995.5938844834524 8.381083078369089e-12 1
5 57 70 995.5938844834524 8.479668990358088e-12 1
5 57 71 994.5610475693824 8.58414941860395e-12 1
5 57 72 992.9642458115724 8.697732697749533e-12 1
5 57 73 990.6156740342324 8.820792449625822e-12 1
5 57 74 988.3737306748524 8.95308115971634e-12 1
5 57 75 988.3737306748524 9.093510260538158e-12 1
5 57 76 989.8510866318824 9.242046320070433e-12 1
5 57 77 989.1518068467324 9.398156501977538e-12 1
5 57 78 988.0608034287624 9.561624981948835e-12 1
5 57 79 993.4501466904824 9.72985786534169e-12 1
5 57 80 993.4501466904824 9.90507834198931e-12 1
5 57 81 995.6938600693824 1.0085024307856674e-11 1
5 57 82 998.7699098740724 1.031207171371261e-11 1
5 57 83 1000.9613161240724 1.0502547271559205e-11 1
5 57 84 1006.1642580186024 1.0698480017892103e-11 1
5 57 85 1006.1642580186024 1.089843581104603e-11 1
5 57 86 1007.3563966904824 1.1100477820555986e-11 1
5 57 87 1008.0402345811024 1.1302788875541652e-11 1
5 57 88 1009.0176515732924 1.1504497016179679e-11 1
5 57 89 1009.9414186631324 1.1504497016179679e-11 1
5 57 90 1009.9414186631324 1.1832924223316503e-11 1
5 57 91 1011.0799684678224 1.2014890279977605e-11 1
5 58 24 967.0147829209524 8.396055338460146e-12 1
5 58 25 968.3210573350124 8.366170373170636e-12 1
5 58 26 971.3738527451724 8.333350066139275e-12 1
5 58 27 974.9989748154824 8.254824535017892e-12 1
5 58 28 979.0176515732924 8.131890057293443e-12 1
5 58 29 980.8571901475124 8.016367056711579e-12 1
5 58 30 984.1521730576724 7.936908412684573e-12 1
5 58 31 986.0661134873524 7.863167216582545e-12 1
5 58 32 986.6844606553224 7.805218345762342e-12 1
5 58 33 988.3674440537624 7.765220841284987e-12 1
5 58 34 988.9273805772024 7.738672714637476e-12 1
5 58 35 988.9273805772024 7.693197138763542e-12 1
5 58 36 989.0811281357924 7.67371265145107e-12 1
5 58 37 989.4786501084524 7.655207295435164e-12 1
5 58 38 990.7285890732924 7.637814500729356e-12 1
5 58 39 990.9708986436024 7.621586198434921e-12 1
5 58 40 990.9708986436024 7.606658147246865e-12 1
5 58 41 991.3184938584524 7.606658147246865e-12 1
5 58 42 991.8441286240724 7.571453163070964e-12 1
5 58 43 992.3957033311024 7.562580596769575e-12 1
5 59 24 967.9370851670424 8.783002766800983e-12 1
5 59 25 970.0811281357924 8.698866649278383e-12 1
5 59 26 972.5095338975124 8.682438385237923e-12 1
