5 55 104 978.228115381201 1.8372260423062438e-11 1
5 55 105 998.829860986671 1.984564033334244e-11 1
5 55 106 1022.323147119481 2.0534329000000472e-11 1
5 55 107 1015.279873193701 2.1952718715721555e-11 1
5 56 79 957.851528467141 1.0020482248458632e-11 1
5 56 80 957.851528467141 1.0185222143759698e-11 1
5 56 81 960.837734521831 1.0353140904696391e-11 1
5 56 82 963.645534814801 1.0522515991026294e-11 1
5 56 83 965.643764795271 1.0694181001144625e-11 1
5 56 84 972.559780420271 1.0865354169971832e-11 1
5 56 85 972.559780420271 1.1035238596841421e-11 1
5 56 86 975.573086084331 1.1204755074438205e-11 1
5 56 87 979.903042139021 1.1373548368175522e-11 1
5 56 88 984.781277002301 1.1537502226478173e-11 1
5 56 89 994.461757959331 1.1700128936264492e-11 1
5 56 90 994.461757959331 1.1856838229305778e-11 1
5 56 91 998.125881494481 1.2007093911450899e-11 1
5 56 92 1001.310634912451 1.2152843435368535e-11 1
5 56 93 1004.545315088231 1.2293584026110095e-11 1
5 56 94 1009.527614892921 1.2424095230033501e-11 1
5 56 95 1009.527614892921 1.2547428946740697e-11 1
5 56 96 1011.740444482771 1.2660942093321015e-11 1
5 56 97 1013.996670068701 1.2763950635535481e-11 1
5 56 98 1014.371975244481 1.2878388617573299e-11 1
5 56 99 1015.333828271831 1.301949906705244e-11 1
5 56 100 1016.844143213231 1.3180530586286235e-11 1
5 56 101 1018.350185693701 1.3389455824813566e-11 1
5 56 102 1021.240444482771 1.3870949959786778e-11 1
5 56 103 1024.1802027835508 1.5018946707444842e-11 1
5 56 104 1026.580166162451 1.6887979529096187e-11 1
5 56 105 1030.9723170413608 1.8809833717694135e-11 1
5 57 32 974.241604150731 7.8472769779528e-12 1
5 57 33 976.518459619481 7.821272425048337e-12 1
5 57 34 975.219753564801 7.803611380741793e-12 1
5 57 35 975.219753564801 7.788621829192087e-12 1
5 57 36 972.930568994481 7.774795363989072e-12 1
5 57 37 971.876491846051 7.762247519389707e-12 1
5 57 38 974.745998681981 7.750460664094542e-12 1
5 57 39 975.905056299171 7.740740118502473e-12 1
5 57 40 975.905056299171 7.733223591696811e-12 1
5 57 41 975.732204736671 7.728125194439856e-12 1
5 57 42 975.210659326521 7.725877146482185e-12 1
5 57 43 973.659023584331 7.726624841508825e-12 1
5 57 44 976.770168603861 7.730485541544824e-12 1
5 57 45 976.770168603861 7.737288156448678e-12 1
5 57 46 978.472133935891 7.746901412735656e-12 1
5 57 47 977.668667139021 7.758982341305278e-12 1
5 57 48 973.767177881201 7.772444028004332e-12 1
5 57 49 976.418300928081 7.78672084418307e-12 1
5 57 50 976.418300928081 7.801008390035311e-12 1
5 57 51 978.831692041361 7.807792136805232e-12 1
5 57 52 982.265468896831 7.807152769620161e-12 1
5 57 53 985.193691553081 7.796061218945337e-12 1
5 57 54 985.428860010111 7.780712697657719e-12 1
5 57 55 985.428860010111 7.766759978827352e-12 1
5 57 56 986.488613428081 7.759315550083503e-12 1
5 57 57 986.328396142921 7.759542560253826e-12 1
5 57 58 987.630886377301 7.764996934507424e-12 1
5 57 59 988.642605127301 7.777195682073385e-12 1
5 57 60 988.642605127301 7.798966588574049e-12 1
5 57 61 989.891445459331 7.830003961627755e-12 1
5 57 62 990.555935205421 7.869520549271755e-12 1
5 57 63 991.681850732771 7.9178651297985e-12 1
5 57 64 995.393093408551 7.97623937063418e-12 1
5 57 65 995.393093408551 8.042308394204849e-12 1
5 57 66 997.281093896831 8.117713333465624e-12 1
5 57 67 997.993801416361 8.198703340563599e-12 1
5 57 68 998.644375146831 8.28666041135295e-12 1
5 57 69 998.413601221051 8.381083078369089e-12 1
5 57 70 998.413601221051 8.479668990358088e-12 1
5 57 71 997.380764306981 8.58414941860395e-12 1
5 57 72 995.783962549171 8.697732697749533e-12 1
5 57 73 993.435390771831 8.820792449625822e-12 1
5 57 74 991.193447412451 8.95308115971634e-12 1
5 57 75 991.193447412451 9.093510260538158e-12 1
5 57 76 992.670803369481 9.242046320070433e-12 1
5 57 77 991.971523584331 9.398156501977538e-12 1
5 57 78 990.880520166361 9.561624981948835e-12 1
5 57 79 996.269863428081 9.72985786534169e-12 1
5 57 80 996.269863428081 9.90507834198931e-12 1
5 57 81 998.513576806981 1.0085024307856674e-11 1
5 57 82 1001.589626611671 1.031207171371261e-11 1
5 57 83 1003.781032861671 1.0502547271559205e-11 1
5 57 84 1008.983974756201 1.0698480017892103e-11 1
5 57 85 1008.983974756201 1.089843581104603e-11 1
5 57 86 1010.176113428081 1.1100477820555986e-11 1
5 57 87 1010.859951318701 1.1302788875541652e-11 1
5 57 88 1011.837368310891 1.1504497016179679e-11 1
5 57 89 1012.761135400731 1.1504497016179679e-11 1
5 57 90 1012.761135400731 1.1832924223316503e-11 1
5 57 91 1013.899685205421 1.2014890279977605e-11 1
5 58 24 969.834499658551 8.396055338460146e-12 1
5 58 25 971.140774072611 8.366170373170636e-12 1
5 58 26 974.193569482771 8.333350066139275e-12 1
5 58 27 977.818691553081 8.254824535017892e-12 1
5 58 28 981.837368310891 8.131890057293443e-12 1
5 58 29 983.676906885111 8.016367056711579e-12 1
5 58 30 986.971889795271 7.936908412684573e-12 1
5 58 31 988.885830224951 7.863167216582545e-12 1
5 58 32 989.504177392921 7.805218345762342e-12 1
5 58 33 991.187160791361 7.765220841284987e-12 1
5 58 34 991.747097314801 7.738672714637476e-12 1
5 58 35 991.747097314801 7.693197138763542e-12 1
5 58 36 991.900844873391 7.67371265145107e-12 1
5 58 37 992.298366846051 7.655207295435164e-12 1
5 58 38 993.548305810891 7.637814500729356e-12 1
5 58 39 993.790615381201 7.621586198434921e-12 1
5 58 40 993.790615381201 7.606658147246865e-12 1
5 58 41 994.138210596051 7.606658147246865e-12 1
5 58 42 994.663845361671 7.571453163070964e-12 1
5 58 43 995.215420068701 7.562580596769575e-12 1
5 59 24 970.756801904641 8.783002766800983e-12 1
5 59 25 972.900844873391 8.698866649278383e-12 1
5 59 26 975.329250635111 8.682438385237923e-12 1
