2 19 27 991.4435952671668 3.1351201793252124e-10 1
2 20 17 914.6768105992068 1.86218191297687e-10 1
2 20 18 922.5551064976368 1.8464022906941621e-10 1
2 20 19 929.9841836460768 1.9766020944635173e-10 1
2 20 20 941.2808145054568 2.2434893003946843e-10 1
2 20 21 945.8656533726368 2.554288094682041e-10 1
2 20 22 965.4879678257668 2.767110880162794e-10 1
2 20 23 994.4601968296668 2.830114595474337e-10 1
2 20 24 1006.3676064976368 2.8269137906288287e-10 1
2 20 25 1010.3663857945168 2.9108968591064874e-10 1
2 20 26 1015.9155190952968 2.8241918725190666e-10 1
2 20 27 1026.0598062046668 2.6121777980122466e-10 1
2 21 11 960.1042397984168 2.2368257687503054e-10 1
2 21 12 966.2423013218568 2.277061364630045e-10 1
2 21 13 973.0846475132668 2.0938762469381843e-10 1
2 21 14 977.7522500523268 2.0328187962949494e-10 1
2 21 15 981.0210488804568 2.0486672395384064e-10 1
2 21 16 985.5842202671668 2.0391283755053223e-10 1
2 21 17 989.0140908726368 1.9647858610462982e-10 1
2 21 18 992.1061318882668 1.9068198526201937e-10 1
