5 98 267 982.1566790218372 1.8212521499813435e-11 1
5 98 268 1001.8759783382372 1.9768134176170344e-11 1
5 98 269 1024.1629656429272 2.0478807345078532e-11 1
5 98 270 1018.3259905452672 2.182536676303063e-11 1
5 99 206 960.8976458187072 1.002614492363583e-11 1
5 99 207 960.8976458187072 1.0075163399283268e-11 1
5 99 208 960.8976458187072 1.0124510342471644e-11 1
5 99 209 960.8976458187072 1.0174343055734247e-11 1
5 99 210 963.8838518733972 1.0224287138427208e-11 1
5 99 211 963.8838518733972 1.0274432785487394e-11 1
5 99 212 963.8838518733972 1.0325072741757102e-11 1
5 99 213 963.8838518733972 1.0375850493289626e-11 1
5 99 214 966.6916521663672 1.0425852893744338e-11 1
5 99 215 966.6916521663672 1.0476934911895205e-11 1
5 99 216 966.6916521663672 1.0528519952736338e-11 1
5 99 217 966.6916521663672 1.0580021090064078e-11 1
5 99 218 966.6916521663672 1.0631223933085662e-11 1
5 99 219 968.6898821468372 1.0682924786628907e-11 1
5 99 220 968.6898821468372 1.0734212105240782e-11 1
5 99 221 968.6898821468372 1.0785268376595263e-11 1
5 99 222 968.6898821468372 1.0836812657838494e-11 1
5 99 223 975.6058977718372 1.0888273351561475e-11 1
5 99 224 975.6058977718372 1.093826835387048e-11 1
5 99 225 975.6058977718372 1.0989522412830875e-11 1
5 99 226 975.6058977718372 1.1041259061138279e-11 1
5 99 227 978.6192034358972 1.1092044855809356e-11 1
5 99 228 978.6192034358972 1.114234379581043e-11 1
5 99 229 978.6192034358972 1.1193556583963283e-11 1
5 99 230 978.6192034358972 1.1245046640579552e-11 1
5 99 231 982.9491594905872 1.1295107245761438e-11 1
5 99 232 982.9491594905872 1.1345615562835748e-11 1
5 99 233 982.9491594905872 1.1395797975972453e-11 1
5 99 234 982.9491594905872 1.1443844869039319e-11 1
5 99 235 987.8273943538672 1.1493363649332826e-11 1
5 99 236 987.8273943538672 1.1543312838512688e-11 1
5 99 237 987.8273943538672 1.1592621696551838e-11 1
5 99 238 987.8273943538672 1.1640898496232105e-11 1
5 99 239 997.5078753108972 1.1689579069259096e-11 1
5 99 240 997.5078753108972 1.1737107280119309e-11 1
5 99 241 997.5078753108972 1.1783790531575438e-11 1
5 99 242 997.5078753108972 1.1830846622538701e-11 1
5 99 243 997.5078753108972 1.1877429858490603e-11 1
5 99 244 1001.1719988460472 1.192133534995704e-11 1
5 99 245 1001.1719988460472 1.1966698857924034e-11 1
5 99 246 1001.1719988460472 1.2012408922430982e-11 1
5 99 247 1001.1719988460472 1.2056398216611714e-11 1
5 99 248 1004.3567522640172 1.2099344533223443e-11 1
5 99 249 1004.3567522640172 1.2143253339642447e-11 1
5 99 250 1004.3567522640172 1.218720012456659e-11 1
5 99 251 1004.3567522640172 1.222872705402719e-11 1
5 99 252 1007.5914324397972 1.227053795059986e-11 1
5 99 253 1007.5914324397972 1.2311609371756696e-11 1
5 99 254 1007.5914324397972 1.23496184255175e-11 1
5 99 255 1007.5914324397972 1.2389035687689366e-11 1
5 99 256 1012.5737322444872 1.242870537799576e-11 1
5 99 257 1012.5737322444872 1.2466412284179437e-11 1
5 99 258 1012.5737322444872 1.251172093022556e-11 1
5 99 259 1014.7865618343372 1.2579943977246493e-11 1
5 99 260 1014.7865618343372 1.2674091513262014e-11 1
5 99 261 1017.0427874202672 1.2800968276317514e-11 1
5 99 262 1018.3799456233972 1.2959819203080024e-11 1
5 99 263 1019.4988421077672 1.313854381766798e-11 1
5 99 264 1021.3963030452672 1.3350154962615249e-11 1
5 99 265 1024.2865618343374 1.3801751710109388e-11 1
5 99 266 1027.2263201351172 1.4730252917739665e-11 1
5 99 267 1029.2890032405874 1.6651739150870823e-11 1
5 99 268 1034.0184343929272 1.8566648818479336e-11 1
5 100 43 977.0901507015172 7.857712003832472e-12 1
5 100 44 977.2877215022972 7.853515768051484e-12 1
5 100 45 977.2877215022972 7.849263236050275e-12 1
5 100 46 977.2877215022972 7.845231294696759e-12 1
5 100 47 977.2877215022972 7.842150237955064e-12 1
5 100 48 979.7313860530872 7.838060132114522e-12 1
5 100 49 979.7313860530872 7.833592561489627e-12 1
5 100 50 979.7313860530872 7.829119410261401e-12 1
5 100 51 979.7313860530872 7.824548516437739e-12 1
5 100 52 979.5645769710472 7.819982956771953e-12 1
5 100 53 979.5645769710472 7.8159384843416e-12 1
5 100 54 979.5645769710472 7.812271326784093e-12 1
5 100 55 979.5645769710472 7.807672639929689e-12 1
5 100 56 978.2658709163672 7.803079363916406e-12 1
5 100 57 978.2658709163672 7.798531334281029e-12 1
5 100 58 978.2658709163672 7.794041959580128e-12 1
5 100 59 978.2658709163672 7.78955775069538e-12 1
5 100 60 975.9766863460472 7.785652190414678e-12 1
5 100 61 975.9766863460472 7.781381346074247e-12 1
5 100 62 975.9766863460472 7.777115184735542e-12 1
5 100 63 975.9766863460472 7.773125729030543e-12 1
5 100 64 974.9226091976172 7.769576515032672e-12 1
5 100 65 974.9226091976172 7.76568490396303e-12 1
5 100 66 974.9226091976172 7.761797189387552e-12 1
5 100 67 974.9226091976172 7.758096401650034e-12 1
5 100 68 974.9226091976172 7.754644306828024e-12 1
5 100 69 977.7921160335472 7.751195282774344e-12 1
5 100 70 977.7921160335472 7.748019826485263e-12 1
5 100 71 977.7921160335472 7.745161547523795e-12 1
5 100 72 977.7921160335472 7.742305376648262e-12 1
5 100 73 978.9511736507372 7.73951924877438e-12 1
5 100 74 978.9511736507372 7.737279798140348e-12 1
5 100 75 978.9511736507372 7.735126423527753e-12 1
5 100 76 978.9511736507372 7.732974247199837e-12 1
5 100 77 978.7783220882372 7.731157573090645e-12 1
5 100 78 978.7783220882372 7.729789770141208e-12 1
5 100 79 978.7783220882372 7.728422451091874e-12 1
5 100 80 978.7783220882372 7.727137615071639e-12 1
5 100 81 978.2567766780872 7.726644295782843e-12 1
5 100 82 978.2567766780872 7.726151039479452e-12 1
5 100 83 978.2567766780872 7.725635965093195e-12 1
5 100 84 978.2567766780872 7.725780487297872e-12 1
5 100 85 976.7051409358972 7.72622860808555e-12 1
5 100 86 976.7051409358972 7.726676780861199e-12 1
5 100 87 976.7051409358972 7.727507456068276e-12 1
5 100 88 976.7051409358972 7.728851208383916e-12 1
5 100 89 979.8162859554272 7.730195428116598e-12 1
5 100 90 979.8162859554272 7.731594051923754e-12 1
5 100 91 979.8162859554272 7.733843095988995e-12 1
5 100 92 979.8162859554272 7.736064244527979e-12 1
5 100 93 979.8162859554272 7.738286669254752e-12 1
5 100 94 981.5182512874572 7.74122477903261e-12 1
5 100 95 981.5182512874572 7.744236634630747e-12 1
5 100 96 981.5182512874572 7.747250834768681e-12 1
5 100 97 981.5182512874572 7.750710282534376e-12 1
5 100 98 980.7147844905872 7.75450423490518e-12 1
5 100 99 980.7147844905872 7.758182129043638e-12 1
5 100 100 980.7147844905872 7.761903782703584e-12 1
5 100 101 980.7147844905872 7.766017984736088e-12 1
5 100 102 976.8132952327672 7.770136550552384e-12 1
5 100 103 976.8132952327672 7.774622329651097e-12 1
5 100 104 976.8132952327672 7.77890693779863e-12 1
5 100 105 976.8132952327672 7.783017006017743e-12 1
5 100 106 979.4644182796472 7.787347945243885e-12 1
5 100 107 979.4644182796472 7.792783129865293e-12 1
5 100 108 979.4644182796472 7.796842449165983e-12 1
5 100 109 979.4644182796472 7.800263986368066e-12 1
5 100 110 981.8778093929272 7.803519040545058e-12 1
5 100 111 981.8778093929272 7.805140336329825e-12 1
5 100 112 981.8778093929272 7.806762305950654e-12 1
5 100 113 981.8778093929272 7.80971373702765e-12 1
5 100 114 985.3115862483972 7.809676459285796e-12 1
5 100 115 985.3115862483972 7.808280734503087e-12 1
5 100 116 985.3115862483972 7.807229562923899e-12 1
5 100 117 985.3115862483972 7.805558527330721e-12 1
5 100 118 985.3115862483972 7.801170785521149e-12 1
5 100 119 988.2398089046472 7.79697334568245e-12 1
5 100 120 988.2398089046472 7.792733435021552e-12 1
5 100 121 988.2398089046472 7.788045264570606e-12 1
5 100 122 988.2398089046472 7.783362731609409e-12 1
5 100 123 988.4749773616772 7.777970505242683e-12 1
5 100 124 988.4749773616772 7.772687768373249e-12 1
5 100 125 988.4749773616772 7.769540448287915e-12 1
5 100 126 988.4749773616772 7.766395675999338e-12 1
5 100 127 989.5347307796472 7.763011238292506e-12 1
5 100 128 989.5347307796472 7.760936525360132e-12 1
5 100 129 989.5347307796472 7.759605022199129e-12 1
5 100 130 989.5347307796472 7.75844344397736e-12 1
5 100 131 989.3745134944872 7.758917408132922e-12 1
5 100 132 989.3745134944872 7.759391430201065e-12 1
5 100 133 989.3745134944872 7.758792936002991e-12 1
5 100 134 989.3745134944872 7.760316696838443e-12 1
5 100 135 990.6770037288672 7.762846856110853e-12 1
5 100 136 990.6770037288672 7.76509113284869e-12 1
5 100 137 990.6770037288672 7.767045399876955e-12 1
5 100 138 990.6770037288672 7.771402161253414e-12 1
5 100 139 991.6887224788672 7.776160269936224e-12 1
5 100 140 991.6887224788672 7.78106695131252e-12 1
5 100 141 991.6887224788672 7.787698232957135e-12 1
5 100 142 991.6887224788672 7.794960745167935e-12 1
5 100 143 991.6887224788672 7.802236815509848e-12 1
5 100 144 992.9375628108972 7.81145711294458e-12 1
5 100 145 992.9375628108972 7.821308645639573e-12 1
5 100 146 992.9375628108972 7.831070056616783e-12 1
5 100 147 992.9375628108972 7.841689098612954e-12 1
5 100 148 993.6020525569872 7.854229727676783e-12 1
5 100 149 993.6020525569872 7.866810531576447e-12 1
5 100 150 993.6020525569872 7.87917190825184e-12 1
5 100 151 993.6020525569872 7.89405781211238e-12 1
5 100 152 994.7279680843372 7.909393208022846e-12 1
5 100 153 994.7279680843372 7.92478830253803e-12 1
5 100 154 994.7279680843372 7.942168978807483e-12 1
5 100 155 994.7279680843372 7.960235098887028e-12 1
5 100 156 998.4392107601172 7.978263500111429e-12 1
5 100 157 998.4392107601172 7.996696401899571e-12 1
5 100 158 998.4392107601172 8.017053249858186e-12 1
5 100 159 998.4392107601172 8.037785917048065e-12 1
5 100 160 1000.3272112483972 8.058818429702198e-12 1
5 100 161 1000.3272112483972 8.081827491434333e-12 1
5 100 162 1000.3272112483972 8.104968317596775e-12 1
5 100 163 1000.3272112483972 8.127682728374365e-12 1
5 100 164 1001.0399187679272 8.151108588511688e-12 1
5 100 165 1001.0399187679272 8.176300634296291e-12 1
5 100 166 1001.0399187679272 8.201648881333366e-12 1
5 100 167 1001.0399187679272 8.227056830611747e-12 1
5 100 168 1001.0399187679272 8.25356197463308e-12 1
5 100 169 1001.6904924983972 8.28072925311514e-12 1
5 100 170 1001.6904924983972 8.308163346037682e-12 1
5 100 171 1001.6904924983972 8.336628688313988e-12 1
5 100 172 1001.6904924983972 8.36528975649973e-12 1
5 100 173 1001.4597185726172 8.393395490255499e-12 1
5 100 174 1001.4597185726172 8.422755503967558e-12 1
5 100 175 1001.4597185726172 8.452899164200402e-12 1
5 100 176 1001.4597185726172 8.483060789033288e-12 1
5 100 177 1000.4268816585472 8.513301342972887e-12 1
5 100 178 1000.4268816585472 8.54506870953084e-12 1
5 100 179 1000.4268816585472 8.577143027310616e-12 1
5 100 180 1000.4268816585472 8.60962344288079e-12 1
5 100 181 998.8300799007372 8.643949653970235e-12 1
5 100 182 998.8300799007372 8.678550675071721e-12 1
5 100 183 998.8300799007372 8.71348722773909e-12 1
5 100 184 998.8300799007372 8.750117900400364e-12 1
5 100 185 996.4815081233972 8.787487787063359e-12 1
5 100 186 996.4815081233972 8.825173471426801e-12 1
5 100 187 996.4815081233972 8.863876579371155e-12 1
5 100 188 996.4815081233972 8.903890228816187e-12 1
5 100 189 994.2395647640172 8.94426677876292e-12 1
5 100 190 994.2395647640172 8.984896970807619e-12 1
5 100 191 994.2395647640172 9.027058293557547e-12 1
5 100 192 994.2395647640172 9.06979719096813e-12 1
5 100 193 994.2395647640172 9.112942710910999e-12 1
5 100 194 995.7169207210472 9.15696094175177e-12 1
5 100 195 995.7169207210472 9.201924237358739e-12 1
5 100 196 995.7169207210472 9.247331277143468e-12 1
5 100 197 995.7169207210472 9.293258757721631e-12 1
5 100 198 995.0176409358972 9.340166393145767e-12 1
5 100 199 995.0176409358972 9.38774614772476e-12 1
5 100 200 995.0176409358972 9.43584738885805e-12 1
5 100 201 995.0176409358972 9.484778042620148e-12 1
5 100 202 993.9266375179272 9.534218812524804e-12 1
5 100 203 993.9266375179272 9.583730491606468e-12 1
5 100 204 993.9266375179272 9.633301682788697e-12 1
5 100 205 993.9266375179272 9.684309287644475e-12 1
5 100 206 999.3159807796472 9.73585993067717e-12 1
5 100 207 999.3159807796472 9.787901436641122e-12 1
5 100 208 999.3159807796472 9.84041977679303e-12 1
5 100 209 999.3159807796472 9.893504746121235e-12 1
5 100 210 1001.5596941585472 9.94640628113435e-12 1
5 100 211 1001.5596941585472 9.999926258142749e-12 1
5 100 212 1001.5596941585472 1.0054635215126531e-11 1
5 100 213 1001.5596941585472 1.0109946083538384e-11 1
5 100 214 1004.6357439632372 1.0122226315224647e-11 1
5 100 215 1004.6357439632372 1.0122226315224647e-11 1
5 100 216 1004.6357439632372 1.031207171371261e-11 1
5 100 217 1004.6357439632372 1.031207171371261e-11 1
5 100 218 1004.6357439632372 1.031207171371261e-11 1
5 100 219 1006.8271502132372 1.0502547271559205e-11 1
5 100 220 1006.8271502132372 1.0502547271559205e-11 1
5 100 221 1006.8271502132372 1.0502547271559205e-11 1
5 100 222 1006.8271502132372 1.0698480017892103e-11 1
5 100 223 1012.0300921077672 1.0698480017892103e-11 1
5 100 224 1012.0300921077672 1.0698480017892103e-11 1
5 100 225 1012.0300921077672 1.089843581104603e-11 1
5 100 226 1012.0300921077672 1.089843581104603e-11 1
5 100 227 1013.2222307796472 1.089843581104603e-11 1
5 100 228 1013.2222307796472 1.089843581104603e-11 1
5 100 229 1013.2222307796472 1.1100477820555986e-11 1
5 100 230 1013.2222307796472 1.1100477820555986e-11 1
5 100 231 1013.9060686702672 1.1100477820555986e-11 1
5 100 232 1013.9060686702672 1.1302788875541652e-11 1
5 100 233 1013.9060686702672 1.1302788875541652e-11 1
5 100 234 1013.9060686702672 1.1302788875541652e-11 1
5 100 235 1014.8834856624572 1.1504497016179679e-11 1
5 100 236 1014.8834856624572 1.1504497016179679e-11 1
5 100 237 1014.8834856624572 1.1504497016179679e-11 1
5 100 238 1014.8834856624572 1.1504497016179679e-11 1
5 100 239 1015.8072527522972 1.1504497016179679e-11 1
5 100 240 1015.8072527522972 1.1504497016179679e-11 1
5 100 241 1015.8072527522972 1.1504497016179679e-11 1
5 100 242 1015.8072527522972 1.1504497016179679e-11 1
5 100 243 1015.8072527522972 1.1832924223316503e-11 1
5 100 244 1016.9458025569872 1.1832924223316503e-11 1
5 100 245 1016.9458025569872 1.2014890279977605e-11 1
5 100 246 1016.9458025569872 1.2014890279977605e-11 1
5 101 24 972.8806170101172 8.396055338460146e-12 1
5 101 25 974.1868914241772 8.366170373170636e-12 1
5 101 26 977.2396868343372 8.333350066139275e-12 1
5 101 27 980.8648089046472 8.254824535017892e-12 1
5 101 28 984.8834856624572 8.134554040427526e-12 1
5 101 29 986.4536760921472 8.035675563835927e-12 1
5 101 30 988.3338030452672 7.98353152272608e-12 1
5 101 31 990.0180071468372 7.947773391838911e-12 1
5 101 32 990.2675799007372 7.919148774420431e-12 1
5 101 33 990.6954363460472 7.897520697403273e-12 1
5 101 34 991.0326555843372 7.88185028822371e-12 1
5 101 35 991.9319475765172 7.87101925005881e-12 1
5 101 36 991.9319475765172 7.863707445962687e-12 1
5 101 37 991.9319475765172 7.857759095664783e-12 1
5 101 38 991.9319475765172 7.851674260660933e-12 1
5 101 39 992.3094500179272 7.845598842226727e-12 1
5 101 40 992.3094500179272 7.839534415006407e-12 1
5 101 41 992.3094500179272 7.833317652496332e-12 1
5 101 42 992.3094500179272 7.827110741977592e-12 1
5 101 43 992.3094500179272 7.820901747304624e-12 1
5 101 44 992.5502947444872 7.81455189614541e-12 1
5 101 45 992.5502947444872 7.808189078966994e-12 1
5 101 46 992.5502947444872 7.801836614910685e-12 1
5 101 47 992.5502947444872 7.795446345370134e-12 1
5 101 48 992.7785662288672 7.789034559649244e-12 1
5 101 49 992.7785662288672 7.782648053636657e-12 1
5 101 50 992.7785662288672 7.776265513942241e-12 1
5 101 51 992.7785662288672 7.76983083289063e-12 1
5 101 52 994.2332781429272 7.763406792135884e-12 1
5 101 53 994.2332781429272 7.756993365307837e-12 1
5 101 54 994.2332781429272 7.750623989523837e-12 1
5 101 55 994.2332781429272 7.744275582488378e-12 1
5 101 56 994.7932146663672 7.73794146216125e-12 1
5 101 57 994.7932146663672 7.73171422628921e-12 1
5 101 58 994.7932146663672 7.740309406868504e-12 1
5 101 59 994.7932146663672 7.740309406868504e-12 1
5 101 60 994.9469622249572 7.693197138763542e-12 1
5 101 61 994.9469622249572 7.693197138763542e-12 1
5 101 62 994.9469622249572 7.67371265145107e-12 1
5 101 63 994.9469622249572 7.67371265145107e-12 1
5 101 64 995.3444841976172 7.67371265145107e-12 1
5 101 65 995.3444841976172 7.655207295435164e-12 1
5 101 66 995.3444841976172 7.655207295435164e-12 1
5 101 67 995.3444841976172 7.655207295435164e-12 1
5 101 68 995.3444841976172 7.655207295435164e-12 1
5 101 69 996.5944231624572 7.637814500729356e-12 1
5 101 70 996.5944231624572 7.637814500729356e-12 1
5 101 71 996.5944231624572 7.637814500729356e-12 1
5 101 72 996.5944231624572 7.621586198434921e-12 1
5 101 73 996.8367327327672 7.621586198434921e-12 1
5 101 74 996.8367327327672 7.621586198434921e-12 1
5 101 75 996.8367327327672 7.606658147246865e-12 1
5 101 76 996.8367327327672 7.606658147246865e-12 1
5 101 77 997.1843279476172 7.606658147246865e-12 1
5 101 78 997.1843279476172 7.606658147246865e-12 1
5 101 79 997.1843279476172 7.606658147246865e-12 1
5 101 80 997.1843279476172 7.606658147246865e-12 1
5 101 81 997.7099627132372 7.606658147246865e-12 1
5 101 82 997.7099627132372 7.606658147246865e-12 1
5 101 83 997.7099627132372 7.571453163070964e-12 1
5 101 84 997.7099627132372 7.571453163070964e-12 1
5 101 85 998.2615374202672 7.562580596769575e-12 1
5 101 86 998.2615374202672 7.562580596769575e-12 1
5 102 24 973.8029192562072 8.783002766800983e-12 1
5 102 25 975.9469622249572 8.698866649278383e-12 1
5 102 26 978.3753679866772 8.682438385237923e-12 1
