3 55 104 984.6908238162808 1.288220385880811e-10 1
3 55 105 1005.2925694217508 1.1898291960161562e-10 1
3 55 106 1028.7858555545608 1.292073155228986e-10 1
3 55 107 1021.7425816287808 1.6860563836846748e-10 1
3 56 79 964.3142369022208 1.1541024505989828e-10 1
3 56 80 964.3142369022208 1.168150609367819e-10 1
3 56 81 967.3004429569108 1.1811754666156431e-10 1
3 56 82 970.1082432498808 1.1931390892623914e-10 1
3 56 83 972.1064732303508 1.2039757164077703e-10 1
3 56 84 979.0224888553508 1.2136722787339726e-10 1
3 56 85 979.0224888553508 1.2222203215407405e-10 1
3 56 86 982.0357945194108 1.2296684860873398e-10 1
3 56 87 986.3657505741008 1.236041456871767e-10 1
3 56 88 991.2439854373808 1.241459056051941e-10 1
3 56 89 1000.9244663944108 1.2459607990951078e-10 1
3 56 90 1000.9244663944108 1.2497142635638727e-10 1
3 56 91 1004.5885899295608 1.2527608223894307e-10 1
3 56 92 1007.7733433475308 1.255046323430792e-10 1
3 56 93 1011.0080235233108 1.2565546935426987e-10 1
3 56 94 1015.9903233280008 1.2576125813431568e-10 1
3 56 95 1015.9903233280008 1.2580806272237224e-10 1
3 56 96 1018.2031529178508 1.2581628801164814e-10 1
3 56 97 1020.4593785037808 1.2579696783469923e-10 1
3 56 98 1020.8346836795608 1.2575319259457552e-10 1
3 56 99 1021.7965367069108 1.2569882898176527e-10 1
3 56 100 1023.3068516483108 1.2585847129815047e-10 1
3 56 101 1024.8128941287807 1.2721117947159413e-10 1
3 56 102 1027.7031529178507 1.3160907972955489e-10 1
3 56 103 1030.6429112186308 1.3266557893416811e-10 1
3 56 104 1033.0428745975307 1.2326466278831854e-10 1
3 56 105 1037.4350254764408 1.119193530345604e-10 1
3 57 32 980.7043125858108 9.201583040010168e-11 1
3 57 33 982.9811680545608 9.182292293909261e-11 1
3 57 34 981.6824619998808 9.157084843133434e-11 1
3 57 35 981.6824619998808 9.131010309773213e-11 1
3 57 36 979.3932774295608 9.095152438669302e-11 1
3 57 37 978.3392002811308 9.050216275248696e-11 1
3 57 38 981.2087071170608 8.999257653028161e-11 1
3 57 39 982.3677647342508 8.940074910865597e-11 1
3 57 40 982.3677647342508 8.875440789806736e-11 1
3 57 41 982.1949131717508 8.809793778098304e-11 1
3 57 42 981.6733677616008 8.743025867901864e-11 1
3 57 43 980.1217320194108 8.677949557269574e-11 1
3 57 44 983.2328770389408 8.61457856381387e-11 1
3 57 45 983.2328770389408 8.555248985611803e-11 1
3 57 46 984.9348423709708 8.497949291038883e-11 1
3 57 47 984.1313755741008 8.442986816498019e-11 1
3 57 48 980.2298863162808 8.389477347311403e-11 1
3 57 49 982.8810093631608 8.339986258133116e-11 1
3 57 50 982.8810093631608 8.295100752508871e-11 1
3 57 51 985.2944004764408 8.257084932673986e-11 1
3 57 52 988.7281773319108 8.230237438203943e-11 1
3 57 53 991.6563999881608 8.219004679626044e-11 1
3 57 54 991.8915684451908 8.225021785492947e-11 1
3 57 55 991.8915684451908 8.248103061410693e-11 1
3 57 56 992.9513218631608 8.286349787163746e-11 1
3 57 57 992.7911045780008 8.339575712307635e-11 1
3 57 58 994.0935948123808 8.409560252077812e-11 1
3 57 59 995.1053135623808 8.494335617842267e-11 1
3 57 60 995.1053135623808 8.589661112039088e-11 1
3 57 61 996.3541538944108 8.693207703502944e-11 1
3 57 62 997.0186436405008 8.80408656386844e-11 1
3 57 63 998.1445591678508 8.92077018879704e-11 1
3 57 64 1001.8558018436308 9.040999543287011e-11 1
3 57 65 1001.8558018436308 9.164613603571873e-11 1
3 57 66 1003.7438023319108 9.29003127095801e-11 1
3 57 67 1004.4565098514408 9.421827231370469e-11 1
3 57 68 1005.1070835819108 9.559967235225166e-11 1
3 57 69 1004.8763096561308 9.704761672304224e-11 1
3 57 70 1004.8763096561308 9.859290964369965e-11 1
3 57 71 1003.8434727420608 1.0016503104790974e-10 1
3 57 72 1002.2466709842508 1.0170248723120288e-10 1
3 57 73 999.8980992069108 1.0318951926017055e-10 1
3 57 74 997.6561558475308 1.0463388053823188e-10 1
3 57 75 997.6561558475308 1.060502707865501e-10 1
3 57 76 999.1335118045608 1.0741968723967701e-10 1
3 57 77 998.4342320194108 1.0873909082090059e-10 1
3 57 78 997.3432286014408 1.099953786252491e-10 1
3 57 79 1002.7325718631608 1.1121172831614568e-10 1
3 57 80 1002.7325718631608 1.1234170622069179e-10 1
3 57 81 1004.9762852420608 1.1340091437943294e-10 1
3 57 82 1008.0523350467508 1.1526542213216281e-10 1
3 57 83 1010.2437412967508 1.1612209333744557e-10 1
3 57 84 1015.4466831912808 1.1685318731439028e-10 1
3 57 85 1015.4466831912808 1.1746918575837356e-10 1
3 57 86 1016.6388218631608 1.1798711136276108e-10 1
3 57 87 1017.3226597537808 1.1841679691381569e-10 1
3 57 88 1018.3000767459708 1.1875959861372035e-10 1
3 57 89 1019.2238438358108 1.1875959861372035e-10 1
3 57 90 1019.2238438358108 1.2076016845541178e-10 1
3 57 91 1020.3623936405008 1.2094279872147872e-10 1
3 58 24 976.2972080936308 9.849946768491547e-11 1
3 58 25 977.6034825076908 1.0069703659704535e-10 1
3 58 26 980.6562779178508 1.0160733099324496e-10 1
3 58 27 984.2813999881608 1.0079146073551606e-10 1
3 58 28 988.3000767459708 9.697546725219969e-11 1
3 58 29 990.1396153201908 9.196729661597917e-11 1
3 58 30 993.4345982303508 9.072648573170657e-11 1
3 58 31 995.3485386600308 9.106896836082179e-11 1
3 58 32 995.9668858280008 9.111471083729061e-11 1
3 58 33 997.6498692264408 9.107633546115708e-11 1
3 58 34 998.2098057498808 9.102261923935008e-11 1
3 58 35 998.2098057498808 9.119923740872182e-11 1
3 58 36 998.3635533084708 9.104979007532319e-11 1
3 58 37 998.7610752811308 9.08554016098168e-11 1
3 58 38 1000.0110142459708 9.06279278002368e-11 1
3 58 39 1000.2533238162808 9.037709295935844e-11 1
3 58 40 1000.2533238162808 9.011543565098674e-11 1
3 58 41 1000.6009190311308 8.944641247357788e-11 1
3 58 42 1001.1265537967508 9.02018241039616e-11 1
3 58 43 1001.6781285037808 8.901052259863657e-11 1
3 59 24 977.2195103397208 9.942954242019663e-11 1
3 59 25 979.3635533084708 1.0188492395087497e-10 1
3 59 26 981.7919590701908 1.0129407446047244e-10 1
