3 55 104 977.960551019239 1.288220385880811e-10 1
3 55 105 998.562296624709 1.1898291960161562e-10 1
3 55 106 1022.055582757519 1.292073155228986e-10 1
3 55 107 1015.012308831739 1.6860563836846748e-10 1
3 56 79 957.583964105179 1.1541024505989828e-10 1
3 56 80 957.583964105179 1.168150609367819e-10 1
3 56 81 960.570170159869 1.1811754666156431e-10 1
3 56 82 963.377970452839 1.1931390892623914e-10 1
3 56 83 965.376200433309 1.2039757164077703e-10 1
3 56 84 972.292216058309 1.2136722787339726e-10 1
3 56 85 972.292216058309 1.2222203215407405e-10 1
3 56 86 975.305521722369 1.2296684860873398e-10 1
3 56 87 979.635477777059 1.236041456871767e-10 1
3 56 88 984.513712640339 1.241459056051941e-10 1
3 56 89 994.194193597369 1.2459607990951078e-10 1
3 56 90 994.194193597369 1.2497142635638727e-10 1
3 56 91 997.858317132519 1.2527608223894307e-10 1
3 56 92 1001.043070550489 1.255046323430792e-10 1
3 56 93 1004.277750726269 1.2565546935426987e-10 1
3 56 94 1009.260050530959 1.2576125813431568e-10 1
3 56 95 1009.260050530959 1.2580806272237224e-10 1
3 56 96 1011.472880120809 1.2581628801164814e-10 1
3 56 97 1013.729105706739 1.2579696783469923e-10 1
3 56 98 1014.104410882519 1.2575319259457552e-10 1
3 56 99 1015.066263909869 1.2569882898176527e-10 1
3 56 100 1016.576578851269 1.2585847129815047e-10 1
3 56 101 1018.082621331739 1.2721117947159413e-10 1
3 56 102 1020.972880120809 1.3160907972955489e-10 1
3 56 103 1023.912638421589 1.3266557893416811e-10 1
3 56 104 1026.3126018004891 1.2326466278831854e-10 1
3 56 105 1030.704752679399 1.119193530345604e-10 1
3 57 32 973.974039788769 9.201583040010168e-11 1
3 57 33 976.250895257519 9.182292293909261e-11 1
3 57 34 974.952189202839 9.157084843133434e-11 1
3 57 35 974.952189202839 9.131010309773213e-11 1
3 57 36 972.663004632519 9.095152438669302e-11 1
3 57 37 971.608927484089 9.050216275248696e-11 1
3 57 38 974.478434320019 8.999257653028161e-11 1
3 57 39 975.637491937209 8.940074910865597e-11 1
3 57 40 975.637491937209 8.875440789806736e-11 1
3 57 41 975.464640374709 8.809793778098304e-11 1
3 57 42 974.943094964559 8.743025867901864e-11 1
3 57 43 973.391459222369 8.677949557269574e-11 1
3 57 44 976.502604241899 8.61457856381387e-11 1
3 57 45 976.502604241899 8.555248985611803e-11 1
3 57 46 978.204569573929 8.497949291038883e-11 1
3 57 47 977.401102777059 8.442986816498019e-11 1
3 57 48 973.499613519239 8.389477347311403e-11 1
3 57 49 976.150736566119 8.339986258133116e-11 1
3 57 50 976.150736566119 8.295100752508871e-11 1
3 57 51 978.564127679399 8.257084932673986e-11 1
3 57 52 981.997904534869 8.230237438203943e-11 1
3 57 53 984.926127191119 8.219004679626044e-11 1
3 57 54 985.161295648149 8.225021785492947e-11 1
3 57 55 985.161295648149 8.248103061410693e-11 1
3 57 56 986.221049066119 8.286349787163746e-11 1
3 57 57 986.060831780959 8.339575712307635e-11 1
3 57 58 987.363322015339 8.409560252077812e-11 1
3 57 59 988.375040765339 8.494335617842267e-11 1
3 57 60 988.375040765339 8.589661112039088e-11 1
3 57 61 989.623881097369 8.693207703502944e-11 1
3 57 62 990.288370843459 8.80408656386844e-11 1
3 57 63 991.414286370809 8.92077018879704e-11 1
3 57 64 995.125529046589 9.040999543287011e-11 1
3 57 65 995.125529046589 9.164613603571873e-11 1
3 57 66 997.013529534869 9.29003127095801e-11 1
3 57 67 997.726237054399 9.421827231370469e-11 1
3 57 68 998.376810784869 9.559967235225166e-11 1
3 57 69 998.146036859089 9.704761672304224e-11 1
3 57 70 998.146036859089 9.859290964369965e-11 1
3 57 71 997.113199945019 1.0016503104790974e-10 1
3 57 72 995.516398187209 1.0170248723120288e-10 1
3 57 73 993.167826409869 1.0318951926017055e-10 1
3 57 74 990.925883050489 1.0463388053823188e-10 1
3 57 75 990.925883050489 1.060502707865501e-10 1
3 57 76 992.403239007519 1.0741968723967701e-10 1
3 57 77 991.703959222369 1.0873909082090059e-10 1
3 57 78 990.612955804399 1.099953786252491e-10 1
3 57 79 996.002299066119 1.1121172831614568e-10 1
3 57 80 996.002299066119 1.1234170622069179e-10 1
3 57 81 998.246012445019 1.1340091437943294e-10 1
3 57 82 1001.322062249709 1.1526542213216281e-10 1
3 57 83 1003.513468499709 1.1612209333744557e-10 1
3 57 84 1008.716410394239 1.1685318731439028e-10 1
3 57 85 1008.716410394239 1.1746918575837356e-10 1
3 57 86 1009.908549066119 1.1798711136276108e-10 1
3 57 87 1010.592386956739 1.1841679691381569e-10 1
3 57 88 1011.569803948929 1.1875959861372035e-10 1
3 57 89 1012.493571038769 1.1875959861372035e-10 1
3 57 90 1012.493571038769 1.2076016845541178e-10 1
3 57 91 1013.632120843459 1.2094279872147872e-10 1
3 58 24 969.566935296589 9.849946768491547e-11 1
3 58 25 970.873209710649 1.0069703659704535e-10 1
3 58 26 973.926005120809 1.0160733099324496e-10 1
3 58 27 977.551127191119 1.0079146073551606e-10 1
3 58 28 981.569803948929 9.697546725219969e-11 1
3 58 29 983.409342523149 9.196729661597917e-11 1
3 58 30 986.704325433309 9.072648573170657e-11 1
3 58 31 988.618265862989 9.106896836082179e-11 1
3 58 32 989.236613030959 9.111471083729061e-11 1
3 58 33 990.919596429399 9.107633546115708e-11 1
3 58 34 991.479532952839 9.102261923935008e-11 1
3 58 35 991.479532952839 9.119923740872182e-11 1
3 58 36 991.633280511429 9.104979007532319e-11 1
3 58 37 992.030802484089 9.08554016098168e-11 1
3 58 38 993.280741448929 9.06279278002368e-11 1
3 58 39 993.523051019239 9.037709295935844e-11 1
3 58 40 993.523051019239 9.011543565098674e-11 1
3 58 41 993.870646234089 8.944641247357788e-11 1
3 58 42 994.396280999709 9.02018241039616e-11 1
3 58 43 994.947855706739 8.901052259863657e-11 1
3 59 24 970.489237542679 9.942954242019663e-11 1
3 59 25 972.633280511429 1.0188492395087497e-10 1
3 59 26 975.061686273149 1.0129407446047244e-10 1
