2 113 272 1023.1424296066776 8.454411023420913e-11 1
2 113 273 1013.6660189511309 9.621629874971682e-11 1
2 113 274 998.7883254583807 9.621629874971682e-11 1
2 114 266 997.6198079903371 6.642782373579309e-11 1
2 114 267 1003.7457539930334 6.268341116044766e-11 1
2 114 268 1010.8408418486712 5.984726088640311e-11 1
2 114 269 1026.0885905293737 5.835173320064869e-11 1
2 114 270 1030.6957430836633 5.973437253905326e-11 1
2 114 271 1032.0815213014148 6.531448132448565e-11 1
2 114 272 1030.5357220330743 7.543363472936246e-11 1
2 114 273 1026.1164238875695 8.080150516474462e-11 1
2 114 274 1014.7353680183237 8.080150516474462e-11 1
2 115 260 1022.7711808103918 6.282302319949792e-11 1
2 115 261 1024.100087950295 6.359381653386679e-11 1
2 115 262 1025.5025040358885 6.527582018821457e-11 1
2 115 263 1027.629364157587 6.727919894355275e-11 1
2 115 264 1028.446855098372 6.834742241129968e-11 1
2 115 265 1029.1159785628165 6.742996592232429e-11 1
2 115 266 1025.0570687944462 6.456387907107484e-11 1
2 115 267 1032.4189821503928 6.099713760662053e-11 1
2 115 268 1033.4720740279897 5.788113116800752e-11 1
2 115 269 1036.395698201707 5.606064330397174e-11 1
2 116 199 969.1684788586695 5.749030874618514e-11 1
2 116 200 969.6261979885697 5.772327823817095e-11 1
2 116 201 970.0892387113095 5.794109259628406e-11 1
2 116 202 970.664547891727 5.815880268401228e-11 1
2 116 203 971.2513974088126 5.837830302885134e-11 1
2 116 204 971.8382469259142 5.859185261439688e-11 1
2 116 205 972.4250964430092 5.879441028853523e-11 1
2 116 206 973.2022094045526 5.899837334396478e-11 1
2 116 207 974.0315246108445 5.91977139835103e-11 1
2 116 208 974.8608398171136 5.938280285853853e-11 1
2 116 209 975.6901550234472 5.956905276958562e-11 1
2 116 210 976.4729266369296 5.975368715767722e-11 1
2 116 211 977.2268753833218 5.992474826704133e-11 1
2 116 212 977.9808241297553 6.009219389433516e-11 1
2 116 213 978.7347728761478 6.025986365516569e-11 1
2 116 214 979.4963612656884 6.04150672500393e-11 1
2 116 215 980.2672709807989 6.056126647477942e-11 1
2 116 216 981.0381806959275 6.071016614003981e-11 1
2 116 217 981.8090904110381 6.08586059504822e-11 1
2 116 218 982.7369729217681 6.098428080631084e-11 1
2 116 219 984.0619966056278 6.11139771231909e-11 1
2 116 220 985.3870202893849 6.124422627055169e-11 1
2 116 221 986.7120439730545 6.13603558343969e-11 1
2 116 222 987.9280145730298 6.147098103258584e-11 1
2 116 223 988.7276269497376 6.158163183698871e-11 1
2 116 224 989.4842091868004 6.16830896850713e-11 1
2 116 225 990.2407914238544 6.177532759794514e-11 1
2 116 226 991.0697742166811 6.186877138928655e-11 1
2 116 227 992.2689853383985 6.196170838560544e-11 1
2 116 228 993.5682702395196 6.203839374871616e-11 1
2 116 229 994.8675551407415 6.211526916249335e-11 1
2 116 230 996.233335115034 6.219207102501381e-11 1
2 116 231 998.1554611924786 6.225880534375933e-11 1
2 116 232 1000.3363971664756 6.231967532672939e-11 1
2 116 233 1002.517333140356 6.238060794850993e-11 1
2 116 234 1004.6787945670897 6.24373438087789e-11 1
2 116 235 1006.2099056390343 6.24844739760803e-11 1
2 116 236 1007.3020733844988 6.253018953530685e-11 1
2 116 237 1008.3942411300217 6.25753540809828e-11 1
2 116 238 1009.4864088755153 6.260767077850323e-11 1
2 116 239 1010.3291584356176 6.264002087283294e-11 1
2 116 240 1010.8952437953492 6.267426705066069e-11 1
2 116 241 1011.4516939250949 6.269967848558341e-11 1
2 116 242 1012.0081440548553 6.272061462772325e-11 1
2 116 243 1012.6458799541014 6.2742092398068e-11 1
2 116 244 1013.4413170315597 6.276391115931567e-11 1
2 116 245 1014.2478916506238 6.277741832040752e-11 1
2 116 246 1015.0544662696667 6.278954386845813e-11 1
2 116 247 1015.9195570393243 6.280147102878783e-11 1
2 116 248 1017.0200716894561 6.280816925664149e-11 1
2 116 249 1018.1432290874424 6.28126118792086e-11 1
2 116 250 1019.2663864854879 6.281705513030173e-11 1
2 116 251 1020.3458877674251 6.281770261619474e-11 1
2 116 252 1020.5977182169781 6.281681750999578e-11 1
2 116 253 1020.753842615671 6.281624847376856e-11 1
2 116 254 1020.9099670143678 6.281611521304087e-11 1
2 116 255 1021.0660914130607 6.280941808681549e-11 1
2 116 256 1021.2359925668159 6.279721752641975e-11 1
2 116 257 1021.472554227009 6.277188356404447e-11 1
2 116 258 1021.8965227577681 6.273004571038367e-11 1
2 116 259 1023.1693853904069 6.266927000197749e-11 1
2 116 260 1024.3364095398763 6.267584299690933e-11 1
2 116 261 1025.8513372698135 6.304250998430494e-11 1
2 116 262 1027.2599803209587 6.391522549882335e-11 1
2 116 263 1029.869362349739 6.558131668982339e-11 1
2 117 121 977.927571704408 4.114911858786033e-11 1
2 117 122 977.9105873814633 4.122383170702647e-11 1
2 117 123 977.6720093345331 4.1298788632818476e-11 1
2 117 124 977.4090258531177 4.1381852808478556e-11 1
2 117 125 977.1460423716817 4.147814340564878e-11 1
2 117 126 976.9055466007408 4.157488316124664e-11 1
2 117 127 976.7719928828408 4.167314936926039e-11 1
2 117 128 976.6672007533929 4.1788352502315764e-11 1
2 117 129 976.5624086239593 4.190511514547248e-11 1
2 117 130 976.5123526818766 4.2022532120027676e-11 1
2 117 131 976.9056660556824 4.2150288080239004e-11 1
2 117 132 977.4978493433979 4.2284180656879315e-11 1
2 117 133 978.0900326311022 4.241896724433293e-11 1
2 117 134 978.6735525104377 4.255935489578789e-11 1
2 117 135 978.9213925143189 4.270849194028686e-11 1
2 117 136 978.9497234836984 4.2858677876263714e-11 1
2 117 137 978.9780544530782 4.3009941567502504e-11 1
2 117 138 979.0063854224591 4.317163339890952e-11 1
2 117 139 979.0086731018193 4.333425312111767e-11 1
2 117 140 978.9829602531439 4.349810259364049e-11 1
2 117 141 978.9563965639783 4.3667175144473285e-11 1
2 117 142 978.9298328748133 4.383875874112792e-11 1
2 117 143 979.2873547025325 4.401168385251194e-11 1
2 117 144 980.3884922406231 4.418686959898273e-11 1
2 117 145 981.5322371494995 4.436492689539536e-11 1
2 117 146 982.6759820584422 4.454442501236855e-11 1
2 117 147 983.8204822717748 4.472597259647031e-11 1
2 117 148 984.9681286345897 4.4911046025253727e-11 1
2 117 149 986.1160141875729 4.5095744364384036e-11 1
2 117 150 987.2638997405787 4.5281968134417705e-11 1
2 117 151 988.3829733465476 4.547161747251144e-11 1
2 117 152 988.8157676503893 4.5663627985913135e-11 1
2 117 153 989.1867365517719 4.5858056425282536e-11 1
2 117 154 989.5577054531257 4.60639625622806e-11 1
2 117 155 989.9286743544834 4.627092918383596e-11 1
2 117 156 990.5174036315893 4.6475616938491716e-11 1
2 117 157 991.1638901409418 4.668307927150704e-11 1
2 117 158 991.8103766503126 4.690910004890216e-11 1
2 117 159 992.4568631596773 4.712944801749523e-11 1
2 117 160 992.878883409226 4.735187585436894e-11 1
2 117 161 993.1652036017309 4.758186867179649e-11 1
2 117 162 993.4515237942277 4.781633104021788e-11 1
2 117 163 993.7378439867466 4.805395973870838e-11 1
2 117 164 993.7848334996731 4.829782111612511e-11 1
2 117 165 993.5464100282198 4.8540111324678963e-11 1
2 117 166 993.307986556753 4.8784844729429077e-11 1
2 117 167 993.0695630852997 4.902966481732043e-11 1
2 117 168 992.7272937085738 4.9266091189792456e-11 1
2 117 169 992.1294819570938 4.9507737388935566e-11 1
2 117 170 991.531670205631 4.975176578273964e-11 1
2 117 171 990.9338584541218 4.998752669345271e-11 1
2 117 172 990.3276239649227 5.0223031491211934e-11 1
2 117 173 989.6907856647251 5.0460818893661616e-11 1
2 117 174 989.0506769482644 5.0696408649431265e-11 1
2 117 175 988.4105682318893 5.092683545596178e-11 1
2 117 176 987.8152913342935 5.115936651217625e-11 1
2 117 177 987.4407695275431 5.139473352224097e-11 1
2 117 178 987.1258175208352 5.162351021070071e-11 1
2 117 179 986.810865514134 5.1852367402240875e-11 1
2 117 180 986.4819501087011 5.208326276744475e-11 1
2 117 181 986.0382843269985 5.230906639842697e-11 1
2 117 182 985.542163103308 5.2533922237769384e-11 1
2 117 183 985.046041879612 5.276126558629413e-11 1
2 117 184 984.5587179563481 5.2989000143108806e-11 1
2 117 185 984.3801840588814 5.320935614962373e-11 1
2 117 186 984.410153123889 5.3431552520635485e-11 1
2 117 187 984.4401221888962 5.36606234177893e-11 1
2 117 188 984.4700912539041 5.3881887852220264e-11 1
2 117 189 984.5142712371636 5.409918931399461e-11 1
2 117 190 984.573961043796 5.4318250592753127e-11 1
2 117 191 984.6341598864649 5.453146996637571e-11 1
2 117 192 984.694358729129 5.4743268491201855e-11 1
2 117 193 984.8291947225763 5.495787721454552e-11 1
2 117 194 985.1085957788803 5.517797962623594e-11 1
2 117 195 985.3972644357336 5.538612698742584e-11 1
2 117 196 985.685933092595 5.559258775746171e-11 1
2 117 197 986.1504440356651 5.5799941818149386e-11 1
2 117 198 987.3342648403607 5.599514841224474e-11 1
2 117 199 988.5800500420894 5.6191725595165656e-11 1
2 117 200 989.8258352437841 5.639335568475138e-11 1
2 117 201 991.0393695034879 5.658978679890008e-11 1
2 117 202 991.5725128235206 5.677389991770782e-11 1
2 117 203 992.0357171717062 5.695895320585901e-11 1
2 117 204 992.4989215199047 5.7138627566963245e-11 1
2 117 205 992.9621258680979 5.730857993826531e-11 1
2 117 206 993.7231616624497 5.747954633379778e-11 1
2 117 207 994.5659129438995 5.7659085168459803e-11 1
2 117 208 995.4086642253266 5.7820993486591146e-11 1
2 117 209 996.2514155068188 5.7977873463402253e-11 1
2 117 210 997.1064103509634 5.813560705004541e-11 1
2 117 211 997.9689872179033 5.828023045403837e-11 1
2 117 212 998.8315640848905 5.841990857921149e-11 1
2 117 213 999.6941409518307 5.856160693231488e-11 1
2 117 214 1000.7441212994178 5.870266098032324e-11 1
2 117 215 1002.0227574661566 5.882569159235047e-11 1
2 117 216 1003.3013936329256 5.894923898918478e-11 1
2 117 217 1004.5800297996648 5.908297442241329e-11 1
2 117 218 1005.7293771574862 5.919919023496899e-11 1
2 117 219 1006.5516238288511 5.930688679594263e-11 1
2 117 220 1007.3738705001523 5.941497591931483e-11 1
2 117 221 1008.1961171713994 5.951172312840605e-11 1
2 117 222 1009.022509658292 5.960403338700972e-11 1
2 117 223 1009.8647306236172 5.969793339154983e-11 1
2 117 224 1010.7085874438649 5.979520979528857e-11 1
2 117 225 1011.5524442641026 5.98757678415812e-11 1
2 117 226 1012.3475909216412 5.995303344607584e-11 1
2 117 227 1012.8936527212282 6.00298568542795e-11 1
2 117 228 1013.3723861691124 6.009344985045889e-11 1
2 117 229 1013.8511196170335 6.015717772478152e-11 1
2 117 230 1014.3596631598713 6.022447303972698e-11 1
2 117 231 1015.1176196196508 6.028561693532615e-11 1
2 117 232 1015.9916019325174 6.033626626791899e-11 1
2 117 233 1016.8655842453371 6.038681937434864e-11 1
2 117 234 1017.7305962466605 6.043278012675113e-11 1
2 117 235 1018.3052580288294 6.047113902295309e-11 1
2 117 236 1018.6777349624165 6.050954664567295e-11 1
2 117 237 1019.0502118960237 6.055158924347356e-11 1
2 117 238 1019.4226888296208 6.05823529556758e-11 1
2 117 239 1019.7638703471748 6.060990221949261e-11 1
2 118 61 989.7908072672587 4.6114395748623315e-11 1
2 118 62 990.4172639536613 4.5994549336495706e-11 1
2 118 63 989.1525269683323 4.576177641372486e-11 1
2 118 64 989.1096074364339 4.5511383760917e-11 1
2 118 65 990.4818346727657 4.531245480817762e-11 1
2 118 66 990.819819030508 4.516483431494836e-11 1
2 118 67 991.495787745998 4.5061379521696723e-11 1
2 118 68 991.7560322915754 4.49696042139822e-11 1
2 118 69 991.835128406972 4.48827085218999e-11 1
2 118 70 991.9142245223734 4.479614800282574e-11 1
2 118 71 991.99332063777 4.470608148619826e-11 1
2 118 72 992.0173848664425 4.461483281590524e-11 1
2 118 73 991.8589268434469 4.4523265684064016e-11 1
2 118 74 991.6798157916606 4.442529843285812e-11 1
2 118 75 991.5007047398774 4.4328129233090265e-11 1
2 118 76 991.3302950840282 4.423313936442577e-11 1
2 118 77 991.199960724224 4.413830087634169e-11 1
2 118 78 991.0803504496712 4.403857260500142e-11 1
2 118 79 990.9607401751175 4.393929397973687e-11 1
2 118 80 990.8807086558346 4.383935954985354e-11 1
2 118 81 991.1177303991875 4.3739273868670825e-11 1
2 118 82 991.494086092497 4.363951112402583e-11 1
2 118 83 991.8704417857745 4.354019046369892e-11 1
2 118 84 992.2458762338532 4.3442119875225785e-11 1
2 118 85 992.5810258187881 4.334480378038222e-11 1
2 118 86 992.8906956115292 4.3247366496199196e-11 1
2 118 87 993.2003654042944 4.3150590385179314e-11 1
2 118 88 993.5100351970357 4.305835023187671e-11 1
2 118 89 993.6498297720856 4.296525395324895e-11 1
2 118 90 993.6094836334178 4.287255937226022e-11 1
2 118 91 993.5641793920414 4.278397645812245e-11 1
2 118 92 993.5188751506636 4.26972517140808e-11 1
2 118 93 993.4445537846532 4.2610926323557726e-11 1
2 118 94 993.3140105964349 4.252617899776277e-11 1
2 118 95 993.1806443611051 4.2443971530599956e-11 1
2 118 96 993.0472781257796 4.236252008191902e-11 1
2 118 97 992.9402093778093 4.228167475372984e-11 1
2 118 98 992.9448492892052 4.220725315908791e-11 1
2 118 99 992.9568444143587 4.213309308872355e-11 1
2 118 100 992.9688395395132 4.205847521162421e-11 1
2 118 101 992.9915059786636 4.199286207584908e-11 1
2 118 102 993.3065149589286 4.1931321098853574e-11 1
2 118 103 993.6441890979088 4.1869553323971834e-11 1
2 118 104 993.9818632368787 4.180988393334375e-11 1
2 118 105 994.3195373758747 4.1761932438034576e-11 1
2 118 106 994.7056182674005 4.1716068783971946e-11 1
2 118 107 995.1041023126115 4.1671115872245187e-11 1
2 118 108 995.5025863578462 4.164313834948571e-11 1
2 118 109 995.9010704030571 4.161519836911452e-11 1
2 118 110 996.283606761097 4.158483202581627e-11 1
2 118 111 996.656732546966 4.1566564692907956e-11 1
2 118 112 997.0298583328417 4.155867746285654e-11 1
2 118 113 997.4029841187107 4.15509150788611e-11 1
2 118 114 997.791912627624 4.155002342868842e-11 1
2 118 115 998.1992614886652 4.1562696052782823e-11 1
2 118 116 998.6066103496747 4.157668152448336e-11 1
2 118 117 999.0139592106877 4.159166157030653e-11 1
2 118 118 999.3274979112384 4.162592940010983e-11 1
2 118 119 999.4164334390252 4.165727548197135e-11 1
2 118 120 999.5053689668146 4.1688668809256365e-11 1
2 118 121 999.5943044946032 4.173052772716676e-11 1
2 118 122 999.694474953451 4.177668684284264e-11 1
2 118 123 999.8335984551868 4.18239470150887e-11 1
2 118 124 999.9770120871593 4.188640767279093e-11 1
2 118 125 1000.1204257191432 4.195433442364374e-11 1
2 118 126 1000.268240649553 4.201831899302224e-11 1
2 118 127 1000.4369862963865 4.208402954712197e-11 1
2 118 128 1000.6113611661108 4.2177936081424016e-11 1
2 118 129 1000.7857360358112 4.2262962581890195e-11 1
2 118 130 1000.9870519160694 4.234833258466369e-11 1
2 118 131 1001.4065930324567 4.244858641451601e-11 1
2 118 132 1001.9240174086211 4.2555216241515656e-11 1
2 118 133 1002.4414417847756 4.2664040314745e-11 1
2 118 134 1002.9542235373308 4.279158455097513e-11 1
2 118 135 1003.2871182012001 4.2921730951257914e-11 1
2 118 136 1003.5023804299648 4.3048256047514363e-11 1
2 118 137 1003.7176426587315 4.317658355077709e-11 1
2 118 138 1003.9329048875045 4.332485645394158e-11 1
2 118 139 1004.1395931696136 4.346736499578541e-11 1
2 118 140 1004.3370631450647 4.361081413884629e-11 1
2 118 141 1004.5342530076315 4.376247546141577e-11 1
2 118 142 1004.7314428701926 4.391814844519374e-11 1
2 118 143 1004.9167108231403 4.4075835792664e-11 1
2 118 144 1005.0788971473374 4.424100439465616e-11 1
2 118 145 1005.23976095039 4.440677654632453e-11 1
2 118 146 1005.4006247534518 4.4573795675257585e-11 1
2 118 147 1005.5901301717311 4.474650771032639e-11 1
2 118 148 1005.8989395358493 4.4922144579679864e-11 1
2 118 149 1006.2168191404994 4.509641224019641e-11 1
2 118 150 1006.5346987451558 4.527203724857347e-11 1
2 118 151 1006.8467123029397 4.545168970179615e-11 1
2 118 152 1007.0190009560658 4.5630507726507546e-11 1
2 118 153 1007.178702097908 4.5810642681220396e-11 1
2 118 154 1007.3384032397375 4.599124388058967e-11 1
2 118 155 1007.4981043815689 4.6171687025435983e-11 1
2 118 156 1007.6830329335143 4.6353551657267984e-11 1
2 118 157 1007.8746526264813 4.653891639132121e-11 1
2 118 158 1008.0662723194537 4.672241998958203e-11 1
2 118 159 1008.2578920124243 4.6903712595255517e-11 1
2 118 160 1008.4183261346116 4.7086417586520946e-11 1
2 118 161 1008.5599071617474 4.7268278142990257e-11 1
2 119 54 985.1068759924003 5.047679805603366e-11 1
2 119 55 987.2074772281048 4.9741332704618606e-11 1
2 119 56 988.7001678138084 4.8434943492445626e-11 1
2 119 57 989.3527047726509 4.6982271592989194e-11 1
2 119 58 990.7567841948656 4.5968382467601136e-11 1
2 119 59 992.6970171300788 4.56088138230651e-11 1
2 119 60 994.3601582315797 4.576137329103683e-11 1
2 119 61 995.5600169752278 4.5858073737847694e-11 1
2 119 62 997.195536751622 4.582714878201363e-11 1
2 119 63 998.3404892562249 4.5694731380461584e-11 1
2 119 64 998.9407698561171 4.554147147032457e-11 1
2 119 65 999.5248368298261 4.5414880905015046e-11 1
2 119 66 999.5844946205174 4.532160975210509e-11 1
2 119 67 999.703810201901 4.526198135948412e-11 1
2 119 68 999.8136209082527 4.520496694425213e-11 1
2 119 69 1000.0402973709679 4.5155209856072754e-11 1
2 119 70 1000.266973833697 4.510556218267304e-11 1
2 119 71 1000.493650296412 4.504616177189451e-11 1
2 119 72 1000.6896565779492 4.4994750365433983e-11 1
2 119 73 1000.7839401881048 4.4943790275081975e-11 1
2 119 74 1000.8667135235355 4.489031236631685e-11 1
2 119 75 1000.9494868589646 4.483265908785107e-11 1
2 119 76 1001.0351372553785 4.4775153709316584e-11 1
2 119 77 1001.1340382924756 4.470816752391915e-11 1
2 119 78 1001.2364851798542 4.4633192911390235e-11 1
2 119 79 1001.3389320672337 4.4565903545696324e-11 1
2 120 48 977.374353184917 4.985848028599102e-11 1
2 120 49 978.3604074309508 5.053262264656096e-11 1
2 120 50 979.4826426221813 5.091163691293989e-11 1
2 120 51 980.947572238809 5.1003720171872945e-11 1
2 120 52 982.7669216779353 5.080144189089031e-11 1
2 120 53 984.810123831155 5.0322989994860456e-11 1
2 120 54 987.0333006641436 4.9536729418184057e-11 1
2 120 55 988.6240337880694 4.836684038733702e-11 1
2 120 56 989.9531652349752 4.691968403200026e-11 1
2 120 57 991.8814914144924 4.5763896178979944e-11 1
2 121 48 977.6798680129338 5.002390227690845e-11 1
2 121 49 979.1407462329064 5.071938686425014e-11 1
2 121 50 980.2336933148058 5.100657955784175e-11 1
2 121 51 981.4778585430672 5.089514602766015e-11 1
