3 19 27 981.8524419845323 3.135120179325225e-10 1
3 20 17 905.0856573165723 1.8621819129768744e-10 1
3 20 18 912.9639532150023 1.8464022906941621e-10 1
3 20 19 920.3930303634423 1.9766020944635124e-10 1
3 20 20 931.6896612228223 2.243489300394678e-10 1
3 20 21 936.2745000900023 2.554288094682041e-10 1
3 20 22 955.8968145431323 2.767110880162784e-10 1
3 20 23 984.8690435470323 2.8301145954743473e-10 1
3 20 24 996.7764532150023 2.8269137906288184e-10 1
3 20 25 1000.7752325118823 2.910896859106498e-10 1
3 20 26 1006.3243658126623 2.824191872519056e-10 1
3 20 27 1016.4686529220323 2.6121777980122554e-10 1
3 21 11 950.5130865157823 2.236825768750299e-10 1
3 21 12 956.6511480392223 2.277061364630045e-10 1
3 21 13 963.4934942306323 2.0938762469381843e-10 1
3 21 14 968.1610967696923 2.0328187962949494e-10 1
3 21 15 971.4298955978223 2.048667239538401e-10 1
3 21 16 975.9930669845323 2.0391283755053274e-10 1
3 21 17 979.4229375900023 1.9647858610462982e-10 1
3 21 18 982.5149786056323 1.906819852620189e-10 1
