6 98 267 997.140283291704 1.5996094636741515e-11 1
6 98 268 1016.859582608104 1.5538083346748116e-11 1
6 98 269 1039.146569912794 1.5395303726389805e-11 1
6 98 270 1033.309594815134 1.5375778331896145e-11 1
6 99 206 975.881250088574 1.9221076948181546e-11 1
6 99 207 975.881250088574 1.91944415525882e-11 1
6 99 208 975.881250088574 1.916822667302816e-11 1
6 99 209 975.881250088574 1.914208330194264e-11 1
6 99 210 978.867456143264 1.9115912623885506e-11 1
6 99 211 978.867456143264 1.9090377102869932e-11 1
6 99 212 978.867456143264 1.906490971283678e-11 1
6 99 213 978.867456143264 1.9039428783364787e-11 1
6 99 214 981.675256436234 1.9014349814195503e-11 1
6 99 215 981.675256436234 1.898962450433085e-11 1
6 99 216 981.675256436234 1.8964963414071836e-11 1
6 99 217 981.675256436234 1.8940631498180368e-11 1
6 99 218 981.675256436234 1.8916716582945202e-11 1
6 99 219 983.673486416704 1.889286198269551e-11 1
6 99 220 983.673486416704 1.886901311541745e-11 1
6 99 221 983.673486416704 1.884596955671507e-11 1
6 99 222 983.673486416704 1.882298221270722e-11 1
6 99 223 990.589502041704 1.8799984471691133e-11 1
6 99 224 990.589502041704 1.877754293381004e-11 1
6 99 225 990.589502041704 1.875546119384302e-11 1
6 99 226 990.589502041704 1.8733431327596716e-11 1
6 99 227 993.602807705764 1.8711733897404322e-11 1
6 99 228 993.602807705764 1.8690533627117798e-11 1
6 99 229 993.602807705764 1.8669413775673154e-11 1
6 99 230 993.602807705764 1.864841992884103e-11 1
6 99 231 997.932763760454 1.8628227422944803e-11 1
6 99 232 997.932763760454 1.8608078598633966e-11 1
6 99 233 997.932763760454 1.858793452270656e-11 1
6 99 234 997.932763760454 1.856846562007394e-11 1
6 99 235 1002.810998623734 1.8549324641776987e-11 1
6 99 236 1002.810998623734 1.85302230851289e-11 1
6 99 237 1002.810998623734 1.8511544833949592e-11 1
6 99 238 1002.810998623734 1.8493418001983325e-11 1
6 99 239 1012.491479580764 1.8475326635517265e-11 1
6 99 240 1012.491479580764 1.8457318799610094e-11 1
6 99 241 1012.491479580764 1.8440214742485984e-11 1
6 99 242 1012.491479580764 1.8423142356042188e-11 1
6 99 243 1012.491479580764 1.840607671239473e-11 1
6 99 244 1016.155603115914 1.8389733598378683e-11 1
6 99 245 1016.155603115914 1.8373692509678242e-11 1
6 99 246 1016.155603115914 1.8357679381390342e-11 1
6 99 247 1016.155603115914 1.8342081674507093e-11 1
6 99 248 1019.340356533884 1.832704815890397e-11 1
6 99 249 1019.340356533884 1.8312047907710928e-11 1
6 99 250 1019.340356533884 1.8297159252942256e-11 1
6 99 251 1019.340356533884 1.82831335807777e-11 1
6 99 252 1022.575036709664 1.8269129394877465e-11 1
6 99 253 1022.575036709664 1.8255134428783752e-11 1
6 99 254 1022.575036709664 1.824183223572155e-11 1
6 99 255 1022.575036709664 1.822876429035316e-11 1
6 99 256 1027.557336514354 1.821571505461281e-11 1
6 99 257 1027.557336514354 1.8203045433467607e-11 1
6 99 258 1027.557336514354 1.818779018789482e-11 1
6 99 259 1029.770166104204 1.8165115987689383e-11 1
6 99 260 1029.770166104204 1.8133234323417424e-11 1
6 99 261 1032.026391690134 1.8088751521226575e-11 1
6 99 262 1033.363549893264 1.8028056035182363e-11 1
6 99 263 1034.482446377634 1.794411094915903e-11 1
6 99 264 1036.379907315134 1.780127105231944e-11 1
6 99 265 1039.270166104204 1.746391031278558e-11 1
6 99 266 1042.209924404984 1.6884189904884824e-11 1
6 99 267 1044.272607510454 1.612630169885234e-11 1
6 99 268 1049.002038662794 1.560342315333144e-11 1
6 100 43 992.073754971384 2.1608536463087907e-11 1
6 100 44 992.271325772164 2.1596210103325865e-11 1
6 100 45 992.271325772164 2.1583972857722816e-11 1
6 100 46 992.271325772164 2.1571726321231734e-11 1
6 100 47 992.271325772164 2.1559527578701246e-11 1
6 100 48 994.714990322954 2.154766204570341e-11 1
6 100 49 994.714990322954 2.153586401138424e-11 1
6 100 50 994.714990322954 2.152411154843404e-11 1
6 100 51 994.714990322954 2.151268671239652e-11 1
6 100 52 994.548181240914 2.1501273998358317e-11 1
6 100 53 994.548181240914 2.148980354951421e-11 1
6 100 54 994.548181240914 2.1478542693002015e-11 1
6 100 55 994.548181240914 2.146754589471709e-11 1
6 100 56 993.249475186234 2.1456560351170544e-11 1
6 100 57 993.249475186234 2.1445747949289436e-11 1
6 100 58 993.249475186234 2.1435163279773623e-11 1
6 100 59 993.249475186234 2.1424589053349894e-11 1
6 100 60 990.960290615914 2.1413939868956054e-11 1
6 100 61 990.960290615914 2.140383324497437e-11 1
6 100 62 990.960290615914 2.1393736156432063e-11 1
6 100 63 990.960290615914 2.1383562677745022e-11 1
6 100 64 989.906213467484 2.137360304298005e-11 1
6 100 65 989.906213467484 2.136391051843325e-11 1
6 100 66 989.906213467484 2.1354226780654775e-11 1
6 100 67 989.906213467484 2.1344756751018345e-11 1
6 100 68 989.906213467484 2.1335569621760122e-11 1
6 100 69 992.775720303414 2.1326390397678045e-11 1
6 100 70 992.775720303414 2.131710982497083e-11 1
6 100 71 992.775720303414 2.1308389178254384e-11 1
6 100 72 992.775720303414 2.12996756637037e-11 1
6 100 73 993.934777920604 2.1290884103568678e-11 1
6 100 74 993.934777920604 2.1282352692489666e-11 1
6 100 75 993.934777920604 2.127409966284069e-11 1
6 100 76 993.934777920604 2.1265853031553452e-11 1
6 100 77 993.761926358104 2.125783108271794e-11 1
6 100 78 993.761926358104 2.1250107620686742e-11 1
6 100 79 993.761926358104 2.124238976884227e-11 1
6 100 80 993.761926358104 2.123459666081276e-11 1
6 100 81 993.240380947954 2.1227362414580845e-11 1
6 100 82 993.240380947954 2.1220133095826087e-11 1
6 100 83 993.240380947954 2.1212840650542776e-11 1
6 100 84 993.240380947954 2.1205898472192874e-11 1
6 100 85 991.688745205764 2.119915485373736e-11 1
6 100 86 991.688745205764 2.119241552295046e-11 1
6 100 87 991.688745205764 2.1185896414628275e-11 1
6 100 88 991.688745205764 2.117967064126169e-11 1
6 100 89 994.799890225294 2.1173448525882132e-11 1
6 100 90 994.799890225294 2.116719212095237e-11 1
6 100 91 994.799890225294 2.116139276186087e-11 1
6 100 92 994.799890225294 2.1155617758087823e-11 1
6 100 93 994.799890225294 2.1149845905484464e-11 1
6 100 94 996.501855557324 2.1144383124795968e-11 1
6 100 95 996.501855557324 2.113898559215403e-11 1
6 100 96 996.501855557324 2.1133590814468204e-11 1
6 100 97 996.501855557324 2.112836990578771e-11 1
6 100 98 995.698388760454 2.112331349257622e-11 1
6 100 99 995.698388760454 2.111822885260071e-11 1
6 100 100 995.698388760454 2.11131685032077e-11 1
6 100 101 995.698388760454 2.1108321259343943e-11 1
6 100 102 991.796899502634 2.1103476240667747e-11 1
6 100 103 991.796899502634 2.1098700763857965e-11 1
6 100 104 991.796899502634 2.109396825561308e-11 1
6 100 105 991.796899502634 2.1089229582944343e-11 1
6 100 106 994.448022549514 2.108452128083724e-11 1
6 100 107 994.448022549514 2.1079940909529536e-11 1
6 100 108 994.448022549514 2.107522814593245e-11 1
6 100 109 994.448022549514 2.1070465371373242e-11 1
6 100 110 996.861413662794 2.1065686055752967e-11 1
6 100 111 996.861413662794 2.1060728608490718e-11 1
6 100 112 996.861413662794 2.1055773493979562e-11 1
6 100 113 996.861413662794 2.105090295441116e-11 1
6 100 114 1000.295190518264 2.1045738880785237e-11 1
6 100 115 1000.295190518264 2.1040458461262203e-11 1
6 100 116 1000.295190518264 2.1035208462178503e-11 1
6 100 117 1000.295190518264 2.102990126410412e-11 1
6 100 118 1000.295190518264 2.1024171421372272e-11 1
6 100 119 1003.223413174514 2.101837196908763e-11 1
6 100 120 1003.223413174514 2.1012479304272398e-11 1
6 100 121 1003.223413174514 2.100566017795599e-11 1
6 100 122 1003.223413174514 2.0998845476191026e-11 1
6 100 123 1003.458581631544 2.0992150299864472e-11 1
6 100 124 1003.458581631544 2.0984216108825186e-11 1
6 100 125 1003.458581631544 2.0975731410039397e-11 1
6 100 126 1003.458581631544 2.0967253569838802e-11 1
6 100 127 1004.518335049514 2.0958023171999843e-11 1
6 100 128 1004.518335049514 2.0947760317439377e-11 1
6 100 129 1004.518335049514 2.093749684018501e-11 1
6 100 130 1004.518335049514 2.0927073804947302e-11 1
6 100 131 1004.358117764354 2.0915026235246064e-11 1
6 100 132 1004.358117764354 2.0902992528966588e-11 1
6 100 133 1004.358117764354 2.0890955662367086e-11 1
6 100 134 1004.358117764354 2.0877574119706287e-11 1
6 100 135 1005.660607998734 2.0863787941330514e-11 1
6 100 136 1005.660607998734 2.0850009310280485e-11 1
6 100 137 1005.660607998734 2.083545723944915e-11 1
6 100 138 1005.660607998734 2.082004983494985e-11 1
6 100 139 1006.672326748734 2.0804716631298935e-11 1
6 100 140 1006.672326748734 2.0789235639887142e-11 1
6 100 141 1006.672326748734 2.0772193012275175e-11 1
6 100 142 1006.672326748734 2.0755281500034604e-11 1
6 100 143 1006.672326748734 2.0738397502134132e-11 1
6 100 144 1007.921167080764 2.0720389914371477e-11 1
6 100 145 1007.921167080764 2.070205187015494e-11 1
6 100 146 1007.921167080764 2.0683713838678857e-11 1
6 100 147 1007.921167080764 2.0664741810399725e-11 1
6 100 148 1008.585656826854 2.06451284341669e-11 1
6 100 149 1008.585656826854 2.0625552253633327e-11 1
6 100 150 1008.585656826854 2.060567509251673e-11 1
6 100 151 1008.585656826854 2.0584673601161437e-11 1
6 100 152 1009.711572354204 2.0563879959090017e-11 1
6 100 153 1009.711572354204 2.0543128284089353e-11 1
6 100 154 1009.711572354204 2.0521480032336718e-11 1
6 100 155 1009.711572354204 2.0499582575407263e-11 1
6 100 156 1013.422815029984 2.047769007503755e-11 1
6 100 157 1013.422815029984 2.0455153285342188e-11 1
6 100 158 1013.422815029984 2.0432235846373214e-11 1
6 100 159 1013.422815029984 2.0409468095916048e-11 1
6 100 160 1015.310815518264 2.0386654201579987e-11 1
6 100 161 1015.310815518264 2.0362959033534287e-11 1
6 100 162 1015.310815518264 2.033931888277208e-11 1
6 100 163 1015.310815518264 2.0315579413442762e-11 1
6 100 164 1016.023523037794 2.0291067909967305e-11 1
6 100 165 1016.023523037794 2.026673311308108e-11 1
6 100 166 1016.023523037794 2.0242456615047998e-11 1
6 100 167 1016.023523037794 2.0217753749525747e-11 1
6 100 168 1016.023523037794 2.019269413594135e-11 1
6 100 169 1016.674096768264 2.016780137916909e-11 1
6 100 170 1016.674096768264 2.014290713554827e-11 1
6 100 171 1016.674096768264 2.0117469935141625e-11 1
6 100 172 1016.674096768264 2.0092096899760512e-11 1
6 100 173 1016.443322842484 2.006660602764641e-11 1
6 100 174 1016.443322842484 2.0040815665614892e-11 1
6 100 175 1016.443322842484 2.0015033993021047e-11 1
6 100 176 1016.443322842484 1.998926351925193e-11 1
6 100 177 1015.410485928414 1.9963068388948982e-11 1
6 100 178 1015.410485928414 1.9936917414988027e-11 1
6 100 179 1015.410485928414 1.9910955753315718e-11 1
6 100 180 1015.410485928414 1.9885025415164017e-11 1
6 100 181 1013.813684170604 1.9858814101525738e-11 1
6 100 182 1013.813684170604 1.9832671797459488e-11 1
6 100 183 1013.813684170604 1.9806421154376355e-11 1
6 100 184 1013.813684170604 1.9780153589024118e-11 1
6 100 185 1011.465112393264 1.9753983832152697e-11 1
6 100 186 1011.465112393264 1.972781978089329e-11 1
6 100 187 1011.465112393264 1.9701484916369586e-11 1
6 100 188 1011.465112393264 1.9675320751172647e-11 1
6 100 189 1009.223169033884 1.964922598740691e-11 1
6 100 190 1009.223169033884 1.962287899543068e-11 1
6 100 191 1009.223169033884 1.9596593241090717e-11 1
6 100 192 1009.223169033884 1.9570619085607547e-11 1
6 100 193 1009.223169033884 1.9544713693476254e-11 1
6 100 194 1010.700524990914 1.951862446321926e-11 1
6 100 195 1010.700524990914 1.9492886016281503e-11 1
6 100 196 1010.700524990914 1.9467215360517487e-11 1
6 100 197 1010.700524990914 1.944149099787363e-11 1
6 100 198 1010.001245205764 1.9415923861046105e-11 1
6 100 199 1010.001245205764 1.9390537994651755e-11 1
6 100 200 1010.001245205764 1.9365237123080285e-11 1
6 100 201 1010.001245205764 1.9340182157727232e-11 1
6 100 202 1008.910241787794 1.93151919414028e-11 1
6 100 203 1008.910241787794 1.9290083764686056e-11 1
6 100 204 1008.910241787794 1.9265077996639715e-11 1
6 100 205 1008.910241787794 1.9240530476844797e-11 1
6 100 206 1014.299585049514 1.9216045434232492e-11 1
6 100 207 1014.299585049514 1.9191763815774348e-11 1
6 100 208 1014.299585049514 1.916773228942597e-11 1
6 100 209 1014.299585049514 1.9143760871363344e-11 1
6 100 210 1016.543298428414 1.911958682071684e-11 1
6 100 211 1016.543298428414 1.9095881524269487e-11 1
6 100 212 1016.543298428414 1.9072500659109012e-11 1
6 100 213 1016.543298428414 1.9049176978670897e-11 1
6 100 214 1019.619348233104 1.9044447408515658e-11 1
6 100 215 1019.619348233104 1.9044447408515658e-11 1
6 100 216 1019.619348233104 1.8963906768507707e-11 1
6 100 217 1019.619348233104 1.8963906768507707e-11 1
6 100 218 1019.619348233104 1.8963906768507707e-11 1
6 100 219 1021.810754483104 1.888957456087118e-11 1
6 100 220 1021.810754483104 1.888957456087118e-11 1
6 100 221 1021.810754483104 1.888957456087118e-11 1
6 100 222 1021.810754483104 1.8817859623521877e-11 1
6 100 223 1027.013696377634 1.8817859623521877e-11 1
6 100 224 1027.013696377634 1.8817859623521877e-11 1
6 100 225 1027.013696377634 1.874880023527558e-11 1
6 100 226 1027.013696377634 1.874880023527558e-11 1
6 100 227 1028.205835049514 1.874880023527558e-11 1
6 100 228 1028.205835049514 1.874880023527558e-11 1
6 100 229 1028.205835049514 1.8682509093811647e-11 1
6 100 230 1028.205835049514 1.8682509093811647e-11 1
6 100 231 1028.889672940134 1.8682509093811647e-11 1
6 100 232 1028.889672940134 1.861911277382051e-11 1
6 100 233 1028.889672940134 1.861911277382051e-11 1
6 100 234 1028.889672940134 1.861911277382051e-11 1
6 100 235 1029.867089932324 1.8558730611823738e-11 1
6 100 236 1029.867089932324 1.8558730611823738e-11 1
6 100 237 1029.867089932324 1.8558730611823738e-11 1
6 100 238 1029.867089932324 1.8558730611823738e-11 1
6 100 239 1030.790857022164 1.8558730611823738e-11 1
6 100 240 1030.790857022164 1.8558730611823738e-11 1
6 100 241 1030.790857022164 1.8558730611823738e-11 1
6 100 242 1030.790857022164 1.8558730611823738e-11 1
6 100 243 1030.790857022164 1.8437172779287678e-11 1
6 100 244 1031.929406826854 1.8437172779287678e-11 1
6 100 245 1031.929406826854 1.8385227406938076e-11 1
6 100 246 1031.929406826854 1.8385227406938076e-11 1
6 101 24 987.864221279984 2.386018331587628e-11 1
6 101 25 989.170495694044 2.3564554038835564e-11 1
6 101 26 992.223291104204 2.320291744451702e-11 1
6 101 27 995.848413174514 2.279514694740835e-11 1
6 101 28 999.867089932324 2.2376565561785754e-11 1
6 101 29 1001.437280362014 2.2043946435912207e-11 1
6 101 30 1003.317407315134 2.1836410272737375e-11 1
6 101 31 1005.001611416704 2.1706689302702328e-11 1
6 101 32 1005.251184170604 2.1624544784266933e-11 1
6 101 33 1005.679040615914 2.1571770451919846e-11 1
6 101 34 1006.016259854204 2.1537693466325885e-11 1
6 101 35 1006.915551846384 2.151528321950758e-11 1
6 101 36 1006.915551846384 2.150053963919088e-11 1
6 101 37 1006.915551846384 2.1488906519616414e-11 1
6 101 38 1006.915551846384 2.1477483119289662e-11 1
6 101 39 1007.293054287794 2.1466071857760334e-11 1
6 101 40 1007.293054287794 2.145457234068494e-11 1
6 101 41 1007.293054287794 2.1443461143413735e-11 1
6 101 42 1007.293054287794 2.1432361449033112e-11 1
6 101 43 1007.293054287794 2.142120489872248e-11 1
6 101 44 1007.533899014354 2.141023002482277e-11 1
6 101 45 1007.533899014354 2.139951057787709e-11 1
6 101 46 1007.533899014354 2.1388801859358083e-11 1
6 101 47 1007.533899014354 2.1378176251962732e-11 1
6 101 48 1007.762170498734 2.136775152862877e-11 1
6 101 49 1007.762170498734 2.1357379412638613e-11 1
6 101 50 1007.762170498734 2.134703675296842e-11 1
6 101 51 1007.762170498734 2.1336939730982093e-11 1
6 101 52 1009.216882412794 2.1326941037378464e-11 1
6 101 53 1009.216882412794 2.1316951710352086e-11 1
6 101 54 1009.216882412794 2.130720408754027e-11 1
6 101 55 1009.216882412794 2.1297538455601896e-11 1
6 101 56 1009.776818936234 2.1287870142568582e-11 1
6 101 57 1009.776818936234 2.1278298862910003e-11 1
6 101 58 1009.776818936234 2.1277956620059307e-11 1
6 101 59 1009.776818936234 2.1277956620059307e-11 1
6 101 60 1009.930566494824 2.1266301563139222e-11 1
6 101 61 1009.930566494824 2.1266301563139222e-11 1
6 101 62 1009.930566494824 2.1236270030112594e-11 1
6 101 63 1009.930566494824 2.1236270030112594e-11 1
6 101 64 1010.328088467484 2.1236270030112594e-11 1
6 101 65 1010.328088467484 2.1207558428706692e-11 1
6 101 66 1010.328088467484 2.1207558428706692e-11 1
6 101 67 1010.328088467484 2.1207558428706692e-11 1
6 101 68 1010.328088467484 2.1207558428706692e-11 1
6 101 69 1011.578027432324 2.1180046880761307e-11 1
6 101 70 1011.578027432324 2.1180046880761307e-11 1
6 101 71 1011.578027432324 2.1180046880761307e-11 1
6 101 72 1011.578027432324 2.1153726352715395e-11 1
6 101 73 1011.820337002634 2.1153726352715395e-11 1
6 101 74 1011.820337002634 2.1153726352715395e-11 1
6 101 75 1011.820337002634 2.1128697223795288e-11 1
6 101 76 1011.820337002634 2.1128697223795288e-11 1
6 101 77 1012.167932217484 2.1128697223795288e-11 1
6 101 78 1012.167932217484 2.1128697223795288e-11 1
6 101 79 1012.167932217484 2.1128697223795288e-11 1
6 101 80 1012.167932217484 2.1128697223795288e-11 1
6 101 81 1012.693566983104 2.1128697223795288e-11 1
6 101 82 1012.693566983104 2.1128697223795288e-11 1
6 101 83 1012.693566983104 2.109971851373463e-11 1
6 101 84 1012.693566983104 2.109971851373463e-11 1
6 101 85 1013.245141690134 2.107781288102103e-11 1
6 101 86 1013.245141690134 2.107781288102103e-11 1
6 102 24 988.786523526074 2.3491138131591726e-11 1
6 102 25 990.930566494824 2.324284008382704e-11 1
6 102 26 993.358972256544 2.294209550361443e-11 1
