3 98 267 992.2623791543984 1.3008478458616857e-10 1
3 98 268 1011.9816784707984 1.1932245759540626e-10 1
3 98 269 1034.2686657754884 1.2705867499591648e-10 1
3 98 270 1028.4316906778286 1.6910120221127004e-10 1
3 99 206 971.0033459512684 1.1546178451676919e-10 1
3 99 207 971.0033459512684 1.1589315955349976e-10 1
3 99 208 971.0033459512684 1.1630712418426423e-10 1
3 99 209 971.0033459512684 1.1672405673865577e-10 1
3 99 210 973.9895520059584 1.171393618417115e-10 1
3 99 211 973.9895520059584 1.1752089963957373e-10 1
3 99 212 973.9895520059584 1.179049309935191e-10 1
3 99 213 973.9895520059584 1.182917208914703e-10 1
3 99 214 976.7973522989284 1.186507919391163e-10 1
3 99 215 976.7973522989284 1.1900182286706076e-10 1
3 99 216 976.7973522989284 1.1935493702342845e-10 1
3 99 217 976.7973522989284 1.196929472266992e-10 1
3 99 218 976.7973522989284 1.200096871702103e-10 1
3 99 219 978.7955822793984 1.203281079208776e-10 1
3 99 220 978.7955822793984 1.2064453152284202e-10 1
3 99 221 978.7955822793984 1.209268269679086e-10 1
3 99 222 978.7955822793984 1.2121044659439415e-10 1
3 99 223 985.7115979043984 1.214953997413402e-10 1
3 99 224 985.7115979043984 1.2175210164589174e-10 1
3 99 225 985.7115979043984 1.220010678863726e-10 1
3 99 226 985.7115979043984 1.2225105441639028e-10 1
3 99 227 988.7249035684584 1.2248692530820459e-10 1
3 99 228 988.7249035684584 1.2270297995130627e-10 1
3 99 229 988.7249035684584 1.2291963591034491e-10 1
3 99 230 988.7249035684584 1.2313385176632579e-10 1
3 99 231 993.0548596231484 1.233177740309194e-10 1
3 99 232 993.0548596231484 1.235022465585274e-10 1
3 99 233 993.0548596231484 1.2368785020404243e-10 1
3 99 234 993.0548596231484 1.2385263183694656e-10 1
3 99 235 997.9330944864284 1.2400811508832518e-10 1
3 99 236 997.9330944864284 1.241639892143797e-10 1
3 99 237 997.9330944864284 1.2430863462356169e-10 1
3 99 238 997.9330944864284 1.2443800481086801e-10 1
3 99 239 1007.6135754434584 1.2456764455437546e-10 1
3 99 240 1007.6135754434584 1.246983910063359e-10 1
3 99 241 1007.6135754434584 1.2480518244228492e-10 1
3 99 242 1007.6135754434584 1.249121569469293e-10 1
3 99 243 1007.6135754434584 1.2502196516147748e-10 1
3 99 244 1011.2776989786084 1.2511879056883623e-10 1
3 99 245 1011.2776989786084 1.2520222442076652e-10 1
3 99 246 1011.2776989786084 1.252857696205245e-10 1
3 99 247 1011.2776989786084 1.2536487718396844e-10 1
3 99 248 1014.4624523965784 1.254298856313547e-10 1
3 99 249 1014.4624523965784 1.2549127532669332e-10 1
3 99 250 1014.4624523965784 1.255507805249834e-10 1
3 99 251 1014.4624523965784 1.2559156263133385e-10 1
3 99 252 1017.6971325723584 1.2563237124043707e-10 1
3 99 253 1017.6971325723584 1.2567915957787715e-10 1
3 99 254 1017.6971325723584 1.257176906216789e-10 1
3 99 255 1017.6971325723584 1.2574081046233398e-10 1
3 99 256 1022.6794323770484 1.257639388081625e-10 1
3 99 257 1022.6794323770484 1.2578453829493481e-10 1
3 99 258 1022.6794323770484 1.2579884593003943e-10 1
3 99 259 1024.8922619668986 1.2581579011844608e-10 1
3 99 260 1024.8922619668986 1.2581582563846654e-10 1
3 99 261 1027.1484875528286 1.2578432138541148e-10 1
3 99 262 1028.4856457559586 1.2571675366281306e-10 1
3 99 263 1029.6045422403286 1.2576868016860837e-10 1
3 99 264 1031.5020031778286 1.2686519989842164e-10 1
3 99 265 1034.3922619668986 1.3107624407839333e-10 1
3 99 266 1037.3320202676784 1.3268132564080683e-10 1
3 99 267 1039.3947033731486 1.2499022560263224e-10 1
3 99 268 1044.1241345254884 1.1289227896464085e-10 1
3 100 43 987.1958508340784 9.20307505638905e-11 1
3 100 44 987.3934216348584 9.202700789361159e-11 1
3 100 45 987.3934216348584 9.201939063792692e-11 1
3 100 46 987.3934216348584 9.200895915530837e-11 1
3 100 47 987.3934216348584 9.197746396964252e-11 1
3 100 48 989.8370861856484 9.194745238606351e-11 1
3 100 49 989.8370861856484 9.192241974031348e-11 1
3 100 50 989.8370861856484 9.189576359432864e-11 1
3 100 51 989.8370861856484 9.1853337398168e-11 1
3 100 52 989.6702771036084 9.18109503583604e-11 1
3 100 53 989.6702771036084 9.176007439047549e-11 1
3 100 54 989.6702771036084 9.168533053420357e-11 1
3 100 55 989.6702771036084 9.162453315984865e-11 1
3 100 56 988.3715710489284 9.156381636264314e-11 1
3 100 57 988.3715710489284 9.149378993670739e-11 1
3 100 58 988.3715710489284 9.141130410742316e-11 1
3 100 59 988.3715710489284 9.132896687365594e-11 1
3 100 60 986.0823864786084 9.123012778722029e-11 1
3 100 61 986.0823864786084 9.112100849218794e-11 1
3 100 62 986.0823864786084 9.101214991795041e-11 1
3 100 63 986.0823864786084 9.089595926776974e-11 1
3 100 64 985.0283093301784 9.075399593526325e-11 1
3 100 65 985.0283093301784 9.062016037789816e-11 1
3 100 66 985.0283093301784 9.048671897574906e-11 1
3 100 67 985.0283093301784 9.034280638462287e-11 1
3 100 68 985.0283093301784 9.018483693255128e-11 1
3 100 69 987.8978161661084 9.002741895305121e-11 1
3 100 70 987.8978161661084 8.985848547027302e-11 1
3 100 71 987.8978161661084 8.967869146550803e-11 1
3 100 72 987.8978161661084 8.949961550831875e-11 1
3 100 73 989.0568737832984 8.931599796959878e-11 1
3 100 74 989.0568737832984 8.911767160419555e-11 1
3 100 75 989.0568737832984 8.892449870721015e-11 1
3 100 76 989.0568737832984 8.87321614482335e-11 1
3 100 77 988.8840222207984 8.853726622797459e-11 1
3 100 78 988.8840222207984 8.833870323190186e-11 1
3 100 79 988.8840222207984 8.814102887943014e-11 1
3 100 80 988.8840222207984 8.794055289590936e-11 1
3 100 81 988.3624768106484 8.77397558097687e-11 1
3 100 82 988.3624768106484 8.753987360568557e-11 1
3 100 83 988.3624768106484 8.734175651935977e-11 1
3 100 84 988.3624768106484 8.714979327052493e-11 1
3 100 85 986.8108410684584 8.695286391019452e-11 1
3 100 86 986.8108410684584 8.675682253219042e-11 1
3 100 87 986.8108410684584 8.656381734291715e-11 1
3 100 88 986.8108410684584 8.637454436079603e-11 1
3 100 89 989.9219860879884 8.618609726883344e-11 1
3 100 90 989.9219860879884 8.600796033546751e-11 1
3 100 91 989.9219860879884 8.583304791424611e-11 1
3 100 92 989.9219860879884 8.565192363380295e-11 1
3 100 93 989.9219860879884 8.547156215800278e-11 1
3 100 94 991.6239514200184 8.530420116312333e-11 1
3 100 95 991.6239514200184 8.513155281180936e-11 1
3 100 96 991.6239514200184 8.495960189970546e-11 1
3 100 97 991.6239514200184 8.479398959020542e-11 1
3 100 98 990.8204846231484 8.46308268070506e-11 1
3 100 99 990.8204846231484 8.446569127646752e-11 1
3 100 100 990.8204846231484 8.430155022764318e-11 1
3 100 101 990.8204846231484 8.41414227826948e-11 1
3 100 102 986.9189953653284 8.398190249591188e-11 1
3 100 103 986.9189953653284 8.38275986009926e-11 1
3 100 104 986.9189953653284 8.367865429963788e-11 1
3 100 105 986.9189953653284 8.353030334882028e-11 1
3 100 106 989.5701184122084 8.338339279991681e-11 1
3 100 107 989.5701184122084 8.3245091973513e-11 1
3 100 108 989.5701184122084 8.311216787047582e-11 1
3 100 109 989.5701184122084 8.297974645166156e-11 1
3 100 110 991.9835095254884 8.284982488123168e-11 1
3 100 111 991.9835095254884 8.274030940741684e-11 1
3 100 112 991.9835095254884 8.26310830785965e-11 1
3 100 113 991.9835095254884 8.252022557601672e-11 1
3 100 114 995.4172863809584 8.243838522263838e-11 1
3 100 115 995.4172863809584 8.236633522429471e-11 1
3 100 116 995.4172863809584 8.229322143959495e-11 1
3 100 117 995.4172863809584 8.223739041203815e-11 1
3 100 118 995.4172863809584 8.221533452288715e-11 1
3 100 119 998.3455090372084 8.2194562286491e-11 1
3 100 120 998.3455090372084 8.217836499519407e-11 1
3 100 121 998.3455090372084 8.220622802457092e-11 1
3 100 122 998.3455090372084 8.22341099545851e-11 1
3 100 123 998.5806774942384 8.226926012188892e-11 1
3 100 124 998.5806774942384 8.23466775610226e-11 1
3 100 125 998.5806774942384 8.241793133299625e-11 1
3 100 126 998.5806774942384 8.248930852214103e-11 1
3 100 127 999.6404309122084 8.258878015655877e-11 1
3 100 128 999.6404309122084 8.271517519253091e-11 1
3 100 129 999.6404309122084 8.283696700619482e-11 1
3 100 130 999.6404309122084 8.296343136415299e-11 1
3 100 131 999.4802136270484 8.313205526269363e-11 1
3 100 132 999.4802136270484 8.330136601636516e-11 1
3 100 133 999.4802136270484 8.347960629369358e-11 1
3 100 134 999.4802136270484 8.368765066491402e-11 1
3 100 135 1000.7827038614284 8.390331183700484e-11 1
3 100 136 1000.7827038614284 8.412234868738978e-11 1
3 100 137 1000.7827038614284 8.436822662109232e-11 1
3 100 138 1000.7827038614284 8.462828564279711e-11 1
3 100 139 1001.7944226114284 8.488690957279861e-11 1
3 100 140 1001.7944226114284 8.515041161373065e-11 1
3 100 141 1001.7944226114284 8.544462807641195e-11 1
3 100 142 1001.7944226114284 8.573553659692026e-11 1
3 100 143 1001.7944226114284 8.602843276442124e-11 1
3 100 144 1003.0432629434584 8.633673911862984e-11 1
3 100 145 1003.0432629434584 8.665151359521594e-11 1
3 100 146 1003.0432629434584 8.696972932253643e-11 1
3 100 147 1003.0432629434584 8.7297951545613e-11 1
3 100 148 1003.7077526895484 8.763129808349901e-11 1
3 100 149 1003.7077526895484 8.796720014185939e-11 1
3 100 150 1003.7077526895484 8.831089430653569e-11 1
3 100 151 1003.7077526895484 8.866217007725847e-11 1
3 100 152 1004.8336682168984 8.901318171193336e-11 1
3 100 153 1004.8336682168984 8.936698368861802e-11 1
3 100 154 1004.8336682168984 8.972544528405388e-11 1
3 100 155 1004.8336682168984 9.00873767539317e-11 1
3 100 156 1008.5449108926784 9.04528567773937e-11 1
3 100 157 1008.5449108926784 9.082412948766096e-11 1
3 100 158 1008.5449108926784 9.119401238263407e-11 1
3 100 159 1008.5449108926784 9.1565053836632e-11 1
3 100 160 1010.4329113809584 9.193886170717465e-11 1
3 100 161 1010.4329113809584 9.231315382129577e-11 1
3 100 162 1010.4329113809584 9.269050595278617e-11 1
3 100 163 1010.4329113809584 9.307729750609857e-11 1
3 100 164 1011.1456189004884 9.348149477259774e-11 1
3 100 165 1011.1456189004884 9.387110095793535e-11 1
3 100 166 1011.1456189004884 9.426396828625666e-11 1
3 100 167 1011.1456189004884 9.467680642162521e-11 1
3 100 168 1011.1456189004884 9.509578205609993e-11 1
3 100 169 1011.7961926309584 9.550928135495399e-11 1
3 100 170 1011.7961926309584 9.592775102365627e-11 1
3 100 171 1011.7961926309584 9.636313221368083e-11 1
3 100 172 1011.7961926309584 9.680248349641424e-11 1
3 100 173 1011.5654187051784 9.725988070533072e-11 1
3 100 174 1011.5654187051784 9.772076919029145e-11 1
3 100 175 1011.5654187051784 9.818128661192894e-11 1
3 100 176 1011.5654187051784 9.864891349884558e-11 1
3 100 177 1010.5325817911084 9.912507614939855e-11 1
3 100 178 1010.5325817911084 9.959163087935352e-11 1
3 100 179 1010.5325817911084 1.0006213241943464e-10 1
3 100 180 1010.5325817911084 1.0053478715057936e-10 1
3 100 181 1008.9357800332984 1.0098939708880203e-10 1
3 100 182 1008.9357800332984 1.0144813711954996e-10 1
3 100 183 1008.9357800332984 1.0191008811643781e-10 1
3 100 184 1008.9357800332984 1.0235434219860352e-10 1
3 100 185 1006.5872082559584 1.0279583809382575e-10 1
3 100 186 1006.5872082559584 1.032416935583287e-10 1
3 100 187 1006.5872082559584 1.0368172331415069e-10 1
3 100 188 1006.5872082559584 1.0410876494382545e-10 1
3 100 189 1004.3452648965784 1.0453933889863127e-10 1
3 100 190 1004.3452648965784 1.0497863069209667e-10 1
3 100 191 1004.3452648965784 1.0539960721590482e-10 1
3 100 192 1004.3452648965784 1.0581826077547749e-10 1
3 100 193 1004.3452648965784 1.0624025343222549e-10 1
3 100 194 1005.8226208536084 1.0665472895372812e-10 1
3 100 195 1005.8226208536084 1.0705937122241767e-10 1
3 100 196 1005.8226208536084 1.0746709556606298e-10 1
3 100 197 1005.8226208536084 1.0787196317038584e-10 1
3 100 198 1005.1233410684584 1.0826339753534171e-10 1
3 100 199 1005.1233410684584 1.0865382102306439e-10 1
3 100 200 1005.1233410684584 1.0904468112112824e-10 1
3 100 201 1005.1233410684584 1.09415144314072e-10 1
3 100 202 1004.0323376504884 1.0978813327586805e-10 1
3 100 203 1004.0323376504884 1.1017073737697592e-10 1
3 100 204 1004.0323376504884 1.1054294180920038e-10 1
3 100 205 1004.0323376504884 1.1089689758045634e-10 1
3 100 206 1009.4216809122084 1.1125312734828034e-10 1
3 100 207 1009.4216809122084 1.1159988714970227e-10 1
3 100 208 1009.4216809122084 1.1193294652676623e-10 1
3 100 209 1009.4216809122084 1.1226799982332717e-10 1
3 100 210 1011.6653942911084 1.1261146918859143e-10 1
3 100 211 1011.6653942911084 1.1292433592296504e-10 1
3 100 212 1011.6653942911084 1.132311910500452e-10 1
3 100 213 1011.6653942911084 1.1353971838766267e-10 1
3 100 214 1014.7414440957984 1.134203854174739e-10 1
3 100 215 1014.7414440957984 1.134203854174739e-10 1
3 100 216 1014.7414440957984 1.1526542213216281e-10 1
3 100 217 1014.7414440957984 1.1526542213216281e-10 1
3 100 218 1014.7414440957984 1.1526542213216281e-10 1
3 100 219 1016.9328503457984 1.1612209333744557e-10 1
3 100 220 1016.9328503457984 1.1612209333744557e-10 1
3 100 221 1016.9328503457984 1.1612209333744557e-10 1
3 100 222 1016.9328503457984 1.1685318731439028e-10 1
3 100 223 1022.1357922403284 1.1685318731439028e-10 1
3 100 224 1022.1357922403284 1.1685318731439028e-10 1
3 100 225 1022.1357922403284 1.1746918575837356e-10 1
3 100 226 1022.1357922403284 1.1746918575837356e-10 1
3 100 227 1023.3279309122084 1.1746918575837356e-10 1
3 100 228 1023.3279309122084 1.1746918575837356e-10 1
3 100 229 1023.3279309122084 1.1798711136276108e-10 1
3 100 230 1023.3279309122084 1.1798711136276108e-10 1
3 100 231 1024.0117688028286 1.1798711136276108e-10 1
3 100 232 1024.0117688028286 1.1841679691381569e-10 1
3 100 233 1024.0117688028286 1.1841679691381569e-10 1
3 100 234 1024.0117688028286 1.1841679691381569e-10 1
3 100 235 1024.9891857950186 1.1875959861372035e-10 1
3 100 236 1024.9891857950186 1.1875959861372035e-10 1
3 100 237 1024.9891857950186 1.1875959861372035e-10 1
3 100 238 1024.9891857950186 1.1875959861372035e-10 1
3 100 239 1025.9129528848584 1.1875959861372035e-10 1
3 100 240 1025.9129528848584 1.1875959861372035e-10 1
3 100 241 1025.9129528848584 1.1875959861372035e-10 1
3 100 242 1025.9129528848584 1.1875959861372035e-10 1
3 100 243 1025.9129528848584 1.2076016845541178e-10 1
3 100 244 1027.0515026895484 1.2076016845541178e-10 1
3 100 245 1027.0515026895484 1.2094279872147872e-10 1
3 100 246 1027.0515026895484 1.2094279872147872e-10 1
3 101 24 982.9863171426784 9.849946768491547e-11 1
3 101 25 984.2925915567384 1.0069703659704535e-10 1
3 101 26 987.3453869668984 1.0160733099324496e-10 1
3 101 27 990.9705090372084 1.0079146073551606e-10 1
3 101 28 994.9891857950184 9.708924198997966e-11 1
3 101 29 996.5593762247084 9.272402737842754e-11 1
3 101 30 998.4395031778284 9.107504590515298e-11 1
3 101 31 1000.1237072793984 9.072130663203921e-11 1
3 101 32 1000.3732800332984 9.078214572023811e-11 1
3 101 33 1000.8011364786084 9.091199827793327e-11 1
3 101 34 1001.1383557168984 9.099599949874331e-11 1
3 101 35 1002.0376477090784 9.104227006436372e-11 1
3 101 36 1002.0376477090784 9.106712927581821e-11 1
3 101 37 1002.0376477090784 9.108264553100395e-11 1
3 101 38 1002.0376477090784 9.109229253168503e-11 1
3 101 39 1002.4151501504884 9.110194157610275e-11 1
3 101 40 1002.4151501504884 9.111405234901137e-11 1
3 101 41 1002.4151501504884 9.11156104777337e-11 1
3 101 42 1002.4151501504884 9.111716865974738e-11 1
3 101 43 1002.4151501504884 9.11199729612475e-11 1
3 101 44 1002.6559948770484 9.11201763781948e-11 1
3 101 45 1002.6559948770484 9.111645178580998e-11 1
3 101 46 1002.6559948770484 9.111272749790242e-11 1
3 101 47 1002.6559948770484 9.11091333876787e-11 1
3 101 48 1002.8842663614284 9.110314161522174e-11 1
3 101 49 1002.8842663614284 9.109598042440075e-11 1
3 101 50 1002.8842663614284 9.108896658434942e-11 1
3 101 51 1002.8842663614284 9.108237001691249e-11 1
3 101 52 1004.3389782754884 9.107395909514158e-11 1
3 101 53 1004.3389782754884 9.106554972662589e-11 1
3 101 54 1004.3389782754884 9.105171517582559e-11 1
3 101 55 1004.3389782754884 9.10361770951049e-11 1
3 101 56 1004.8989147989284 9.102121502654168e-11 1
3 101 57 1004.8989147989284 9.100272589153181e-11 1
3 101 58 1004.8989147989284 9.093595936078081e-11 1
3 101 59 1004.8989147989284 9.093595936078081e-11 1
3 101 60 1005.0526623575184 9.119923740872182e-11 1
3 101 61 1005.0526623575184 9.119923740872182e-11 1
3 101 62 1005.0526623575184 9.104979007532319e-11 1
3 101 63 1005.0526623575184 9.104979007532319e-11 1
3 101 64 1005.4501843301784 9.104979007532319e-11 1
3 101 65 1005.4501843301784 9.08554016098168e-11 1
3 101 66 1005.4501843301784 9.08554016098168e-11 1
3 101 67 1005.4501843301784 9.08554016098168e-11 1
3 101 68 1005.4501843301784 9.08554016098168e-11 1
3 101 69 1006.7001232950184 9.06279278002368e-11 1
3 101 70 1006.7001232950184 9.06279278002368e-11 1
3 101 71 1006.7001232950184 9.06279278002368e-11 1
3 101 72 1006.7001232950184 9.037709295935844e-11 1
3 101 73 1006.9424328653284 9.037709295935844e-11 1
3 101 74 1006.9424328653284 9.037709295935844e-11 1
3 101 75 1006.9424328653284 9.011543565098674e-11 1
3 101 76 1006.9424328653284 9.011543565098674e-11 1
3 101 77 1007.2900280801784 9.011543565098674e-11 1
3 101 78 1007.2900280801784 9.011543565098674e-11 1
3 101 79 1007.2900280801784 8.944641247357788e-11 1
3 101 80 1007.2900280801784 8.944641247357788e-11 1
3 101 81 1007.8156628457984 8.944641247357788e-11 1
3 101 82 1007.8156628457984 8.944641247357788e-11 1
3 101 83 1007.8156628457984 9.02018241039616e-11 1
3 101 84 1007.8156628457984 9.02018241039616e-11 1
3 101 85 1008.3672375528284 9.052946531310568e-11 1
3 101 86 1008.3672375528284 8.901052259863657e-11 1
3 102 24 983.9086193887684 9.942954242019663e-11 1
3 102 25 986.0526623575184 1.0188492395087497e-10 1
3 102 26 988.4810681192384 1.0129407446047244e-10 1
