6 19 27 995.2100782086305 3.5316349092853453e-11 1
6 20 17 918.4432935406705 4.788639325370883e-11 1
6 20 18 926.3215894391005 4.7583550765063536e-11 1
6 20 19 933.7506665875405 4.6713329486355564e-11 1
6 20 20 945.0472974469205 4.519754137531937e-11 1
6 20 21 949.6321363141005 4.350578429900998e-11 1
6 20 22 969.2544507672305 4.2041955030462854e-11 1
6 20 23 998.2266797711305 4.102158416690468e-11 1
6 20 24 1010.1340894391005 4.040635361005011e-11 1
6 20 25 1014.1328687359805 3.949360040836433e-11 1
6 20 26 1019.6820020367605 3.6921717875468634e-11 1
6 20 27 1029.8262891461306 3.4566462308148866e-11 1
6 21 11 963.8707227398805 5.3272066583406884e-11 1
6 21 12 970.0087842633205 5.15707414074902e-11 1
6 21 13 976.8511304547305 4.986673998419241e-11 1
6 21 14 981.5187329937905 4.885648341730387e-11 1
6 21 15 984.7875318219205 4.8180897941686646e-11 1
6 21 16 989.3507032086305 4.765510548171294e-11 1
6 21 17 992.7805738141005 4.7287789247106445e-11 1
6 21 18 995.8726148297305 4.7003036824082835e-11 1
