3 55 104 963.491493599299 1.288220385880811e-10 1
3 55 105 984.093239204769 1.1898291960161562e-10 1
3 55 106 1007.586525337579 1.292073155228986e-10 1
3 55 107 1000.543251411799 1.6860563836846748e-10 1
3 56 79 943.114906685239 1.1541024505989828e-10 1
3 56 80 943.114906685239 1.168150609367819e-10 1
3 56 81 946.101112739929 1.1811754666156431e-10 1
3 56 82 948.908913032899 1.1931390892623914e-10 1
3 56 83 950.907143013369 1.2039757164077703e-10 1
3 56 84 957.823158638369 1.2136722787339726e-10 1
3 56 85 957.823158638369 1.2222203215407405e-10 1
3 56 86 960.836464302429 1.2296684860873398e-10 1
3 56 87 965.166420357119 1.236041456871767e-10 1
3 56 88 970.044655220399 1.241459056051941e-10 1
3 56 89 979.725136177429 1.2459607990951078e-10 1
3 56 90 979.725136177429 1.2497142635638727e-10 1
3 56 91 983.389259712579 1.2527608223894307e-10 1
3 56 92 986.574013130549 1.255046323430792e-10 1
3 56 93 989.808693306329 1.2565546935426987e-10 1
3 56 94 994.790993111019 1.2576125813431568e-10 1
3 56 95 994.790993111019 1.2580806272237224e-10 1
3 56 96 997.003822700869 1.2581628801164814e-10 1
3 56 97 999.260048286799 1.2579696783469923e-10 1
3 56 98 999.635353462579 1.2575319259457552e-10 1
3 56 99 1000.597206489929 1.2569882898176527e-10 1
3 56 100 1002.107521431329 1.2585847129815047e-10 1
3 56 101 1003.613563911799 1.2721117947159413e-10 1
3 56 102 1006.503822700869 1.3160907972955489e-10 1
3 56 103 1009.443581001649 1.3266557893416811e-10 1
3 56 104 1011.843544380549 1.2326466278831854e-10 1
3 56 105 1016.235695259459 1.119193530345604e-10 1
3 57 32 959.504982368829 9.201583040010168e-11 1
3 57 33 961.781837837579 9.182292293909261e-11 1
3 57 34 960.483131782899 9.157084843133434e-11 1
3 57 35 960.483131782899 9.131010309773213e-11 1
3 57 36 958.193947212579 9.095152438669302e-11 1
3 57 37 957.139870064149 9.050216275248696e-11 1
3 57 38 960.009376900079 8.999257653028161e-11 1
3 57 39 961.168434517269 8.940074910865597e-11 1
3 57 40 961.168434517269 8.875440789806736e-11 1
3 57 41 960.995582954769 8.809793778098304e-11 1
3 57 42 960.474037544619 8.743025867901864e-11 1
3 57 43 958.922401802429 8.677949557269574e-11 1
3 57 44 962.033546821959 8.61457856381387e-11 1
3 57 45 962.033546821959 8.555248985611803e-11 1
3 57 46 963.735512153989 8.497949291038883e-11 1
3 57 47 962.932045357119 8.442986816498019e-11 1
3 57 48 959.030556099299 8.389477347311403e-11 1
3 57 49 961.681679146179 8.339986258133116e-11 1
3 57 50 961.681679146179 8.295100752508871e-11 1
3 57 51 964.095070259459 8.257084932673986e-11 1
3 57 52 967.528847114929 8.230237438203943e-11 1
3 57 53 970.457069771179 8.219004679626044e-11 1
3 57 54 970.692238228209 8.225021785492947e-11 1
3 57 55 970.692238228209 8.248103061410693e-11 1
3 57 56 971.751991646179 8.286349787163746e-11 1
3 57 57 971.591774361019 8.339575712307635e-11 1
3 57 58 972.894264595399 8.409560252077812e-11 1
3 57 59 973.905983345399 8.494335617842267e-11 1
3 57 60 973.905983345399 8.589661112039088e-11 1
3 57 61 975.154823677429 8.693207703502944e-11 1
3 57 62 975.819313423519 8.80408656386844e-11 1
3 57 63 976.945228950869 8.92077018879704e-11 1
3 57 64 980.656471626649 9.040999543287011e-11 1
3 57 65 980.656471626649 9.164613603571873e-11 1
3 57 66 982.544472114929 9.29003127095801e-11 1
3 57 67 983.257179634459 9.421827231370469e-11 1
3 57 68 983.907753364929 9.559967235225166e-11 1
3 57 69 983.676979439149 9.704761672304224e-11 1
3 57 70 983.676979439149 9.859290964369965e-11 1
3 57 71 982.644142525079 1.0016503104790974e-10 1
3 57 72 981.047340767269 1.0170248723120288e-10 1
3 57 73 978.698768989929 1.0318951926017055e-10 1
3 57 74 976.456825630549 1.0463388053823188e-10 1
3 57 75 976.456825630549 1.060502707865501e-10 1
3 57 76 977.934181587579 1.0741968723967701e-10 1
3 57 77 977.234901802429 1.0873909082090059e-10 1
3 57 78 976.143898384459 1.099953786252491e-10 1
3 57 79 981.533241646179 1.1121172831614568e-10 1
3 57 80 981.533241646179 1.1234170622069179e-10 1
3 57 81 983.776955025079 1.1340091437943294e-10 1
3 57 82 986.853004829769 1.1526542213216281e-10 1
3 57 83 989.044411079769 1.1612209333744557e-10 1
3 57 84 994.247352974299 1.1685318731439028e-10 1
3 57 85 994.247352974299 1.1746918575837356e-10 1
3 57 86 995.439491646179 1.1798711136276108e-10 1
3 57 87 996.123329536799 1.1841679691381569e-10 1
3 57 88 997.100746528989 1.1875959861372035e-10 1
3 57 89 998.024513618829 1.1875959861372035e-10 1
3 57 90 998.024513618829 1.2076016845541178e-10 1
3 57 91 999.163063423519 1.2094279872147872e-10 1
3 58 24 955.097877876649 9.849946768491547e-11 1
3 58 25 956.404152290709 1.0069703659704535e-10 1
3 58 26 959.456947700869 1.0160733099324496e-10 1
3 58 27 963.082069771179 1.0079146073551606e-10 1
3 58 28 967.100746528989 9.697546725219969e-11 1
3 58 29 968.940285103209 9.196729661597917e-11 1
3 58 30 972.235268013369 9.072648573170657e-11 1
3 58 31 974.149208443049 9.106896836082179e-11 1
3 58 32 974.767555611019 9.111471083729061e-11 1
3 58 33 976.450539009459 9.107633546115708e-11 1
3 58 34 977.010475532899 9.102261923935008e-11 1
3 58 35 977.010475532899 9.119923740872182e-11 1
3 58 36 977.164223091489 9.104979007532319e-11 1
3 58 37 977.561745064149 9.08554016098168e-11 1
3 58 38 978.811684028989 9.06279278002368e-11 1
3 58 39 979.053993599299 9.037709295935844e-11 1
3 58 40 979.053993599299 9.011543565098674e-11 1
3 58 41 979.401588814149 8.944641247357788e-11 1
3 58 42 979.927223579769 9.02018241039616e-11 1
3 58 43 980.478798286799 8.901052259863657e-11 1
3 59 24 956.020180122739 9.942954242019663e-11 1
3 59 25 958.164223091489 1.0188492395087497e-10 1
3 59 26 960.592628853209 1.0129407446047244e-10 1
