5 113 272 1029.3787374277897 1.089027005910594e-11 1
5 113 273 1019.902326772243 1.1176923037567372e-11 1
5 113 274 1005.0246332794927 1.1176923037567372e-11 1
5 114 266 1003.8561158114492 8.635516283967733e-12 1
5 114 267 1009.9820618141455 9.105985659809342e-12 1
5 114 268 1017.0771496697832 9.502402261922767e-12 1
5 114 269 1032.324898350486 9.813379864656342e-12 1
5 114 270 1036.9320509047755 1.0029157776198447e-11 1
5 114 271 1038.317829122527 1.0248567111594759e-11 1
5 114 272 1036.7720298541865 1.0603022938525631e-11 1
5 114 273 1032.3527317086816 1.0976359357860777e-11 1
5 114 274 1020.9716758394358 1.0976359357860777e-11 1
5 115 260 1029.007488631504 6.628902972373803e-12 1
5 115 261 1030.336395771407 6.722462606190182e-12 1
5 115 262 1031.7388118570007 6.8697415715771935e-12 1
5 115 263 1033.865671978699 7.0941276506090526e-12 1
5 115 264 1034.6831629194842 7.392711963664138e-12 1
5 115 265 1035.3522863839287 7.75685851480002e-12 1
5 115 266 1031.2933766155584 8.185295915468105e-12 1
5 115 267 1038.655289971505 8.656507595616485e-12 1
5 115 268 1039.708381849102 9.134841748935693e-12 1
5 115 269 1042.6320060228193 9.586290182046833e-12 1
5 116 199 975.4047866797815 4.9257212377896635e-12 1
5 116 200 975.8625058096818 4.949141480193886e-12 1
5 116 201 976.3255465324215 4.9727604995058426e-12 1
5 116 202 976.9008557128391 4.996431375211549e-12 1
5 116 203 977.4877052299247 5.020323970901147e-12 1
5 116 204 978.0745547470262 5.044366252247936e-12 1
5 116 205 978.6614042641213 5.06850774489583e-12 1
5 116 206 979.4385172256647 5.0928814230315125e-12 1
5 116 207 980.2678324319565 5.117637791648541e-12 1
5 116 208 981.0971476382257 5.1421908648520594e-12 1
5 116 209 981.9264628445593 5.166980672151734e-12 1
5 116 210 982.7092344580417 5.192065359100243e-12 1
5 116 211 983.4631832044339 5.217112821707192e-12 1
5 116 212 984.2171319508674 5.24226092675723e-12 1
5 116 213 984.9710806972598 5.2676550685294695e-12 1
5 116 214 985.7326690868005 5.293083584353225e-12 1
5 116 215 986.503578801911 5.3184306559715424e-12 1
5 116 216 987.2744885170396 5.344052324468449e-12 1
5 116 217 988.0453982321502 5.3698855396442086e-12 1
5 116 218 988.9732807428802 5.395260627538782e-12 1
5 116 219 990.2983044267398 5.421014890255323e-12 1
5 116 220 991.6233281104969 5.447016208102468e-12 1
5 116 221 992.9483517941666 5.4727543493149314e-12 1
5 116 222 994.1643223941419 5.4985274973124645e-12 1
5 116 223 994.9639347708496 5.5245036351626265e-12 1
5 116 224 995.7205170079125 5.550052974727462e-12 1
5 116 225 996.4770992449664 5.575500065388191e-12 1
5 116 226 997.3060820377932 5.6013344929731735e-12 1
5 116 227 998.5052931595105 5.627363844586631e-12 1
5 116 228 999.8045780606317 5.652675766706339e-12 1
5 116 229 1001.1038629618536 5.678216424086042e-12 1
5 116 230 1002.4696429361461 5.703724842529444e-12 1
5 116 231 1004.3917690135906 5.7282633317933815e-12 1
5 116 232 1006.5727049875877 5.753455108608617e-12 1
5 116 233 1008.753640961468 5.7788922946557375e-12 1
5 116 234 1010.9151023882017 5.803759245203201e-12 1
5 116 235 1012.4462134601464 5.8281292118312686e-12 1
5 116 236 1013.5383812056109 5.853048237637948e-12 1
5 116 237 1014.6305489511337 5.878123195597482e-12 1
5 116 238 1015.7227166966273 5.9021917086449976e-12 1
5 116 239 1016.5654662567297 5.926458133516618e-12 1
5 116 240 1017.1315516164613 5.950481293775072e-12 1
5 116 241 1017.688001746207 5.9738141555967924e-12 1
5 116 242 1018.2444518759673 5.997190555845947e-12 1
5 116 243 1018.8821877752134 6.0206340961161914e-12 1
5 116 244 1019.6776248526718 6.042810810375731e-12 1
5 116 245 1020.4841994717359 6.064756634390863e-12 1
5 116 246 1021.2907740907788 6.0871838195291435e-12 1
5 116 247 1022.1558648604364 6.109658497676561e-12 1
5 116 248 1023.2563795105682 6.1300744965568204e-12 1
5 116 249 1024.3795369085544 6.151257440965257e-12 1
5 116 250 1025.5026943066 6.172587291610277e-12 1
5 116 251 1026.5821955885372 6.1927108794322715e-12 1
5 116 252 1026.8340260380903 6.21241576492738e-12 1
5 116 253 1026.990150436783 6.232149736747062e-12 1
5 116 254 1027.14627483548 6.25057727865093e-12 1
5 116 255 1027.3023992341728 6.2730869238892585e-12 1
5 116 256 1027.472300387928 6.30732190233288e-12 1
5 116 257 1027.708862048121 6.354142644867185e-12 1
5 116 258 1028.1328305788802 6.416582155624614e-12 1
5 116 259 1029.405693211519 6.496782562890267e-12 1
5 116 260 1030.5727173609885 6.588151155411417e-12 1
5 116 261 1032.0876450909257 6.680520602726471e-12 1
5 116 262 1033.4962881420709 6.792508727289686e-12 1
5 116 263 1036.1056701708512 6.987875498612423e-12 1
5 117 121 984.1638795255201 3.951800153719169e-12 1
5 117 122 984.1468952025754 3.948634323945606e-12 1
5 117 123 983.9083171556451 3.945480009193483e-12 1
5 117 124 983.6453336742297 3.942873943333121e-12 1
5 117 125 983.3823501927938 3.941160320980976e-12 1
5 117 126 983.1418544218528 3.939448187505179e-12 1
5 117 127 983.0083007039528 3.937616970313746e-12 1
5 117 128 982.9035085745049 3.937278522276981e-12 1
5 117 129 982.7987164450714 3.937069191770092e-12 1
5 117 130 982.7486605029886 3.9368598835206556e-12 1
5 117 131 983.1419738767945 3.9376196373989104e-12 1
5 117 132 983.73415716451 3.9389749302202845e-12 1
5 117 133 984.3263404522143 3.940336939334341e-12 1
5 117 134 984.9098603315498 3.942274212089398e-12 1
5 117 135 985.157700335431 3.945155492208276e-12 1
5 117 136 985.1860313048105 3.948040987075611e-12 1
5 117 137 985.2143622741903 3.950795475965863e-12 1
5 117 138 985.2426932435711 3.954975561059786e-12 1
5 117 139 985.2449809229314 3.959343844370639e-12 1
5 117 140 985.219268074256 3.963721787917353e-12 1
5 117 141 985.1927043850903 3.96891729718962e-12 1
5 117 142 985.1661406959254 3.974708111764749e-12 1
5 117 143 985.5236625236446 3.9805230910335846e-12 1
5 117 144 986.6248000617352 3.986856189150313e-12 1
5 117 145 987.7685449706115 3.994033196585556e-12 1
5 117 146 988.9122898795542 4.00123609024599e-12 1
5 117 147 990.0567900928869 4.008230887155468e-12 1
5 117 148 991.2044364557017 4.016340389725639e-12 1
5 117 149 992.352322008685 4.024803473443757e-12 1
5 117 150 993.5002075616908 4.0333022986681725e-12 1
5 117 151 994.6192811676597 4.042552157844465e-12 1
5 117 152 995.0520754715013 4.052134632794744e-12 1
5 117 153 995.423044372884 4.061690372800159e-12 1
5 117 154 995.7940132742377 4.071023079494316e-12 1
5 117 155 996.1649821755955 4.081296391502073e-12 1
5 117 156 996.7537114527014 4.091879759889876e-12 1
5 117 157 997.4001979620539 4.10251819449602e-12 1
5 117 158 998.0466844714247 4.113410799830884e-12 1
5 117 159 998.6931709807893 4.124813385708294e-12 1
5 117 160 999.115191230338 4.136279364420604e-12 1
5 117 161 999.401511422843 4.148240753347612e-12 1
5 117 162 999.6878316153397 4.160446763613302e-12 1
5 117 163 999.9741518078587 4.1726766236770006e-12 1
5 117 164 1000.0211413207852 4.185062884061666e-12 1
5 117 165 999.7827178493319 4.198253217970419e-12 1
5 117 166 999.5442943778651 4.2115269604236924e-12 1
5 117 167 999.3058709064118 4.224984177484573e-12 1
5 117 168 998.9636015296859 4.239673222741612e-12 1
5 117 169 998.3657897782059 4.2543238352528405e-12 1
5 117 170 997.7679780267431 4.269076052165623e-12 1
5 117 171 997.1701662752339 4.284824040474208e-12 1
5 117 172 996.5639317860348 4.3009424771199454e-12 1
5 117 173 995.9270934858372 4.317179508909524e-12 1
5 117 174 995.2869847693764 4.333913721377415e-12 1
5 117 175 994.6468760530014 4.3513959446160804e-12 1
5 117 176 994.0515991554056 4.369019779336127e-12 1
5 117 177 993.6770773486552 4.3868205782201685e-12 1
5 117 178 993.3621253419473 4.405511603942429e-12 1
5 117 179 993.047173335246 4.424414220358e-12 1
5 117 180 992.7182579298131 4.443479745712252e-12 1
5 117 181 992.2745921481105 4.4631890027685524e-12 1
5 117 182 991.77847092442 4.4832689036250935e-12 1
5 117 183 991.282349700724 4.503508640523002e-12 1
5 117 184 990.7950257774602 4.524042919407193e-12 1
5 117 185 990.6164918799934 4.545216255070272e-12 1
5 117 186 990.6464609450011 4.566588712708702e-12 1
5 117 187 990.6764300100083 4.587873562263361e-12 1
5 117 188 990.7063990750162 4.609594205622595e-12 1
5 117 189 990.7505790582757 4.631901922951764e-12 1
5 117 190 990.810268864908 4.654426602641451e-12 1
5 117 191 990.870467707577 4.677252039560352e-12 1
5 117 192 990.9306665502411 4.700335321350704e-12 1
5 117 193 991.0655025436884 4.723571956926199e-12 1
5 117 194 991.3449035999923 4.746480553052143e-12 1
5 117 195 991.6335722568457 4.7700381116846655e-12 1
5 117 196 991.922240913707 4.794067605604381e-12 1
5 117 197 992.3867518567772 4.818340329574203e-12 1
5 117 198 993.5705726614727 4.842858044535806e-12 1
5 117 199 994.8163578632015 4.867626548229199e-12 1
5 117 200 996.0621430648962 4.892349831037888e-12 1
5 117 201 997.2756773246 4.916894187778012e-12 1
5 117 202 997.8088206446326 4.942371799680973e-12 1
5 117 203 998.2720249928183 4.968135231152928e-12 1
5 117 204 998.7352293410167 4.994140536799995e-12 1
5 117 205 999.19843368921 5.020372952869393e-12 1
5 117 206 999.9594694835617 5.046882402908036e-12 1
5 117 207 1000.8022207650116 5.072858306829839e-12 1
5 117 208 1001.6449720464386 5.0989269209234825e-12 1
5 117 209 1002.4877233279309 5.125880174601995e-12 1
5 117 210 1003.3427181720755 5.153119895810303e-12 1
5 117 211 1004.2052950390154 5.180464256378662e-12 1
5 117 212 1005.0678719060026 5.208024299880445e-12 1
5 117 213 1005.9304487729428 5.235742030477018e-12 1
5 117 214 1006.9804291205298 5.2629831501591204e-12 1
5 117 215 1008.2590652872686 5.290926935814388e-12 1
5 117 216 1009.5377014540377 5.319169040203258e-12 1
5 117 217 1010.8163376207768 5.346606093454561e-12 1
5 117 218 1011.9656849785982 5.3738255444946225e-12 1
5 117 219 1012.7879316499632 5.402326011605525e-12 1
5 117 220 1013.6101783212644 5.431130399100607e-12 1
5 117 221 1014.4324249925114 5.4596554397683384e-12 1
5 117 222 1015.2588174794041 5.488241766111612e-12 1
5 117 223 1016.1010384447293 5.516968647077161e-12 1
5 117 224 1016.9448952649769 5.544474825409238e-12 1
5 117 225 1017.7887520852147 5.572554825375506e-12 1
5 117 226 1018.5838987427533 5.601396518051898e-12 1
5 117 227 1019.1299605423403 5.630486092898201e-12 1
5 117 228 1019.6086939902244 5.65877830131984e-12 1
5 117 229 1020.0874274381456 5.687356272452974e-12 1
5 117 230 1020.5959709809833 5.715693259992322e-12 1
5 117 231 1021.3539274407628 5.742835423662398e-12 1
5 117 232 1022.2279097536294 5.770968799630517e-12 1
5 117 233 1023.1018920664492 5.799409835557141e-12 1
5 117 234 1023.9669040677726 5.8276204553019616e-12 1
5 117 235 1024.5415658499414 5.8552599008791235e-12 1
5 117 236 1024.9140427835287 5.883162774543542e-12 1
5 117 237 1025.286519717136 5.910424873468697e-12 1
5 117 238 1025.658996650733 5.93667712289615e-12 1
5 117 239 1026.000178168287 5.96386661486063e-12 1
5 118 61 996.0271150883708 3.887665885589919e-12 1
5 118 62 996.6535717747734 3.861256159022476e-12 1
5 118 63 995.3888347894443 3.845609397319801e-12 1
5 118 64 995.3459152575459 3.836693735550905e-12 1
5 118 65 996.7181424938777 3.83152153463872e-12 1
5 118 66 997.0561268516201 3.828550140863829e-12 1
5 118 67 997.73209556711 3.826674232581317e-12 1
5 118 68 997.9923401126874 3.825520857927873e-12 1
5 118 69 998.071436228084 3.824291950960872e-12 1
5 118 70 998.1505323434855 3.823063833286312e-12 1
5 118 71 998.2296284588821 3.822117556389116e-12 1
5 118 72 998.2536926875546 3.821285171543149e-12 1
5 118 73 998.0952346645589 3.820464839812401e-12 1
5 118 74 997.9161236127727 3.819897438492517e-12 1
5 118 75 997.7370125609895 3.8195040627758384e-12 1
5 118 76 997.5666029051403 3.819055344740421e-12 1
5 118 77 997.436268545336 3.818624769565179e-12 1
5 118 78 997.3166582707833 3.818570702329742e-12 1
5 118 79 997.1970479962296 3.8185166366253315e-12 1
5 118 80 997.1170164769467 3.818546510342358e-12 1
5 118 81 997.3540382202996 3.8189581204692885e-12 1
5 118 82 997.7303939136091 3.819258918727073e-12 1
5 118 83 998.1067496068865 3.8195534094392546e-12 1
5 118 84 998.4821840549653 3.820076584886796e-12 1
5 118 85 998.8173336399002 3.820778996433739e-12 1
5 118 86 999.1270034326412 3.821371166139527e-12 1
5 118 87 999.4366732254065 3.821991005422606e-12 1
5 118 88 999.7463430181477 3.823067758454122e-12 1
5 118 89 999.8861375931976 3.823878831672992e-12 1
5 118 90 999.8457914545298 3.824690249107241e-12 1
5 118 91 999.8004872131535 3.82552539582157e-12 1
5 118 92 999.7551829717756 3.8263703526167776e-12 1
5 118 93 999.6808616057652 3.827279771016633e-12 1
5 118 94 999.5503184175469 3.828677228961276e-12 1
5 118 95 999.4169521822172 3.829688456737786e-12 1
5 118 96 999.2835859468917 3.830469430575336e-12 1
5 118 97 999.1765171989214 3.831237174421557e-12 1
5 118 98 999.1811571103173 3.8317223641446765e-12 1
5 118 99 999.1931522354707 3.8322076767726894e-12 1
5 118 100 999.2051473606252 3.8330265257574756e-12 1
5 118 101 999.2278137997756 3.833370071901546e-12 1
5 118 102 999.5428227800406 3.833358636525588e-12 1
5 118 103 999.8804969190209 3.83343383418967e-12 1
5 118 104 1000.2181710579907 3.8338453304889835e-12 1
5 118 105 1000.5558451969868 3.833384003812486e-12 1
5 118 106 1000.9419260885126 3.832712118204558e-12 1
5 118 107 1001.3404101337236 3.832012745153175e-12 1
5 118 108 1001.7388941789583 3.830735328620062e-12 1
5 118 109 1002.1373782241692 3.829458763466806e-12 1
5 118 110 1002.519914582209 3.828287444470116e-12 1
5 118 111 1002.8930403680781 3.826758378846357e-12 1
5 118 112 1003.2661661539538 3.825173083516606e-12 1
5 118 113 1003.6392919398228 3.8235930144250944e-12 1
5 118 114 1004.0282204487361 3.821935675519028e-12 1
5 118 115 1004.4355693097773 3.820431265016833e-12 1
5 118 116 1004.8429181707868 3.8190861090842835e-12 1
5 118 117 1005.2502670317998 3.817761820741935e-12 1
5 118 118 1005.5638057323505 3.817011186006924e-12 1
5 118 119 1005.6527412601373 3.816617730677764e-12 1
5 118 120 1005.7416767879266 3.8162243564545365e-12 1
5 118 121 1005.8306123157153 3.816788083589303e-12 1
5 118 122 1005.9307827745631 3.817738601763879e-12 1
5 118 123 1006.0699062762989 3.818614192644599e-12 1
5 118 124 1006.2133199082714 3.81929234615924e-12 1
5 118 125 1006.3567335402553 3.821107717102857e-12 1
5 118 126 1006.5045484706651 3.823233661854065e-12 1
5 118 127 1006.6732941174986 3.825362494218841e-12 1
5 118 128 1006.8476689872228 3.827790016471854e-12 1
5 118 129 1007.0220438569232 3.830869729303546e-12 1
5 118 130 1007.2233597371815 3.833954401795129e-12 1
5 118 131 1007.6429008535688 3.837641411880323e-12 1
5 118 132 1008.1603252297332 3.841577209852395e-12 1
5 118 133 1008.6777496058877 3.845420775806604e-12 1
5 118 134 1009.1905313584429 3.848915596839021e-12 1
5 118 135 1009.5234260223122 3.853508267253933e-12 1
5 118 136 1009.7386882510768 3.858369899793643e-12 1
5 118 137 1009.9539504798436 3.863260214706704e-12 1
5 118 138 1010.1692127086166 3.868687940648814e-12 1
5 118 139 1010.3759009907257 3.874545006950826e-12 1
5 118 140 1010.5733709661768 3.880419834954941e-12 1
5 118 141 1010.7705608287436 3.887047502116259e-12 1
5 118 142 1010.9677506913047 3.8939956805491065e-12 1
5 118 143 1011.1530186442524 3.900914351801696e-12 1
5 118 144 1011.3152049684495 3.9080437812348175e-12 1
5 118 145 1011.476068771502 3.916169893487239e-12 1
5 118 146 1011.6369325745638 3.924329869890631e-12 1
5 118 147 1011.8264379928431 3.932325930373321e-12 1
5 118 148 1012.1352473569614 3.94155613687449e-12 1
5 118 149 1012.4531269616115 3.951016799726423e-12 1
5 118 150 1012.7710065662678 3.960522987485992e-12 1
5 118 151 1013.0830201240518 3.970732019983682e-12 1
5 118 152 1013.2553087771779 3.981515223506949e-12 1
5 118 153 1013.41500991902 3.992364418741258e-12 1
5 118 154 1013.5747110608496 4.003710374617328e-12 1
5 118 155 1013.7344122026809 4.0158419401116155e-12 1
5 118 156 1013.9193407546263 4.028047248296911e-12 1
5 118 157 1014.1109604475934 4.040090636465973e-12 1
5 118 158 1014.3025801405657 4.053166724852948e-12 1
5 118 159 1014.4941998335364 4.066628857511333e-12 1
5 118 160 1014.6546339557236 4.080180714064907e-12 1
5 118 161 1014.7962149828595 4.0944321237871836e-12 1
5 119 54 991.3431838135124 4.05984452873977e-12 1
5 119 55 993.4437850492169 4.030435905456666e-12 1
5 119 56 994.9364756349205 4.005081429143031e-12 1
5 119 57 995.589012593763 3.986263777006939e-12 1
5 119 58 996.9930920159777 3.970831107202489e-12 1
5 119 59 998.9333249511909 3.9482024827293585e-12 1
5 119 60 1000.5964660526918 3.913765646685762e-12 1
5 119 61 1001.7963247963398 3.87534828784213e-12 1
5 119 62 1003.431844572734 3.8457151511251505e-12 1
5 119 63 1004.576797077337 3.8274756671673925e-12 1
5 119 64 1005.1770776772291 3.816516278396594e-12 1
5 119 65 1005.7611446509381 3.80980276003326e-12 1
5 119 66 1005.8208024416294 3.805697539798726e-12 1
5 119 67 1005.940118023013 3.8029229275579435e-12 1
5 119 68 1006.0499287293648 3.801061507616673e-12 1
5 119 69 1006.27660519208 3.7990367794885765e-12 1
5 119 70 1006.503281654809 3.797014207253725e-12 1
5 119 71 1006.7299581175241 3.795354988279313e-12 1
5 119 72 1006.9259643990613 3.793580269319219e-12 1
5 119 73 1007.0202480092169 3.791799766421887e-12 1
5 119 74 1007.1030213446476 3.790106676656991e-12 1
5 119 75 1007.1857946800767 3.7885554387544e-12 1
5 119 76 1007.2714450764905 3.78700547013246e-12 1
5 119 77 1007.3703461135876 3.785705619649353e-12 1
5 119 78 1007.4727930009662 3.784611709681691e-12 1
5 119 79 1007.5752398883458 3.7832805163910175e-12 1
5 120 48 983.6106610060291 4.21396783258732e-12 1
5 120 49 984.5967152520628 4.20740696185661e-12 1
5 120 50 985.7189504432934 4.209199158021821e-12 1
5 120 51 987.1838800599211 4.212823641540734e-12 1
5 120 52 989.0032294990474 4.213295831630439e-12 1
5 120 53 991.0464316522671 4.20567580185376e-12 1
5 120 54 993.2696084852556 4.186335971918213e-12 1
5 120 55 994.8603416091814 4.15373734885939e-12 1
5 120 56 996.1894730560873 4.113833729468626e-12 1
5 120 57 998.1177992356045 4.073655867036927e-12 1
5 121 48 983.9161758340458 4.334674611926342e-12 1
5 121 49 985.3770540540185 4.332978856300813e-12 1
5 121 50 986.4700011359179 4.3457052362619765e-12 1
5 121 51 987.7141663641793 4.331254812156252e-12 1
