3 55 104 961.9066893015247 1.288220385880811e-10 1
3 55 105 982.5084349069947 1.1898291960161562e-10 1
3 55 106 1006.0017210398047 1.292073155228986e-10 1
3 55 107 998.9584471140247 1.6860563836846748e-10 1
3 56 79 941.5301023874647 1.1541024505989828e-10 1
3 56 80 941.5301023874647 1.168150609367819e-10 1
3 56 81 944.5163084421547 1.1811754666156431e-10 1
3 56 82 947.3241087351247 1.1931390892623914e-10 1
3 56 83 949.3223387155947 1.2039757164077703e-10 1
3 56 84 956.2383543405947 1.2136722787339726e-10 1
3 56 85 956.2383543405947 1.2222203215407405e-10 1
3 56 86 959.2516600046547 1.2296684860873398e-10 1
3 56 87 963.5816160593447 1.236041456871767e-10 1
3 56 88 968.4598509226247 1.241459056051941e-10 1
3 56 89 978.1403318796547 1.2459607990951078e-10 1
3 56 90 978.1403318796547 1.2497142635638727e-10 1
3 56 91 981.8044554148047 1.2527608223894307e-10 1
3 56 92 984.9892088327747 1.255046323430792e-10 1
3 56 93 988.2238890085547 1.2565546935426987e-10 1
3 56 94 993.2061888132447 1.2576125813431568e-10 1
3 56 95 993.2061888132447 1.2580806272237224e-10 1
3 56 96 995.4190184030947 1.2581628801164814e-10 1
3 56 97 997.6752439890247 1.2579696783469923e-10 1
3 56 98 998.0505491648047 1.2575319259457552e-10 1
3 56 99 999.0124021921547 1.2569882898176527e-10 1
3 56 100 1000.5227171335547 1.2585847129815047e-10 1
3 56 101 1002.0287596140247 1.2721117947159413e-10 1
3 56 102 1004.9190184030947 1.3160907972955489e-10 1
3 56 103 1007.8587767038747 1.3266557893416811e-10 1
3 56 104 1010.2587400827747 1.2326466278831854e-10 1
3 56 105 1014.6508909616847 1.119193530345604e-10 1
3 57 32 957.9201780710547 9.201583040010168e-11 1
3 57 33 960.1970335398047 9.182292293909261e-11 1
3 57 34 958.8983274851247 9.157084843133434e-11 1
3 57 35 958.8983274851247 9.131010309773213e-11 1
3 57 36 956.6091429148047 9.095152438669302e-11 1
3 57 37 955.5550657663747 9.050216275248696e-11 1
3 57 38 958.4245726023047 8.999257653028161e-11 1
3 57 39 959.5836302194947 8.940074910865597e-11 1
3 57 40 959.5836302194947 8.875440789806736e-11 1
3 57 41 959.4107786569947 8.809793778098304e-11 1
3 57 42 958.8892332468447 8.743025867901864e-11 1
3 57 43 957.3375975046547 8.677949557269574e-11 1
3 57 44 960.4487425241847 8.61457856381387e-11 1
3 57 45 960.4487425241847 8.555248985611803e-11 1
3 57 46 962.1507078562147 8.497949291038883e-11 1
3 57 47 961.3472410593447 8.442986816498019e-11 1
3 57 48 957.4457518015247 8.389477347311403e-11 1
3 57 49 960.0968748484047 8.339986258133116e-11 1
3 57 50 960.0968748484047 8.295100752508871e-11 1
3 57 51 962.5102659616847 8.257084932673986e-11 1
3 57 52 965.9440428171547 8.230237438203943e-11 1
3 57 53 968.8722654734047 8.219004679626044e-11 1
3 57 54 969.1074339304347 8.225021785492947e-11 1
3 57 55 969.1074339304347 8.248103061410693e-11 1
3 57 56 970.1671873484047 8.286349787163746e-11 1
3 57 57 970.0069700632447 8.339575712307635e-11 1
3 57 58 971.3094602976247 8.409560252077812e-11 1
3 57 59 972.3211790476247 8.494335617842267e-11 1
3 57 60 972.3211790476247 8.589661112039088e-11 1
3 57 61 973.5700193796547 8.693207703502944e-11 1
3 57 62 974.2345091257447 8.80408656386844e-11 1
3 57 63 975.3604246530947 8.92077018879704e-11 1
3 57 64 979.0716673288747 9.040999543287011e-11 1
3 57 65 979.0716673288747 9.164613603571873e-11 1
3 57 66 980.9596678171547 9.29003127095801e-11 1
3 57 67 981.6723753366847 9.421827231370469e-11 1
3 57 68 982.3229490671547 9.559967235225166e-11 1
3 57 69 982.0921751413747 9.704761672304224e-11 1
3 57 70 982.0921751413747 9.859290964369965e-11 1
3 57 71 981.0593382273047 1.0016503104790974e-10 1
3 57 72 979.4625364694947 1.0170248723120288e-10 1
3 57 73 977.1139646921547 1.0318951926017055e-10 1
3 57 74 974.8720213327747 1.0463388053823188e-10 1
3 57 75 974.8720213327747 1.060502707865501e-10 1
3 57 76 976.3493772898047 1.0741968723967701e-10 1
3 57 77 975.6500975046547 1.0873909082090059e-10 1
3 57 78 974.5590940866847 1.099953786252491e-10 1
3 57 79 979.9484373484047 1.1121172831614568e-10 1
3 57 80 979.9484373484047 1.1234170622069179e-10 1
3 57 81 982.1921507273047 1.1340091437943294e-10 1
3 57 82 985.2682005319947 1.1526542213216281e-10 1
3 57 83 987.4596067819947 1.1612209333744557e-10 1
3 57 84 992.6625486765247 1.1685318731439028e-10 1
3 57 85 992.6625486765247 1.1746918575837356e-10 1
3 57 86 993.8546873484047 1.1798711136276108e-10 1
3 57 87 994.5385252390247 1.1841679691381569e-10 1
3 57 88 995.5159422312147 1.1875959861372035e-10 1
3 57 89 996.4397093210547 1.1875959861372035e-10 1
3 57 90 996.4397093210547 1.2076016845541178e-10 1
3 57 91 997.5782591257447 1.2094279872147872e-10 1
3 58 24 953.5130735788747 9.849946768491547e-11 1
3 58 25 954.8193479929347 1.0069703659704535e-10 1
3 58 26 957.8721434030947 1.0160733099324496e-10 1
3 58 27 961.4972654734047 1.0079146073551606e-10 1
3 58 28 965.5159422312147 9.697546725219969e-11 1
3 58 29 967.3554808054347 9.196729661597917e-11 1
3 58 30 970.6504637155947 9.072648573170657e-11 1
3 58 31 972.5644041452747 9.106896836082179e-11 1
3 58 32 973.1827513132447 9.111471083729061e-11 1
3 58 33 974.8657347116847 9.107633546115708e-11 1
3 58 34 975.4256712351247 9.102261923935008e-11 1
3 58 35 975.4256712351247 9.119923740872182e-11 1
3 58 36 975.5794187937147 9.104979007532319e-11 1
3 58 37 975.9769407663747 9.08554016098168e-11 1
3 58 38 977.2268797312147 9.06279278002368e-11 1
3 58 39 977.4691893015247 9.037709295935844e-11 1
3 58 40 977.4691893015247 9.011543565098674e-11 1
3 58 41 977.8167845163747 8.944641247357788e-11 1
3 58 42 978.3424192819947 9.02018241039616e-11 1
3 58 43 978.8939939890247 8.901052259863657e-11 1
3 59 24 954.4353758249647 9.942954242019663e-11 1
3 59 25 956.5794187937147 1.0188492395087497e-10 1
3 59 26 959.0078245554347 1.0129407446047244e-10 1
