1 19 27 995.8686981765368 8.025265765914338e-09 1
1 20 17 919.1019135085768 9.000000000000001e-07 1
1 20 18 926.9802094070068 1.6143736820163768e-07 1
1 20 19 934.4092865554468 5.339263459249444e-08 1
1 20 20 945.7059174148268 2.340047091986865e-08 1
1 20 21 950.2907562820068 1.6476161909824505e-08 1
1 20 22 969.9130707351368 1.093139158965714e-08 1
1 20 23 998.8852997390368 7.837335980624142e-09 1
1 20 24 1010.7927094070068 7.080239920902328e-09 1
1 20 25 1014.7914887038868 6.904690488359578e-09 1
1 20 26 1020.3406220046668 7.171014814144638e-09 1
1 20 27 1030.4849091140368 7.156911756854627e-09 1
1 21 11 964.5293427077868 1.0642035279192093e-08 1
1 21 12 970.6674042312268 1.036982568711014e-08 1
1 21 13 977.5097504226368 1.1379525096831459e-08 1
1 21 14 982.1773529616968 1.2278974953409665e-08 1
1 21 15 985.4461517898268 1.2434236988851996e-08 1
1 21 16 990.0093231765368 1.2506955093842877e-08 1
1 21 17 993.4391937820068 1.2997363612564518e-08 1
1 21 18 996.5312347976368 1.326379531499846e-08 1
