6 113 272 1025.3858538723582 7.710785887119746e-12 1
6 113 273 1015.9094432168115 7.707129094412332e-12 1
6 113 274 1001.0317497240612 7.707129094412332e-12 1
6 114 266 999.8632322560177 8.077751732291227e-12 1
6 114 267 1005.989178258714 7.924464504275776e-12 1
6 114 268 1013.0842661143517 7.805186813360916e-12 1
6 114 269 1028.3320147950544 7.72890324741193e-12 1
6 114 270 1032.939167349344 7.69197892401517e-12 1
6 114 271 1034.3249455670955 7.676712323788558e-12 1
6 114 272 1032.779146298755 7.67235010006591e-12 1
6 114 273 1028.3598481532501 7.685715049675145e-12 1
6 114 274 1016.9787922840043 7.685715049675145e-12 1
6 115 260 1025.0146050760725 8.957957694331327e-12 1
6 115 261 1026.3435122159756 8.88802789615072e-12 1
6 115 262 1027.7459283015692 8.781079040212386e-12 1
6 115 263 1029.8727884232676 8.639438140590547e-12 1
6 115 264 1030.6902793640527 8.472136652234491e-12 1
6 115 265 1031.3594028284972 8.292688985135013e-12 1
6 115 266 1027.3004930601269 8.117353337638305e-12 1
6 115 267 1034.6624064160735 7.96051982457988e-12 1
6 115 268 1035.7154982936704 7.834372405193931e-12 1
6 115 269 1038.6391224673878 7.746820638160683e-12 1
6 116 199 971.41190312435 9.61727114567997e-12 1
6 116 200 971.8696222542503 9.604095406973806e-12 1
6 116 201 972.33266297699 9.591043913587318e-12 1
6 116 202 972.9079721574076 9.578170347568526e-12 1
6 116 203 973.4948216744932 9.565334320965932e-12 1
6 116 204 974.0816711915948 9.552615938221363e-12 1
6 116 205 974.6685207086898 9.54006740639121e-12 1
6 116 206 975.4456336702332 9.52755179937935e-12 1
6 116 207 976.2749488765251 9.515000418742327e-12 1
6 116 208 977.1042640827942 9.502820794055162e-12 1
6 116 209 977.9335792891278 9.490672310431112e-12 1
6 116 210 978.7163509026102 9.47850610584893e-12 1
6 116 211 979.4702996490024 9.466589819841992e-12 1
6 116 212 980.2242483954359 9.454815265669195e-12 1
6 116 213 980.9781971418283 9.443058887790548e-12 1
6 116 214 981.739785531369 9.431381116042716e-12 1
6 116 215 982.5106952464795 9.419997978927384e-12 1
6 116 216 983.2816049616081 9.408671244174918e-12 1
6 116 217 984.0525146767187 9.39738443233786e-12 1
6 116 218 984.9803971874487 9.386413619493036e-12 1
6 116 219 986.3054208713083 9.37552314426173e-12 1
6 116 220 987.6304445550654 9.364657910833721e-12 1
6 116 221 988.9554682387351 9.354088896217974e-12 1
6 116 222 990.1714388387104 9.343652904985701e-12 1
6 116 223 990.9710512154181 9.333230871129276e-12 1
6 116 224 991.727633452481 9.322921716570602e-12 1
6 116 225 992.484215689535 9.312935767985898e-12 1
6 116 226 993.3131984823617 9.302994638338587e-12 1
6 116 227 994.512409604079 9.29309423121943e-12 1
6 116 228 995.8116945052002 9.283621462843982e-12 1
6 116 229 997.1109794064221 9.274167986636094e-12 1
6 116 230 998.4767593807146 9.264704593959277e-12 1
6 116 231 1000.3988854581592 9.255536472385688e-12 1
6 116 232 1002.5798214321562 9.246561349354498e-12 1
6 116 233 1004.7607574060365 9.237605016516146e-12 1
6 116 234 1006.9222188327702 9.228821191503283e-12 1
6 116 235 1008.4533299047149 9.220332152905941e-12 1
6 116 236 1009.5454976501794 9.211872456472808e-12 1
6 116 237 1010.6376653957022 9.20344918924154e-12 1
6 116 238 1011.7298331411959 9.195477150958943e-12 1
6 116 239 1012.5725827012982 9.187518911501262e-12 1
6 116 240 1013.1386680610298 9.17955698605842e-12 1
6 116 241 1013.6951181907755 9.171938896136117e-12 1
6 116 242 1014.2515683205359 9.164474975351745e-12 1
6 116 243 1014.8893042197819 9.157020177255261e-12 1
6 116 244 1015.6847412972403 9.149721976846782e-12 1
6 116 245 1016.4913159163044 9.142723805843618e-12 1
6 116 246 1017.2978905353473 9.135745156757762e-12 1
6 116 247 1018.1629813050049 9.128795990756221e-12 1
6 116 248 1019.2634959551367 9.122246238503373e-12 1
6 116 249 1020.3866533531229 9.115697427598336e-12 1
6 116 250 1021.5098107511685 9.109158012659369e-12 1
6 116 251 1022.5893120331057 9.102929531630166e-12 1
6 116 252 1022.8411424826587 9.096831148631343e-12 1
6 116 253 1022.9972668813516 9.090739400246527e-12 1
6 116 254 1023.1533912800484 9.084794857678105e-12 1
6 116 255 1023.3095156787413 9.077671117663213e-12 1
6 116 256 1023.4794168324964 9.067060539671043e-12 1
6 116 257 1023.7159784926896 9.0521066394126e-12 1
6 116 258 1024.1399470234487 9.031139954954249e-12 1
6 116 259 1025.4128096560876 9.002204499361862e-12 1
6 116 260 1026.579833805557 8.961394836249116e-12 1
6 116 261 1028.0947615354942 8.901366682794104e-12 1
6 116 262 1029.5034045866394 8.811684899880476e-12 1
6 116 263 1032.1127866154197 8.661757421097163e-12 1
6 117 121 980.1709959700886 1.049977592756935e-11 1
6 117 122 980.1540116471439 1.0494633113858676e-11 1
6 117 123 979.9154336002136 1.0489497141608682e-11 1
6 117 124 979.6524501187982 1.0483997707680049e-11 1
6 117 125 979.3894666373623 1.0477901096981707e-11 1
6 117 126 979.1489708664213 1.0471811572713838e-11 1
6 117 127 979.0154171485214 1.0465647692283286e-11 1
6 117 128 978.9106250190734 1.0458602910371982e-11 1
6 117 129 978.8058328896399 1.0451601627213603e-11 1
6 117 130 978.7557769475571 1.0444609711496405e-11 1
6 117 131 979.149090321363 1.0436952168985853e-11 1
6 117 132 979.7412736090785 1.0429081212338926e-11 1
6 117 133 980.3334568967828 1.0421223462186928e-11 1
6 117 134 980.9169767761183 1.0413069346274211e-11 1
6 117 135 981.1648167799995 1.0404423941298385e-11 1
6 117 136 981.193147749379 1.0395792880032583e-11 1
6 117 137 981.2214787187588 1.0387063071522123e-11 1
6 117 138 981.2498096881396 1.0377597064545355e-11 1
6 117 139 981.2520973674999 1.036820432308355e-11 1
6 117 140 981.2263845188245 1.0358828568947985e-11 1
6 117 141 981.1998208296588 1.0348885764136266e-11 1
6 117 142 981.1732571404939 1.0338803806593651e-11 1
6 117 143 981.5307789682131 1.0328743655867444e-11 1
6 117 144 982.6319165063037 1.0318449217556032e-11 1
6 117 145 983.77566141518 1.0307760300036731e-11 1
6 117 146 984.9194063241227 1.0297093504974548e-11 1
6 117 147 986.0639065374554 1.028633217941365e-11 1
6 117 148 987.2115529002702 1.0274998373141683e-11 1
6 117 149 988.3594384532535 1.026376651593256e-11 1
6 117 150 989.5073240062593 1.0252559187557345e-11 1
6 117 151 990.6263976122282 1.0240962457360476e-11 1
6 117 152 991.0591919160698 1.0229225236304212e-11 1
6 117 153 991.4301608174525 1.0217499985378233e-11 1
6 117 154 991.8011297188062 1.0205495625323387e-11 1
6 117 155 992.172098620164 1.0193278925573184e-11 1
6 117 156 992.7608278972699 1.0181136307539372e-11 1
6 117 157 993.4073144066224 1.0168994923844105e-11 1
6 117 158 994.0538009159932 1.0156349303452196e-11 1
6 117 159 994.7002874253578 1.0143831888738468e-11 1
6 117 160 995.1223076749066 1.0131345290766754e-11 1
6 117 161 995.4086278674115 1.0118604915713844e-11 1
6 117 162 995.6949480599083 1.0105781983708949e-11 1
6 117 163 995.9812682524272 1.0092973416125802e-11 1
6 117 164 996.0282577653537 1.0079982591235773e-11 1
6 117 165 995.7898342939004 1.0066892654951813e-11 1
6 117 166 995.5514108224336 1.0053836671942528e-11 1
6 117 167 995.3129873509803 1.0040681735241159e-11 1
6 117 168 994.9707179742544 1.0027286847799329e-11 1
6 117 169 994.3729062227744 1.0014032182592141e-11 1
6 117 170 993.7750944713116 1.0000812512738442e-11 1
6 117 171 993.1772827198024 9.987339492656499e-12 1
6 117 172 992.5710482306033 9.973946984731641e-12 1
6 117 173 991.9342099304057 9.960594880697297e-12 1
6 117 174 991.2941012139449 9.947205336897234e-12 1
6 117 175 990.6539924975699 9.933732252123522e-12 1
6 117 176 990.0587155999741 9.920295615472243e-12 1
6 117 177 989.6841937932237 9.906750826246864e-12 1
6 117 178 989.3692417865158 9.893128095572818e-12 1
6 117 179 989.0542897798146 9.879654448806036e-12 1
6 117 180 988.7253743743817 9.866217452176595e-12 1
6 117 181 988.281708592679 9.8527650379486e-12 1
6 117 182 987.7855873689886 9.839328354408168e-12 1
6 117 183 987.2894661452925 9.825907542640845e-12 1
6 117 184 986.8021422220287 9.812414412056701e-12 1
6 117 185 986.6236083245619 9.79903034312037e-12 1
6 117 186 986.6535773895696 9.785682736014938e-12 1
6 117 187 986.6835464545768 9.772236794304313e-12 1
6 117 188 986.7135155195847 9.758852805734251e-12 1
6 117 189 986.7576955028442 9.74561348526214e-12 1
6 117 190 986.8173853094765 9.732410038296808e-12 1
6 117 191 986.8775841521455 9.71928359834409e-12 1
6 117 192 986.9377829948096 9.706209139568915e-12 1
6 117 193 987.0726189882569 9.693151276978632e-12 1
6 117 194 987.3520200445608 9.680023574407996e-12 1
6 117 195 987.6406887014142 9.667090615015893e-12 1
6 117 196 987.9293573582755 9.65425253008134e-12 1
6 117 197 988.3938683013457 9.64145429635676e-12 1
6 117 198 989.5776891060412 9.628810640037524e-12 1
6 117 199 990.82347430777 9.616200101684544e-12 1
6 117 200 992.0692595094647 9.603553415666979e-12 1
6 117 201 993.2827937691685 9.59095486440725e-12 1
6 117 202 993.8159370892012 9.57861599390797e-12 1
6 117 203 994.2791414373868 9.566314122814758e-12 1
6 117 204 994.7423457855853 9.554111283247108e-12 1
6 117 205 995.2055501337785 9.542049786764927e-12 1
6 117 206 995.9665859281303 9.530018705726997e-12 1
6 117 207 996.8093372095801 9.517944390791514e-12 1
6 117 208 997.6520884910071 9.50616521067722e-12 1
6 117 209 998.4948397724994 9.494509115826031e-12 1
6 117 210 999.349834616644 9.482881570480627e-12 1
6 117 211 1000.2124114835839 9.471473791037304e-12 1
6 117 212 1001.0749883505711 9.460170483479446e-12 1
6 117 213 1001.9375652175113 9.448878166586828e-12 1
6 117 214 1002.9875455650983 9.437667129987536e-12 1
6 117 215 1004.2661817318372 9.426764044114416e-12 1
6 117 216 1005.5448178986062 9.415886121261485e-12 1
6 117 217 1006.8234540653453 9.404944107300491e-12 1
6 117 218 1007.9728014231667 9.394351776664825e-12 1
6 117 219 1008.7950480945317 9.38386611228515e-12 1
6 117 220 1009.6172947658329 9.373403829310673e-12 1
6 117 221 1010.4395414370799 9.363217003685375e-12 1
6 117 222 1011.2659339239726 9.353153879837447e-12 1
6 117 223 1012.1081548892978 9.343098474970732e-12 1
6 117 224 1012.9520117095454 9.333110518751473e-12 1
6 117 225 1013.7958685297832 9.323445011961668e-12 1
6 117 226 1014.5910151873218 9.313832467170317e-12 1
6 117 227 1015.1370769869088 9.304258132253212e-12 1
6 117 228 1015.6158104347929 9.295086902331769e-12 1
6 117 229 1016.0945438827141 9.28593373481356e-12 1
6 117 230 1016.6030874255518 9.27675153018474e-12 1
6 117 231 1017.3610438853314 9.267833684636536e-12 1
6 117 232 1018.2350261981979 9.259142101685994e-12 1
6 117 233 1019.1090085110177 9.250469269147535e-12 1
6 117 234 1019.9740205123411 9.241963542635761e-12 1
6 117 235 1020.54868229451 9.233720151594154e-12 1
6 117 236 1020.921159228097 9.225491452871604e-12 1
6 117 237 1021.2936361617043 9.21724593059328e-12 1
6 117 238 1021.6661130953014 9.209405417612154e-12 1
6 117 239 1022.0072946128554 9.201613750786806e-12 1
6 118 61 992.0342315329393 1.0753394195060379e-11 1
6 118 62 992.6606882193419 1.0701206874477358e-11 1
6 118 63 991.3959512340128 1.0669592149162899e-11 1
6 118 64 991.3530317021144 1.0650084908055313e-11 1
6 118 65 992.7252589384462 1.0637659750846058e-11 1
6 118 66 993.0632432961886 1.062977315644879e-11 1
6 118 67 993.7392120116785 1.0624479198046471e-11 1
6 118 68 993.9994565572559 1.0620471853475498e-11 1
6 118 69 994.0785526726526 1.0616514095968616e-11 1
6 118 70 994.157648788054 1.0612559287108403e-11 1
6 118 71 994.2367449034506 1.0608763771359156e-11 1
6 118 72 994.2608091321231 1.0605034047397635e-11 1
6 118 73 994.1023511091274 1.0601300943883297e-11 1
6 118 74 993.9232400573412 1.0597609099209872e-11 1
6 118 75 993.744129005558 1.0594087903250183e-11 1
6 118 76 993.5737193497088 1.0590587206280122e-11 1
6 118 77 993.4433849899045 1.0587098816061551e-11 1
6 118 78 993.3237747153518 1.0583821173109694e-11 1
6 118 79 993.2041644407981 1.0580545558970188e-11 1
6 118 80 993.1241329215152 1.0577256681415035e-11 1
6 118 81 993.3611546648681 1.0574106676493972e-11 1
6 118 82 993.7375103581776 1.0571022215979187e-11 1
6 118 83 994.113866051455 1.0567939582611969e-11 1
6 118 84 994.4893004995338 1.056493466752782e-11 1
6 118 85 994.8244500844687 1.0562044664673177e-11 1
6 118 86 995.1341198772097 1.0559149979469443e-11 1
6 118 87 995.443789669975 1.0556264577284728e-11 1
6 118 88 995.7534594627163 1.0553531016581783e-11 1
6 118 89 995.8932540377662 1.0550775522139476e-11 1
6 118 90 995.8529078990983 1.054802146622379e-11 1
6 118 91 995.807603657722 1.054536385991831e-11 1
6 118 92 995.7622994163441 1.0542745932545727e-11 1
6 118 93 995.6879780503338 1.0540135236765697e-11 1
6 118 94 995.5574348621154 1.0537600931372729e-11 1
6 118 95 995.4240686267857 1.0535066351288284e-11 1
6 118 96 995.2907023914602 1.0532503299099802e-11 1
6 118 97 995.1836336434899 1.0529942979003275e-11 1
6 118 98 995.1882735548858 1.0527414887403422e-11 1
6 118 99 995.2002686800392 1.0524888009430863e-11 1
6 118 100 995.2122638051937 1.0522400403687113e-11 1
6 118 101 995.2349302443441 1.051986547285919e-11 1
6 118 102 995.5499392246091 1.0517293607642165e-11 1
6 118 103 995.8876133635894 1.051473480670934e-11 1
6 118 104 996.2252875025592 1.051222663111337e-11 1
6 118 105 996.5629616415553 1.0509572828597766e-11 1
6 118 106 996.9490425330811 1.0506872580073798e-11 1
6 118 107 997.3475265782921 1.0504164665911977e-11 1
6 118 108 997.7460106235268 1.0501269307512532e-11 1
6 118 109 998.1444946687377 1.0498375544821163e-11 1
6 118 110 998.5270310267775 1.04955581949269e-11 1
6 118 111 998.9001568126466 1.049259736066819e-11 1
6 118 112 999.2732825985223 1.0489366844677888e-11 1
6 118 113 999.6464083843913 1.048613331929446e-11 1
6 118 114 1000.0353368933046 1.0482764116800342e-11 1
6 118 115 1000.4426857543458 1.0479066338251141e-11 1
6 118 116 1000.8500346153553 1.047531170318673e-11 1
6 118 117 1001.2573834763683 1.0471534236466012e-11 1
6 118 118 1001.570922176919 1.0467186771749507e-11 1
6 118 119 1001.6598577047058 1.046275107033433e-11 1
6 118 120 1001.7487932324951 1.0458319126779429e-11 1
6 118 121 1001.8377287602838 1.045334285070444e-11 1
6 118 122 1001.9378992191316 1.0448150258144231e-11 1
6 118 123 1002.0770227208674 1.0442968526142682e-11 1
6 118 124 1002.2204363528399 1.0437505937823712e-11 1
6 118 125 1002.3638499848238 1.0431522265757328e-11 1
6 118 126 1002.5116649152336 1.0425551196846697e-11 1
6 118 127 1002.6804105620671 1.04195482389634e-11 1
6 118 128 1002.8547854317914 1.0412755064574944e-11 1
6 118 129 1003.0291603014917 1.0405993454808346e-11 1
6 118 130 1003.23047618175 1.0399240620759095e-11 1
6 118 131 1003.6500172981373 1.0391942904557078e-11 1
6 118 132 1004.1674416743017 1.0384432234332143e-11 1
6 118 133 1004.6848660504562 1.037692279065574e-11 1
6 118 134 1005.1976478030114 1.0369059802033807e-11 1
6 118 135 1005.5305424668807 1.0360790597382857e-11 1
6 118 136 1005.7458046956453 1.0352569276845552e-11 1
6 118 137 1005.9610669244121 1.0344323546205829e-11 1
6 118 138 1006.1763291531851 1.0335345080077395e-11 1
6 118 139 1006.3830174352942 1.0326460130550444e-11 1
6 118 140 1006.5804874107453 1.0317590444088578e-11 1
6 118 141 1006.7776772733121 1.0308247364743818e-11 1
6 118 142 1006.9748671358732 1.0298724293828437e-11 1
6 118 143 1007.1601350888209 1.0289203688915114e-11 1
6 118 144 1007.322321413018 1.0279403099486205e-11 1
6 118 145 1007.4831852160705 1.0269317194896448e-11 1
6 118 146 1007.6440490191324 1.0259251063003154e-11 1
6 118 147 1007.8335544374116 1.0249065464165478e-11 1
6 118 148 1008.1423638015299 1.02383477962177e-11 1
6 118 149 1008.46024340618 1.022776089558417e-11 1
6 118 150 1008.7781230108363 1.0217195866973116e-11 1
6 118 151 1009.0901365686203 1.0206151914822286e-11 1
6 118 152 1009.2624252217464 1.0195111471659306e-11 1
6 118 153 1009.4221263635885 1.0184100021857743e-11 1
6 118 154 1009.5818275054181 1.0172924138624452e-11 1
6 118 155 1009.7415286472494 1.0161465161025073e-11 1
6 118 156 1009.9264571991948 1.0150031969605585e-11 1
6 118 157 1010.1180768921619 1.013848277789772e-11 1
6 118 158 1010.3096965851342 1.0126557813338801e-11 1
6 118 159 1010.5013162781049 1.0114788971716803e-11 1
6 118 160 1010.6617504002921 1.0103047453269093e-11 1
6 118 161 1010.803331427428 1.0091072146848743e-11 1
6 119 54 987.3503002580809 1.138557970057825e-11 1
6 119 55 989.4509014937854 1.127549225881073e-11 1
6 119 56 990.943592079489 1.1166040856219055e-11 1
6 119 57 991.5961290383315 1.1060102450899321e-11 1
6 119 58 993.0002084605462 1.095942199193282e-11 1
6 119 59 994.9404413957594 1.0865548963671218e-11 1
6 119 60 996.6035824972603 1.0779773031103998e-11 1
6 119 61 997.8034412409083 1.0708591296472148e-11 1
6 119 62 999.4389610173025 1.0659758845903422e-11 1
6 119 63 1000.5839135219055 1.0630185775492689e-11 1
6 119 64 1001.1841941217976 1.061186280399358e-11 1
6 119 65 1001.7682610955067 1.0600186203404314e-11 1
6 119 66 1001.827918886198 1.0592716592537556e-11 1
6 119 67 1001.9472344675816 1.0587760281624443e-11 1
6 119 68 1002.0570451739333 1.0583954836034466e-11 1
6 119 69 1002.2837216366485 1.058017489276308e-11 1
6 119 70 1002.5103980993775 1.057639764845827e-11 1
6 119 71 1002.7370745620926 1.057274266497996e-11 1
6 119 72 1002.9330808436298 1.0569139440146909e-11 1
6 119 73 1003.0273644537854 1.0565538698647436e-11 1
6 119 74 1003.1101377892161 1.0561997318897858e-11 1
6 119 75 1003.1929111246452 1.0558551475856412e-11 1
6 119 76 1003.278561521059 1.0555107880488653e-11 1
6 119 77 1003.3774625581561 1.0551686242484143e-11 1
6 119 78 1003.4799094455348 1.0548408891970636e-11 1
6 119 79 1003.5823563329143 1.0545121561293786e-11 1
6 120 48 979.6177774505976 1.184607937015121e-11 1
6 120 49 980.6038316966313 1.1772481987303479e-11 1
6 120 50 981.7260668878619 1.1690778861171886e-11 1
6 120 51 983.1909965044896 1.1601809411707585e-11 1
6 120 52 985.0103459436159 1.1506781743828891e-11 1
6 120 53 987.0535480968356 1.1407119998289978e-11 1
6 120 54 989.2767249298241 1.1304516832435836e-11 1
6 120 55 990.8674580537499 1.1200733426835944e-11 1
6 120 56 992.1965895006558 1.1097561534075478e-11 1
6 120 57 994.124915680173 1.099752302929308e-11 1
6 121 48 979.9232922786143 1.1748293712020087e-11 1
6 121 49 981.384170498587 1.1675344231799142e-11 1
6 121 50 982.4771175804864 1.1595692270086926e-11 1
6 121 51 983.7212828087478 1.1516556279753315e-11 1
