2 55 104 988.1897423957827 1.2882203858808065e-10 1
2 55 105 1008.7914880012527 1.1898291960161562e-10 1
2 55 106 1032.2847741340627 1.292073155228986e-10 1
2 55 107 1025.2415002082828 1.6860563836846748e-10 1
2 56 79 967.8131554817227 1.1541024505989865e-10 1
2 56 80 967.8131554817227 1.168150609367819e-10 1
2 56 81 970.7993615364127 1.1811754666156431e-10 1
2 56 82 973.6071618293827 1.1931390892623914e-10 1
2 56 83 975.6053918098527 1.2039757164077744e-10 1
2 56 84 982.5214074348527 1.2136722787339685e-10 1
2 56 85 982.5214074348527 1.2222203215407405e-10 1
2 56 86 985.5347130989127 1.2296684860873398e-10 1
2 56 87 989.8646691536027 1.236041456871767e-10 1
2 56 88 994.7429040168827 1.241459056051941e-10 1
2 56 89 1004.4233849739127 1.2459607990951078e-10 1
2 56 90 1004.4233849739127 1.2497142635638727e-10 1
2 56 91 1008.0875085090627 1.2527608223894353e-10 1
2 56 92 1011.2722619270327 1.255046323430792e-10 1
2 56 93 1014.5069421028127 1.2565546935426987e-10 1
2 56 94 1019.4892419075027 1.2576125813431524e-10 1
2 56 95 1019.4892419075027 1.2580806272237224e-10 1
2 56 96 1021.7020714973527 1.2581628801164767e-10 1
2 56 97 1023.9582970832827 1.2579696783469923e-10 1
2 56 98 1024.3336022590627 1.2575319259457552e-10 1
2 56 99 1025.2954552864128 1.2569882898176574e-10 1
2 56 100 1026.8057702278127 1.2585847129815094e-10 1
2 56 101 1028.3118127082828 1.2721117947159413e-10 1
2 56 102 1031.2020714973528 1.3160907972955489e-10 1
2 56 103 1034.1418297981327 1.3266557893416811e-10 1
2 56 104 1036.5417931770328 1.2326466278831854e-10 1
2 56 105 1040.9339440559427 1.1191935303456004e-10 1
2 57 32 984.2032311653127 9.201583040010145e-11 1
2 57 33 986.4800866340627 9.182292293909261e-11 1
2 57 34 985.1813805793827 9.157084843133458e-11 1
2 57 35 985.1813805793827 9.131010309773213e-11 1
2 57 36 982.8921960090627 9.095152438669302e-11 1
2 57 37 981.8381188606327 9.050216275248719e-11 1
2 57 38 984.7076256965627 8.999257653028161e-11 1
2 57 39 985.8666833137527 8.940074910865597e-11 1
2 57 40 985.8666833137527 8.875440789806736e-11 1
2 57 41 985.6938317512527 8.809793778098304e-11 1
2 57 42 985.1722863411027 8.743025867901864e-11 1
2 57 43 983.6206505989127 8.677949557269574e-11 1
2 57 44 986.7317956184427 8.61457856381387e-11 1
2 57 45 986.7317956184427 8.555248985611782e-11 1
2 57 46 988.4337609504727 8.497949291038863e-11 1
2 57 47 987.6302941536027 8.442986816498e-11 1
2 57 48 983.7288048957827 8.389477347311403e-11 1
2 57 49 986.3799279426627 8.339986258133116e-11 1
2 57 50 986.3799279426627 8.295100752508871e-11 1
2 57 51 988.7933190559427 8.257084932673986e-11 1
2 57 52 992.2270959114127 8.230237438203943e-11 1
2 57 53 995.1553185676627 8.219004679626044e-11 1
2 57 54 995.3904870246927 8.225021785492928e-11 1
2 57 55 995.3904870246927 8.248103061410713e-11 1
2 57 56 996.4502404426627 8.286349787163746e-11 1
2 57 57 996.2900231575027 8.339575712307654e-11 1
2 57 58 997.5925133918827 8.409560252077812e-11 1
2 57 59 998.6042321418827 8.494335617842267e-11 1
2 57 60 998.6042321418827 8.589661112039067e-11 1
2 57 61 999.8530724739127 8.693207703502966e-11 1
2 57 62 1000.5175622200027 8.80408656386844e-11 1
2 57 63 1001.6434777473527 8.920770188797063e-11 1
2 57 64 1005.3547204231327 9.040999543286987e-11 1
2 57 65 1005.3547204231327 9.164613603571849e-11 1
2 57 66 1007.2427209114127 9.29003127095801e-11 1
2 57 67 1007.9554284309427 9.421827231370469e-11 1
2 57 68 1008.6060021614127 9.559967235225166e-11 1
2 57 69 1008.3752282356327 9.704761672304198e-11 1
2 57 70 1008.3752282356327 9.859290964369992e-11 1
2 57 71 1007.3423913215627 1.0016503104790974e-10 1
2 57 72 1005.7455895637527 1.0170248723120288e-10 1
2 57 73 1003.3970177864127 1.0318951926017026e-10 1
2 57 74 1001.1550744270327 1.0463388053823188e-10 1
2 57 75 1001.1550744270327 1.0605027078655042e-10 1
2 57 76 1002.6324303840627 1.0741968723967701e-10 1
2 57 77 1001.9331505989127 1.0873909082090025e-10 1
2 57 78 1000.8421471809427 1.099953786252491e-10 1
2 57 79 1006.2314904426627 1.1121172831614568e-10 1
2 57 80 1006.2314904426627 1.1234170622069179e-10 1
2 57 81 1008.4752038215627 1.1340091437943332e-10 1
2 57 82 1011.5512536262527 1.1526542213216281e-10 1
2 57 83 1013.7426598762527 1.1612209333744519e-10 1
2 57 84 1018.9456017707827 1.1685318731439067e-10 1
2 57 85 1018.9456017707827 1.1746918575837317e-10 1
2 57 86 1020.1377404426627 1.179871113627607e-10 1
2 57 87 1020.8215783332827 1.1841679691381569e-10 1
2 57 88 1021.7989953254727 1.1875959861371993e-10 1
2 57 89 1022.7227624153127 1.1875959861371993e-10 1
2 57 90 1022.7227624153127 1.2076016845541137e-10 1
2 57 91 1023.8613122200027 1.2094279872147872e-10 1
2 58 24 979.7961266731327 9.849946768491547e-11 1
2 58 25 981.1024010871927 1.0069703659704535e-10 1
2 58 26 984.1551964973527 1.0160733099324526e-10 1
2 58 27 987.7803185676627 1.0079146073551636e-10 1
2 58 28 991.7989953254727 9.697546725219942e-11 1
2 58 29 993.6385338996927 9.196729661597941e-11 1
2 58 30 996.9335168098527 9.072648573170657e-11 1
2 58 31 998.8474572395327 9.106896836082203e-11 1
2 58 32 999.4658044075027 9.111471083729038e-11 1
2 58 33 1001.1487878059427 9.107633546115684e-11 1
2 58 34 1001.7087243293827 9.102261923935008e-11 1
2 58 35 1001.7087243293827 9.119923740872158e-11 1
2 58 36 1001.8624718879727 9.104979007532319e-11 1
2 58 37 1002.2599938606327 9.08554016098168e-11 1
2 58 38 1003.5099328254727 9.062792780023656e-11 1
2 58 39 1003.7522423957827 9.037709295935868e-11 1
2 58 40 1003.7522423957827 9.011543565098674e-11 1
2 58 41 1004.0998376106327 8.944641247357811e-11 1
2 58 42 1004.6254723762527 9.020182410396183e-11 1
2 58 43 1005.1770470832827 8.901052259863635e-11 1
2 59 24 980.7184289192227 9.942954242019663e-11 1
2 59 25 982.8624718879727 1.0188492395087527e-10 1
2 59 26 985.2908776496927 1.0129407446047214e-10 1
