1 19 27 1015.9977709456709 8.025265765914338e-09 1
1 20 17 939.2309862777109 9.000000000000001e-07 1
1 20 18 947.1092821761409 1.6143736820163768e-07 1
1 20 19 954.5383593245809 5.339263459249444e-08 1
1 20 20 965.8349901839609 2.340047091986865e-08 1
1 20 21 970.4198290511409 1.6476161909824505e-08 1
1 20 22 990.0421435042709 1.093139158965714e-08 1
1 20 23 1019.0143725081709 7.837335980624142e-09 1
1 20 24 1030.9217821761408 7.080239920902328e-09 1
1 20 25 1034.9205614730208 6.904690488359578e-09 1
1 20 26 1040.469694773801 7.171014814144638e-09 1
1 20 27 1050.613981883171 7.156911756854627e-09 1
1 21 11 984.6584154769209 1.0642035279192093e-08 1
1 21 12 990.7964770003609 1.036982568711014e-08 1
1 21 13 997.6388231917709 1.1379525096831459e-08 1
1 21 14 1002.3064257308309 1.2278974953409665e-08 1
1 21 15 1005.5752245589609 1.2434236988851996e-08 1
1 21 16 1010.1383959456709 1.2506955093842877e-08 1
1 21 17 1013.5682665511409 1.2997363612564518e-08 1
1 21 18 1016.6603075667709 1.326379531499846e-08 1
