5 113 272 1003.9601230414087 1.089027005910594e-11 1
5 113 273 994.483712385862 1.1176923037567372e-11 1
5 113 274 979.6060188931117 1.1176923037567372e-11 1
5 114 266 978.4375014250681 8.635516283967733e-12 1
5 114 267 984.5634474277645 9.105985659809342e-12 1
5 114 268 991.6585352834022 9.502402261922767e-12 1
5 114 269 1006.9062839641049 9.813379864656342e-12 1
5 114 270 1011.5134365183944 1.0029157776198447e-11 1
5 114 271 1012.8992147361458 1.0248567111594759e-11 1
5 114 272 1011.3534154678055 1.0603022938525631e-11 1
5 114 273 1006.9341173223005 1.0976359357860777e-11 1
5 114 274 995.5530614530547 1.0976359357860777e-11 1
5 115 260 1003.5888742451228 6.628902972373803e-12 1
5 115 261 1004.917781385026 6.722462606190182e-12 1
5 115 262 1006.3201974706195 6.8697415715771935e-12 1
5 115 263 1008.447057592318 7.0941276506090526e-12 1
5 115 264 1009.264548533103 7.392711963664138e-12 1
5 115 265 1009.9336719975475 7.75685851480002e-12 1
5 115 266 1005.8747622291772 8.185295915468105e-12 1
5 115 267 1013.236675585124 8.656507595616485e-12 1
5 115 268 1014.2897674627208 9.134841748935693e-12 1
5 115 269 1017.2133916364381 9.586290182046833e-12 1
5 116 199 949.9861722934005 4.9257212377896635e-12 1
5 116 200 950.4438914233008 4.949141480193886e-12 1
5 116 201 950.9069321460405 4.9727604995058426e-12 1
5 116 202 951.482241326458 4.996431375211549e-12 1
5 116 203 952.0690908435437 5.020323970901147e-12 1
5 116 204 952.6559403606452 5.044366252247936e-12 1
5 116 205 953.2427898777403 5.06850774489583e-12 1
5 116 206 954.0199028392836 5.0928814230315125e-12 1
5 116 207 954.8492180455755 5.117637791648541e-12 1
5 116 208 955.6785332518447 5.1421908648520594e-12 1
5 116 209 956.5078484581783 5.166980672151734e-12 1
5 116 210 957.2906200716607 5.192065359100243e-12 1
5 116 211 958.0445688180529 5.217112821707192e-12 1
5 116 212 958.7985175644864 5.24226092675723e-12 1
5 116 213 959.5524663108788 5.2676550685294695e-12 1
5 116 214 960.3140547004194 5.293083584353225e-12 1
5 116 215 961.08496441553 5.3184306559715424e-12 1
5 116 216 961.8558741306585 5.344052324468449e-12 1
5 116 217 962.6267838457692 5.3698855396442086e-12 1
5 116 218 963.5546663564992 5.395260627538782e-12 1
5 116 219 964.8796900403588 5.421014890255323e-12 1
5 116 220 966.2047137241159 5.447016208102468e-12 1
5 116 221 967.5297374077855 5.4727543493149314e-12 1
5 116 222 968.7457080077609 5.4985274973124645e-12 1
5 116 223 969.5453203844686 5.5245036351626265e-12 1
5 116 224 970.3019026215314 5.550052974727462e-12 1
5 116 225 971.0584848585854 5.575500065388191e-12 1
5 116 226 971.8874676514122 5.6013344929731735e-12 1
5 116 227 973.0866787731295 5.627363844586631e-12 1
5 116 228 974.3859636742507 5.652675766706339e-12 1
5 116 229 975.6852485754725 5.678216424086042e-12 1
5 116 230 977.0510285497651 5.703724842529444e-12 1
5 116 231 978.9731546272096 5.7282633317933815e-12 1
5 116 232 981.1540906012067 5.753455108608617e-12 1
5 116 233 983.335026575087 5.7788922946557375e-12 1
5 116 234 985.4964880018207 5.803759245203201e-12 1
5 116 235 987.0275990737654 5.8281292118312686e-12 1
5 116 236 988.1197668192299 5.853048237637948e-12 1
5 116 237 989.2119345647527 5.878123195597482e-12 1
5 116 238 990.3041023102463 5.9021917086449976e-12 1
5 116 239 991.1468518703487 5.926458133516618e-12 1
5 116 240 991.7129372300802 5.950481293775072e-12 1
5 116 241 992.2693873598259 5.9738141555967924e-12 1
5 116 242 992.8258374895863 5.997190555845947e-12 1
5 116 243 993.4635733888324 6.0206340961161914e-12 1
5 116 244 994.2590104662908 6.042810810375731e-12 1
5 116 245 995.0655850853549 6.064756634390863e-12 1
5 116 246 995.8721597043977 6.0871838195291435e-12 1
5 116 247 996.7372504740554 6.109658497676561e-12 1
5 116 248 997.8377651241872 6.1300744965568204e-12 1
5 116 249 998.9609225221734 6.151257440965257e-12 1
5 116 250 1000.084079920219 6.172587291610277e-12 1
5 116 251 1001.1635812021561 6.1927108794322715e-12 1
5 116 252 1001.4154116517092 6.21241576492738e-12 1
5 116 253 1001.5715360504021 6.232149736747062e-12 1
5 116 254 1001.7276604490988 6.25057727865093e-12 1
5 116 255 1001.8837848477917 6.2730869238892585e-12 1
5 116 256 1002.0536860015469 6.30732190233288e-12 1
5 116 257 1002.2902476617401 6.354142644867185e-12 1
5 116 258 1002.7142161924992 6.416582155624614e-12 1
5 116 259 1003.9870788251379 6.496782562890267e-12 1
5 116 260 1005.1541029746074 6.588151155411417e-12 1
5 116 261 1006.6690307045445 6.680520602726471e-12 1
5 116 262 1008.0776737556898 6.792508727289686e-12 1
5 116 263 1010.6870557844701 6.987875498612423e-12 1
5 117 121 958.7452651391391 3.951800153719169e-12 1
5 117 122 958.7282808161943 3.948634323945606e-12 1
5 117 123 958.4897027692641 3.945480009193483e-12 1
5 117 124 958.2267192878487 3.942873943333121e-12 1
5 117 125 957.9637358064127 3.941160320980976e-12 1
5 117 126 957.7232400354718 3.939448187505179e-12 1
5 117 127 957.5896863175718 3.937616970313746e-12 1
5 117 128 957.4848941881239 3.937278522276981e-12 1
5 117 129 957.3801020586903 3.937069191770092e-12 1
5 117 130 957.3300461166076 3.9368598835206556e-12 1
5 117 131 957.7233594904135 3.9376196373989104e-12 1
5 117 132 958.3155427781289 3.9389749302202845e-12 1
5 117 133 958.9077260658332 3.940336939334341e-12 1
5 117 134 959.4912459451688 3.942274212089398e-12 1
5 117 135 959.7390859490499 3.945155492208276e-12 1
5 117 136 959.7674169184295 3.948040987075611e-12 1
5 117 137 959.7957478878093 3.950795475965863e-12 1
5 117 138 959.8240788571901 3.954975561059786e-12 1
5 117 139 959.8263665365504 3.959343844370639e-12 1
5 117 140 959.800653687875 3.963721787917353e-12 1
5 117 141 959.7740899987093 3.96891729718962e-12 1
5 117 142 959.7475263095444 3.974708111764749e-12 1
5 117 143 960.1050481372636 3.9805230910335846e-12 1
5 117 144 961.2061856753542 3.986856189150313e-12 1
5 117 145 962.3499305842305 3.994033196585556e-12 1
5 117 146 963.4936754931732 4.00123609024599e-12 1
5 117 147 964.6381757065059 4.008230887155468e-12 1
5 117 148 965.7858220693207 4.016340389725639e-12 1
5 117 149 966.9337076223039 4.024803473443757e-12 1
5 117 150 968.0815931753098 4.0333022986681725e-12 1
5 117 151 969.2006667812786 4.042552157844465e-12 1
5 117 152 969.6334610851203 4.052134632794744e-12 1
5 117 153 970.0044299865029 4.061690372800159e-12 1
5 117 154 970.3753988878567 4.071023079494316e-12 1
5 117 155 970.7463677892144 4.081296391502073e-12 1
5 117 156 971.3350970663204 4.091879759889876e-12 1
5 117 157 971.9815835756729 4.10251819449602e-12 1
5 117 158 972.6280700850436 4.113410799830884e-12 1
5 117 159 973.2745565944083 4.124813385708294e-12 1
5 117 160 973.696576843957 4.136279364420604e-12 1
5 117 161 973.982897036462 4.148240753347612e-12 1
5 117 162 974.2692172289587 4.160446763613302e-12 1
5 117 163 974.5555374214777 4.1726766236770006e-12 1
5 117 164 974.6025269344042 4.185062884061666e-12 1
5 117 165 974.3641034629509 4.198253217970419e-12 1
5 117 166 974.125679991484 4.2115269604236924e-12 1
5 117 167 973.8872565200307 4.224984177484573e-12 1
5 117 168 973.5449871433049 4.239673222741612e-12 1
5 117 169 972.9471753918249 4.2543238352528405e-12 1
5 117 170 972.3493636403621 4.269076052165623e-12 1
5 117 171 971.7515518888529 4.284824040474208e-12 1
5 117 172 971.1453173996538 4.3009424771199454e-12 1
5 117 173 970.5084790994562 4.317179508909524e-12 1
5 117 174 969.8683703829954 4.333913721377415e-12 1
5 117 175 969.2282616666204 4.3513959446160804e-12 1
5 117 176 968.6329847690246 4.369019779336127e-12 1
5 117 177 968.2584629622742 4.3868205782201685e-12 1
5 117 178 967.9435109555662 4.405511603942429e-12 1
5 117 179 967.628558948865 4.424414220358e-12 1
5 117 180 967.2996435434321 4.443479745712252e-12 1
5 117 181 966.8559777617295 4.4631890027685524e-12 1
5 117 182 966.359856538039 4.4832689036250935e-12 1
5 117 183 965.863735314343 4.503508640523002e-12 1
5 117 184 965.3764113910792 4.524042919407193e-12 1
5 117 185 965.1978774936124 4.545216255070272e-12 1
5 117 186 965.2278465586201 4.566588712708702e-12 1
5 117 187 965.2578156236273 4.587873562263361e-12 1
5 117 188 965.2877846886352 4.609594205622595e-12 1
5 117 189 965.3319646718946 4.631901922951764e-12 1
5 117 190 965.391654478527 4.654426602641451e-12 1
5 117 191 965.4518533211959 4.677252039560352e-12 1
5 117 192 965.5120521638601 4.700335321350704e-12 1
5 117 193 965.6468881573073 4.723571956926199e-12 1
5 117 194 965.9262892136113 4.746480553052143e-12 1
5 117 195 966.2149578704647 4.7700381116846655e-12 1
5 117 196 966.503626527326 4.794067605604381e-12 1
5 117 197 966.9681374703962 4.818340329574203e-12 1
5 117 198 968.1519582750917 4.842858044535806e-12 1
5 117 199 969.3977434768204 4.867626548229199e-12 1
5 117 200 970.6435286785152 4.892349831037888e-12 1
5 117 201 971.857062938219 4.916894187778012e-12 1
5 117 202 972.3902062582516 4.942371799680973e-12 1
5 117 203 972.8534106064373 4.968135231152928e-12 1
5 117 204 973.3166149546357 4.994140536799995e-12 1
5 117 205 973.779819302829 5.020372952869393e-12 1
5 117 206 974.5408550971807 5.046882402908036e-12 1
5 117 207 975.3836063786306 5.072858306829839e-12 1
5 117 208 976.2263576600576 5.0989269209234825e-12 1
5 117 209 977.0691089415499 5.125880174601995e-12 1
5 117 210 977.9241037856945 5.153119895810303e-12 1
5 117 211 978.7866806526343 5.180464256378662e-12 1
5 117 212 979.6492575196215 5.208024299880445e-12 1
5 117 213 980.5118343865618 5.235742030477018e-12 1
5 117 214 981.5618147341488 5.2629831501591204e-12 1
5 117 215 982.8404509008876 5.290926935814388e-12 1
5 117 216 984.1190870676567 5.319169040203258e-12 1
5 117 217 985.3977232343958 5.346606093454561e-12 1
5 117 218 986.5470705922172 5.3738255444946225e-12 1
5 117 219 987.3693172635822 5.402326011605525e-12 1
5 117 220 988.1915639348833 5.431130399100607e-12 1
5 117 221 989.0138106061304 5.4596554397683384e-12 1
5 117 222 989.8402030930231 5.488241766111612e-12 1
5 117 223 990.6824240583483 5.516968647077161e-12 1
5 117 224 991.5262808785959 5.544474825409238e-12 1
5 117 225 992.3701376988337 5.572554825375506e-12 1
5 117 226 993.1652843563722 5.601396518051898e-12 1
5 117 227 993.7113461559593 5.630486092898201e-12 1
5 117 228 994.1900796038434 5.65877830131984e-12 1
5 117 229 994.6688130517646 5.687356272452974e-12 1
5 117 230 995.1773565946023 5.715693259992322e-12 1
5 117 231 995.9353130543818 5.742835423662398e-12 1
5 117 232 996.8092953672484 5.770968799630517e-12 1
5 117 233 997.6832776800682 5.799409835557141e-12 1
5 117 234 998.5482896813916 5.8276204553019616e-12 1
5 117 235 999.1229514635604 5.8552599008791235e-12 1
5 117 236 999.4954283971475 5.883162774543542e-12 1
5 117 237 999.8679053307548 5.910424873468697e-12 1
5 117 238 1000.2403822643519 5.93667712289615e-12 1
5 117 239 1000.5815637819059 5.96386661486063e-12 1
5 118 61 970.6085007019898 3.887665885589919e-12 1
5 118 62 971.2349573883923 3.861256159022476e-12 1
5 118 63 969.9702204030633 3.845609397319801e-12 1
5 118 64 969.9273008711649 3.836693735550905e-12 1
5 118 65 971.2995281074967 3.83152153463872e-12 1
5 118 66 971.6375124652391 3.828550140863829e-12 1
5 118 67 972.313481180729 3.826674232581317e-12 1
5 118 68 972.5737257263064 3.825520857927873e-12 1
5 118 69 972.652821841703 3.824291950960872e-12 1
5 118 70 972.7319179571044 3.823063833286312e-12 1
5 118 71 972.811014072501 3.822117556389116e-12 1
5 118 72 972.8350783011736 3.821285171543149e-12 1
5 118 73 972.6766202781779 3.820464839812401e-12 1
5 118 74 972.4975092263917 3.819897438492517e-12 1
5 118 75 972.3183981746084 3.8195040627758384e-12 1
5 118 76 972.1479885187592 3.819055344740421e-12 1
5 118 77 972.017654158955 3.818624769565179e-12 1
5 118 78 971.8980438844022 3.818570702329742e-12 1
5 118 79 971.7784336098485 3.8185166366253315e-12 1
5 118 80 971.6984020905657 3.818546510342358e-12 1
5 118 81 971.9354238339185 3.8189581204692885e-12 1
5 118 82 972.311779527228 3.819258918727073e-12 1
5 118 83 972.6881352205055 3.8195534094392546e-12 1
5 118 84 973.0635696685843 3.820076584886796e-12 1
5 118 85 973.3987192535192 3.820778996433739e-12 1
5 118 86 973.7083890462602 3.821371166139527e-12 1
5 118 87 974.0180588390255 3.821991005422606e-12 1
5 118 88 974.3277286317667 3.823067758454122e-12 1
5 118 89 974.4675232068166 3.823878831672992e-12 1
5 118 90 974.4271770681488 3.824690249107241e-12 1
5 118 91 974.3818728267725 3.82552539582157e-12 1
5 118 92 974.3365685853946 3.8263703526167776e-12 1
5 118 93 974.2622472193842 3.827279771016633e-12 1
5 118 94 974.1317040311659 3.828677228961276e-12 1
5 118 95 973.9983377958362 3.829688456737786e-12 1
5 118 96 973.8649715605106 3.830469430575336e-12 1
5 118 97 973.7579028125404 3.831237174421557e-12 1
5 118 98 973.7625427239362 3.8317223641446765e-12 1
5 118 99 973.7745378490897 3.8322076767726894e-12 1
5 118 100 973.7865329742442 3.8330265257574756e-12 1
5 118 101 973.8091994133946 3.833370071901546e-12 1
5 118 102 974.1242083936596 3.833358636525588e-12 1
5 118 103 974.4618825326398 3.83343383418967e-12 1
5 118 104 974.7995566716097 3.8338453304889835e-12 1
5 118 105 975.1372308106057 3.833384003812486e-12 1
5 118 106 975.5233117021315 3.832712118204558e-12 1
5 118 107 975.9217957473426 3.832012745153175e-12 1
5 118 108 976.3202797925773 3.830735328620062e-12 1
5 118 109 976.7187638377882 3.829458763466806e-12 1
5 118 110 977.101300195828 3.828287444470116e-12 1
5 118 111 977.4744259816971 3.826758378846357e-12 1
5 118 112 977.8475517675728 3.825173083516606e-12 1
5 118 113 978.2206775534418 3.8235930144250944e-12 1
5 118 114 978.609606062355 3.821935675519028e-12 1
5 118 115 979.0169549233963 3.820431265016833e-12 1
5 118 116 979.4243037844058 3.8190861090842835e-12 1
5 118 117 979.8316526454188 3.817761820741935e-12 1
5 118 118 980.1451913459695 3.817011186006924e-12 1
5 118 119 980.2341268737563 3.816617730677764e-12 1
5 118 120 980.3230624015456 3.8162243564545365e-12 1
5 118 121 980.4119979293342 3.816788083589303e-12 1
5 118 122 980.5121683881821 3.817738601763879e-12 1
5 118 123 980.6512918899178 3.818614192644599e-12 1
5 118 124 980.7947055218904 3.81929234615924e-12 1
5 118 125 980.9381191538743 3.821107717102857e-12 1
5 118 126 981.0859340842841 3.823233661854065e-12 1
5 118 127 981.2546797311176 3.825362494218841e-12 1
5 118 128 981.4290546008418 3.827790016471854e-12 1
5 118 129 981.6034294705422 3.830869729303546e-12 1
5 118 130 981.8047453508004 3.833954401795129e-12 1
5 118 131 982.2242864671878 3.837641411880323e-12 1
5 118 132 982.7417108433522 3.841577209852395e-12 1
5 118 133 983.2591352195067 3.845420775806604e-12 1
5 118 134 983.7719169720618 3.848915596839021e-12 1
5 118 135 984.1048116359311 3.853508267253933e-12 1
5 118 136 984.3200738646958 3.858369899793643e-12 1
5 118 137 984.5353360934625 3.863260214706704e-12 1
5 118 138 984.7505983222355 3.868687940648814e-12 1
5 118 139 984.9572866043446 3.874545006950826e-12 1
5 118 140 985.1547565797957 3.880419834954941e-12 1
5 118 141 985.3519464423625 3.887047502116259e-12 1
5 118 142 985.5491363049236 3.8939956805491065e-12 1
5 118 143 985.7344042578713 3.900914351801696e-12 1
5 118 144 985.8965905820685 3.9080437812348175e-12 1
5 118 145 986.057454385121 3.916169893487239e-12 1
5 118 146 986.2183181881828 3.924329869890631e-12 1
5 118 147 986.4078236064621 3.932325930373321e-12 1
5 118 148 986.7166329705803 3.94155613687449e-12 1
5 118 149 987.0345125752305 3.951016799726423e-12 1
5 118 150 987.3523921798868 3.960522987485992e-12 1
5 118 151 987.6644057376708 3.970732019983682e-12 1
5 118 152 987.8366943907969 3.981515223506949e-12 1
5 118 153 987.996395532639 3.992364418741258e-12 1
5 118 154 988.1560966744686 4.003710374617328e-12 1
5 118 155 988.3157978162999 4.0158419401116155e-12 1
5 118 156 988.5007263682453 4.028047248296911e-12 1
5 118 157 988.6923460612123 4.040090636465973e-12 1
5 118 158 988.8839657541847 4.053166724852948e-12 1
5 118 159 989.0755854471554 4.066628857511333e-12 1
5 118 160 989.2360195693426 4.080180714064907e-12 1
5 118 161 989.3776005964785 4.0944321237871836e-12 1
5 119 54 965.9245694271314 4.05984452873977e-12 1
5 119 55 968.0251706628359 4.030435905456666e-12 1
5 119 56 969.5178612485395 4.005081429143031e-12 1
5 119 57 970.1703982073819 3.986263777006939e-12 1
5 119 58 971.5744776295967 3.970831107202489e-12 1
5 119 59 973.5147105648099 3.9482024827293585e-12 1
5 119 60 975.1778516663107 3.913765646685762e-12 1
5 119 61 976.3777104099588 3.87534828784213e-12 1
5 119 62 978.013230186353 3.8457151511251505e-12 1
5 119 63 979.158182690956 3.8274756671673925e-12 1
5 119 64 979.7584632908481 3.816516278396594e-12 1
5 119 65 980.3425302645571 3.80980276003326e-12 1
5 119 66 980.4021880552484 3.805697539798726e-12 1
5 119 67 980.521503636632 3.8029229275579435e-12 1
5 119 68 980.6313143429837 3.801061507616673e-12 1
5 119 69 980.8579908056989 3.7990367794885765e-12 1
5 119 70 981.084667268428 3.797014207253725e-12 1
5 119 71 981.3113437311431 3.795354988279313e-12 1
5 119 72 981.5073500126803 3.793580269319219e-12 1
5 119 73 981.6016336228358 3.791799766421887e-12 1
5 119 74 981.6844069582665 3.790106676656991e-12 1
5 119 75 981.7671802936957 3.7885554387544e-12 1
5 119 76 981.8528306901095 3.78700547013246e-12 1
5 119 77 981.9517317272066 3.785705619649353e-12 1
5 119 78 982.0541786145852 3.784611709681691e-12 1
5 119 79 982.1566255019648 3.7832805163910175e-12 1
5 120 48 958.1920466196481 4.21396783258732e-12 1
5 120 49 959.1781008656818 4.20740696185661e-12 1
5 120 50 960.3003360569123 4.209199158021821e-12 1
5 120 51 961.7652656735401 4.212823641540734e-12 1
5 120 52 963.5846151126664 4.213295831630439e-12 1
5 120 53 965.627817265886 4.20567580185376e-12 1
5 120 54 967.8509940988746 4.186335971918213e-12 1
5 120 55 969.4417272228004 4.15373734885939e-12 1
5 120 56 970.7708586697063 4.113833729468626e-12 1
5 120 57 972.6991848492235 4.073655867036927e-12 1
5 121 48 958.4975614476648 4.334674611926342e-12 1
5 121 49 959.9584396676374 4.332978856300813e-12 1
5 121 50 961.0513867495368 4.3457052362619765e-12 1
5 121 51 962.2955519777983 4.331254812156252e-12 1
