2 19 27 995.8686981765368 3.1351201793252124e-10 1
2 20 17 919.1019135085768 1.86218191297687e-10 1
2 20 18 926.9802094070068 1.8464022906941621e-10 1
2 20 19 934.4092865554468 1.9766020944635173e-10 1
2 20 20 945.7059174148268 2.2434893003946843e-10 1
2 20 21 950.2907562820068 2.554288094682041e-10 1
2 20 22 969.9130707351368 2.767110880162794e-10 1
2 20 23 998.8852997390368 2.830114595474337e-10 1
2 20 24 1010.7927094070068 2.8269137906288287e-10 1
2 20 25 1014.7914887038868 2.9108968591064874e-10 1
2 20 26 1020.3406220046668 2.8241918725190666e-10 1
2 20 27 1030.4849091140368 2.6121777980122466e-10 1
2 21 11 964.5293427077868 2.2368257687503054e-10 1
2 21 12 970.6674042312268 2.277061364630045e-10 1
2 21 13 977.5097504226368 2.0938762469381843e-10 1
2 21 14 982.1773529616968 2.0328187962949494e-10 1
2 21 15 985.4461517898268 2.0486672395384064e-10 1
2 21 16 990.0093231765368 2.0391283755053223e-10 1
2 21 17 993.4391937820068 1.9647858610462982e-10 1
2 21 18 996.5312347976368 1.9068198526201937e-10 1
