6 113 272 1010.0729396185384 7.710785887119746e-12 1
6 113 273 1000.5965289629917 7.707129094412332e-12 1
6 113 274 985.7188354702414 7.707129094412332e-12 1
6 114 266 984.5503180021979 8.077751732291227e-12 1
6 114 267 990.6762640048942 7.924464504275776e-12 1
6 114 268 997.7713518605319 7.805186813360916e-12 1
6 114 269 1013.0191005412346 7.72890324741193e-12 1
6 114 270 1017.6262530955241 7.69197892401517e-12 1
6 114 271 1019.0120313132755 7.676712323788558e-12 1
6 114 272 1017.4662320449352 7.67235010006591e-12 1
6 114 273 1013.0469338994302 7.685715049675145e-12 1
6 114 274 1001.6658780301844 7.685715049675145e-12 1
6 115 260 1009.7016908222525 8.957957694331327e-12 1
6 115 261 1011.0305979621558 8.88802789615072e-12 1
6 115 262 1012.4330140477492 8.781079040212386e-12 1
6 115 263 1014.5598741694477 8.639438140590547e-12 1
6 115 264 1015.3773651102327 8.472136652234491e-12 1
6 115 265 1016.0464885746773 8.292688985135013e-12 1
6 115 266 1011.9875788063069 8.117353337638305e-12 1
6 115 267 1019.3494921622537 7.96051982457988e-12 1
6 115 268 1020.4025840398505 7.834372405193931e-12 1
6 115 269 1023.3262082135678 7.746820638160683e-12 1
6 116 199 956.0989888705302 9.61727114567997e-12 1
6 116 200 956.5567080004305 9.604095406973806e-12 1
6 116 201 957.0197487231702 9.591043913587318e-12 1
6 116 202 957.5950579035878 9.578170347568526e-12 1
6 116 203 958.1819074206734 9.565334320965932e-12 1
6 116 204 958.7687569377749 9.552615938221363e-12 1
6 116 205 959.35560645487 9.54006740639121e-12 1
6 116 206 960.1327194164134 9.52755179937935e-12 1
6 116 207 960.9620346227052 9.515000418742327e-12 1
6 116 208 961.7913498289744 9.502820794055162e-12 1
6 116 209 962.620665035308 9.490672310431112e-12 1
6 116 210 963.4034366487904 9.47850610584893e-12 1
6 116 211 964.1573853951826 9.466589819841992e-12 1
6 116 212 964.9113341416161 9.454815265669195e-12 1
6 116 213 965.6652828880085 9.443058887790548e-12 1
6 116 214 966.4268712775491 9.431381116042716e-12 1
6 116 215 967.1977809926597 9.419997978927384e-12 1
6 116 216 967.9686907077883 9.408671244174918e-12 1
6 116 217 968.7396004228989 9.39738443233786e-12 1
6 116 218 969.6674829336289 9.386413619493036e-12 1
6 116 219 970.9925066174885 9.37552314426173e-12 1
6 116 220 972.3175303012456 9.364657910833721e-12 1
6 116 221 973.6425539849153 9.354088896217974e-12 1
6 116 222 974.8585245848906 9.343652904985701e-12 1
6 116 223 975.6581369615983 9.333230871129276e-12 1
6 116 224 976.4147191986611 9.322921716570602e-12 1
6 116 225 977.1713014357151 9.312935767985898e-12 1
6 116 226 978.0002842285419 9.302994638338587e-12 1
6 116 227 979.1994953502592 9.29309423121943e-12 1
6 116 228 980.4987802513804 9.283621462843982e-12 1
6 116 229 981.7980651526022 9.274167986636094e-12 1
6 116 230 983.1638451268948 9.264704593959277e-12 1
6 116 231 985.0859712043393 9.255536472385688e-12 1
6 116 232 987.2669071783364 9.246561349354498e-12 1
6 116 233 989.4478431522167 9.237605016516146e-12 1
6 116 234 991.6093045789504 9.228821191503283e-12 1
6 116 235 993.1404156508951 9.220332152905941e-12 1
6 116 236 994.2325833963596 9.211872456472808e-12 1
6 116 237 995.3247511418824 9.20344918924154e-12 1
6 116 238 996.416918887376 9.195477150958943e-12 1
6 116 239 997.2596684474784 9.187518911501262e-12 1
6 116 240 997.8257538072099 9.17955698605842e-12 1
6 116 241 998.3822039369556 9.171938896136117e-12 1
6 116 242 998.938654066716 9.164474975351745e-12 1
6 116 243 999.5763899659621 9.157020177255261e-12 1
6 116 244 1000.3718270434205 9.149721976846782e-12 1
6 116 245 1001.1784016624846 9.142723805843618e-12 1
6 116 246 1001.9849762815275 9.135745156757762e-12 1
6 116 247 1002.8500670511851 9.128795990756221e-12 1
6 116 248 1003.9505817013169 9.122246238503373e-12 1
6 116 249 1005.0737390993031 9.115697427598336e-12 1
6 116 250 1006.1968964973487 9.109158012659369e-12 1
6 116 251 1007.2763977792858 9.102929531630166e-12 1
6 116 252 1007.5282282288389 9.096831148631343e-12 1
6 116 253 1007.6843526275318 9.090739400246527e-12 1
6 116 254 1007.8404770262285 9.084794857678105e-12 1
6 116 255 1007.9966014249214 9.077671117663213e-12 1
6 116 256 1008.1665025786766 9.067060539671043e-12 1
6 116 257 1008.4030642388698 9.0521066394126e-12 1
6 116 258 1008.8270327696289 9.031139954954249e-12 1
6 116 259 1010.0998954022676 9.002204499361862e-12 1
6 116 260 1011.2669195517371 8.961394836249116e-12 1
6 116 261 1012.7818472816742 8.901366682794104e-12 1
6 116 262 1014.1904903328195 8.811684899880476e-12 1
6 116 263 1016.7998723615998 8.661757421097163e-12 1
6 117 121 964.8580817162688 1.049977592756935e-11 1
6 117 122 964.841097393324 1.0494633113858676e-11 1
6 117 123 964.6025193463938 1.0489497141608682e-11 1
6 117 124 964.3395358649784 1.0483997707680049e-11 1
6 117 125 964.0765523835424 1.0477901096981707e-11 1
6 117 126 963.8360566126015 1.0471811572713838e-11 1
6 117 127 963.7025028947015 1.0465647692283286e-11 1
6 117 128 963.5977107652536 1.0458602910371982e-11 1
6 117 129 963.49291863582 1.0451601627213603e-11 1
6 117 130 963.4428626937373 1.0444609711496405e-11 1
6 117 131 963.8361760675432 1.0436952168985853e-11 1
6 117 132 964.4283593552586 1.0429081212338926e-11 1
6 117 133 965.0205426429629 1.0421223462186928e-11 1
6 117 134 965.6040625222985 1.0413069346274211e-11 1
6 117 135 965.8519025261796 1.0404423941298385e-11 1
6 117 136 965.8802334955592 1.0395792880032583e-11 1
6 117 137 965.908564464939 1.0387063071522123e-11 1
6 117 138 965.9368954343198 1.0377597064545355e-11 1
6 117 139 965.9391831136801 1.036820432308355e-11 1
6 117 140 965.9134702650047 1.0358828568947985e-11 1
6 117 141 965.886906575839 1.0348885764136266e-11 1
6 117 142 965.8603428866741 1.0338803806593651e-11 1
6 117 143 966.2178647143933 1.0328743655867444e-11 1
6 117 144 967.3190022524839 1.0318449217556032e-11 1
6 117 145 968.4627471613602 1.0307760300036731e-11 1
6 117 146 969.6064920703029 1.0297093504974548e-11 1
6 117 147 970.7509922836356 1.028633217941365e-11 1
6 117 148 971.8986386464504 1.0274998373141683e-11 1
6 117 149 973.0465241994336 1.026376651593256e-11 1
6 117 150 974.1944097524395 1.0252559187557345e-11 1
6 117 151 975.3134833584083 1.0240962457360476e-11 1
6 117 152 975.74627766225 1.0229225236304212e-11 1
6 117 153 976.1172465636326 1.0217499985378233e-11 1
6 117 154 976.4882154649864 1.0205495625323387e-11 1
6 117 155 976.8591843663442 1.0193278925573184e-11 1
6 117 156 977.4479136434501 1.0181136307539372e-11 1
6 117 157 978.0944001528026 1.0168994923844105e-11 1
6 117 158 978.7408866621734 1.0156349303452196e-11 1
6 117 159 979.387373171538 1.0143831888738468e-11 1
6 117 160 979.8093934210867 1.0131345290766754e-11 1
6 117 161 980.0957136135917 1.0118604915713844e-11 1
6 117 162 980.3820338060884 1.0105781983708949e-11 1
6 117 163 980.6683539986074 1.0092973416125802e-11 1
6 117 164 980.7153435115339 1.0079982591235773e-11 1
6 117 165 980.4769200400806 1.0066892654951813e-11 1
6 117 166 980.2384965686138 1.0053836671942528e-11 1
6 117 167 980.0000730971605 1.0040681735241159e-11 1
6 117 168 979.6578037204346 1.0027286847799329e-11 1
6 117 169 979.0599919689546 1.0014032182592141e-11 1
6 117 170 978.4621802174918 1.0000812512738442e-11 1
6 117 171 977.8643684659826 9.987339492656499e-12 1
6 117 172 977.2581339767835 9.973946984731641e-12 1
6 117 173 976.6212956765859 9.960594880697297e-12 1
6 117 174 975.9811869601251 9.947205336897234e-12 1
6 117 175 975.3410782437501 9.933732252123522e-12 1
6 117 176 974.7458013461543 9.920295615472243e-12 1
6 117 177 974.3712795394039 9.906750826246864e-12 1
6 117 178 974.056327532696 9.893128095572818e-12 1
6 117 179 973.7413755259947 9.879654448806036e-12 1
6 117 180 973.4124601205618 9.866217452176595e-12 1
6 117 181 972.9687943388592 9.8527650379486e-12 1
6 117 182 972.4726731151687 9.839328354408168e-12 1
6 117 183 971.9765518914727 9.825907542640845e-12 1
6 117 184 971.4892279682089 9.812414412056701e-12 1
6 117 185 971.3106940707421 9.79903034312037e-12 1
6 117 186 971.3406631357498 9.785682736014938e-12 1
6 117 187 971.370632200757 9.772236794304313e-12 1
6 117 188 971.4006012657649 9.758852805734251e-12 1
6 117 189 971.4447812490243 9.74561348526214e-12 1
6 117 190 971.5044710556567 9.732410038296808e-12 1
6 117 191 971.5646698983256 9.71928359834409e-12 1
6 117 192 971.6248687409898 9.706209139568915e-12 1
6 117 193 971.759704734437 9.693151276978632e-12 1
6 117 194 972.039105790741 9.680023574407996e-12 1
6 117 195 972.3277744475944 9.667090615015893e-12 1
6 117 196 972.6164431044557 9.65425253008134e-12 1
6 117 197 973.0809540475259 9.64145429635676e-12 1
6 117 198 974.2647748522214 9.628810640037524e-12 1
6 117 199 975.5105600539501 9.616200101684544e-12 1
6 117 200 976.7563452556449 9.603553415666979e-12 1
6 117 201 977.9698795153487 9.59095486440725e-12 1
6 117 202 978.5030228353813 9.57861599390797e-12 1
6 117 203 978.966227183567 9.566314122814758e-12 1
6 117 204 979.4294315317654 9.554111283247108e-12 1
6 117 205 979.8926358799587 9.542049786764927e-12 1
6 117 206 980.6536716743104 9.530018705726997e-12 1
6 117 207 981.4964229557603 9.517944390791514e-12 1
6 117 208 982.3391742371873 9.50616521067722e-12 1
6 117 209 983.1819255186796 9.494509115826031e-12 1
6 117 210 984.0369203628242 9.482881570480627e-12 1
6 117 211 984.899497229764 9.471473791037304e-12 1
6 117 212 985.7620740967512 9.460170483479446e-12 1
6 117 213 986.6246509636915 9.448878166586828e-12 1
6 117 214 987.6746313112785 9.437667129987536e-12 1
6 117 215 988.9532674780173 9.426764044114416e-12 1
6 117 216 990.2319036447864 9.415886121261485e-12 1
6 117 217 991.5105398115255 9.404944107300491e-12 1
6 117 218 992.6598871693469 9.394351776664825e-12 1
6 117 219 993.4821338407119 9.38386611228515e-12 1
6 117 220 994.304380512013 9.373403829310673e-12 1
6 117 221 995.1266271832601 9.363217003685375e-12 1
6 117 222 995.9530196701528 9.353153879837447e-12 1
6 117 223 996.795240635478 9.343098474970732e-12 1
6 117 224 997.6390974557256 9.333110518751473e-12 1
6 117 225 998.4829542759634 9.323445011961668e-12 1
6 117 226 999.278100933502 9.313832467170317e-12 1
6 117 227 999.824162733089 9.304258132253212e-12 1
6 117 228 1000.3028961809731 9.295086902331769e-12 1
6 117 229 1000.7816296288943 9.28593373481356e-12 1
6 117 230 1001.290173171732 9.27675153018474e-12 1
6 117 231 1002.0481296315115 9.267833684636536e-12 1
6 117 232 1002.9221119443781 9.259142101685994e-12 1
6 117 233 1003.7960942571979 9.250469269147535e-12 1
6 117 234 1004.6611062585213 9.241963542635761e-12 1
6 117 235 1005.2357680406901 9.233720151594154e-12 1
6 117 236 1005.6082449742772 9.225491452871604e-12 1
6 117 237 1005.9807219078845 9.21724593059328e-12 1
6 117 238 1006.3531988414816 9.209405417612154e-12 1
6 117 239 1006.6943803590356 9.201613750786806e-12 1
6 118 61 976.7213172791195 1.0753394195060379e-11 1
6 118 62 977.347773965522 1.0701206874477358e-11 1
6 118 63 976.083036980193 1.0669592149162899e-11 1
6 118 64 976.0401174482946 1.0650084908055313e-11 1
6 118 65 977.4123446846264 1.0637659750846058e-11 1
6 118 66 977.7503290423688 1.062977315644879e-11 1
6 118 67 978.4262977578587 1.0624479198046471e-11 1
6 118 68 978.6865423034361 1.0620471853475498e-11 1
6 118 69 978.7656384188327 1.0616514095968616e-11 1
6 118 70 978.8447345342341 1.0612559287108403e-11 1
6 118 71 978.9238306496308 1.0608763771359156e-11 1
6 118 72 978.9478948783033 1.0605034047397635e-11 1
6 118 73 978.7894368553076 1.0601300943883297e-11 1
6 118 74 978.6103258035214 1.0597609099209872e-11 1
6 118 75 978.4312147517381 1.0594087903250183e-11 1
6 118 76 978.2608050958889 1.0590587206280122e-11 1
6 118 77 978.1304707360847 1.0587098816061551e-11 1
6 118 78 978.0108604615319 1.0583821173109694e-11 1
6 118 79 977.8912501869783 1.0580545558970188e-11 1
6 118 80 977.8112186676954 1.0577256681415035e-11 1
6 118 81 978.0482404110483 1.0574106676493972e-11 1
6 118 82 978.4245961043578 1.0571022215979187e-11 1
6 118 83 978.8009517976352 1.0567939582611969e-11 1
6 118 84 979.176386245714 1.056493466752782e-11 1
6 118 85 979.5115358306489 1.0562044664673177e-11 1
6 118 86 979.8212056233899 1.0559149979469443e-11 1
6 118 87 980.1308754161552 1.0556264577284728e-11 1
6 118 88 980.4405452088964 1.0553531016581783e-11 1
6 118 89 980.5803397839463 1.0550775522139476e-11 1
6 118 90 980.5399936452785 1.054802146622379e-11 1
6 118 91 980.4946894039022 1.054536385991831e-11 1
6 118 92 980.4493851625243 1.0542745932545727e-11 1
6 118 93 980.3750637965139 1.0540135236765697e-11 1
6 118 94 980.2445206082956 1.0537600931372729e-11 1
6 118 95 980.1111543729659 1.0535066351288284e-11 1
6 118 96 979.9777881376403 1.0532503299099802e-11 1
6 118 97 979.8707193896701 1.0529942979003275e-11 1
6 118 98 979.8753593010659 1.0527414887403422e-11 1
6 118 99 979.8873544262194 1.0524888009430863e-11 1
6 118 100 979.8993495513739 1.0522400403687113e-11 1
6 118 101 979.9220159905243 1.051986547285919e-11 1
6 118 102 980.2370249707893 1.0517293607642165e-11 1
6 118 103 980.5746991097695 1.051473480670934e-11 1
6 118 104 980.9123732487394 1.051222663111337e-11 1
6 118 105 981.2500473877354 1.0509572828597766e-11 1
6 118 106 981.6361282792612 1.0506872580073798e-11 1
6 118 107 982.0346123244723 1.0504164665911977e-11 1
6 118 108 982.433096369707 1.0501269307512532e-11 1
6 118 109 982.8315804149179 1.0498375544821163e-11 1
6 118 110 983.2141167729577 1.04955581949269e-11 1
6 118 111 983.5872425588268 1.049259736066819e-11 1
6 118 112 983.9603683447025 1.0489366844677888e-11 1
6 118 113 984.3334941305715 1.048613331929446e-11 1
6 118 114 984.7224226394848 1.0482764116800342e-11 1
6 118 115 985.129771500526 1.0479066338251141e-11 1
6 118 116 985.5371203615355 1.047531170318673e-11 1
6 118 117 985.9444692225485 1.0471534236466012e-11 1
6 118 118 986.2580079230992 1.0467186771749507e-11 1
6 118 119 986.346943450886 1.046275107033433e-11 1
6 118 120 986.4358789786753 1.0458319126779429e-11 1
6 118 121 986.5248145064639 1.045334285070444e-11 1
6 118 122 986.6249849653118 1.0448150258144231e-11 1
6 118 123 986.7641084670475 1.0442968526142682e-11 1
6 118 124 986.9075220990201 1.0437505937823712e-11 1
6 118 125 987.050935731004 1.0431522265757328e-11 1
6 118 126 987.1987506614138 1.0425551196846697e-11 1
6 118 127 987.3674963082473 1.04195482389634e-11 1
6 118 128 987.5418711779715 1.0412755064574944e-11 1
6 118 129 987.7162460476719 1.0405993454808346e-11 1
6 118 130 987.9175619279301 1.0399240620759095e-11 1
6 118 131 988.3371030443175 1.0391942904557078e-11 1
6 118 132 988.8545274204819 1.0384432234332143e-11 1
6 118 133 989.3719517966364 1.037692279065574e-11 1
6 118 134 989.8847335491915 1.0369059802033807e-11 1
6 118 135 990.2176282130608 1.0360790597382857e-11 1
6 118 136 990.4328904418255 1.0352569276845552e-11 1
6 118 137 990.6481526705923 1.0344323546205829e-11 1
6 118 138 990.8634148993652 1.0335345080077395e-11 1
6 118 139 991.0701031814743 1.0326460130550444e-11 1
6 118 140 991.2675731569254 1.0317590444088578e-11 1
6 118 141 991.4647630194922 1.0308247364743818e-11 1
6 118 142 991.6619528820534 1.0298724293828437e-11 1
6 118 143 991.847220835001 1.0289203688915114e-11 1
6 118 144 992.0094071591982 1.0279403099486205e-11 1
6 118 145 992.1702709622507 1.0269317194896448e-11 1
6 118 146 992.3311347653125 1.0259251063003154e-11 1
6 118 147 992.5206401835918 1.0249065464165478e-11 1
6 118 148 992.82944954771 1.02383477962177e-11 1
6 118 149 993.1473291523602 1.022776089558417e-11 1
6 118 150 993.4652087570165 1.0217195866973116e-11 1
6 118 151 993.7772223148005 1.0206151914822286e-11 1
6 118 152 993.9495109679266 1.0195111471659306e-11 1
6 118 153 994.1092121097687 1.0184100021857743e-11 1
6 118 154 994.2689132515983 1.0172924138624452e-11 1
6 118 155 994.4286143934296 1.0161465161025073e-11 1
6 118 156 994.613542945375 1.0150031969605585e-11 1
6 118 157 994.805162638342 1.013848277789772e-11 1
6 118 158 994.9967823313144 1.0126557813338801e-11 1
6 118 159 995.1884020242851 1.0114788971716803e-11 1
6 118 160 995.3488361464723 1.0103047453269093e-11 1
6 118 161 995.4904171736082 1.0091072146848743e-11 1
6 119 54 972.0373860042611 1.138557970057825e-11 1
6 119 55 974.1379872399656 1.127549225881073e-11 1
6 119 56 975.6306778256692 1.1166040856219055e-11 1
6 119 57 976.2832147845116 1.1060102450899321e-11 1
6 119 58 977.6872942067264 1.095942199193282e-11 1
6 119 59 979.6275271419396 1.0865548963671218e-11 1
6 119 60 981.2906682434405 1.0779773031103998e-11 1
6 119 61 982.4905269870885 1.0708591296472148e-11 1
6 119 62 984.1260467634827 1.0659758845903422e-11 1
6 119 63 985.2709992680857 1.0630185775492689e-11 1
6 119 64 985.8712798679778 1.061186280399358e-11 1
6 119 65 986.4553468416868 1.0600186203404314e-11 1
6 119 66 986.5150046323781 1.0592716592537556e-11 1
6 119 67 986.6343202137617 1.0587760281624443e-11 1
6 119 68 986.7441309201134 1.0583954836034466e-11 1
6 119 69 986.9708073828286 1.058017489276308e-11 1
6 119 70 987.1974838455577 1.057639764845827e-11 1
6 119 71 987.4241603082728 1.057274266497996e-11 1
6 119 72 987.62016658981 1.0569139440146909e-11 1
6 119 73 987.7144501999655 1.0565538698647436e-11 1
6 119 74 987.7972235353963 1.0561997318897858e-11 1
6 119 75 987.8799968708254 1.0558551475856412e-11 1
6 119 76 987.9656472672392 1.0555107880488653e-11 1
6 119 77 988.0645483043363 1.0551686242484143e-11 1
6 119 78 988.1669951917149 1.0548408891970636e-11 1
6 119 79 988.2694420790945 1.0545121561293786e-11 1
6 120 48 964.3048631967778 1.184607937015121e-11 1
6 120 49 965.2909174428115 1.1772481987303479e-11 1
6 120 50 966.413152634042 1.1690778861171886e-11 1
6 120 51 967.8780822506698 1.1601809411707585e-11 1
6 120 52 969.6974316897961 1.1506781743828891e-11 1
6 120 53 971.7406338430158 1.1407119998289978e-11 1
6 120 54 973.9638106760043 1.1304516832435836e-11 1
6 120 55 975.5545437999301 1.1200733426835944e-11 1
6 120 56 976.883675246836 1.1097561534075478e-11 1
6 120 57 978.8120014263532 1.099752302929308e-11 1
6 121 48 964.6103780247945 1.1748293712020087e-11 1
6 121 49 966.0712562447671 1.1675344231799142e-11 1
6 121 50 967.1642033266666 1.1595692270086926e-11 1
6 121 51 968.408368554928 1.1516556279753315e-11 1
