2 113 272 1016.3092474396504 8.454411023420913e-11 1
2 113 273 1006.8328367841037 9.621629874971682e-11 1
2 113 274 991.9551432913535 9.621629874971682e-11 1
2 114 266 990.7866258233099 6.642782373579309e-11 1
2 114 267 996.9125718260062 6.268341116044766e-11 1
2 114 268 1004.007659681644 5.984726088640311e-11 1
2 114 269 1019.2554083623467 5.835173320064869e-11 1
2 114 270 1023.8625609166362 5.973437253905326e-11 1
2 114 271 1025.2483391343876 6.531448132448565e-11 1
2 114 272 1023.7025398660472 7.543363472936246e-11 1
2 114 273 1019.2832417205423 8.080150516474462e-11 1
2 114 274 1007.9021858512965 8.080150516474462e-11 1
2 115 260 1015.9379986433646 6.282302319949792e-11 1
2 115 261 1017.2669057832678 6.359381653386679e-11 1
2 115 262 1018.6693218688613 6.527582018821457e-11 1
2 115 263 1020.7961819905597 6.727919894355275e-11 1
2 115 264 1021.6136729313448 6.834742241129968e-11 1
2 115 265 1022.2827963957893 6.742996592232429e-11 1
2 115 266 1018.223886627419 6.456387907107484e-11 1
2 115 267 1025.5857999833659 6.099713760662053e-11 1
2 115 268 1026.6388918609625 5.788113116800752e-11 1
2 115 269 1029.56251603468 5.606064330397174e-11 1
2 116 199 962.3352966916423 5.749030874618514e-11 1
2 116 200 962.7930158215426 5.772327823817095e-11 1
2 116 201 963.2560565442823 5.794109259628406e-11 1
2 116 202 963.8313657246998 5.815880268401228e-11 1
2 116 203 964.4182152417854 5.837830302885134e-11 1
2 116 204 965.005064758887 5.859185261439688e-11 1
2 116 205 965.591914275982 5.879441028853523e-11 1
2 116 206 966.3690272375254 5.899837334396478e-11 1
2 116 207 967.1983424438173 5.91977139835103e-11 1
2 116 208 968.0276576500864 5.938280285853853e-11 1
2 116 209 968.85697285642 5.956905276958562e-11 1
2 116 210 969.6397444699024 5.975368715767722e-11 1
2 116 211 970.3936932162947 5.992474826704133e-11 1
2 116 212 971.1476419627281 6.009219389433516e-11 1
2 116 213 971.9015907091206 6.025986365516569e-11 1
2 116 214 972.6631790986612 6.04150672500393e-11 1
2 116 215 973.4340888137717 6.056126647477942e-11 1
2 116 216 974.2049985289003 6.071016614003981e-11 1
2 116 217 974.975908244011 6.08586059504822e-11 1
2 116 218 975.903790754741 6.098428080631084e-11 1
2 116 219 977.2288144386006 6.11139771231909e-11 1
2 116 220 978.5538381223577 6.124422627055169e-11 1
2 116 221 979.8788618060273 6.13603558343969e-11 1
2 116 222 981.0948324060026 6.147098103258584e-11 1
2 116 223 981.8944447827104 6.158163183698871e-11 1
2 116 224 982.6510270197732 6.16830896850713e-11 1
2 116 225 983.4076092568272 6.177532759794514e-11 1
2 116 226 984.236592049654 6.186877138928655e-11 1
2 116 227 985.4358031713713 6.196170838560544e-11 1
2 116 228 986.7350880724924 6.203839374871616e-11 1
2 116 229 988.0343729737143 6.211526916249335e-11 1
2 116 230 989.4001529480068 6.219207102501381e-11 1
2 116 231 991.3222790254514 6.225880534375933e-11 1
2 116 232 993.5032149994485 6.231967532672939e-11 1
2 116 233 995.6841509733288 6.238060794850993e-11 1
2 116 234 997.8456124000625 6.24373438087789e-11 1
2 116 235 999.3767234720071 6.24844739760803e-11 1
2 116 236 1000.4688912174717 6.253018953530685e-11 1
2 116 237 1001.5610589629945 6.25753540809828e-11 1
2 116 238 1002.6532267084881 6.260767077850323e-11 1
2 116 239 1003.4959762685904 6.264002087283294e-11 1
2 116 240 1004.062061628322 6.267426705066069e-11 1
2 116 241 1004.6185117580677 6.269967848558341e-11 1
2 116 242 1005.1749618878281 6.272061462772325e-11 1
2 116 243 1005.8126977870742 6.2742092398068e-11 1
2 116 244 1006.6081348645325 6.276391115931567e-11 1
2 116 245 1007.4147094835967 6.277741832040752e-11 1
2 116 246 1008.2212841026395 6.278954386845813e-11 1
2 116 247 1009.0863748722971 6.280147102878783e-11 1
2 116 248 1010.1868895224289 6.280816925664149e-11 1
2 116 249 1011.3100469204152 6.28126118792086e-11 1
2 116 250 1012.4332043184608 6.281705513030173e-11 1
2 116 251 1013.5127056003979 6.281770261619474e-11 1
2 116 252 1013.764536049951 6.281681750999578e-11 1
2 116 253 1013.9206604486438 6.281624847376856e-11 1
2 116 254 1014.0767848473406 6.281611521304087e-11 1
2 116 255 1014.2329092460335 6.280941808681549e-11 1
2 116 256 1014.4028103997887 6.279721752641975e-11 1
2 116 257 1014.6393720599818 6.277188356404447e-11 1
2 116 258 1015.063340590741 6.273004571038367e-11 1
2 116 259 1016.3362032233797 6.266927000197749e-11 1
2 116 260 1017.5032273728492 6.267584299690933e-11 1
2 116 261 1019.0181551027863 6.304250998430494e-11 1
2 116 262 1020.4267981539316 6.391522549882335e-11 1
2 116 263 1023.0361801827119 6.558131668982339e-11 1
2 117 121 971.0943895373808 4.114911858786033e-11 1
2 117 122 971.0774052144361 4.122383170702647e-11 1
2 117 123 970.8388271675059 4.1298788632818476e-11 1
2 117 124 970.5758436860905 4.1381852808478556e-11 1
2 117 125 970.3128602046545 4.147814340564878e-11 1
2 117 126 970.0723644337136 4.157488316124664e-11 1
2 117 127 969.9388107158136 4.167314936926039e-11 1
2 117 128 969.8340185863657 4.1788352502315764e-11 1
2 117 129 969.7292264569321 4.190511514547248e-11 1
2 117 130 969.6791705148494 4.2022532120027676e-11 1
2 117 131 970.0724838886553 4.2150288080239004e-11 1
2 117 132 970.6646671763707 4.2284180656879315e-11 1
2 117 133 971.256850464075 4.241896724433293e-11 1
2 117 134 971.8403703434105 4.255935489578789e-11 1
2 117 135 972.0882103472917 4.270849194028686e-11 1
2 117 136 972.1165413166713 4.2858677876263714e-11 1
2 117 137 972.144872286051 4.3009941567502504e-11 1
2 117 138 972.1732032554319 4.317163339890952e-11 1
2 117 139 972.1754909347922 4.333425312111767e-11 1
2 117 140 972.1497780861167 4.349810259364049e-11 1
2 117 141 972.1232143969511 4.3667175144473285e-11 1
2 117 142 972.0966507077861 4.383875874112792e-11 1
2 117 143 972.4541725355053 4.401168385251194e-11 1
2 117 144 973.5553100735959 4.418686959898273e-11 1
2 117 145 974.6990549824723 4.436492689539536e-11 1
2 117 146 975.842799891415 4.454442501236855e-11 1
2 117 147 976.9873001047476 4.472597259647031e-11 1
2 117 148 978.1349464675625 4.4911046025253727e-11 1
2 117 149 979.2828320205457 4.5095744364384036e-11 1
2 117 150 980.4307175735515 4.5281968134417705e-11 1
2 117 151 981.5497911795204 4.547161747251144e-11 1
2 117 152 981.9825854833621 4.5663627985913135e-11 1
2 117 153 982.3535543847447 4.5858056425282536e-11 1
2 117 154 982.7245232860985 4.60639625622806e-11 1
2 117 155 983.0954921874562 4.627092918383596e-11 1
2 117 156 983.6842214645621 4.6475616938491716e-11 1
2 117 157 984.3307079739146 4.668307927150704e-11 1
2 117 158 984.9771944832854 4.690910004890216e-11 1
2 117 159 985.6236809926501 4.712944801749523e-11 1
2 117 160 986.0457012421988 4.735187585436894e-11 1
2 117 161 986.3320214347037 4.758186867179649e-11 1
2 117 162 986.6183416272005 4.781633104021788e-11 1
2 117 163 986.9046618197194 4.805395973870838e-11 1
2 117 164 986.951651332646 4.829782111612511e-11 1
2 117 165 986.7132278611926 4.8540111324678963e-11 1
2 117 166 986.4748043897258 4.8784844729429077e-11 1
2 117 167 986.2363809182725 4.902966481732043e-11 1
2 117 168 985.8941115415466 4.9266091189792456e-11 1
2 117 169 985.2962997900667 4.9507737388935566e-11 1
2 117 170 984.6984880386038 4.975176578273964e-11 1
2 117 171 984.1006762870946 4.998752669345271e-11 1
2 117 172 983.4944417978955 5.0223031491211934e-11 1
2 117 173 982.8576034976979 5.0460818893661616e-11 1
2 117 174 982.2174947812372 5.0696408649431265e-11 1
2 117 175 981.5773860648621 5.092683545596178e-11 1
2 117 176 980.9821091672663 5.115936651217625e-11 1
2 117 177 980.6075873605159 5.139473352224097e-11 1
2 117 178 980.292635353808 5.162351021070071e-11 1
2 117 179 979.9776833471068 5.1852367402240875e-11 1
2 117 180 979.6487679416739 5.208326276744475e-11 1
2 117 181 979.2051021599713 5.230906639842697e-11 1
2 117 182 978.7089809362808 5.2533922237769384e-11 1
2 117 183 978.2128597125848 5.276126558629413e-11 1
2 117 184 977.7255357893209 5.2989000143108806e-11 1
2 117 185 977.5470018918542 5.320935614962373e-11 1
2 117 186 977.5769709568618 5.3431552520635485e-11 1
2 117 187 977.606940021869 5.36606234177893e-11 1
2 117 188 977.6369090868769 5.3881887852220264e-11 1
2 117 189 977.6810890701364 5.409918931399461e-11 1
2 117 190 977.7407788767688 5.4318250592753127e-11 1
2 117 191 977.8009777194377 5.453146996637571e-11 1
2 117 192 977.8611765621018 5.4743268491201855e-11 1
2 117 193 977.9960125555491 5.495787721454552e-11 1
2 117 194 978.2754136118531 5.517797962623594e-11 1
2 117 195 978.5640822687064 5.538612698742584e-11 1
2 117 196 978.8527509255678 5.559258775746171e-11 1
2 117 197 979.317261868638 5.5799941818149386e-11 1
2 117 198 980.5010826733335 5.599514841224474e-11 1
2 117 199 981.7468678750622 5.6191725595165656e-11 1
2 117 200 982.9926530767569 5.639335568475138e-11 1
2 117 201 984.2061873364607 5.658978679890008e-11 1
2 117 202 984.7393306564934 5.677389991770782e-11 1
2 117 203 985.202535004679 5.695895320585901e-11 1
2 117 204 985.6657393528775 5.7138627566963245e-11 1
2 117 205 986.1289437010707 5.730857993826531e-11 1
2 117 206 986.8899794954225 5.747954633379778e-11 1
2 117 207 987.7327307768724 5.7659085168459803e-11 1
2 117 208 988.5754820582994 5.7820993486591146e-11 1
2 117 209 989.4182333397916 5.7977873463402253e-11 1
2 117 210 990.2732281839362 5.813560705004541e-11 1
2 117 211 991.1358050508761 5.828023045403837e-11 1
2 117 212 991.9983819178633 5.841990857921149e-11 1
2 117 213 992.8609587848035 5.856160693231488e-11 1
2 117 214 993.9109391323906 5.870266098032324e-11 1
2 117 215 995.1895752991294 5.882569159235047e-11 1
2 117 216 996.4682114658984 5.894923898918478e-11 1
2 117 217 997.7468476326376 5.908297442241329e-11 1
2 117 218 998.896194990459 5.919919023496899e-11 1
2 117 219 999.7184416618239 5.930688679594263e-11 1
2 117 220 1000.5406883331251 5.941497591931483e-11 1
2 117 221 1001.3629350043722 5.951172312840605e-11 1
2 117 222 1002.1893274912649 5.960403338700972e-11 1
2 117 223 1003.03154845659 5.969793339154983e-11 1
2 117 224 1003.8754052768377 5.979520979528857e-11 1
2 117 225 1004.7192620970754 5.98757678415812e-11 1
2 117 226 1005.514408754614 5.995303344607584e-11 1
2 117 227 1006.0604705542011 6.00298568542795e-11 1
2 117 228 1006.5392040020852 6.009344985045889e-11 1
2 117 229 1007.0179374500063 6.015717772478152e-11 1
2 117 230 1007.5264809928441 6.022447303972698e-11 1
2 117 231 1008.2844374526236 6.028561693532615e-11 1
2 117 232 1009.1584197654902 6.033626626791899e-11 1
2 117 233 1010.0324020783099 6.038681937434864e-11 1
2 117 234 1010.8974140796333 6.043278012675113e-11 1
2 117 235 1011.4720758618022 6.047113902295309e-11 1
2 117 236 1011.8445527953893 6.050954664567295e-11 1
2 117 237 1012.2170297289965 6.055158924347356e-11 1
2 117 238 1012.5895066625936 6.05823529556758e-11 1
2 117 239 1012.9306881801476 6.060990221949261e-11 1
2 118 61 982.9576251002316 4.6114395748623315e-11 1
2 118 62 983.5840817866341 4.5994549336495706e-11 1
2 118 63 982.3193448013051 4.576177641372486e-11 1
2 118 64 982.2764252694067 4.5511383760917e-11 1
2 118 65 983.6486525057385 4.531245480817762e-11 1
2 118 66 983.9866368634808 4.516483431494836e-11 1
2 118 67 984.6626055789708 4.5061379521696723e-11 1
2 118 68 984.9228501245482 4.49696042139822e-11 1
2 118 69 985.0019462399448 4.48827085218999e-11 1
2 118 70 985.0810423553462 4.479614800282574e-11 1
2 118 71 985.1601384707428 4.470608148619826e-11 1
2 118 72 985.1842026994153 4.461483281590524e-11 1
2 118 73 985.0257446764197 4.4523265684064016e-11 1
2 118 74 984.8466336246335 4.442529843285812e-11 1
2 118 75 984.6675225728502 4.4328129233090265e-11 1
2 118 76 984.497112917001 4.423313936442577e-11 1
2 118 77 984.3667785571968 4.413830087634169e-11 1
2 118 78 984.247168282644 4.403857260500142e-11 1
2 118 79 984.1275580080903 4.393929397973687e-11 1
2 118 80 984.0475264888074 4.383935954985354e-11 1
2 118 81 984.2845482321603 4.3739273868670825e-11 1
2 118 82 984.6609039254698 4.363951112402583e-11 1
2 118 83 985.0372596187473 4.354019046369892e-11 1
2 118 84 985.412694066826 4.3442119875225785e-11 1
2 118 85 985.747843651761 4.334480378038222e-11 1
2 118 86 986.057513444502 4.3247366496199196e-11 1
2 118 87 986.3671832372672 4.3150590385179314e-11 1
2 118 88 986.6768530300085 4.305835023187671e-11 1
2 118 89 986.8166476050584 4.296525395324895e-11 1
2 118 90 986.7763014663906 4.287255937226022e-11 1
2 118 91 986.7309972250142 4.278397645812245e-11 1
2 118 92 986.6856929836364 4.26972517140808e-11 1
2 118 93 986.611371617626 4.2610926323557726e-11 1
2 118 94 986.4808284294077 4.252617899776277e-11 1
2 118 95 986.3474621940779 4.2443971530599956e-11 1
2 118 96 986.2140959587524 4.236252008191902e-11 1
2 118 97 986.1070272107821 4.228167475372984e-11 1
2 118 98 986.111667122178 4.220725315908791e-11 1
2 118 99 986.1236622473315 4.213309308872355e-11 1
2 118 100 986.135657372486 4.205847521162421e-11 1
2 118 101 986.1583238116364 4.199286207584908e-11 1
2 118 102 986.4733327919014 4.1931321098853574e-11 1
2 118 103 986.8110069308816 4.1869553323971834e-11 1
2 118 104 987.1486810698515 4.180988393334375e-11 1
2 118 105 987.4863552088475 4.1761932438034576e-11 1
2 118 106 987.8724361003733 4.1716068783971946e-11 1
2 118 107 988.2709201455843 4.1671115872245187e-11 1
2 118 108 988.669404190819 4.164313834948571e-11 1
2 118 109 989.06788823603 4.161519836911452e-11 1
2 118 110 989.4504245940698 4.158483202581627e-11 1
2 118 111 989.8235503799389 4.1566564692907956e-11 1
2 118 112 990.1966761658146 4.155867746285654e-11 1
2 118 113 990.5698019516835 4.15509150788611e-11 1
2 118 114 990.9587304605968 4.155002342868842e-11 1
2 118 115 991.366079321638 4.1562696052782823e-11 1
2 118 116 991.7734281826475 4.157668152448336e-11 1
2 118 117 992.1807770436606 4.159166157030653e-11 1
2 118 118 992.4943157442112 4.162592940010983e-11 1
2 118 119 992.583251271998 4.165727548197135e-11 1
2 118 120 992.6721867997874 4.1688668809256365e-11 1
2 118 121 992.761122327576 4.173052772716676e-11 1
2 118 122 992.8612927864239 4.177668684284264e-11 1
2 118 123 993.0004162881596 4.18239470150887e-11 1
2 118 124 993.1438299201321 4.188640767279093e-11 1
2 118 125 993.287243552116 4.195433442364374e-11 1
2 118 126 993.4350584825258 4.201831899302224e-11 1
2 118 127 993.6038041293593 4.208402954712197e-11 1
2 118 128 993.7781789990836 4.2177936081424016e-11 1
2 118 129 993.952553868784 4.2262962581890195e-11 1
2 118 130 994.1538697490422 4.234833258466369e-11 1
2 118 131 994.5734108654295 4.244858641451601e-11 1
2 118 132 995.0908352415939 4.2555216241515656e-11 1
2 118 133 995.6082596177484 4.2664040314745e-11 1
2 118 134 996.1210413703036 4.279158455097513e-11 1
2 118 135 996.4539360341729 4.2921730951257914e-11 1
2 118 136 996.6691982629376 4.3048256047514363e-11 1
2 118 137 996.8844604917043 4.317658355077709e-11 1
2 118 138 997.0997227204773 4.332485645394158e-11 1
2 118 139 997.3064110025864 4.346736499578541e-11 1
2 118 140 997.5038809780375 4.361081413884629e-11 1
2 118 141 997.7010708406043 4.376247546141577e-11 1
2 118 142 997.8982607031654 4.391814844519374e-11 1
2 118 143 998.0835286561131 4.4075835792664e-11 1
2 118 144 998.2457149803103 4.424100439465616e-11 1
2 118 145 998.4065787833628 4.440677654632453e-11 1
2 118 146 998.5674425864246 4.4573795675257585e-11 1
2 118 147 998.7569480047039 4.474650771032639e-11 1
2 118 148 999.0657573688221 4.4922144579679864e-11 1
2 118 149 999.3836369734722 4.509641224019641e-11 1
2 118 150 999.7015165781286 4.527203724857347e-11 1
2 118 151 1000.0135301359126 4.545168970179615e-11 1
2 118 152 1000.1858187890386 4.5630507726507546e-11 1
2 118 153 1000.3455199308808 4.5810642681220396e-11 1
2 118 154 1000.5052210727104 4.599124388058967e-11 1
2 118 155 1000.6649222145417 4.6171687025435983e-11 1
2 118 156 1000.8498507664871 4.6353551657267984e-11 1
2 118 157 1001.0414704594541 4.653891639132121e-11 1
2 118 158 1001.2330901524265 4.672241998958203e-11 1
2 118 159 1001.4247098453972 4.6903712595255517e-11 1
2 118 160 1001.5851439675844 4.7086417586520946e-11 1
2 118 161 1001.7267249947203 4.7268278142990257e-11 1
2 119 54 978.2736938253731 5.047679805603366e-11 1
2 119 55 980.3742950610776 4.9741332704618606e-11 1
2 119 56 981.8669856467812 4.8434943492445626e-11 1
2 119 57 982.5195226056237 4.6982271592989194e-11 1
2 119 58 983.9236020278385 4.5968382467601136e-11 1
2 119 59 985.8638349630517 4.56088138230651e-11 1
2 119 60 987.5269760645525 4.576137329103683e-11 1
2 119 61 988.7268348082006 4.5858073737847694e-11 1
2 119 62 990.3623545845948 4.582714878201363e-11 1
2 119 63 991.5073070891978 4.5694731380461584e-11 1
2 119 64 992.1075876890899 4.554147147032457e-11 1
2 119 65 992.6916546627989 4.5414880905015046e-11 1
2 119 66 992.7513124534902 4.532160975210509e-11 1
2 119 67 992.8706280348738 4.526198135948412e-11 1
2 119 68 992.9804387412255 4.520496694425213e-11 1
2 119 69 993.2071152039407 4.5155209856072754e-11 1
2 119 70 993.4337916666698 4.510556218267304e-11 1
2 119 71 993.6604681293849 4.504616177189451e-11 1
2 119 72 993.856474410922 4.4994750365433983e-11 1
2 119 73 993.9507580210776 4.4943790275081975e-11 1
2 119 74 994.0335313565083 4.489031236631685e-11 1
2 119 75 994.1163046919374 4.483265908785107e-11 1
2 119 76 994.2019550883513 4.4775153709316584e-11 1
2 119 77 994.3008561254484 4.470816752391915e-11 1
2 119 78 994.403303012827 4.4633192911390235e-11 1
2 119 79 994.5057499002065 4.4565903545696324e-11 1
2 120 48 970.5411710178898 4.985848028599102e-11 1
2 120 49 971.5272252639236 5.053262264656096e-11 1
2 120 50 972.6494604551541 5.091163691293989e-11 1
2 120 51 974.1143900717818 5.1003720171872945e-11 1
2 120 52 975.9337395109081 5.080144189089031e-11 1
2 120 53 977.9769416641278 5.0322989994860456e-11 1
2 120 54 980.2001184971164 4.9536729418184057e-11 1
2 120 55 981.7908516210422 4.836684038733702e-11 1
2 120 56 983.119983067948 4.691968403200026e-11 1
2 120 57 985.0483092474652 4.5763896178979944e-11 1
2 121 48 970.8466858459066 5.002390227690845e-11 1
2 121 49 972.3075640658792 5.071938686425014e-11 1
2 121 50 973.4005111477786 5.100657955784175e-11 1
2 121 51 974.64467637604 5.089514602766015e-11 1
