5 98 267 964.1063755264072 1.8212521499813435e-11 1
5 98 268 983.8256748428072 1.9768134176170344e-11 1
5 98 269 1006.1126621474972 2.0478807345078532e-11 1
5 98 270 1000.2756870498372 2.182536676303063e-11 1
5 99 206 942.8473423232772 1.002614492363583e-11 1
5 99 207 942.8473423232772 1.0075163399283268e-11 1
5 99 208 942.8473423232772 1.0124510342471644e-11 1
5 99 209 942.8473423232772 1.0174343055734247e-11 1
5 99 210 945.8335483779672 1.0224287138427208e-11 1
5 99 211 945.8335483779672 1.0274432785487394e-11 1
5 99 212 945.8335483779672 1.0325072741757102e-11 1
5 99 213 945.8335483779672 1.0375850493289626e-11 1
5 99 214 948.6413486709372 1.0425852893744338e-11 1
5 99 215 948.6413486709372 1.0476934911895205e-11 1
5 99 216 948.6413486709372 1.0528519952736338e-11 1
5 99 217 948.6413486709372 1.0580021090064078e-11 1
5 99 218 948.6413486709372 1.0631223933085662e-11 1
5 99 219 950.6395786514072 1.0682924786628907e-11 1
5 99 220 950.6395786514072 1.0734212105240782e-11 1
5 99 221 950.6395786514072 1.0785268376595263e-11 1
5 99 222 950.6395786514072 1.0836812657838494e-11 1
5 99 223 957.5555942764072 1.0888273351561475e-11 1
5 99 224 957.5555942764072 1.093826835387048e-11 1
5 99 225 957.5555942764072 1.0989522412830875e-11 1
5 99 226 957.5555942764072 1.1041259061138279e-11 1
5 99 227 960.5688999404672 1.1092044855809356e-11 1
5 99 228 960.5688999404672 1.114234379581043e-11 1
5 99 229 960.5688999404672 1.1193556583963283e-11 1
5 99 230 960.5688999404672 1.1245046640579552e-11 1
5 99 231 964.8988559951572 1.1295107245761438e-11 1
5 99 232 964.8988559951572 1.1345615562835748e-11 1
5 99 233 964.8988559951572 1.1395797975972453e-11 1
5 99 234 964.8988559951572 1.1443844869039319e-11 1
5 99 235 969.7770908584372 1.1493363649332826e-11 1
5 99 236 969.7770908584372 1.1543312838512688e-11 1
5 99 237 969.7770908584372 1.1592621696551838e-11 1
5 99 238 969.7770908584372 1.1640898496232105e-11 1
5 99 239 979.4575718154672 1.1689579069259096e-11 1
5 99 240 979.4575718154672 1.1737107280119309e-11 1
5 99 241 979.4575718154672 1.1783790531575438e-11 1
5 99 242 979.4575718154672 1.1830846622538701e-11 1
5 99 243 979.4575718154672 1.1877429858490603e-11 1
5 99 244 983.1216953506172 1.192133534995704e-11 1
5 99 245 983.1216953506172 1.1966698857924034e-11 1
5 99 246 983.1216953506172 1.2012408922430982e-11 1
5 99 247 983.1216953506172 1.2056398216611714e-11 1
5 99 248 986.3064487685872 1.2099344533223443e-11 1
5 99 249 986.3064487685872 1.2143253339642447e-11 1
5 99 250 986.3064487685872 1.218720012456659e-11 1
5 99 251 986.3064487685872 1.222872705402719e-11 1
5 99 252 989.5411289443672 1.227053795059986e-11 1
5 99 253 989.5411289443672 1.2311609371756696e-11 1
5 99 254 989.5411289443672 1.23496184255175e-11 1
5 99 255 989.5411289443672 1.2389035687689366e-11 1
5 99 256 994.5234287490572 1.242870537799576e-11 1
5 99 257 994.5234287490572 1.2466412284179437e-11 1
5 99 258 994.5234287490572 1.251172093022556e-11 1
5 99 259 996.7362583389072 1.2579943977246493e-11 1
5 99 260 996.7362583389072 1.2674091513262014e-11 1
5 99 261 998.9924839248372 1.2800968276317514e-11 1
5 99 262 1000.3296421279672 1.2959819203080024e-11 1
5 99 263 1001.4485386123372 1.313854381766798e-11 1
5 99 264 1003.3459995498372 1.3350154962615249e-11 1
5 99 265 1006.2362583389072 1.3801751710109388e-11 1
5 99 266 1009.1760166396872 1.4730252917739665e-11 1
5 99 267 1011.2386997451572 1.6651739150870823e-11 1
5 99 268 1015.9681308974972 1.8566648818479336e-11 1
5 100 43 959.0398472060872 7.857712003832472e-12 1
5 100 44 959.2374180068672 7.853515768051484e-12 1
5 100 45 959.2374180068672 7.849263236050275e-12 1
5 100 46 959.2374180068672 7.845231294696759e-12 1
5 100 47 959.2374180068672 7.842150237955064e-12 1
5 100 48 961.6810825576572 7.838060132114522e-12 1
5 100 49 961.6810825576572 7.833592561489627e-12 1
5 100 50 961.6810825576572 7.829119410261401e-12 1
5 100 51 961.6810825576572 7.824548516437739e-12 1
5 100 52 961.5142734756172 7.819982956771953e-12 1
5 100 53 961.5142734756172 7.8159384843416e-12 1
5 100 54 961.5142734756172 7.812271326784093e-12 1
5 100 55 961.5142734756172 7.807672639929689e-12 1
5 100 56 960.2155674209372 7.803079363916406e-12 1
5 100 57 960.2155674209372 7.798531334281029e-12 1
5 100 58 960.2155674209372 7.794041959580128e-12 1
5 100 59 960.2155674209372 7.78955775069538e-12 1
5 100 60 957.9263828506172 7.785652190414678e-12 1
5 100 61 957.9263828506172 7.781381346074247e-12 1
5 100 62 957.9263828506172 7.777115184735542e-12 1
5 100 63 957.9263828506172 7.773125729030543e-12 1
5 100 64 956.8723057021872 7.769576515032672e-12 1
5 100 65 956.8723057021872 7.76568490396303e-12 1
5 100 66 956.8723057021872 7.761797189387552e-12 1
5 100 67 956.8723057021872 7.758096401650034e-12 1
5 100 68 956.8723057021872 7.754644306828024e-12 1
5 100 69 959.7418125381172 7.751195282774344e-12 1
5 100 70 959.7418125381172 7.748019826485263e-12 1
5 100 71 959.7418125381172 7.745161547523795e-12 1
5 100 72 959.7418125381172 7.742305376648262e-12 1
5 100 73 960.9008701553072 7.73951924877438e-12 1
5 100 74 960.9008701553072 7.737279798140348e-12 1
5 100 75 960.9008701553072 7.735126423527753e-12 1
5 100 76 960.9008701553072 7.732974247199837e-12 1
5 100 77 960.7280185928072 7.731157573090645e-12 1
5 100 78 960.7280185928072 7.729789770141208e-12 1
5 100 79 960.7280185928072 7.728422451091874e-12 1
5 100 80 960.7280185928072 7.727137615071639e-12 1
5 100 81 960.2064731826572 7.726644295782843e-12 1
5 100 82 960.2064731826572 7.726151039479452e-12 1
5 100 83 960.2064731826572 7.725635965093195e-12 1
5 100 84 960.2064731826572 7.725780487297872e-12 1
5 100 85 958.6548374404672 7.72622860808555e-12 1
5 100 86 958.6548374404672 7.726676780861199e-12 1
5 100 87 958.6548374404672 7.727507456068276e-12 1
5 100 88 958.6548374404672 7.728851208383916e-12 1
5 100 89 961.7659824599972 7.730195428116598e-12 1
5 100 90 961.7659824599972 7.731594051923754e-12 1
5 100 91 961.7659824599972 7.733843095988995e-12 1
5 100 92 961.7659824599972 7.736064244527979e-12 1
5 100 93 961.7659824599972 7.738286669254752e-12 1
5 100 94 963.4679477920272 7.74122477903261e-12 1
5 100 95 963.4679477920272 7.744236634630747e-12 1
5 100 96 963.4679477920272 7.747250834768681e-12 1
5 100 97 963.4679477920272 7.750710282534376e-12 1
5 100 98 962.6644809951572 7.75450423490518e-12 1
5 100 99 962.6644809951572 7.758182129043638e-12 1
5 100 100 962.6644809951572 7.761903782703584e-12 1
5 100 101 962.6644809951572 7.766017984736088e-12 1
5 100 102 958.7629917373372 7.770136550552384e-12 1
5 100 103 958.7629917373372 7.774622329651097e-12 1
5 100 104 958.7629917373372 7.77890693779863e-12 1
5 100 105 958.7629917373372 7.783017006017743e-12 1
5 100 106 961.4141147842172 7.787347945243885e-12 1
5 100 107 961.4141147842172 7.792783129865293e-12 1
5 100 108 961.4141147842172 7.796842449165983e-12 1
5 100 109 961.4141147842172 7.800263986368066e-12 1
5 100 110 963.8275058974972 7.803519040545058e-12 1
5 100 111 963.8275058974972 7.805140336329825e-12 1
5 100 112 963.8275058974972 7.806762305950654e-12 1
5 100 113 963.8275058974972 7.80971373702765e-12 1
5 100 114 967.2612827529672 7.809676459285796e-12 1
5 100 115 967.2612827529672 7.808280734503087e-12 1
5 100 116 967.2612827529672 7.807229562923899e-12 1
5 100 117 967.2612827529672 7.805558527330721e-12 1
5 100 118 967.2612827529672 7.801170785521149e-12 1
5 100 119 970.1895054092172 7.79697334568245e-12 1
5 100 120 970.1895054092172 7.792733435021552e-12 1
5 100 121 970.1895054092172 7.788045264570606e-12 1
5 100 122 970.1895054092172 7.783362731609409e-12 1
5 100 123 970.4246738662472 7.777970505242683e-12 1
5 100 124 970.4246738662472 7.772687768373249e-12 1
5 100 125 970.4246738662472 7.769540448287915e-12 1
5 100 126 970.4246738662472 7.766395675999338e-12 1
5 100 127 971.4844272842172 7.763011238292506e-12 1
5 100 128 971.4844272842172 7.760936525360132e-12 1
5 100 129 971.4844272842172 7.759605022199129e-12 1
5 100 130 971.4844272842172 7.75844344397736e-12 1
5 100 131 971.3242099990572 7.758917408132922e-12 1
5 100 132 971.3242099990572 7.759391430201065e-12 1
5 100 133 971.3242099990572 7.758792936002991e-12 1
5 100 134 971.3242099990572 7.760316696838443e-12 1
5 100 135 972.6267002334372 7.762846856110853e-12 1
5 100 136 972.6267002334372 7.76509113284869e-12 1
5 100 137 972.6267002334372 7.767045399876955e-12 1
5 100 138 972.6267002334372 7.771402161253414e-12 1
5 100 139 973.6384189834372 7.776160269936224e-12 1
5 100 140 973.6384189834372 7.78106695131252e-12 1
5 100 141 973.6384189834372 7.787698232957135e-12 1
5 100 142 973.6384189834372 7.794960745167935e-12 1
5 100 143 973.6384189834372 7.802236815509848e-12 1
5 100 144 974.8872593154672 7.81145711294458e-12 1
5 100 145 974.8872593154672 7.821308645639573e-12 1
5 100 146 974.8872593154672 7.831070056616783e-12 1
5 100 147 974.8872593154672 7.841689098612954e-12 1
5 100 148 975.5517490615572 7.854229727676783e-12 1
5 100 149 975.5517490615572 7.866810531576447e-12 1
5 100 150 975.5517490615572 7.87917190825184e-12 1
5 100 151 975.5517490615572 7.89405781211238e-12 1
5 100 152 976.6776645889072 7.909393208022846e-12 1
5 100 153 976.6776645889072 7.92478830253803e-12 1
5 100 154 976.6776645889072 7.942168978807483e-12 1
5 100 155 976.6776645889072 7.960235098887028e-12 1
5 100 156 980.3889072646872 7.978263500111429e-12 1
5 100 157 980.3889072646872 7.996696401899571e-12 1
5 100 158 980.3889072646872 8.017053249858186e-12 1
5 100 159 980.3889072646872 8.037785917048065e-12 1
5 100 160 982.2769077529672 8.058818429702198e-12 1
5 100 161 982.2769077529672 8.081827491434333e-12 1
5 100 162 982.2769077529672 8.104968317596775e-12 1
5 100 163 982.2769077529672 8.127682728374365e-12 1
5 100 164 982.9896152724972 8.151108588511688e-12 1
5 100 165 982.9896152724972 8.176300634296291e-12 1
5 100 166 982.9896152724972 8.201648881333366e-12 1
5 100 167 982.9896152724972 8.227056830611747e-12 1
5 100 168 982.9896152724972 8.25356197463308e-12 1
5 100 169 983.6401890029672 8.28072925311514e-12 1
5 100 170 983.6401890029672 8.308163346037682e-12 1
5 100 171 983.6401890029672 8.336628688313988e-12 1
5 100 172 983.6401890029672 8.36528975649973e-12 1
5 100 173 983.4094150771872 8.393395490255499e-12 1
5 100 174 983.4094150771872 8.422755503967558e-12 1
5 100 175 983.4094150771872 8.452899164200402e-12 1
5 100 176 983.4094150771872 8.483060789033288e-12 1
5 100 177 982.3765781631172 8.513301342972887e-12 1
5 100 178 982.3765781631172 8.54506870953084e-12 1
5 100 179 982.3765781631172 8.577143027310616e-12 1
5 100 180 982.3765781631172 8.60962344288079e-12 1
5 100 181 980.7797764053072 8.643949653970235e-12 1
5 100 182 980.7797764053072 8.678550675071721e-12 1
5 100 183 980.7797764053072 8.71348722773909e-12 1
5 100 184 980.7797764053072 8.750117900400364e-12 1
5 100 185 978.4312046279672 8.787487787063359e-12 1
5 100 186 978.4312046279672 8.825173471426801e-12 1
5 100 187 978.4312046279672 8.863876579371155e-12 1
5 100 188 978.4312046279672 8.903890228816187e-12 1
5 100 189 976.1892612685872 8.94426677876292e-12 1
5 100 190 976.1892612685872 8.984896970807619e-12 1
5 100 191 976.1892612685872 9.027058293557547e-12 1
5 100 192 976.1892612685872 9.06979719096813e-12 1
5 100 193 976.1892612685872 9.112942710910999e-12 1
5 100 194 977.6666172256172 9.15696094175177e-12 1
5 100 195 977.6666172256172 9.201924237358739e-12 1
5 100 196 977.6666172256172 9.247331277143468e-12 1
5 100 197 977.6666172256172 9.293258757721631e-12 1
5 100 198 976.9673374404672 9.340166393145767e-12 1
5 100 199 976.9673374404672 9.38774614772476e-12 1
5 100 200 976.9673374404672 9.43584738885805e-12 1
5 100 201 976.9673374404672 9.484778042620148e-12 1
5 100 202 975.8763340224972 9.534218812524804e-12 1
5 100 203 975.8763340224972 9.583730491606468e-12 1
5 100 204 975.8763340224972 9.633301682788697e-12 1
5 100 205 975.8763340224972 9.684309287644475e-12 1
5 100 206 981.2656772842172 9.73585993067717e-12 1
5 100 207 981.2656772842172 9.787901436641122e-12 1
5 100 208 981.2656772842172 9.84041977679303e-12 1
5 100 209 981.2656772842172 9.893504746121235e-12 1
5 100 210 983.5093906631172 9.94640628113435e-12 1
5 100 211 983.5093906631172 9.999926258142749e-12 1
5 100 212 983.5093906631172 1.0054635215126531e-11 1
5 100 213 983.5093906631172 1.0109946083538384e-11 1
5 100 214 986.5854404678072 1.0122226315224647e-11 1
5 100 215 986.5854404678072 1.0122226315224647e-11 1
5 100 216 986.5854404678072 1.031207171371261e-11 1
5 100 217 986.5854404678072 1.031207171371261e-11 1
5 100 218 986.5854404678072 1.031207171371261e-11 1
5 100 219 988.7768467178072 1.0502547271559205e-11 1
5 100 220 988.7768467178072 1.0502547271559205e-11 1
5 100 221 988.7768467178072 1.0502547271559205e-11 1
5 100 222 988.7768467178072 1.0698480017892103e-11 1
5 100 223 993.9797886123372 1.0698480017892103e-11 1
5 100 224 993.9797886123372 1.0698480017892103e-11 1
5 100 225 993.9797886123372 1.089843581104603e-11 1
5 100 226 993.9797886123372 1.089843581104603e-11 1
5 100 227 995.1719272842172 1.089843581104603e-11 1
5 100 228 995.1719272842172 1.089843581104603e-11 1
5 100 229 995.1719272842172 1.1100477820555986e-11 1
5 100 230 995.1719272842172 1.1100477820555986e-11 1
5 100 231 995.8557651748372 1.1100477820555986e-11 1
5 100 232 995.8557651748372 1.1302788875541652e-11 1
5 100 233 995.8557651748372 1.1302788875541652e-11 1
5 100 234 995.8557651748372 1.1302788875541652e-11 1
5 100 235 996.8331821670272 1.1504497016179679e-11 1
5 100 236 996.8331821670272 1.1504497016179679e-11 1
5 100 237 996.8331821670272 1.1504497016179679e-11 1
5 100 238 996.8331821670272 1.1504497016179679e-11 1
5 100 239 997.7569492568672 1.1504497016179679e-11 1
5 100 240 997.7569492568672 1.1504497016179679e-11 1
5 100 241 997.7569492568672 1.1504497016179679e-11 1
5 100 242 997.7569492568672 1.1504497016179679e-11 1
5 100 243 997.7569492568672 1.1832924223316503e-11 1
5 100 244 998.8954990615572 1.1832924223316503e-11 1
5 100 245 998.8954990615572 1.2014890279977605e-11 1
5 100 246 998.8954990615572 1.2014890279977605e-11 1
5 101 24 954.8303135146872 8.396055338460146e-12 1
5 101 25 956.1365879287472 8.366170373170636e-12 1
5 101 26 959.1893833389072 8.333350066139275e-12 1
5 101 27 962.8145054092172 8.254824535017892e-12 1
5 101 28 966.8331821670272 8.134554040427526e-12 1
5 101 29 968.4033725967172 8.035675563835927e-12 1
5 101 30 970.2834995498372 7.98353152272608e-12 1
5 101 31 971.9677036514072 7.947773391838911e-12 1
5 101 32 972.2172764053072 7.919148774420431e-12 1
5 101 33 972.6451328506172 7.897520697403273e-12 1
5 101 34 972.9823520889072 7.88185028822371e-12 1
5 101 35 973.8816440810872 7.87101925005881e-12 1
5 101 36 973.8816440810872 7.863707445962687e-12 1
5 101 37 973.8816440810872 7.857759095664783e-12 1
5 101 38 973.8816440810872 7.851674260660933e-12 1
5 101 39 974.2591465224972 7.845598842226727e-12 1
5 101 40 974.2591465224972 7.839534415006407e-12 1
5 101 41 974.2591465224972 7.833317652496332e-12 1
5 101 42 974.2591465224972 7.827110741977592e-12 1
5 101 43 974.2591465224972 7.820901747304624e-12 1
5 101 44 974.4999912490572 7.81455189614541e-12 1
5 101 45 974.4999912490572 7.808189078966994e-12 1
5 101 46 974.4999912490572 7.801836614910685e-12 1
5 101 47 974.4999912490572 7.795446345370134e-12 1
5 101 48 974.7282627334372 7.789034559649244e-12 1
5 101 49 974.7282627334372 7.782648053636657e-12 1
5 101 50 974.7282627334372 7.776265513942241e-12 1
5 101 51 974.7282627334372 7.76983083289063e-12 1
5 101 52 976.1829746474972 7.763406792135884e-12 1
5 101 53 976.1829746474972 7.756993365307837e-12 1
5 101 54 976.1829746474972 7.750623989523837e-12 1
5 101 55 976.1829746474972 7.744275582488378e-12 1
5 101 56 976.7429111709372 7.73794146216125e-12 1
5 101 57 976.7429111709372 7.73171422628921e-12 1
5 101 58 976.7429111709372 7.740309406868504e-12 1
5 101 59 976.7429111709372 7.740309406868504e-12 1
5 101 60 976.8966587295272 7.693197138763542e-12 1
5 101 61 976.8966587295272 7.693197138763542e-12 1
5 101 62 976.8966587295272 7.67371265145107e-12 1
5 101 63 976.8966587295272 7.67371265145107e-12 1
5 101 64 977.2941807021872 7.67371265145107e-12 1
5 101 65 977.2941807021872 7.655207295435164e-12 1
5 101 66 977.2941807021872 7.655207295435164e-12 1
5 101 67 977.2941807021872 7.655207295435164e-12 1
5 101 68 977.2941807021872 7.655207295435164e-12 1
5 101 69 978.5441196670272 7.637814500729356e-12 1
5 101 70 978.5441196670272 7.637814500729356e-12 1
5 101 71 978.5441196670272 7.637814500729356e-12 1
5 101 72 978.5441196670272 7.621586198434921e-12 1
5 101 73 978.7864292373372 7.621586198434921e-12 1
5 101 74 978.7864292373372 7.621586198434921e-12 1
5 101 75 978.7864292373372 7.606658147246865e-12 1
5 101 76 978.7864292373372 7.606658147246865e-12 1
5 101 77 979.1340244521872 7.606658147246865e-12 1
5 101 78 979.1340244521872 7.606658147246865e-12 1
5 101 79 979.1340244521872 7.606658147246865e-12 1
5 101 80 979.1340244521872 7.606658147246865e-12 1
5 101 81 979.6596592178072 7.606658147246865e-12 1
5 101 82 979.6596592178072 7.606658147246865e-12 1
5 101 83 979.6596592178072 7.571453163070964e-12 1
5 101 84 979.6596592178072 7.571453163070964e-12 1
5 101 85 980.2112339248372 7.562580596769575e-12 1
5 101 86 980.2112339248372 7.562580596769575e-12 1
5 102 24 955.7526157607772 8.783002766800983e-12 1
5 102 25 957.8966587295272 8.698866649278383e-12 1
5 102 26 960.3250644912472 8.682438385237923e-12 1
