5 19 27 995.2100782086305 5.1003088278201924e-11 1
5 20 17 918.4432935406705 1.8495888104119526e-11 1
5 20 18 926.3215894391005 1.8255565855051855e-11 1
5 20 19 933.7506665875405 1.8433970252612886e-11 1
5 20 20 945.0472974469205 1.9627136506441836e-11 1
5 20 21 949.6321363141005 2.191107033014144e-11 1
5 20 22 969.2544507672305 2.4902343258559568e-11 1
5 20 23 998.2266797711305 2.7745815462468582e-11 1
5 20 24 1010.1340894391005 2.946467908827323e-11 1
5 20 25 1014.1328687359805 3.07448840775889e-11 1
5 20 26 1019.6820020367605 3.5180985623983445e-11 1
5 20 27 1029.8262891461306 4.582602358491166e-11 1
5 21 11 963.8707227398805 1.9074575773860805e-11 1
5 21 12 970.0087842633205 1.91218879265004e-11 1
5 21 13 976.8511304547305 1.8789733029720065e-11 1
5 21 14 981.5187329937905 1.8010091103290164e-11 1
5 21 15 984.7875318219205 1.7607359325968274e-11 1
5 21 16 989.3507032086305 1.718508262664105e-11 1
5 21 17 992.7805738141005 1.6968323058202036e-11 1
5 21 18 995.8726148297305 1.6881594372801875e-11 1
