4 55 104 974.0088312118016 1.8372260423062345e-11 1
4 55 105 994.6105768172716 1.9845640333342327e-11 1
4 55 106 1018.1038629500816 2.0534329000000592e-11 1
4 55 107 1011.0605890243016 2.195271871572142e-11 1
4 56 79 953.6322442977416 1.002048224845866e-11 1
4 56 80 953.6322442977416 1.0185222143759727e-11 1
4 56 81 956.6184503524316 1.0353140904696422e-11 1
4 56 82 959.4262506454016 1.0522515991026294e-11 1
4 56 83 961.4244806258716 1.0694181001144592e-11 1
4 56 84 968.3404962508716 1.0865354169971832e-11 1
4 56 85 968.3404962508716 1.1035238596841455e-11 1
4 56 86 971.3538019149316 1.1204755074438205e-11 1
4 56 87 975.6837579696216 1.1373548368175559e-11 1
4 56 88 980.5619928329016 1.1537502226478173e-11 1
4 56 89 990.2424737899316 1.1700128936264492e-11 1
4 56 90 990.2424737899316 1.1856838229305817e-11 1
4 56 91 993.9065973250816 1.2007093911450899e-11 1
4 56 92 997.0913507430516 1.2152843435368577e-11 1
4 56 93 1000.3260309188316 1.2293584026110095e-11 1
4 56 94 1005.3083307235216 1.2424095230033457e-11 1
4 56 95 1005.3083307235216 1.2547428946740697e-11 1
4 56 96 1007.5211603133716 1.2660942093321015e-11 1
4 56 97 1009.7773858993016 1.2763950635535526e-11 1
4 56 98 1010.1526910750816 1.2878388617573252e-11 1
4 56 99 1011.1145441024316 1.301949906705244e-11 1
4 56 100 1012.6248590438316 1.3180530586286186e-11 1
4 56 101 1014.1309015243016 1.3389455824813516e-11 1
4 56 102 1017.0211603133716 1.3870949959786833e-11 1
4 56 103 1019.9609186141516 1.5018946707444906e-11 1
4 56 104 1022.3608819930516 1.6887979529096187e-11 1
4 56 105 1026.7530328719618 1.880983371769403e-11 1
4 57 32 970.0223199813316 7.847276977952783e-12 1
4 57 33 972.2991754500816 7.821272425048337e-12 1
4 57 34 971.0004693954016 7.803611380741793e-12 1
4 57 35 971.0004693954016 7.78862182919207e-12 1
4 57 36 968.7112848250816 7.774795363989054e-12 1
4 57 37 967.6572076766516 7.762247519389725e-12 1
4 57 38 970.5267145125816 7.750460664094526e-12 1
4 57 39 971.6857721297716 7.740740118502455e-12 1
4 57 40 971.6857721297716 7.733223591696811e-12 1
4 57 41 971.5129205672716 7.728125194439856e-12 1
4 57 42 970.9913751571216 7.725877146482203e-12 1
4 57 43 969.4397394149316 7.726624841508825e-12 1
4 57 44 972.5508844344616 7.730485541544824e-12 1
4 57 45 972.5508844344616 7.737288156448678e-12 1
4 57 46 974.2528497664916 7.746901412735638e-12 1
4 57 47 973.4493829696216 7.758982341305278e-12 1
4 57 48 969.5478937118016 7.772444028004332e-12 1
4 57 49 972.1990167586816 7.78672084418307e-12 1
4 57 50 972.1990167586816 7.801008390035311e-12 1
4 57 51 974.6124078719616 7.807792136805232e-12 1
4 57 52 978.0461847274316 7.807152769620161e-12 1
4 57 53 980.9744073836816 7.796061218945337e-12 1
4 57 54 981.2095758407116 7.780712697657719e-12 1
4 57 55 981.2095758407116 7.766759978827352e-12 1
4 57 56 982.2693292586816 7.759315550083485e-12 1
4 57 57 982.1091119735216 7.759542560253826e-12 1
4 57 58 983.4116022079016 7.764996934507406e-12 1
4 57 59 984.4233209579016 7.777195682073385e-12 1
4 57 60 984.4233209579016 7.798966588574031e-12 1
4 57 61 985.6721612899316 7.830003961627755e-12 1
4 57 62 986.3366510360216 7.869520549271755e-12 1
4 57 63 987.4625665633716 7.9178651297985e-12 1
4 57 64 991.1738092391516 7.97623937063418e-12 1
4 57 65 991.1738092391516 8.04230839420483e-12 1
4 57 66 993.0618097274316 8.117713333465605e-12 1
4 57 67 993.7745172469616 8.198703340563599e-12 1
4 57 68 994.4250909774316 8.286660411352969e-12 1
4 57 69 994.1943170516516 8.381083078369089e-12 1
4 57 70 994.1943170516516 8.479668990358088e-12 1
4 57 71 993.1614801375816 8.584149418603971e-12 1
4 57 72 991.5646783797716 8.697732697749512e-12 1
4 57 73 989.2161066024316 8.820792449625822e-12 1
4 57 74 986.9741632430516 8.95308115971634e-12 1
4 57 75 986.9741632430516 9.093510260538158e-12 1
4 57 76 988.4515192000816 9.242046320070433e-12 1
4 57 77 987.7522394149316 9.398156501977564e-12 1
4 57 78 986.6612359969616 9.561624981948809e-12 1
4 57 79 992.0505792586816 9.729857865341717e-12 1
4 57 80 992.0505792586816 9.905078341989281e-12 1
4 57 81 994.2942926375816 1.0085024307856674e-11 1
4 57 82 997.3703424422716 1.031207171371261e-11 1
4 57 83 999.5617486922716 1.0502547271559205e-11 1
4 57 84 1004.7646905868016 1.0698480017892103e-11 1
4 57 85 1004.7646905868016 1.089843581104603e-11 1
4 57 86 1005.9568292586816 1.1100477820555986e-11 1
4 57 87 1006.6406671493016 1.1302788875541688e-11 1
4 57 88 1007.6180841414916 1.1504497016179716e-11 1
4 57 89 1008.5418512313316 1.1504497016179716e-11 1
4 57 90 1008.5418512313316 1.1832924223316465e-11 1
4 57 91 1009.6804010360216 1.2014890279977645e-11 1
4 58 24 965.6152154891516 8.396055338460146e-12 1
4 58 25 966.9214899032116 8.366170373170636e-12 1
4 58 26 969.9742853133716 8.333350066139275e-12 1
4 58 27 973.5994073836816 8.254824535017892e-12 1
4 58 28 977.6180841414916 8.131890057293462e-12 1
4 58 29 979.4576227157116 8.016367056711579e-12 1
4 58 30 982.7526056258716 7.936908412684556e-12 1
4 58 31 984.6665460555516 7.863167216582527e-12 1
4 58 32 985.2848932235216 7.805218345762342e-12 1
4 58 33 986.9678766219616 7.765220841284987e-12 1
4 58 34 987.5278131454016 7.738672714637493e-12 1
4 58 35 987.5278131454016 7.693197138763524e-12 1
4 58 36 987.6815607039916 7.673712651451087e-12 1
4 58 37 988.0790826766516 7.655207295435164e-12 1
4 58 38 989.3290216414916 7.637814500729372e-12 1
4 58 39 989.5713312118016 7.621586198434903e-12 1
4 58 40 989.5713312118016 7.606658147246865e-12 1
4 58 41 989.9189264266516 7.606658147246865e-12 1
4 58 42 990.4445611922716 7.571453163070964e-12 1
4 58 43 990.9961358993016 7.562580596769593e-12 1
4 59 24 966.5375177352416 8.78300276680096e-12 1
4 59 25 968.6815607039916 8.698866649278362e-12 1
4 59 26 971.1099664657116 8.682438385237923e-12 1
