4 19 27 1017.7060664874277 5.1003088278201924e-11 1
4 20 17 940.9392818194677 1.8495888104119484e-11 1
4 20 18 948.8175777178977 1.8255565855051855e-11 1
4 20 19 956.2466548663377 1.843397025261293e-11 1
4 20 20 967.5432857257177 1.9627136506441836e-11 1
4 20 21 972.1281245928977 2.19110703301415e-11 1
4 20 22 991.7504390460277 2.4902343258559568e-11 1
4 20 23 1020.7226680499277 2.7745815462468485e-11 1
4 20 24 1032.6300777178976 2.946467908827312e-11 1
4 20 25 1036.6288570147776 3.074488407758902e-11 1
4 20 26 1042.1779903155577 3.518098562398329e-11 1
4 20 27 1052.3222774249277 4.5826023584911396e-11 1
4 21 11 986.3667110186777 1.9074575773860805e-11 1
4 21 12 992.5047725421177 1.91218879265004e-11 1
4 21 13 999.3471187335277 1.8789733029720065e-11 1
4 21 14 1004.0147212725877 1.8010091103290164e-11 1
4 21 15 1007.2835201007177 1.7607359325968274e-11 1
4 21 16 1011.8466914874277 1.718508262664109e-11 1
4 21 17 1015.2765620928977 1.696832305820207e-11 1
4 21 18 1018.3686031085277 1.6881594372801875e-11 1
