3 19 27 979.8765820808136 3.135120179325225e-10 1
3 20 17 903.1097974128536 1.8621819129768744e-10 1
3 20 18 910.9880933112836 1.8464022906941621e-10 1
3 20 19 918.4171704597236 1.9766020944635124e-10 1
3 20 20 929.7138013191036 2.243489300394678e-10 1
3 20 21 934.2986401862836 2.554288094682041e-10 1
3 20 22 953.9209546394136 2.767110880162784e-10 1
3 20 23 982.8931836433136 2.8301145954743473e-10 1
3 20 24 994.8005933112836 2.8269137906288184e-10 1
3 20 25 998.7993726081636 2.910896859106498e-10 1
3 20 26 1004.3485059089436 2.824191872519056e-10 1
3 20 27 1014.4927930183136 2.6121777980122554e-10 1
3 21 11 948.5372266120636 2.236825768750299e-10 1
3 21 12 954.6752881355036 2.277061364630045e-10 1
3 21 13 961.5176343269136 2.0938762469381843e-10 1
3 21 14 966.1852368659736 2.0328187962949494e-10 1
3 21 15 969.4540356941036 2.048667239538401e-10 1
3 21 16 974.0172070808136 2.0391283755053274e-10 1
3 21 17 977.4470776862836 1.9647858610462982e-10 1
3 21 18 980.5391187019136 1.906819852620189e-10 1
