1 98 267 974.0885844149859 4.8906941504865306e-11 1
1 98 268 993.8078837313859 4.3456486766929615e-11 1
1 98 269 1016.0948710360759 3.4062214759519676e-11 1
1 98 270 1010.2578959384159 3.092874486475607e-11 1
1 99 206 952.8295512118559 6.799148611694095e-11 1
1 99 207 952.8295512118559 6.758101306040419e-11 1
1 99 208 952.8295512118559 6.718632950494957e-11 1
1 99 209 952.8295512118559 6.679622920841546e-11 1
1 99 210 955.8157572665459 6.328029709131783e-11 1
1 99 211 955.8157572665459 6.295788031823573e-11 1
1 99 212 955.8157572665459 6.263873235458784e-11 1
1 99 213 955.8157572665459 6.232616798646495e-11 1
1 99 214 958.6235575595159 5.944980704662133e-11 1
1 99 215 958.6235575595159 5.918669845663407e-11 1
1 99 216 958.6235575595159 5.892590849836615e-11 1
1 99 217 958.6235575595159 5.867678488530815e-11 1
1 99 218 958.6235575595159 5.844223071992524e-11 1
1 99 219 960.6217875399859 5.6564698627447024e-11 1
1 99 220 960.6217875399859 5.635385413136067e-11 1
1 99 221 960.6217875399859 5.6157326696400596e-11 1
1 99 222 960.6217875399859 5.596216523039147e-11 1
1 99 223 967.5378031649859 5.0866884051208334e-11 1
1 99 224 967.5378031649859 5.072473434318444e-11 1
1 99 225 967.5378031649859 5.0580801426161104e-11 1
1 99 226 967.5378031649859 5.0437683025645497e-11 1
1 99 227 970.5511088290459 4.846766115132367e-11 1
1 99 228 970.5511088290459 4.835159353838546e-11 1
1 99 229 970.5511088290459 4.823422191115009e-11 1
1 99 230 970.5511088290459 4.8118593102462326e-11 1
1 99 231 974.8810648837359 4.5642506623134726e-11 1
1 99 232 974.8810648837359 4.55491088010597e-11 1
1 99 233 974.8810648837359 4.5458649143616616e-11 1
1 99 234 974.8810648837359 4.537862904107814e-11 1
1 99 235 979.7592997470159 4.2925205699692524e-11 1
1 99 236 979.7592997470159 4.285168065521875e-11 1
1 99 237 979.7592997470159 4.27820400002041e-11 1
1 99 238 979.7592997470159 4.2717480977338646e-11 1
1 99 239 989.4397807040459 3.8662186389183496e-11 1
1 99 240 989.4397807040459 3.861246235739157e-11 1
1 99 241 989.4397807040459 3.8566333430652113e-11 1
1 99 242 989.4397807040459 3.85203145895527e-11 1
1 99 243 989.4397807040459 3.8475796103733485e-11 1
1 99 244 993.1039042391959 3.712985033347534e-11 1
1 99 245 993.1039042391959 3.709297484269809e-11 1
1 99 246 993.1039042391959 3.705617252499644e-11 1
1 99 247 993.1039042391959 3.702256317165426e-11 1
1 99 248 996.2886576571659 3.593351645967267e-11 1
1 99 249 996.2886576571659 3.590400482360898e-11 1
1 99 250 996.2886576571659 3.587501295264701e-11 1
1 99 251 996.2886576571659 3.585060932067136e-11 1
1 99 252 999.5233378329459 3.4817519407108756e-11 1
1 99 253 999.5233378329459 3.479530398812556e-11 1
1 99 254 999.5233378329459 3.4777238405312526e-11 1
1 99 255 999.5233378329459 3.47589224019589e-11 1
1 99 256 1004.5056376376359 3.329968015231187e-11 1
1 99 257 1004.5056376376359 3.3285196666624586e-11 1
1 99 258 1004.5056376376359 3.3269884639758614e-11 1
1 99 259 1006.7184672274859 3.264706959341344e-11 1
1 99 260 1006.7184672274859 3.2624368922859955e-11 1
1 99 261 1008.9746928134159 3.2017623149496786e-11 1
1 99 262 1010.3118510165459 3.168173820728337e-11 1
1 99 263 1011.4307475009159 3.144589631238691e-11 1
1 99 264 1013.3282084384159 3.104955916637985e-11 1
1 99 265 1016.2184672274859 3.0450099409905147e-11 1
1 99 266 1019.1582255282659 3.057403399537252e-11 1
1 99 267 1021.2209086337359 3.217619925519779e-11 1
1 99 268 1025.950339786076 3.366183965939612e-11 1
1 100 43 969.0220560946659 6.854436677272719e-11 1
1 100 44 969.2196268954459 6.850447624413491e-11 1
1 100 45 969.2196268954459 6.870143136489279e-11 1
1 100 46 969.2196268954459 6.88995840395918e-11 1
1 100 47 969.2196268954459 6.910760703940534e-11 1
1 100 48 971.6632914462359 6.651078323728678e-11 1
1 100 49 971.6632914462359 6.671445195256589e-11 1
1 100 50 971.6632914462359 6.69209483838006e-11 1
1 100 51 971.6632914462359 6.714403857249278e-11 1
1 100 52 971.4964823641959 6.755842142171107e-11 1
1 100 53 971.4964823641959 6.778803187192255e-11 1
1 100 54 971.4964823641959 6.8037904748191e-11 1
1 100 55 971.4964823641959 6.828601573776704e-11 1
1 100 56 970.1977763095159 7.009571349012568e-11 1
1 100 57 970.1977763095159 7.03678032557876e-11 1
1 100 58 970.1977763095159 7.06537912777293e-11 1
1 100 59 970.1977763095159 7.09421134044149e-11 1
1 100 60 967.9085917391959 7.427275806923855e-11 1
1 100 61 967.9085917391959 7.46185999218983e-11 1
1 100 62 967.9085917391959 7.496767758076175e-11 1
1 100 63 967.9085917391959 7.532641957046839e-11 1
1 100 64 966.8545145907659 7.725544421135225e-11 1
1 100 65 966.8545145907659 7.765543756792599e-11 1
1 100 66 966.8545145907659 7.805959444663165e-11 1
1 100 67 966.8545145907659 7.847785571378178e-11 1
1 100 68 966.8545145907659 7.891400991976315e-11 1
1 100 69 969.7240214266959 7.508087589901125e-11 1
1 100 70 969.7240214266959 7.549325221754723e-11 1
1 100 71 969.7240214266959 7.591360400827674e-11 1
1 100 72 969.7240214266959 7.633866310688906e-11 1
1 100 73 970.8830790438859 7.510518234443423e-11 1
1 100 74 970.8830790438859 7.553714570606841e-11 1
1 100 75 970.8830790438859 7.596276853456032e-11 1
1 100 76 970.8830790438859 7.639321498492023e-11 1
1 100 77 970.7102274813859 7.70801059872965e-11 1
1 100 78 970.7102274813859 7.751297513805775e-11 1
1 100 79 970.7102274813859 7.795073358971023e-11 1
1 100 80 970.7102274813859 7.839873440501507e-11 1
1 100 81 970.1886820712359 7.964844994072344e-11 1
1 100 82 970.1886820712359 8.0093403689405e-11 1
1 100 83 970.1886820712359 8.054335680927316e-11 1
1 100 84 970.1886820712359 8.096978059621564e-11 1
1 100 85 968.6370463290459 8.405548360763689e-11 1
1 100 86 968.6370463290459 8.452063816616655e-11 1
1 100 87 968.6370463290459 8.497409111550446e-11 1
1 100 88 968.6370463290459 8.540957374773671e-11 1
1 100 89 971.7481913485759 8.047595468206967e-11 1
1 100 90 971.7481913485759 8.084904439747834e-11 1
1 100 91 971.7481913485759 8.11957298678944e-11 1
1 100 92 971.7481913485759 8.155828476652565e-11 1
1 100 93 971.7481913485759 8.192409194504288e-11 1
1 100 94 973.4501566806059 7.946852480776499e-11 1
1 100 95 973.4501566806059 7.978284657629973e-11 1
1 100 96 973.4501566806059 8.009966469172164e-11 1
1 100 97 973.4501566806059 8.039684307371705e-11 1
1 100 98 972.6466898837359 8.20125587232395e-11 1
1 100 99 972.6466898837359 8.231888373003668e-11 1
1 100 100 972.6466898837359 8.26255834731091e-11 1
1 100 101 972.6466898837359 8.291589475859291e-11 1
1 100 102 968.7452006259159 9.055783939542892e-11 1
1 100 103 968.7452006259159 9.088466884472106e-11 1
1 100 104 968.7452006259159 9.120738541496575e-11 1
1 100 105 968.7452006259159 9.153736096554437e-11 1
1 100 106 971.3963236727959 8.658908668191848e-11 1
1 100 107 971.3963236727959 8.683150063046412e-11 1
1 100 108 971.3963236727959 8.710128294969219e-11 1
1 100 109 971.3963236727959 8.738958056329494e-11 1
1 100 110 973.8097147860759 8.327440925349006e-11 1
1 100 111 973.8097147860759 8.353738071323227e-11 1
1 100 112 973.8097147860759 8.380201830454626e-11 1
1 100 113 973.8097147860759 8.404021903051861e-11 1
1 100 114 977.2434916415459 7.860603359699476e-11 1
1 100 115 977.2434916415459 7.883982188749822e-11 1
1 100 116 977.2434916415459 7.90697503503915e-11 1
1 100 117 977.2434916415459 7.928277285770468e-11 1
1 100 118 977.2434916415459 7.94964037538366e-11 1
1 100 119 980.1717142977959 7.531159634229326e-11 1
1 100 120 980.1717142977959 7.549407318116918e-11 1
1 100 121 980.1717142977959 7.562338552659971e-11 1
1 100 122 980.1717142977959 7.575314162538347e-11 1
1 100 123 980.4068827548259 7.554608353529213e-11 1
1 100 124 980.4068827548259 7.561825047385237e-11 1
1 100 125 980.4068827548259 7.566804281735525e-11 1
1 100 126 980.4068827548259 7.571790077758586e-11 1
1 100 127 981.4666361727959 7.424552931143888e-11 1
1 100 128 981.4666361727959 7.420839059865878e-11 1
1 100 129 981.4666361727959 7.416586300263366e-11 1
1 100 130 981.4666361727959 7.411553243190533e-11 1
1 100 131 981.3064188876359 7.420962035123519e-11 1
1 100 132 981.3064188876359 7.408346069410014e-11 1
1 100 133 981.3064188876359 7.39644975572194e-11 1
1 100 134 981.3064188876359 7.377929020787861e-11 1
1 100 135 982.6089091220159 7.185075071893272e-11 1
1 100 136 982.6089091220159 7.165593838388446e-11 1
1 100 137 982.6089091220159 7.143955026998927e-11 1
1 100 138 982.6089091220159 7.117633872169443e-11 1
1 100 139 983.6206278720159 6.966266105065072e-11 1
1 100 140 983.6206278720159 6.940478816638812e-11 1
1 100 141 983.6206278720159 6.910121189946142e-11 1
1 100 142 983.6206278720159 6.879637420286781e-11 1
1 100 143 983.6206278720159 6.84942142561763e-11 1
1 100 144 984.8694682040459 6.674073947105122e-11 1
1 100 145 984.8694682040459 6.641428479765533e-11 1
1 100 146 984.8694682040459 6.609166350313602e-11 1
1 100 147 984.8694682040459 6.575849278680242e-11 1
1 100 148 985.5339579501359 6.470321678114304e-11 1
1 100 149 985.5339579501359 6.436215552065606e-11 1
1 100 150 985.5339579501359 6.402589132913967e-11 1
1 100 151 985.5339579501359 6.36668477422405e-11 1
1 100 152 986.6598734774859 6.219991213345254e-11 1
1 100 153 986.6598734774859 6.185766319743543e-11 1
1 100 154 986.6598734774859 6.150275968844064e-11 1
1 100 155 986.6598734774859 6.114680295695648e-11 1
1 100 156 990.3711161532659 5.7549911983723327e-11 1
1 100 157 990.3711161532659 5.723906054407604e-11 1
1 100 158 990.3711161532659 5.691981258336112e-11 1
1 100 159 990.3711161532659 5.660207871743477e-11 1
1 100 160 992.2591166415459 5.483023384741365e-11 1
1 100 161 992.2591166415459 5.452594765498656e-11 1
1 100 162 992.2591166415459 5.4225020160044466e-11 1
1 100 163 992.2591166415459 5.3929148595708756e-11 1
1 100 164 992.9718241610759 5.3120309710222745e-11 1
1 100 165 992.9718241610759 5.282504928840589e-11 1
1 100 166 992.9718241610759 5.253305303531256e-11 1
1 100 167 992.9718241610759 5.223813974075118e-11 1
1 100 168 992.9718241610759 5.194034176823299e-11 1
1 100 169 993.6223978915459 5.121657452656975e-11 1
1 100 170 993.6223978915459 5.0930107250124065e-11 1
1 100 171 993.6223978915459 5.063708279476507e-11 1
1 100 172 993.6223978915459 5.0347410861150985e-11 1
1 100 173 993.3916239657659 5.020509192425617e-11 1
1 100 174 993.3916239657659 4.991461366948326e-11 1
1 100 175 993.3916239657659 4.96262815818924e-11 1
1 100 176 993.3916239657659 4.9341565206388484e-11 1
1 100 177 992.3587870516959 4.9691488087279476e-11 1
1 100 178 992.3587870516959 4.940632685502163e-11 1
1 100 179 992.3587870516959 4.912345596225732e-11 1
1 100 180 992.3587870516959 4.8844057995636324e-11 1
1 100 181 990.7619852938859 4.95305885388594e-11 1
1 100 182 990.7619852938859 4.9249028218637044e-11 1
1 100 183 990.7619852938859 4.897182132180316e-11 1
1 100 184 990.7619852938859 4.869941745230448e-11 1
1 100 185 988.4134135165459 4.984763686742935e-11 1
1 100 186 988.4134135165459 4.9565792562912166e-11 1
1 100 187 988.4134135165459 4.92887234840683e-11 1
1 100 188 988.4134135165459 4.901566074917225e-11 1
1 100 189 986.1714701571659 5.011480464004593e-11 1
1 100 190 986.1714701571659 4.983299621419791e-11 1
1 100 191 986.1714701571659 4.955713923597607e-11 1
1 100 192 986.1714701571659 4.9284204591700516e-11 1
1 100 193 986.1714701571659 4.9014259841448525e-11 1
1 100 194 987.6488261141959 4.7888513836242554e-11 1
1 100 195 987.6488261141959 4.76376845456289e-11 1
1 100 196 987.6488261141959 4.738946913916667e-11 1
1 100 197 987.6488261141959 4.714646119589936e-11 1
1 100 198 986.9495463290459 4.729683549884215e-11 1
1 100 199 986.9495463290459 4.7057623480898776e-11 1
1 100 200 986.9495463290459 4.6821422073693016e-11 1
1 100 201 986.9495463290459 4.6593342247580755e-11 1
1 100 202 985.8585429110759 4.696138345201156e-11 1
1 100 203 985.8585429110759 4.673259686581323e-11 1
1 100 204 985.8585429110759 4.651257275203462e-11 1
1 100 205 985.8585429110759 4.6295361693725957e-11 1
1 100 206 991.2478861727959 4.338649903690421e-11 1
1 100 207 991.2478861727959 4.320049212514964e-11 1
1 100 208 991.2478861727959 4.3020124731551895e-11 1
1 100 209 991.2478861727959 4.284125718821226e-11 1
1 100 210 993.4915995516959 4.166888669847169e-11 1
1 100 211 993.4915995516959 4.150993606015943e-11 1
1 100 212 993.4915995516959 4.135094942436403e-11 1
1 100 213 993.4915995516959 4.119317600689659e-11 1
1 100 214 996.5676493563859 3.994039656396602e-11 1
1 100 215 996.5676493563859 3.994039656396602e-11 1
1 100 216 996.5676493563859 3.927681657374407e-11 1
1 100 217 996.5676493563859 3.927681657374407e-11 1
1 100 218 996.5676493563859 3.927681657374407e-11 1
1 100 219 998.7590556063859 3.8051155626186356e-11 1
1 100 220 998.7590556063859 3.8051155626186356e-11 1
1 100 221 998.7590556063859 3.8051155626186356e-11 1
1 100 222 998.7590556063859 3.768583141318065e-11 1
1 100 223 1003.9619975009159 3.592482187239519e-11 1
1 100 224 1003.9619975009159 3.592482187239519e-11 1
1 100 225 1003.9619975009159 3.562153424365739e-11 1
1 100 226 1003.9619975009159 3.562153424365739e-11 1
1 100 227 1005.1541361727959 3.524733262411194e-11 1
1 100 228 1005.1541361727959 3.524733262411194e-11 1
1 100 229 1005.1541361727959 3.4976727901912105e-11 1
1 100 230 1005.1541361727959 3.4976727901912105e-11 1
1 100 231 1005.8379740634159 3.476882413827276e-11 1
1 100 232 1005.8379740634159 3.452663122475002e-11 1
1 100 233 1005.8379740634159 3.452663122475002e-11 1
1 100 234 1005.8379740634159 3.452663122475002e-11 1
1 100 235 1006.8153910556059 3.402314795106338e-11 1
1 100 236 1006.8153910556059 3.402314795106338e-11 1
1 100 237 1006.8153910556059 3.402314795106338e-11 1
1 100 238 1006.8153910556059 3.402314795106338e-11 1
1 100 239 1007.7391581454459 3.375789977402536e-11 1
1 100 240 1007.7391581454459 3.375789977402536e-11 1
1 100 241 1007.7391581454459 3.375789977402536e-11 1
1 100 242 1007.7391581454459 3.375789977402536e-11 1
1 100 243 1007.7391581454459 3.3301202199011177e-11 1
1 100 244 1008.8777079501359 3.2988511706503137e-11 1
1 100 245 1008.8777079501359 3.2850075914672475e-11 1
1 100 246 1008.8777079501359 3.2850075914672475e-11 1
1 101 24 964.8125224032659 4.770294088069093e-11 1
1 101 25 966.1187968173259 4.7344283215779755e-11 1
1 101 26 969.1715922274859 4.693193993227221e-11 1
1 101 27 972.7967142977959 4.749434680231474e-11 1
1 101 28 976.8153910556059 4.969114222100192e-11 1
1 101 29 978.3855814852959 5.384963390702791e-11 1
1 101 30 980.2657084384159 5.538317776326991e-11 1
1 101 31 981.9499125399859 5.553993076542046e-11 1
1 101 32 982.1994852938859 5.612846436270707e-11 1
1 101 33 982.6273417391959 5.626699976112709e-11 1
1 101 34 982.9645609774859 5.632747777068023e-11 1
1 101 35 983.8638529696659 5.5847079847497745e-11 1
1 101 36 983.8638529696659 5.6001897636914115e-11 1
1 101 37 983.8638529696659 5.612980306535098e-11 1
1 101 38 983.8638529696659 5.626291665505752e-11 1
1 101 39 984.2413554110759 5.609808277698206e-11 1
1 101 40 984.2413554110759 5.6229845169775005e-11 1
1 101 41 984.2413554110759 5.636938272411935e-11 1
1 101 42 984.2413554110759 5.6509614542050593e-11 1
1 101 43 984.2413554110759 5.665018550477066e-11 1
1 101 44 984.4822001376359 5.660032165093942e-11 1
1 101 45 984.4822001376359 5.674533213382669e-11 1
1 101 46 984.4822001376359 5.689108756133342e-11 1
1 101 47 984.4822001376359 5.703749188853937e-11 1
1 101 48 984.7104716220159 5.6999507326762085e-11 1
1 101 49 984.7104716220159 5.7147798985093126e-11 1
1 101 50 984.7104716220159 5.729667939811803e-11 1
1 101 51 984.7104716220159 5.744498287864094e-11 1
1 101 52 986.1651835360759 5.641322999342973e-11 1
1 101 53 986.1651835360759 5.655776539025512e-11 1
1 101 54 986.1651835360759 5.6705248647512583e-11 1
1 101 55 986.1651835360759 5.6854201017321373e-11 1
1 101 56 986.7251200595159 5.655226621499648e-11 1
1 101 57 986.7251200595159 5.670108853566766e-11 1
1 101 58 986.7251200595159 5.666307277161434e-11 1
1 101 59 986.7251200595159 5.666307277161434e-11 1
1 101 60 986.8788676181059 5.692777965502576e-11 1
1 101 61 986.8788676181059 5.692777965502576e-11 1
1 101 62 986.8788676181059 5.747914784637585e-11 1
1 101 63 986.8788676181059 5.747914784637585e-11 1
1 101 64 987.2763895907659 5.7152674278766526e-11 1
1 101 65 987.2763895907659 5.7725914651333224e-11 1
1 101 66 987.2763895907659 5.7725914651333224e-11 1
1 101 67 987.2763895907659 5.7725914651333224e-11 1
1 101 68 987.2763895907659 5.7725914651333224e-11 1
1 101 69 988.5263285556059 5.727464756113134e-11 1
1 101 70 988.5263285556059 5.727464756113134e-11 1
1 101 71 988.5263285556059 5.727464756113134e-11 1
1 101 72 988.5263285556059 5.7857040070695855e-11 1
1 101 73 988.7686381259159 5.7654969283703856e-11 1
1 101 74 988.7686381259159 5.7654969283703856e-11 1
1 101 75 988.7686381259159 5.823160247974893e-11 1
1 101 76 988.7686381259159 5.823160247974893e-11 1
1 101 77 989.1162333407659 5.793841921190034e-11 1
1 101 78 989.1162333407659 5.793841921190034e-11 1
1 101 79 989.1162333407659 5.850107074027135e-11 1
1 101 80 989.1162333407659 5.850107074027135e-11 1
1 101 81 989.6418681063859 5.8054771828346127e-11 1
1 101 82 989.6418681063859 5.8054771828346127e-11 1
1 101 83 989.6418681063859 5.8054771828346127e-11 1
1 101 84 989.6418681063859 5.8054771828346127e-11 1
1 101 85 990.1934428134159 5.759371193653503e-11 1
1 101 86 990.1934428134159 5.887198559102295e-11 1
1 102 24 965.7348246493559 4.592504244857009e-11 1
1 102 25 967.8788676181059 4.520718696043973e-11 1
1 102 26 970.3072733798259 4.544323028587353e-11 1
