4 55 104 973.2061381259159 1.8372260423062345e-11 1
4 55 105 993.8078837313859 1.9845640333342327e-11 1
4 55 106 1017.3011698641959 2.0534329000000592e-11 1
4 55 107 1010.2578959384159 2.195271871572142e-11 1
4 56 79 952.8295512118559 1.002048224845866e-11 1
4 56 80 952.8295512118559 1.0185222143759727e-11 1
4 56 81 955.8157572665459 1.0353140904696422e-11 1
4 56 82 958.6235575595159 1.0522515991026294e-11 1
4 56 83 960.6217875399859 1.0694181001144592e-11 1
4 56 84 967.5378031649859 1.0865354169971832e-11 1
4 56 85 967.5378031649859 1.1035238596841455e-11 1
4 56 86 970.5511088290459 1.1204755074438205e-11 1
4 56 87 974.8810648837359 1.1373548368175559e-11 1
4 56 88 979.7592997470159 1.1537502226478173e-11 1
4 56 89 989.4397807040459 1.1700128936264492e-11 1
4 56 90 989.4397807040459 1.1856838229305817e-11 1
4 56 91 993.1039042391959 1.2007093911450899e-11 1
4 56 92 996.2886576571659 1.2152843435368577e-11 1
4 56 93 999.5233378329459 1.2293584026110095e-11 1
4 56 94 1004.5056376376359 1.2424095230033457e-11 1
4 56 95 1004.5056376376359 1.2547428946740697e-11 1
4 56 96 1006.7184672274859 1.2660942093321015e-11 1
4 56 97 1008.9746928134159 1.2763950635535526e-11 1
4 56 98 1009.3499979891959 1.2878388617573252e-11 1
4 56 99 1010.3118510165459 1.301949906705244e-11 1
4 56 100 1011.8221659579459 1.3180530586286186e-11 1
4 56 101 1013.3282084384159 1.3389455824813516e-11 1
4 56 102 1016.2184672274859 1.3870949959786833e-11 1
4 56 103 1019.1582255282659 1.5018946707444906e-11 1
4 56 104 1021.5581889071659 1.6887979529096187e-11 1
4 56 105 1025.950339786076 1.880983371769403e-11 1
4 57 32 969.2196268954459 7.847276977952783e-12 1
4 57 33 971.4964823641959 7.821272425048337e-12 1
4 57 34 970.1977763095159 7.803611380741793e-12 1
4 57 35 970.1977763095159 7.78862182919207e-12 1
4 57 36 967.9085917391959 7.774795363989054e-12 1
4 57 37 966.8545145907659 7.762247519389725e-12 1
4 57 38 969.7240214266959 7.750460664094526e-12 1
4 57 39 970.8830790438859 7.740740118502455e-12 1
4 57 40 970.8830790438859 7.733223591696811e-12 1
4 57 41 970.7102274813859 7.728125194439856e-12 1
4 57 42 970.1886820712359 7.725877146482203e-12 1
4 57 43 968.6370463290459 7.726624841508825e-12 1
4 57 44 971.7481913485759 7.730485541544824e-12 1
4 57 45 971.7481913485759 7.737288156448678e-12 1
4 57 46 973.4501566806059 7.746901412735638e-12 1
4 57 47 972.6466898837359 7.758982341305278e-12 1
4 57 48 968.7452006259159 7.772444028004332e-12 1
4 57 49 971.3963236727959 7.78672084418307e-12 1
4 57 50 971.3963236727959 7.801008390035311e-12 1
4 57 51 973.8097147860759 7.807792136805232e-12 1
4 57 52 977.2434916415459 7.807152769620161e-12 1
4 57 53 980.1717142977959 7.796061218945337e-12 1
4 57 54 980.4068827548259 7.780712697657719e-12 1
4 57 55 980.4068827548259 7.766759978827352e-12 1
4 57 56 981.4666361727959 7.759315550083485e-12 1
4 57 57 981.3064188876359 7.759542560253826e-12 1
4 57 58 982.6089091220159 7.764996934507406e-12 1
4 57 59 983.6206278720159 7.777195682073385e-12 1
4 57 60 983.6206278720159 7.798966588574031e-12 1
4 57 61 984.8694682040459 7.830003961627755e-12 1
4 57 62 985.5339579501359 7.869520549271755e-12 1
4 57 63 986.6598734774859 7.9178651297985e-12 1
4 57 64 990.3711161532659 7.97623937063418e-12 1
4 57 65 990.3711161532659 8.04230839420483e-12 1
4 57 66 992.2591166415459 8.117713333465605e-12 1
4 57 67 992.9718241610759 8.198703340563599e-12 1
4 57 68 993.6223978915459 8.286660411352969e-12 1
4 57 69 993.3916239657659 8.381083078369089e-12 1
4 57 70 993.3916239657659 8.479668990358088e-12 1
4 57 71 992.3587870516959 8.584149418603971e-12 1
4 57 72 990.7619852938859 8.697732697749512e-12 1
4 57 73 988.4134135165459 8.820792449625822e-12 1
4 57 74 986.1714701571659 8.95308115971634e-12 1
4 57 75 986.1714701571659 9.093510260538158e-12 1
4 57 76 987.6488261141959 9.242046320070433e-12 1
4 57 77 986.9495463290459 9.398156501977564e-12 1
4 57 78 985.8585429110759 9.561624981948809e-12 1
4 57 79 991.2478861727959 9.729857865341717e-12 1
4 57 80 991.2478861727959 9.905078341989281e-12 1
4 57 81 993.4915995516959 1.0085024307856674e-11 1
4 57 82 996.5676493563859 1.031207171371261e-11 1
4 57 83 998.7590556063859 1.0502547271559205e-11 1
4 57 84 1003.9619975009159 1.0698480017892103e-11 1
4 57 85 1003.9619975009159 1.089843581104603e-11 1
4 57 86 1005.1541361727959 1.1100477820555986e-11 1
4 57 87 1005.8379740634159 1.1302788875541688e-11 1
4 57 88 1006.8153910556059 1.1504497016179716e-11 1
4 57 89 1007.7391581454459 1.1504497016179716e-11 1
4 57 90 1007.7391581454459 1.1832924223316465e-11 1
4 57 91 1008.8777079501359 1.2014890279977645e-11 1
4 58 24 964.8125224032659 8.396055338460146e-12 1
4 58 25 966.1187968173259 8.366170373170636e-12 1
4 58 26 969.1715922274859 8.333350066139275e-12 1
4 58 27 972.7967142977959 8.254824535017892e-12 1
4 58 28 976.8153910556059 8.131890057293462e-12 1
4 58 29 978.6549296298259 8.016367056711579e-12 1
4 58 30 981.9499125399859 7.936908412684556e-12 1
4 58 31 983.8638529696659 7.863167216582527e-12 1
4 58 32 984.4822001376359 7.805218345762342e-12 1
4 58 33 986.1651835360759 7.765220841284987e-12 1
4 58 34 986.7251200595159 7.738672714637493e-12 1
4 58 35 986.7251200595159 7.693197138763524e-12 1
4 58 36 986.8788676181059 7.673712651451087e-12 1
4 58 37 987.2763895907659 7.655207295435164e-12 1
4 58 38 988.5263285556059 7.637814500729372e-12 1
4 58 39 988.7686381259159 7.621586198434903e-12 1
4 58 40 988.7686381259159 7.606658147246865e-12 1
4 58 41 989.1162333407659 7.606658147246865e-12 1
4 58 42 989.6418681063859 7.571453163070964e-12 1
4 58 43 990.1934428134159 7.562580596769593e-12 1
4 59 24 965.7348246493559 8.78300276680096e-12 1
4 59 25 967.8788676181059 8.698866649278362e-12 1
4 59 26 970.3072733798259 8.682438385237923e-12 1
