1 55 104 958.5518438400023 5.003528887733262e-11 1
1 55 105 979.1535894454723 4.364633795739214e-11 1
1 55 106 1002.6468755782823 3.341105817578202e-11 1
1 55 107 995.6036016525023 3.092874486475607e-11 1
1 56 79 938.1752569259423 6.804033975770371e-11 1
1 56 80 938.1752569259423 6.6712344508914e-11 1
1 56 81 941.1614629806323 6.246467613491871e-11 1
1 56 82 943.9692632736023 5.895601245907813e-11 1
1 56 83 945.9674932540723 5.651751920138212e-11 1
1 56 84 952.8835088790723 5.093645689102921e-11 1
1 56 85 952.8835088790723 5.0454226857594435e-11 1
1 56 86 955.8968145431323 4.820877508154395e-11 1
1 56 87 960.2267705978223 4.549809269474973e-11 1
1 56 88 965.1050054611023 4.286018822992719e-11 1
1 56 89 974.7854864181323 3.865087448819795e-11 1
1 56 90 974.7854864181323 3.8495157877008866e-11 1
1 56 91 978.4496099532823 3.706043363541583e-11 1
1 56 92 981.6343633712523 3.589759399509956e-11 1
1 56 93 984.8690435470323 3.480493417740161e-11 1
1 56 94 989.8513433517223 3.330162732120486e-11 1
1 56 95 989.8513433517223 3.32577615610879e-11 1
1 56 96 992.0641729415723 3.2627579869768866e-11 1
1 56 97 994.3203985275023 3.2021501388601526e-11 1
1 56 98 994.6957037032823 3.191926014654935e-11 1
1 56 99 995.6575567306323 3.169120370473025e-11 1
1 56 100 997.1678716720323 3.136410779232521e-11 1
1 56 101 998.6739141525023 3.1058152311063874e-11 1
1 56 102 1001.5641729415723 3.0468451273472673e-11 1
1 56 103 1004.5039312423523 3.072673107452424e-11 1
1 56 104 1006.9038946212523 3.246600125631509e-11 1
1 56 105 1011.2960455001623 3.388855909503504e-11 1
1 57 32 954.5653326095323 6.87938865773912e-11 1
1 57 33 956.8421880782823 6.749445426878218e-11 1
1 57 34 955.5434820236023 7.006531957469707e-11 1
1 57 35 955.5434820236023 7.100576216133952e-11 1
1 57 36 953.2542974532823 7.516199308613712e-11 1
1 57 37 952.2002203048523 7.801254317924067e-11 1
1 57 38 955.0697271407823 7.516810785945479e-11 1
1 57 39 956.2287847579723 7.491334241863496e-11 1
1 57 40 956.2287847579723 7.634308277773833e-11 1
1 57 41 956.0559331954723 7.804704790562029e-11 1
1 57 42 955.5343877853223 8.034060558120399e-11 1
1 57 43 953.9827520431323 8.446646997152407e-11 1
1 57 44 957.0938970626623 8.055969595451032e-11 1
1 57 45 957.0938970626623 8.175935936706659e-11 1
1 57 46 958.7958623946923 8.006282125320897e-11 1
1 57 47 957.9923955978223 8.238579660445531e-11 1
1 57 48 954.0909063400023 9.074739519003257e-11 1
1 57 49 956.7420293868823 8.656016492700535e-11 1
1 57 50 956.7420293868823 8.745252307805675e-11 1
1 57 51 959.1554205001623 8.394561740418799e-11 1
1 57 52 962.5891973556323 7.90460670951744e-11 1
1 57 53 965.5174200118823 7.53524088631208e-11 1
1 57 54 965.7525884689123 7.54882572152884e-11 1
1 57 55 965.7525884689123 7.571211960150445e-11 1
1 57 56 966.8123418868823 7.415662191667217e-11 1
1 57 57 966.6521246017223 7.401485228882573e-11 1
1 57 58 967.9546148361023 7.167745465515695e-11 1
1 57 59 968.9663335861023 6.960746263849314e-11 1
1 57 60 968.9663335861023 6.862962116436678e-11 1
1 57 61 970.2151739181323 6.61285112912212e-11 1
1 57 62 970.8796636642223 6.428870669754727e-11 1
1 57 63 972.0055791915723 6.201094074052568e-11 1
1 57 64 975.7168218673523 5.7585513991909424e-11 1
1 57 65 975.7168218673523 5.6533457117314415e-11 1
1 57 66 977.6048223556323 5.4060869776699624e-11 1
1 57 67 978.3175298751623 5.2566725668574283e-11 1
1 57 68 978.9681036056323 5.1154233000519954e-11 1
1 57 69 978.7373296798523 5.0334928117086935e-11 1
1 57 70 978.7373296798523 4.937421666250664e-11 1
1 57 71 977.7044927657823 4.906237448834775e-11 1
1 57 72 976.1076910079723 4.9095433513136605e-11 1
1 57 73 973.7591192306323 4.9598184324459715e-11 1
1 57 74 971.5171758712523 5.0053164692274694e-11 1
1 57 75 971.5171758712523 4.913515735260925e-11 1
1 57 76 972.9945318282823 4.7418101096277715e-11 1
1 57 77 972.2952520431323 4.7005927261270395e-11 1
1 57 78 971.2042486251623 4.68348005790822e-11 1
1 57 79 976.5935918868823 4.340851473230615e-11 1
1 57 80 976.5935918868823 4.280265118713331e-11 1
1 57 81 978.8373052657823 4.126390158585803e-11 1
1 57 82 981.9133550704723 3.927681657374407e-11 1
1 57 83 984.1047613204723 3.8051155626186356e-11 1
1 57 84 989.3077032150023 3.592482187239519e-11 1
1 57 85 989.3077032150023 3.562153424365739e-11 1
1 57 86 990.4998418868823 3.4976727901912105e-11 1
1 57 87 991.1836797775023 3.452663122475002e-11 1
1 57 88 992.1610967696923 3.402314795106338e-11 1
1 57 89 993.0848638595323 3.375789977402536e-11 1
1 57 90 993.0848638595323 3.3301202199011177e-11 1
1 57 91 994.2234136642223 3.2850075914672475e-11 1
1 58 24 950.1582281173523 4.770294088069093e-11 1
1 58 25 951.4645025314123 4.7344283215779755e-11 1
1 58 26 954.5172979415723 4.693193993227221e-11 1
1 58 27 958.1424200118823 4.749434680231474e-11 1
1 58 28 962.1610967696923 4.9811836799052155e-11 1
1 58 29 964.0006353439123 5.4819500932797037e-11 1
1 58 30 967.2956182540723 5.5859995115651946e-11 1
1 58 31 969.2095586837523 5.601338179870128e-11 1
1 58 32 969.8279058517223 5.6813372132343854e-11 1
1 58 33 971.5108892501623 5.637252497285574e-11 1
1 58 34 972.0708257736023 5.6535426051492305e-11 1
1 58 35 972.0708257736023 5.7052618016632513e-11 1
1 58 36 972.2245733321923 5.747914784637585e-11 1
1 58 37 972.6220953048523 5.7725914651333224e-11 1
1 58 38 973.8720342696923 5.727464756113134e-11 1
1 58 39 974.1143438400023 5.7654969283703856e-11 1
1 58 40 974.1143438400023 5.823160247974893e-11 1
1 58 41 974.4619390548523 5.850107074027135e-11 1
1 58 42 974.9875738204723 5.8054771828346127e-11 1
1 58 43 975.5391485275023 5.887198559102295e-11 1
1 59 24 951.0805303634423 4.592504244857009e-11 1
1 59 25 953.2245733321923 4.520718696043973e-11 1
1 59 26 955.6529790939123 4.544323028587353e-11 1
