5 55 104 985.8228268861196 1.8372260423062438e-11 1
5 55 105 1006.4245724915896 1.984564033334244e-11 1
5 55 106 1029.9178586243997 2.0534329000000472e-11 1
5 55 107 1022.8745846986196 2.1952718715721555e-11 1
5 56 79 965.4462399720596 1.0020482248458632e-11 1
5 56 80 965.4462399720596 1.0185222143759698e-11 1
5 56 81 968.4324460267496 1.0353140904696391e-11 1
5 56 82 971.2402463197196 1.0522515991026294e-11 1
5 56 83 973.2384763001896 1.0694181001144625e-11 1
5 56 84 980.1544919251896 1.0865354169971832e-11 1
5 56 85 980.1544919251896 1.1035238596841421e-11 1
5 56 86 983.1677975892496 1.1204755074438205e-11 1
5 56 87 987.4977536439396 1.1373548368175522e-11 1
5 56 88 992.3759885072196 1.1537502226478173e-11 1
5 56 89 1002.0564694642496 1.1700128936264492e-11 1
5 56 90 1002.0564694642496 1.1856838229305778e-11 1
5 56 91 1005.7205929993996 1.2007093911450899e-11 1
5 56 92 1008.9053464173696 1.2152843435368535e-11 1
5 56 93 1012.1400265931496 1.2293584026110095e-11 1
5 56 94 1017.1223263978396 1.2424095230033501e-11 1
5 56 95 1017.1223263978396 1.2547428946740697e-11 1
5 56 96 1019.3351559876896 1.2660942093321015e-11 1
5 56 97 1021.5913815736196 1.2763950635535481e-11 1
5 56 98 1021.9666867493996 1.2878388617573299e-11 1
5 56 99 1022.9285397767496 1.301949906705244e-11 1
5 56 100 1024.4388547181497 1.3180530586286235e-11 1
5 56 101 1025.9448971986196 1.3389455824813566e-11 1
5 56 102 1028.8351559876896 1.3870949959786778e-11 1
5 56 103 1031.7749142884697 1.5018946707444842e-11 1
5 56 104 1034.1748776673696 1.6887979529096187e-11 1
5 56 105 1038.5670285462797 1.8809833717694135e-11 1
5 57 32 981.8363156556496 7.8472769779528e-12 1
5 57 33 984.1131711243996 7.821272425048337e-12 1
5 57 34 982.8144650697196 7.803611380741793e-12 1
5 57 35 982.8144650697196 7.788621829192087e-12 1
5 57 36 980.5252804993996 7.774795363989072e-12 1
5 57 37 979.4712033509696 7.762247519389707e-12 1
5 57 38 982.3407101868996 7.750460664094542e-12 1
5 57 39 983.4997678040896 7.740740118502473e-12 1
5 57 40 983.4997678040896 7.733223591696811e-12 1
5 57 41 983.3269162415896 7.728125194439856e-12 1
5 57 42 982.8053708314396 7.725877146482185e-12 1
5 57 43 981.2537350892496 7.726624841508825e-12 1
5 57 44 984.3648801087796 7.730485541544824e-12 1
5 57 45 984.3648801087796 7.737288156448678e-12 1
5 57 46 986.0668454408096 7.746901412735656e-12 1
5 57 47 985.2633786439396 7.758982341305278e-12 1
5 57 48 981.3618893861196 7.772444028004332e-12 1
5 57 49 984.0130124329996 7.78672084418307e-12 1
5 57 50 984.0130124329996 7.801008390035311e-12 1
5 57 51 986.4264035462796 7.807792136805232e-12 1
5 57 52 989.8601804017496 7.807152769620161e-12 1
5 57 53 992.7884030579996 7.796061218945337e-12 1
5 57 54 993.0235715150296 7.780712697657719e-12 1
5 57 55 993.0235715150296 7.766759978827352e-12 1
5 57 56 994.0833249329996 7.759315550083503e-12 1
5 57 57 993.9231076478396 7.759542560253826e-12 1
5 57 58 995.2255978822196 7.764996934507424e-12 1
5 57 59 996.2373166322196 7.777195682073385e-12 1
5 57 60 996.2373166322196 7.798966588574049e-12 1
5 57 61 997.4861569642496 7.830003961627755e-12 1
5 57 62 998.1506467103396 7.869520549271755e-12 1
5 57 63 999.2765622376896 7.9178651297985e-12 1
5 57 64 1002.9878049134696 7.97623937063418e-12 1
5 57 65 1002.9878049134696 8.042308394204849e-12 1
5 57 66 1004.8758054017496 8.117713333465624e-12 1
5 57 67 1005.5885129212796 8.198703340563599e-12 1
5 57 68 1006.2390866517496 8.28666041135295e-12 1
5 57 69 1006.0083127259696 8.381083078369089e-12 1
5 57 70 1006.0083127259696 8.479668990358088e-12 1
5 57 71 1004.9754758118996 8.58414941860395e-12 1
5 57 72 1003.3786740540896 8.697732697749533e-12 1
5 57 73 1001.0301022767496 8.820792449625822e-12 1
5 57 74 998.7881589173696 8.95308115971634e-12 1
5 57 75 998.7881589173696 9.093510260538158e-12 1
5 57 76 1000.2655148743996 9.242046320070433e-12 1
5 57 77 999.5662350892496 9.398156501977538e-12 1
5 57 78 998.4752316712796 9.561624981948835e-12 1
5 57 79 1003.8645749329996 9.72985786534169e-12 1
5 57 80 1003.8645749329996 9.90507834198931e-12 1
5 57 81 1006.1082883118996 1.0085024307856674e-11 1
5 57 82 1009.1843381165896 1.031207171371261e-11 1
5 57 83 1011.3757443665896 1.0502547271559205e-11 1
5 57 84 1016.5786862611196 1.0698480017892103e-11 1
5 57 85 1016.5786862611196 1.089843581104603e-11 1
5 57 86 1017.7708249329996 1.1100477820555986e-11 1
5 57 87 1018.4546628236196 1.1302788875541652e-11 1
5 57 88 1019.4320798158096 1.1504497016179679e-11 1
5 57 89 1020.3558469056496 1.1504497016179679e-11 1
5 57 90 1020.3558469056496 1.1832924223316503e-11 1
5 57 91 1021.4943967103396 1.2014890279977605e-11 1
5 58 24 977.4292111634696 8.396055338460146e-12 1
5 58 25 978.7354855775296 8.366170373170636e-12 1
5 58 26 981.7882809876896 8.333350066139275e-12 1
5 58 27 985.4134030579996 8.254824535017892e-12 1
5 58 28 989.4320798158096 8.131890057293443e-12 1
5 58 29 991.2716183900296 8.016367056711579e-12 1
5 58 30 994.5666013001896 7.936908412684573e-12 1
5 58 31 996.4805417298696 7.863167216582545e-12 1
5 58 32 997.0988888978396 7.805218345762342e-12 1
5 58 33 998.7818722962796 7.765220841284987e-12 1
5 58 34 999.3418088197196 7.738672714637476e-12 1
5 58 35 999.3418088197196 7.693197138763542e-12 1
5 58 36 999.4955563783096 7.67371265145107e-12 1
5 58 37 999.8930783509696 7.655207295435164e-12 1
5 58 38 1001.1430173158096 7.637814500729356e-12 1
5 58 39 1001.3853268861196 7.621586198434921e-12 1
5 58 40 1001.3853268861196 7.606658147246865e-12 1
5 58 41 1001.7329221009696 7.606658147246865e-12 1
5 58 42 1002.2585568665896 7.571453163070964e-12 1
5 58 43 1002.8101315736196 7.562580596769575e-12 1
5 59 24 978.3515134095596 8.783002766800983e-12 1
5 59 25 980.4955563783096 8.698866649278383e-12 1
5 59 26 982.9239621400296 8.682438385237923e-12 1
