5 113 272 1013.1396388441018 1.089027005910594e-11 1
5 113 273 1003.6632281885551 1.1176923037567372e-11 1
5 113 274 988.7855346958048 1.1176923037567372e-11 1
5 114 266 987.6170172277613 8.635516283967733e-12 1
5 114 267 993.7429632304576 9.105985659809342e-12 1
5 114 268 1000.8380510860953 9.502402261922767e-12 1
5 114 269 1016.085799766798 9.813379864656342e-12 1
5 114 270 1020.6929523210875 1.0029157776198447e-11 1
5 114 271 1022.078730538839 1.0248567111594759e-11 1
5 114 272 1020.5329312704986 1.0603022938525631e-11 1
5 114 273 1016.1136331249936 1.0976359357860777e-11 1
5 114 274 1004.7325772557479 1.0976359357860777e-11 1
5 115 260 1012.768390047816 6.628902972373803e-12 1
5 115 261 1014.0972971877192 6.722462606190182e-12 1
5 115 262 1015.4997132733126 6.8697415715771935e-12 1
5 115 263 1017.6265733950111 7.0941276506090526e-12 1
5 115 264 1018.4440643357962 7.392711963664138e-12 1
5 115 265 1019.1131878002407 7.75685851480002e-12 1
5 115 266 1015.0542780318704 8.185295915468105e-12 1
5 115 267 1022.4161913878171 8.656507595616485e-12 1
5 115 268 1023.4692832654139 9.134841748935693e-12 1
5 115 269 1026.3929074391312 9.586290182046833e-12 1
5 116 199 959.1656880960936 4.9257212377896635e-12 1
5 116 200 959.6234072259939 4.949141480193886e-12 1
5 116 201 960.0864479487336 4.9727604995058426e-12 1
5 116 202 960.6617571291512 4.996431375211549e-12 1
5 116 203 961.2486066462368 5.020323970901147e-12 1
5 116 204 961.8354561633383 5.044366252247936e-12 1
5 116 205 962.4223056804334 5.06850774489583e-12 1
5 116 206 963.1994186419768 5.0928814230315125e-12 1
5 116 207 964.0287338482686 5.117637791648541e-12 1
5 116 208 964.8580490545378 5.1421908648520594e-12 1
5 116 209 965.6873642608714 5.166980672151734e-12 1
5 116 210 966.4701358743538 5.192065359100243e-12 1
5 116 211 967.224084620746 5.217112821707192e-12 1
5 116 212 967.9780333671795 5.24226092675723e-12 1
5 116 213 968.7319821135719 5.2676550685294695e-12 1
5 116 214 969.4935705031126 5.293083584353225e-12 1
5 116 215 970.2644802182231 5.3184306559715424e-12 1
5 116 216 971.0353899333517 5.344052324468449e-12 1
5 116 217 971.8062996484623 5.3698855396442086e-12 1
5 116 218 972.7341821591923 5.395260627538782e-12 1
5 116 219 974.0592058430519 5.421014890255323e-12 1
5 116 220 975.384229526809 5.447016208102468e-12 1
5 116 221 976.7092532104787 5.4727543493149314e-12 1
5 116 222 977.925223810454 5.4985274973124645e-12 1
5 116 223 978.7248361871617 5.5245036351626265e-12 1
5 116 224 979.4814184242246 5.550052974727462e-12 1
5 116 225 980.2380006612785 5.575500065388191e-12 1
5 116 226 981.0669834541053 5.6013344929731735e-12 1
5 116 227 982.2661945758226 5.627363844586631e-12 1
5 116 228 983.5654794769438 5.652675766706339e-12 1
5 116 229 984.8647643781657 5.678216424086042e-12 1
5 116 230 986.2305443524582 5.703724842529444e-12 1
5 116 231 988.1526704299027 5.7282633317933815e-12 1
5 116 232 990.3336064038998 5.753455108608617e-12 1
5 116 233 992.5145423777801 5.7788922946557375e-12 1
5 116 234 994.6760038045138 5.803759245203201e-12 1
5 116 235 996.2071148764585 5.8281292118312686e-12 1
5 116 236 997.299282621923 5.853048237637948e-12 1
5 116 237 998.3914503674458 5.878123195597482e-12 1
5 116 238 999.4836181129394 5.9021917086449976e-12 1
5 116 239 1000.3263676730418 5.926458133516618e-12 1
5 116 240 1000.8924530327733 5.950481293775072e-12 1
5 116 241 1001.4489031625191 5.9738141555967924e-12 1
5 116 242 1002.0053532922794 5.997190555845947e-12 1
5 116 243 1002.6430891915255 6.0206340961161914e-12 1
5 116 244 1003.4385262689839 6.042810810375731e-12 1
5 116 245 1004.245100888048 6.064756634390863e-12 1
5 116 246 1005.0516755070909 6.0871838195291435e-12 1
5 116 247 1005.9167662767485 6.109658497676561e-12 1
5 116 248 1007.0172809268803 6.1300744965568204e-12 1
5 116 249 1008.1404383248665 6.151257440965257e-12 1
5 116 250 1009.2635957229121 6.172587291610277e-12 1
5 116 251 1010.3430970048493 6.1927108794322715e-12 1
5 116 252 1010.5949274544023 6.21241576492738e-12 1
5 116 253 1010.7510518530952 6.232149736747062e-12 1
5 116 254 1010.907176251792 6.25057727865093e-12 1
5 116 255 1011.0633006504848 6.2730869238892585e-12 1
5 116 256 1011.23320180424 6.30732190233288e-12 1
5 116 257 1011.4697634644332 6.354142644867185e-12 1
5 116 258 1011.8937319951923 6.416582155624614e-12 1
5 116 259 1013.166594627831 6.496782562890267e-12 1
5 116 260 1014.3336187773006 6.588151155411417e-12 1
5 116 261 1015.8485465072376 6.680520602726471e-12 1
5 116 262 1017.257189558383 6.792508727289686e-12 1
5 116 263 1019.8665715871632 6.987875498612423e-12 1
5 117 121 967.9247809418322 3.951800153719169e-12 1
5 117 122 967.9077966188875 3.948634323945606e-12 1
5 117 123 967.6692185719572 3.945480009193483e-12 1
5 117 124 967.4062350905418 3.942873943333121e-12 1
5 117 125 967.1432516091058 3.941160320980976e-12 1
5 117 126 966.9027558381649 3.939448187505179e-12 1
5 117 127 966.7692021202649 3.937616970313746e-12 1
5 117 128 966.664409990817 3.937278522276981e-12 1
5 117 129 966.5596178613835 3.937069191770092e-12 1
5 117 130 966.5095619193007 3.9368598835206556e-12 1
5 117 131 966.9028752931066 3.9376196373989104e-12 1
5 117 132 967.495058580822 3.9389749302202845e-12 1
5 117 133 968.0872418685263 3.940336939334341e-12 1
5 117 134 968.6707617478619 3.942274212089398e-12 1
5 117 135 968.918601751743 3.945155492208276e-12 1
5 117 136 968.9469327211226 3.948040987075611e-12 1
5 117 137 968.9752636905024 3.950795475965863e-12 1
5 117 138 969.0035946598832 3.954975561059786e-12 1
5 117 139 969.0058823392435 3.959343844370639e-12 1
5 117 140 968.9801694905681 3.963721787917353e-12 1
5 117 141 968.9536058014024 3.96891729718962e-12 1
5 117 142 968.9270421122375 3.974708111764749e-12 1
5 117 143 969.2845639399567 3.9805230910335846e-12 1
5 117 144 970.3857014780473 3.986856189150313e-12 1
5 117 145 971.5294463869236 3.994033196585556e-12 1
5 117 146 972.6731912958663 4.00123609024599e-12 1
5 117 147 973.817691509199 4.008230887155468e-12 1
5 117 148 974.9653378720138 4.016340389725639e-12 1
5 117 149 976.113223424997 4.024803473443757e-12 1
5 117 150 977.2611089780029 4.0333022986681725e-12 1
5 117 151 978.3801825839718 4.042552157844465e-12 1
5 117 152 978.8129768878134 4.052134632794744e-12 1
5 117 153 979.1839457891961 4.061690372800159e-12 1
5 117 154 979.5549146905498 4.071023079494316e-12 1
5 117 155 979.9258835919076 4.081296391502073e-12 1
5 117 156 980.5146128690135 4.091879759889876e-12 1
5 117 157 981.161099378366 4.10251819449602e-12 1
5 117 158 981.8075858877368 4.113410799830884e-12 1
5 117 159 982.4540723971014 4.124813385708294e-12 1
5 117 160 982.8760926466501 4.136279364420604e-12 1
5 117 161 983.1624128391551 4.148240753347612e-12 1
5 117 162 983.4487330316518 4.160446763613302e-12 1
5 117 163 983.7350532241708 4.1726766236770006e-12 1
5 117 164 983.7820427370973 4.185062884061666e-12 1
5 117 165 983.543619265644 4.198253217970419e-12 1
5 117 166 983.3051957941772 4.2115269604236924e-12 1
5 117 167 983.0667723227239 4.224984177484573e-12 1
5 117 168 982.724502945998 4.239673222741612e-12 1
5 117 169 982.126691194518 4.2543238352528405e-12 1
5 117 170 981.5288794430552 4.269076052165623e-12 1
5 117 171 980.931067691546 4.284824040474208e-12 1
5 117 172 980.3248332023469 4.3009424771199454e-12 1
5 117 173 979.6879949021493 4.317179508909524e-12 1
5 117 174 979.0478861856885 4.333913721377415e-12 1
5 117 175 978.4077774693135 4.3513959446160804e-12 1
5 117 176 977.8125005717177 4.369019779336127e-12 1
5 117 177 977.4379787649673 4.3868205782201685e-12 1
5 117 178 977.1230267582594 4.405511603942429e-12 1
5 117 179 976.8080747515581 4.424414220358e-12 1
5 117 180 976.4791593461252 4.443479745712252e-12 1
5 117 181 976.0354935644226 4.4631890027685524e-12 1
5 117 182 975.5393723407321 4.4832689036250935e-12 1
5 117 183 975.0432511170361 4.503508640523002e-12 1
5 117 184 974.5559271937723 4.524042919407193e-12 1
5 117 185 974.3773932963055 4.545216255070272e-12 1
5 117 186 974.4073623613132 4.566588712708702e-12 1
5 117 187 974.4373314263204 4.587873562263361e-12 1
5 117 188 974.4673004913283 4.609594205622595e-12 1
5 117 189 974.5114804745878 4.631901922951764e-12 1
5 117 190 974.5711702812201 4.654426602641451e-12 1
5 117 191 974.631369123889 4.677252039560352e-12 1
5 117 192 974.6915679665532 4.700335321350704e-12 1
5 117 193 974.8264039600004 4.723571956926199e-12 1
5 117 194 975.1058050163044 4.746480553052143e-12 1
5 117 195 975.3944736731578 4.7700381116846655e-12 1
5 117 196 975.6831423300191 4.794067605604381e-12 1
5 117 197 976.1476532730893 4.818340329574203e-12 1
5 117 198 977.3314740777848 4.842858044535806e-12 1
5 117 199 978.5772592795136 4.867626548229199e-12 1
5 117 200 979.8230444812083 4.892349831037888e-12 1
5 117 201 981.0365787409121 4.916894187778012e-12 1
5 117 202 981.5697220609447 4.942371799680973e-12 1
5 117 203 982.0329264091304 4.968135231152928e-12 1
5 117 204 982.4961307573288 4.994140536799995e-12 1
5 117 205 982.9593351055221 5.020372952869393e-12 1
5 117 206 983.7203708998738 5.046882402908036e-12 1
5 117 207 984.5631221813237 5.072858306829839e-12 1
5 117 208 985.4058734627507 5.0989269209234825e-12 1
5 117 209 986.248624744243 5.125880174601995e-12 1
5 117 210 987.1036195883876 5.153119895810303e-12 1
5 117 211 987.9661964553275 5.180464256378662e-12 1
5 117 212 988.8287733223146 5.208024299880445e-12 1
5 117 213 989.6913501892549 5.235742030477018e-12 1
5 117 214 990.7413305368419 5.2629831501591204e-12 1
5 117 215 992.0199667035807 5.290926935814388e-12 1
5 117 216 993.2986028703498 5.319169040203258e-12 1
5 117 217 994.5772390370889 5.346606093454561e-12 1
5 117 218 995.7265863949103 5.3738255444946225e-12 1
5 117 219 996.5488330662753 5.402326011605525e-12 1
5 117 220 997.3710797375765 5.431130399100607e-12 1
5 117 221 998.1933264088235 5.4596554397683384e-12 1
5 117 222 999.0197188957162 5.488241766111612e-12 1
5 117 223 999.8619398610414 5.516968647077161e-12 1
5 117 224 1000.705796681289 5.544474825409238e-12 1
5 117 225 1001.5496535015268 5.572554825375506e-12 1
5 117 226 1002.3448001590654 5.601396518051898e-12 1
5 117 227 1002.8908619586524 5.630486092898201e-12 1
5 117 228 1003.3695954065365 5.65877830131984e-12 1
5 117 229 1003.8483288544577 5.687356272452974e-12 1
5 117 230 1004.3568723972954 5.715693259992322e-12 1
5 117 231 1005.1148288570749 5.742835423662398e-12 1
5 117 232 1005.9888111699415 5.770968799630517e-12 1
5 117 233 1006.8627934827613 5.799409835557141e-12 1
5 117 234 1007.7278054840847 5.8276204553019616e-12 1
5 117 235 1008.3024672662535 5.8552599008791235e-12 1
5 117 236 1008.6749441998406 5.883162774543542e-12 1
5 117 237 1009.0474211334479 5.910424873468697e-12 1
5 117 238 1009.419898067045 5.93667712289615e-12 1
5 117 239 1009.761079584599 5.96386661486063e-12 1
5 118 61 979.7880165046829 3.887665885589919e-12 1
5 118 62 980.4144731910854 3.861256159022476e-12 1
5 118 63 979.1497362057564 3.845609397319801e-12 1
5 118 64 979.106816673858 3.836693735550905e-12 1
5 118 65 980.4790439101898 3.83152153463872e-12 1
5 118 66 980.8170282679322 3.828550140863829e-12 1
5 118 67 981.4929969834221 3.826674232581317e-12 1
5 118 68 981.7532415289995 3.825520857927873e-12 1
5 118 69 981.8323376443961 3.824291950960872e-12 1
5 118 70 981.9114337597975 3.823063833286312e-12 1
5 118 71 981.9905298751942 3.822117556389116e-12 1
5 118 72 982.0145941038667 3.821285171543149e-12 1
5 118 73 981.856136080871 3.820464839812401e-12 1
5 118 74 981.6770250290848 3.819897438492517e-12 1
5 118 75 981.4979139773016 3.8195040627758384e-12 1
5 118 76 981.3275043214524 3.819055344740421e-12 1
5 118 77 981.1971699616481 3.818624769565179e-12 1
5 118 78 981.0775596870953 3.818570702329742e-12 1
5 118 79 980.9579494125417 3.8185166366253315e-12 1
5 118 80 980.8779178932588 3.818546510342358e-12 1
5 118 81 981.1149396366117 3.8189581204692885e-12 1
5 118 82 981.4912953299212 3.819258918727073e-12 1
5 118 83 981.8676510231986 3.8195534094392546e-12 1
5 118 84 982.2430854712774 3.820076584886796e-12 1
5 118 85 982.5782350562123 3.820778996433739e-12 1
5 118 86 982.8879048489533 3.821371166139527e-12 1
5 118 87 983.1975746417186 3.821991005422606e-12 1
5 118 88 983.5072444344598 3.823067758454122e-12 1
5 118 89 983.6470390095097 3.823878831672992e-12 1
5 118 90 983.6066928708419 3.824690249107241e-12 1
5 118 91 983.5613886294656 3.82552539582157e-12 1
5 118 92 983.5160843880877 3.8263703526167776e-12 1
5 118 93 983.4417630220773 3.827279771016633e-12 1
5 118 94 983.311219833859 3.828677228961276e-12 1
5 118 95 983.1778535985293 3.829688456737786e-12 1
5 118 96 983.0444873632038 3.830469430575336e-12 1
5 118 97 982.9374186152335 3.831237174421557e-12 1
5 118 98 982.9420585266294 3.8317223641446765e-12 1
5 118 99 982.9540536517828 3.8322076767726894e-12 1
5 118 100 982.9660487769373 3.8330265257574756e-12 1
5 118 101 982.9887152160877 3.833370071901546e-12 1
5 118 102 983.3037241963527 3.833358636525588e-12 1
5 118 103 983.641398335333 3.83343383418967e-12 1
5 118 104 983.9790724743028 3.8338453304889835e-12 1
5 118 105 984.3167466132988 3.833384003812486e-12 1
5 118 106 984.7028275048247 3.832712118204558e-12 1
5 118 107 985.1013115500357 3.832012745153175e-12 1
5 118 108 985.4997955952704 3.830735328620062e-12 1
5 118 109 985.8982796404813 3.829458763466806e-12 1
5 118 110 986.2808159985211 3.828287444470116e-12 1
5 118 111 986.6539417843902 3.826758378846357e-12 1
5 118 112 987.0270675702659 3.825173083516606e-12 1
5 118 113 987.4001933561349 3.8235930144250944e-12 1
5 118 114 987.7891218650482 3.821935675519028e-12 1
5 118 115 988.1964707260894 3.820431265016833e-12 1
5 118 116 988.6038195870989 3.8190861090842835e-12 1
5 118 117 989.0111684481119 3.817761820741935e-12 1
5 118 118 989.3247071486626 3.817011186006924e-12 1
5 118 119 989.4136426764494 3.816617730677764e-12 1
5 118 120 989.5025782042387 3.8162243564545365e-12 1
5 118 121 989.5915137320274 3.816788083589303e-12 1
5 118 122 989.6916841908752 3.817738601763879e-12 1
5 118 123 989.830807692611 3.818614192644599e-12 1
5 118 124 989.9742213245835 3.81929234615924e-12 1
5 118 125 990.1176349565674 3.821107717102857e-12 1
5 118 126 990.2654498869772 3.823233661854065e-12 1
5 118 127 990.4341955338107 3.825362494218841e-12 1
5 118 128 990.6085704035349 3.827790016471854e-12 1
5 118 129 990.7829452732353 3.830869729303546e-12 1
5 118 130 990.9842611534935 3.833954401795129e-12 1
5 118 131 991.4038022698809 3.837641411880323e-12 1
5 118 132 991.9212266460453 3.841577209852395e-12 1
5 118 133 992.4386510221998 3.845420775806604e-12 1
5 118 134 992.951432774755 3.848915596839021e-12 1
5 118 135 993.2843274386242 3.853508267253933e-12 1
5 118 136 993.4995896673889 3.858369899793643e-12 1
5 118 137 993.7148518961557 3.863260214706704e-12 1
5 118 138 993.9301141249287 3.868687940648814e-12 1
5 118 139 994.1368024070377 3.874545006950826e-12 1
5 118 140 994.3342723824888 3.880419834954941e-12 1
5 118 141 994.5314622450556 3.887047502116259e-12 1
5 118 142 994.7286521076168 3.8939956805491065e-12 1
5 118 143 994.9139200605645 3.900914351801696e-12 1
5 118 144 995.0761063847616 3.9080437812348175e-12 1
5 118 145 995.2369701878141 3.916169893487239e-12 1
5 118 146 995.3978339908759 3.924329869890631e-12 1
5 118 147 995.5873394091552 3.932325930373321e-12 1
5 118 148 995.8961487732735 3.94155613687449e-12 1
5 118 149 996.2140283779236 3.951016799726423e-12 1
5 118 150 996.5319079825799 3.960522987485992e-12 1
5 118 151 996.8439215403639 3.970732019983682e-12 1
5 118 152 997.01621019349 3.981515223506949e-12 1
5 118 153 997.1759113353321 3.992364418741258e-12 1
5 118 154 997.3356124771617 4.003710374617328e-12 1
5 118 155 997.495313618993 4.0158419401116155e-12 1
5 118 156 997.6802421709384 4.028047248296911e-12 1
5 118 157 997.8718618639055 4.040090636465973e-12 1
5 118 158 998.0634815568778 4.053166724852948e-12 1
5 118 159 998.2551012498485 4.066628857511333e-12 1
5 118 160 998.4155353720357 4.080180714064907e-12 1
5 118 161 998.5571163991716 4.0944321237871836e-12 1
5 119 54 975.1040852298245 4.05984452873977e-12 1
5 119 55 977.204686465529 4.030435905456666e-12 1
5 119 56 978.6973770512326 4.005081429143031e-12 1
5 119 57 979.349914010075 3.986263777006939e-12 1
5 119 58 980.7539934322898 3.970831107202489e-12 1
5 119 59 982.694226367503 3.9482024827293585e-12 1
5 119 60 984.3573674690039 3.913765646685762e-12 1
5 119 61 985.5572262126519 3.87534828784213e-12 1
5 119 62 987.1927459890461 3.8457151511251505e-12 1
5 119 63 988.3376984936491 3.8274756671673925e-12 1
5 119 64 988.9379790935412 3.816516278396594e-12 1
5 119 65 989.5220460672502 3.80980276003326e-12 1
5 119 66 989.5817038579415 3.805697539798726e-12 1
5 119 67 989.7010194393251 3.8029229275579435e-12 1
5 119 68 989.8108301456768 3.801061507616673e-12 1
5 119 69 990.037506608392 3.7990367794885765e-12 1
5 119 70 990.2641830711211 3.797014207253725e-12 1
5 119 71 990.4908595338362 3.795354988279313e-12 1
5 119 72 990.6868658153734 3.793580269319219e-12 1
5 119 73 990.781149425529 3.791799766421887e-12 1
5 119 74 990.8639227609597 3.790106676656991e-12 1
5 119 75 990.9466960963888 3.7885554387544e-12 1
5 119 76 991.0323464928026 3.78700547013246e-12 1
5 119 77 991.1312475298997 3.785705619649353e-12 1
5 119 78 991.2336944172783 3.784611709681691e-12 1
5 119 79 991.3361413046579 3.7832805163910175e-12 1
5 120 48 967.3715624223412 4.21396783258732e-12 1
5 120 49 968.3576166683749 4.20740696185661e-12 1
5 120 50 969.4798518596054 4.209199158021821e-12 1
5 120 51 970.9447814762332 4.212823641540734e-12 1
5 120 52 972.7641309153595 4.213295831630439e-12 1
5 120 53 974.8073330685792 4.20567580185376e-12 1
5 120 54 977.0305099015677 4.186335971918213e-12 1
5 120 55 978.6212430254935 4.15373734885939e-12 1
5 120 56 979.9503744723994 4.113833729468626e-12 1
5 120 57 981.8787006519166 4.073655867036927e-12 1
5 121 48 967.6770772503579 4.334674611926342e-12 1
5 121 49 969.1379554703306 4.332978856300813e-12 1
5 121 50 970.23090255223 4.3457052362619765e-12 1
5 121 51 971.4750677804914 4.331254812156252e-12 1
