2 19 27 1007.744439472846 3.1351201793252124e-10 1
2 20 17 930.977654804886 1.86218191297687e-10 1
2 20 18 938.855950703316 1.8464022906941621e-10 1
2 20 19 946.285027851756 1.9766020944635173e-10 1
2 20 20 957.581658711136 2.2434893003946843e-10 1
2 20 21 962.166497578316 2.554288094682041e-10 1
2 20 22 981.788812031446 2.767110880162794e-10 1
2 20 23 1010.761041035346 2.830114595474337e-10 1
2 20 24 1022.668450703316 2.8269137906288287e-10 1
2 20 25 1026.667230000196 2.9108968591064874e-10 1
2 20 26 1032.216363300976 2.8241918725190666e-10 1
2 20 27 1042.360650410346 2.6121777980122466e-10 1
2 21 11 976.405084004096 2.2368257687503054e-10 1
2 21 12 982.543145527536 2.277061364630045e-10 1
2 21 13 989.385491718946 2.0938762469381843e-10 1
2 21 14 994.053094258006 2.0328187962949494e-10 1
2 21 15 997.321893086136 2.0486672395384064e-10 1
2 21 16 1001.885064472846 2.0391283755053223e-10 1
2 21 17 1005.314935078316 1.9647858610462982e-10 1
2 21 18 1008.406976093946 1.9068198526201937e-10 1
