3 113 272 1017.9146336114219 8.454411023420913e-11 1
3 113 273 1008.4382229558752 9.621629874971682e-11 1
3 113 274 993.5605294631249 9.621629874971682e-11 1
3 114 266 992.3920119950814 6.642782373579309e-11 1
3 114 267 998.5179579977777 6.268341116044766e-11 1
3 114 268 1005.6130458534154 5.984726088640311e-11 1
3 114 269 1020.8607945341181 5.83517332006485e-11 1
3 114 270 1025.4679470884078 5.973437253905326e-11 1
3 114 271 1026.853725306159 6.53144813244859e-11 1
3 114 272 1025.3079260378188 7.543363472936213e-11 1
3 114 273 1020.8886278923137 8.080150516474462e-11 1
3 114 274 1009.507572023068 8.080150516474462e-11 1
3 115 260 1017.543384815136 6.282302319949792e-11 1
3 115 261 1018.8722919550393 6.359381653386679e-11 1
3 115 262 1020.2747080406327 6.527582018821481e-11 1
3 115 263 1022.4015681623312 6.727919894355275e-11 1
3 115 264 1023.2190591031163 6.83474224112994e-11 1
3 115 265 1023.8881825675608 6.742996592232429e-11 1
3 115 266 1019.8292727991904 6.456387907107484e-11 1
3 115 267 1027.1911861551373 6.099713760662033e-11 1
3 115 268 1028.244278032734 5.788113116800752e-11 1
3 115 269 1031.1679022064513 5.606064330397192e-11 1
3 116 199 963.9406828634137 5.749030874618514e-11 1
3 116 200 964.398401993314 5.772327823817076e-11 1
3 116 201 964.8614427160537 5.794109259628406e-11 1
3 116 202 965.4367518964713 5.815880268401247e-11 1
3 116 203 966.0236014135569 5.837830302885134e-11 1
3 116 204 966.6104509306584 5.859185261439688e-11 1
3 116 205 967.1973004477535 5.879441028853523e-11 1
3 116 206 967.9744134092969 5.899837334396458e-11 1
3 116 207 968.8037286155887 5.91977139835101e-11 1
3 116 208 969.6330438218579 5.938280285853833e-11 1
3 116 209 970.4623590281915 5.956905276958543e-11 1
3 116 210 971.2451306416739 5.975368715767722e-11 1
3 116 211 971.9990793880661 5.992474826704133e-11 1
3 116 212 972.7530281344996 6.009219389433536e-11 1
3 116 213 973.506976880892 6.025986365516569e-11 1
3 116 214 974.2685652704326 6.04150672500393e-11 1
3 116 215 975.0394749855432 6.056126647477942e-11 1
3 116 216 975.8103847006718 6.07101661400396e-11 1
3 116 217 976.5812944157824 6.08586059504822e-11 1
3 116 218 977.5091769265124 6.098428080631084e-11 1
3 116 219 978.834200610372 6.111397712319068e-11 1
3 116 220 980.1592242941291 6.12442262705519e-11 1
3 116 221 981.4842479777988 6.136035583439668e-11 1
3 116 222 982.7002185777741 6.147098103258562e-11 1
3 116 223 983.4998309544818 6.158163183698871e-11 1
3 116 224 984.2564131915447 6.16830896850713e-11 1
3 116 225 985.0129954285986 6.177532759794492e-11 1
3 116 226 985.8419782214254 6.186877138928633e-11 1
3 116 227 987.0411893431427 6.196170838560544e-11 1
3 116 228 988.3404742442639 6.203839374871638e-11 1
3 116 229 989.6397591454858 6.211526916249335e-11 1
3 116 230 991.0055391197783 6.219207102501403e-11 1
3 116 231 992.9276651972228 6.225880534375955e-11 1
3 116 232 995.1086011712199 6.231967532672939e-11 1
3 116 233 997.2895371451002 6.238060794850971e-11 1
3 116 234 999.4509985718339 6.243734380877912e-11 1
3 116 235 1000.9821096437786 6.248447397608052e-11 1
3 116 236 1002.0742773892431 6.253018953530685e-11 1
3 116 237 1003.1664451347659 6.25753540809828e-11 1
3 116 238 1004.2586128802595 6.260767077850345e-11 1
3 116 239 1005.1013624403619 6.264002087283294e-11 1
3 116 240 1005.6674478000934 6.267426705066091e-11 1
3 116 241 1006.2238979298392 6.269967848558341e-11 1
3 116 242 1006.7803480595995 6.272061462772303e-11 1
3 116 243 1007.4180839588456 6.2742092398068e-11 1
3 116 244 1008.213521036304 6.276391115931567e-11 1
3 116 245 1009.0200956553681 6.277741832040752e-11 1
3 116 246 1009.826670274411 6.278954386845813e-11 1
3 116 247 1010.6917610440686 6.280147102878783e-11 1
3 116 248 1011.7922756942004 6.280816925664171e-11 1
3 116 249 1012.9154330921866 6.281261187920838e-11 1
3 116 250 1014.0385904902322 6.281705513030149e-11 1
3 116 251 1015.1180917721694 6.281770261619474e-11 1
3 116 252 1015.3699222217224 6.281681750999578e-11 1
3 116 253 1015.5260466204153 6.281624847376833e-11 1
3 116 254 1015.682171019112 6.281611521304087e-11 1
3 116 255 1015.8382954178049 6.280941808681526e-11 1
3 116 256 1016.0081965715601 6.279721752641975e-11 1
3 116 257 1016.2447582317533 6.277188356404447e-11 1
3 116 258 1016.6687267625124 6.273004571038389e-11 1
3 116 259 1017.9415893951511 6.266927000197749e-11 1
3 116 260 1019.1086135446207 6.267584299690909e-11 1
3 116 261 1020.6235412745577 6.304250998430494e-11 1
3 116 262 1022.032184325703 6.391522549882335e-11 1
3 116 263 1024.6415663544833 6.558131668982314e-11 1
3 117 121 972.6997757091523 4.114911858786043e-11 1
3 117 122 972.6827913862076 4.122383170702657e-11 1
3 117 123 972.4442133392773 4.129878863281838e-11 1
3 117 124 972.1812298578619 4.1381852808478556e-11 1
3 117 125 971.9182463764259 4.147814340564878e-11 1
3 117 126 971.677750605485 4.1574883161246737e-11 1
3 117 127 971.544196887585 4.167314936926049e-11 1
3 117 128 971.4394047581371 4.1788352502315764e-11 1
3 117 129 971.3346126287036 4.1905115145472375e-11 1
3 117 130 971.2845566866208 4.202253212002758e-11 1
3 117 131 971.6778700604267 4.2150288080239004e-11 1
3 117 132 972.2700533481421 4.2284180656879315e-11 1
3 117 133 972.8622366358464 4.241896724433293e-11 1
3 117 134 973.445756515182 4.255935489578789e-11 1
3 117 135 973.6935965190631 4.270849194028686e-11 1
3 117 136 973.7219274884427 4.285867787626382e-11 1
3 117 137 973.7502584578225 4.30099415675024e-11 1
3 117 138 973.7785894272033 4.317163339890952e-11 1
3 117 139 973.7808771065636 4.333425312111767e-11 1
3 117 140 973.7551642578882 4.349810259364049e-11 1
3 117 141 973.7286005687225 4.3667175144473395e-11 1
3 117 142 973.7020368795576 4.383875874112781e-11 1
3 117 143 974.0595587072768 4.401168385251205e-11 1
3 117 144 975.1606962453674 4.418686959898273e-11 1
3 117 145 976.3044411542437 4.436492689539536e-11 1
3 117 146 977.4481860631864 4.454442501236855e-11 1
3 117 147 978.5926862765191 4.472597259647042e-11 1
3 117 148 979.7403326393339 4.4911046025253727e-11 1
3 117 149 980.8882181923171 4.509574436438392e-11 1
3 117 150 982.036103745323 4.528196813441759e-11 1
3 117 151 983.1551773512919 4.547161747251144e-11 1
3 117 152 983.5879716551335 4.5663627985913135e-11 1
3 117 153 983.9589405565162 4.5858056425282536e-11 1
3 117 154 984.3299094578699 4.60639625622806e-11 1
3 117 155 984.7008783592277 4.6270929183835836e-11 1
3 117 156 985.2896076363336 4.6475616938491716e-11 1
3 117 157 985.9360941456861 4.6683079271506915e-11 1
3 117 158 986.5825806550569 4.690910004890216e-11 1
3 117 159 987.2290671644215 4.712944801749511e-11 1
3 117 160 987.6510874139702 4.735187585436894e-11 1
3 117 161 987.9374076064752 4.758186867179636e-11 1
3 117 162 988.2237277989719 4.781633104021788e-11 1
3 117 163 988.5100479914909 4.805395973870825e-11 1
3 117 164 988.5570375044174 4.829782111612511e-11 1
3 117 165 988.3186140329641 4.8540111324678963e-11 1
3 117 166 988.0801905614973 4.878484472942921e-11 1
3 117 167 987.841767090044 4.902966481732043e-11 1
3 117 168 987.4994977133181 4.9266091189792456e-11 1
3 117 169 986.9016859618381 4.9507737388935423e-11 1
3 117 170 986.3038742103753 4.97517657827395e-11 1
3 117 171 985.7060624588661 4.998752669345271e-11 1
3 117 172 985.099827969667 5.022303149121179e-11 1
3 117 173 984.4629896694694 5.0460818893661616e-11 1
3 117 174 983.8228809530086 5.0696408649431116e-11 1
3 117 175 983.1827722366336 5.092683545596178e-11 1
3 117 176 982.5874953390378 5.115936651217625e-11 1
3 117 177 982.2129735322874 5.139473352224097e-11 1
3 117 178 981.8980215255795 5.162351021070071e-11 1
3 117 179 981.5830695188782 5.185236740224072e-11 1
3 117 180 981.2541541134453 5.2083262767444594e-11 1
3 117 181 980.8104883317427 5.230906639842681e-11 1
3 117 182 980.3143671080522 5.2533922237769384e-11 1
3 117 183 979.8182458843562 5.2761265586293974e-11 1
3 117 184 979.3309219610924 5.2989000143108806e-11 1
3 117 185 979.1523880636256 5.320935614962373e-11 1
3 117 186 979.1823571286333 5.3431552520635485e-11 1
3 117 187 979.2123261936405 5.36606234177893e-11 1
3 117 188 979.2422952586484 5.3881887852220264e-11 1
3 117 189 979.2864752419079 5.409918931399461e-11 1
3 117 190 979.3461650485402 5.4318250592753295e-11 1
3 117 191 979.4063638912091 5.453146996637571e-11 1
3 117 192 979.4665627338733 5.474326849120168e-11 1
3 117 193 979.6013987273205 5.4957877214545686e-11 1
3 117 194 979.8807997836245 5.517797962623594e-11 1
3 117 195 980.1694684404779 5.538612698742584e-11 1
3 117 196 980.4581370973392 5.559258775746171e-11 1
3 117 197 980.9226480404094 5.5799941818149386e-11 1
3 117 198 982.1064688451049 5.599514841224456e-11 1
3 117 199 983.3522540468337 5.6191725595165656e-11 1
3 117 200 984.5980392485284 5.639335568475138e-11 1
3 117 201 985.8115735082322 5.658978679890008e-11 1
3 117 202 986.3447168282648 5.677389991770782e-11 1
3 117 203 986.8079211764505 5.695895320585901e-11 1
3 117 204 987.2711255246489 5.7138627566963245e-11 1
3 117 205 987.7343298728422 5.7308579938265496e-11 1
3 117 206 988.4953656671939 5.7479546333797965e-11 1
3 117 207 989.3381169486438 5.7659085168459616e-11 1
3 117 208 990.1808682300708 5.7820993486591146e-11 1
3 117 209 991.0236195115631 5.7977873463402253e-11 1
3 117 210 991.8786143557077 5.8135607050045606e-11 1
3 117 211 992.7411912226476 5.828023045403818e-11 1
3 117 212 993.6037680896347 5.841990857921149e-11 1
3 117 213 994.466344956575 5.856160693231469e-11 1
3 117 214 995.516325304162 5.870266098032324e-11 1
3 117 215 996.7949614709008 5.882569159235047e-11 1
3 117 216 998.0735976376699 5.894923898918498e-11 1
3 117 217 999.352233804409 5.908297442241329e-11 1
3 117 218 1000.5015811622304 5.919919023496878e-11 1
3 117 219 1001.3238278335954 5.930688679594243e-11 1
3 117 220 1002.1460745048965 5.941497591931463e-11 1
3 117 221 1002.9683211761436 5.951172312840605e-11 1
3 117 222 1003.7947136630363 5.960403338700972e-11 1
3 117 223 1004.6369346283615 5.969793339154983e-11 1
3 117 224 1005.4807914486091 5.979520979528857e-11 1
3 117 225 1006.3246482688469 5.987576784158141e-11 1
3 117 226 1007.1197949263855 5.995303344607584e-11 1
3 117 227 1007.6658567259725 6.00298568542795e-11 1
3 117 228 1008.1445901738566 6.009344985045889e-11 1
3 117 229 1008.6233236217778 6.015717772478131e-11 1
3 117 230 1009.1318671646155 6.022447303972719e-11 1
3 117 231 1009.889823624395 6.028561693532615e-11 1
3 117 232 1010.7638059372616 6.033626626791899e-11 1
3 117 233 1011.6377882500814 6.038681937434885e-11 1
3 117 234 1012.5028002514048 6.043278012675092e-11 1
3 117 235 1013.0774620335736 6.047113902295309e-11 1
3 117 236 1013.4499389671607 6.050954664567295e-11 1
3 117 237 1013.822415900768 6.055158924347356e-11 1
3 117 238 1014.1948928343651 6.05823529556758e-11 1
3 117 239 1014.5360743519191 6.060990221949261e-11 1
3 118 61 984.563011272003 4.611439574862343e-11 1
3 118 62 985.1894679584055 4.5994549336495706e-11 1
3 118 63 983.9247309730765 4.576177641372474e-11 1
3 118 64 983.8818114411781 4.551138376091688e-11 1
3 118 65 985.2540386775099 4.531245480817762e-11 1
3 118 66 985.5920230352523 4.5164834314948244e-11 1
3 118 67 986.2679917507422 4.506137952169684e-11 1
3 118 68 986.5282362963196 4.49696042139822e-11 1
3 118 69 986.6073324117162 4.48827085218999e-11 1
3 118 70 986.6864285271176 4.479614800282574e-11 1
3 118 71 986.7655246425143 4.470608148619815e-11 1
3 118 72 986.7895888711868 4.461483281590513e-11 1
3 118 73 986.6311308481911 4.452326568406413e-11 1
3 118 74 986.4520197964049 4.442529843285812e-11 1
3 118 75 986.2729087446216 4.4328129233090265e-11 1
3 118 76 986.1024990887724 4.423313936442577e-11 1
3 118 77 985.9721647289682 4.413830087634169e-11 1
3 118 78 985.8525544544154 4.403857260500131e-11 1
3 118 79 985.7329441798618 4.393929397973687e-11 1
3 118 80 985.6529126605789 4.383935954985354e-11 1
3 118 81 985.8899344039318 4.3739273868670935e-11 1
3 118 82 986.2662900972413 4.363951112402572e-11 1
3 118 83 986.6426457905187 4.354019046369892e-11 1
3 118 84 987.0180802385975 4.3442119875225785e-11 1
3 118 85 987.3532298235324 4.334480378038233e-11 1
3 118 86 987.6628996162734 4.3247366496199196e-11 1
3 118 87 987.9725694090387 4.3150590385179314e-11 1
3 118 88 988.2822392017799 4.3058350231876816e-11 1
3 118 89 988.4220337768298 4.296525395324895e-11 1
3 118 90 988.381687638162 4.287255937226022e-11 1
3 118 91 988.3363833967857 4.278397645812245e-11 1
3 118 92 988.2910791554078 4.26972517140808e-11 1
3 118 93 988.2167577893974 4.261092632355762e-11 1
3 118 94 988.0862146011791 4.252617899776277e-11 1
3 118 95 987.9528483658494 4.244397153059985e-11 1
3 118 96 987.8194821305239 4.236252008191902e-11 1
3 118 97 987.7124133825536 4.228167475372984e-11 1
3 118 98 987.7170532939494 4.220725315908791e-11 1
3 118 99 987.7290484191029 4.2133093088723654e-11 1
3 118 100 987.7410435442574 4.2058475211624305e-11 1
3 118 101 987.7637099834078 4.199286207584898e-11 1
3 118 102 988.0787189636728 4.1931321098853574e-11 1
3 118 103 988.416393102653 4.186955332397194e-11 1
3 118 104 988.7540672416229 4.180988393334375e-11 1
3 118 105 989.0917413806189 4.1761932438034576e-11 1
3 118 106 989.4778222721447 4.1716068783971946e-11 1
3 118 107 989.8763063173558 4.1671115872245284e-11 1
3 118 108 990.2747903625905 4.164313834948571e-11 1
3 118 109 990.6732744078014 4.161519836911452e-11 1
3 118 110 991.0558107658412 4.158483202581637e-11 1
3 118 111 991.4289365517103 4.1566564692907956e-11 1
3 118 112 991.802062337586 4.1558677462856636e-11 1
3 118 113 992.175188123455 4.15509150788611e-11 1
3 118 114 992.5641166323683 4.1550023428688325e-11 1
3 118 115 992.9714654934095 4.156269605278292e-11 1
3 118 116 993.378814354419 4.157668152448336e-11 1
3 118 117 993.786163215432 4.159166157030653e-11 1
3 118 118 994.0997019159827 4.162592940010983e-11 1
3 118 119 994.1886374437695 4.1657275481971446e-11 1
3 118 120 994.2775729715588 4.1688668809256365e-11 1
3 118 121 994.3665084993474 4.173052772716666e-11 1
3 118 122 994.4666789581953 4.177668684284264e-11 1
3 118 123 994.605802459931 4.18239470150886e-11 1
3 118 124 994.7492160919036 4.188640767279093e-11 1
3 118 125 994.8926297238875 4.1954334423643635e-11 1
3 118 126 995.0404446542973 4.201831899302214e-11 1
3 118 127 995.2091903011308 4.2084029547121864e-11 1
3 118 128 995.383565170855 4.217793608142411e-11 1
3 118 129 995.5579400405554 4.2262962581890195e-11 1
3 118 130 995.7592559208136 4.234833258466369e-11 1
3 118 131 996.178797037201 4.244858641451601e-11 1
3 118 132 996.6962214133654 4.2555216241515656e-11 1
3 118 133 997.2136457895199 4.2664040314745e-11 1
3 118 134 997.726427542075 4.279158455097513e-11 1
3 118 135 998.0593222059443 4.292173095125781e-11 1
3 118 136 998.274584434709 4.3048256047514363e-11 1
3 118 137 998.4898466634758 4.317658355077709e-11 1
3 118 138 998.7051088922487 4.332485645394158e-11 1
3 118 139 998.9117971743578 4.346736499578551e-11 1
3 118 140 999.1092671498089 4.361081413884639e-11 1
3 118 141 999.3064570123757 4.376247546141588e-11 1
3 118 142 999.5036468749369 4.391814844519363e-11 1
3 118 143 999.6889148278846 4.407583579266389e-11 1
3 118 144 999.8511011520817 4.424100439465605e-11 1
3 118 145 1000.0119649551342 4.440677654632464e-11 1
3 118 146 1000.172828758196 4.4573795675257695e-11 1
3 118 147 1000.3623341764753 4.474650771032639e-11 1
3 118 148 1000.6711435405936 4.4922144579679864e-11 1
3 118 149 1000.9890231452437 4.509641224019641e-11 1
3 118 150 1001.3069027499 4.527203724857347e-11 1
3 118 151 1001.618916307684 4.545168970179615e-11 1
3 118 152 1001.7912049608101 4.5630507726507546e-11 1
3 118 153 1001.9509061026522 4.5810642681220396e-11 1
3 118 154 1002.1106072444818 4.599124388058967e-11 1
3 118 155 1002.2703083863131 4.6171687025436106e-11 1
3 118 156 1002.4552369382585 4.6353551657268107e-11 1
3 118 157 1002.6468566312255 4.653891639132121e-11 1
3 118 158 1002.8384763241979 4.67224199895819e-11 1
3 118 159 1003.0300960171686 4.6903712595255517e-11 1
3 118 160 1003.1905301393558 4.7086417586520816e-11 1
3 118 161 1003.3321111664917 4.7268278142990134e-11 1
3 119 54 979.8790799971446 5.047679805603366e-11 1
3 119 55 981.9796812328491 4.974133270461875e-11 1
3 119 56 983.4723718185527 4.843494349244549e-11 1
3 119 57 984.1249087773951 4.6982271592989194e-11 1
3 119 58 985.5289881996099 4.596838246760125e-11 1
3 119 59 987.4692211348231 4.560881382306522e-11 1
3 119 60 989.132362236324 4.576137329103683e-11 1
3 119 61 990.332220979972 4.5858073737847694e-11 1
3 119 62 991.9677407563662 4.5827148782013514e-11 1
3 119 63 993.1126932609692 4.56947313804617e-11 1
3 119 64 993.7129738608613 4.554147147032457e-11 1
3 119 65 994.2970408345703 4.541488090501493e-11 1
3 119 66 994.3566986252616 4.532160975210509e-11 1
3 119 67 994.4760142066452 4.5261981359484e-11 1
3 119 68 994.5858249129969 4.520496694425213e-11 1
3 119 69 994.8125013757121 4.5155209856072754e-11 1
3 119 70 995.0391778384412 4.510556218267304e-11 1
3 119 71 995.2658543011563 4.5046161771894396e-11 1
3 119 72 995.4618605826935 4.49947503654341e-11 1
3 119 73 995.556144192849 4.4943790275081975e-11 1
3 119 74 995.6389175282798 4.4890312366316965e-11 1
3 119 75 995.7216908637089 4.483265908785096e-11 1
3 119 76 995.8073412601227 4.4775153709316474e-11 1
3 119 77 995.9062422972198 4.470816752391915e-11 1
3 119 78 996.0086891845984 4.4633192911390235e-11 1
3 119 79 996.111136071978 4.4565903545696324e-11 1
3 120 48 972.1465571896613 4.985848028599116e-11 1
3 120 49 973.132611435695 5.053262264656096e-11 1
3 120 50 974.2548466269255 5.091163691293989e-11 1
3 120 51 975.7197762435533 5.1003720171872945e-11 1
3 120 52 977.5391256826796 5.080144189089031e-11 1
3 120 53 979.5823278358993 5.0322989994860605e-11 1
3 120 54 981.8055046688878 4.953672941818419e-11 1
3 120 55 983.3962377928136 4.836684038733715e-11 1
3 120 56 984.7253692397195 4.691968403200014e-11 1
3 120 57 986.6536954192367 4.5763896178979944e-11 1
3 121 48 972.452072017678 5.002390227690831e-11 1
3 121 49 973.9129502376506 5.071938686424999e-11 1
3 121 50 975.0058973195501 5.100657955784175e-11 1
3 121 51 976.2500625478115 5.089514602766e-11 1
