6 113 272 1010.6286502164593 7.710785887119746e-12 1
6 113 273 1001.1522395609126 7.707129094412332e-12 1
6 113 274 986.2745460681623 7.707129094412332e-12 1
6 114 266 985.1060286001187 8.077751732291227e-12 1
6 114 267 991.2319746028151 7.924464504275776e-12 1
6 114 268 998.3270624584528 7.805186813360916e-12 1
6 114 269 1013.5748111391555 7.72890324741193e-12 1
6 114 270 1018.181963693445 7.69197892401517e-12 1
6 114 271 1019.5677419111964 7.676712323788558e-12 1
6 114 272 1018.0219426428561 7.67235010006591e-12 1
6 114 273 1013.6026444973511 7.685715049675145e-12 1
6 114 274 1002.2215886281053 7.685715049675145e-12 1
6 115 260 1010.2574014201734 8.957957694331327e-12 1
6 115 261 1011.5863085600766 8.88802789615072e-12 1
6 115 262 1012.9887246456701 8.781079040212386e-12 1
6 115 263 1015.1155847673685 8.639438140590547e-12 1
6 115 264 1015.9330757081536 8.472136652234491e-12 1
6 115 265 1016.6021991725981 8.292688985135013e-12 1
6 115 266 1012.5432894042278 8.117353337638305e-12 1
6 115 267 1019.9052027601746 7.96051982457988e-12 1
6 115 268 1020.9582946377714 7.834372405193931e-12 1
6 115 269 1023.8819188114887 7.746820638160683e-12 1
6 116 199 956.6546994684511 9.61727114567997e-12 1
6 116 200 957.1124185983514 9.604095406973806e-12 1
6 116 201 957.5754593210911 9.591043913587318e-12 1
6 116 202 958.1507685015087 9.578170347568526e-12 1
6 116 203 958.7376180185943 9.565334320965932e-12 1
6 116 204 959.3244675356958 9.552615938221363e-12 1
6 116 205 959.9113170527909 9.54006740639121e-12 1
6 116 206 960.6884300143342 9.52755179937935e-12 1
6 116 207 961.5177452206261 9.515000418742327e-12 1
6 116 208 962.3470604268953 9.502820794055162e-12 1
6 116 209 963.1763756332289 9.490672310431112e-12 1
6 116 210 963.9591472467113 9.47850610584893e-12 1
6 116 211 964.7130959931035 9.466589819841992e-12 1
6 116 212 965.467044739537 9.454815265669195e-12 1
6 116 213 966.2209934859294 9.443058887790548e-12 1
6 116 214 966.98258187547 9.431381116042716e-12 1
6 116 215 967.7534915905806 9.419997978927384e-12 1
6 116 216 968.5244013057091 9.408671244174918e-12 1
6 116 217 969.2953110208198 9.39738443233786e-12 1
6 116 218 970.2231935315498 9.386413619493036e-12 1
6 116 219 971.5482172154094 9.37552314426173e-12 1
6 116 220 972.8732408991665 9.364657910833721e-12 1
6 116 221 974.1982645828361 9.354088896217974e-12 1
6 116 222 975.4142351828115 9.343652904985701e-12 1
6 116 223 976.2138475595192 9.333230871129276e-12 1
6 116 224 976.970429796582 9.322921716570602e-12 1
6 116 225 977.727012033636 9.312935767985898e-12 1
6 116 226 978.5559948264628 9.302994638338587e-12 1
6 116 227 979.7552059481801 9.29309423121943e-12 1
6 116 228 981.0544908493013 9.283621462843982e-12 1
6 116 229 982.3537757505231 9.274167986636094e-12 1
6 116 230 983.7195557248157 9.264704593959277e-12 1
6 116 231 985.6416818022602 9.255536472385688e-12 1
6 116 232 987.8226177762573 9.246561349354498e-12 1
6 116 233 990.0035537501376 9.237605016516146e-12 1
6 116 234 992.1650151768713 9.228821191503283e-12 1
6 116 235 993.696126248816 9.220332152905941e-12 1
6 116 236 994.7882939942805 9.211872456472808e-12 1
6 116 237 995.8804617398033 9.20344918924154e-12 1
6 116 238 996.9726294852969 9.195477150958943e-12 1
6 116 239 997.8153790453993 9.187518911501262e-12 1
6 116 240 998.3814644051308 9.17955698605842e-12 1
6 116 241 998.9379145348765 9.171938896136117e-12 1
6 116 242 999.4943646646369 9.164474975351745e-12 1
6 116 243 1000.132100563883 9.157020177255261e-12 1
6 116 244 1000.9275376413414 9.149721976846782e-12 1
6 116 245 1001.7341122604055 9.142723805843618e-12 1
6 116 246 1002.5406868794483 9.135745156757762e-12 1
6 116 247 1003.405777649106 9.128795990756221e-12 1
6 116 248 1004.5062922992378 9.122246238503373e-12 1
6 116 249 1005.629449697224 9.115697427598336e-12 1
6 116 250 1006.7526070952696 9.109158012659369e-12 1
6 116 251 1007.8321083772067 9.102929531630166e-12 1
6 116 252 1008.0839388267598 9.096831148631343e-12 1
6 116 253 1008.2400632254527 9.090739400246527e-12 1
6 116 254 1008.3961876241494 9.084794857678105e-12 1
6 116 255 1008.5523120228423 9.077671117663213e-12 1
6 116 256 1008.7222131765975 9.067060539671043e-12 1
6 116 257 1008.9587748367907 9.0521066394126e-12 1
6 116 258 1009.3827433675498 9.031139954954249e-12 1
6 116 259 1010.6556060001885 9.002204499361862e-12 1
6 116 260 1011.822630149658 8.961394836249116e-12 1
6 116 261 1013.3375578795951 8.901366682794104e-12 1
6 116 262 1014.7462009307404 8.811684899880476e-12 1
6 116 263 1017.3555829595207 8.661757421097163e-12 1
6 117 121 965.4137923141897 1.049977592756935e-11 1
6 117 122 965.3968079912449 1.0494633113858676e-11 1
6 117 123 965.1582299443147 1.0489497141608682e-11 1
6 117 124 964.8952464628993 1.0483997707680049e-11 1
6 117 125 964.6322629814633 1.0477901096981707e-11 1
6 117 126 964.3917672105224 1.0471811572713838e-11 1
6 117 127 964.2582134926224 1.0465647692283286e-11 1
6 117 128 964.1534213631745 1.0458602910371982e-11 1
6 117 129 964.0486292337409 1.0451601627213603e-11 1
6 117 130 963.9985732916582 1.0444609711496405e-11 1
6 117 131 964.3918866654641 1.0436952168985853e-11 1
6 117 132 964.9840699531795 1.0429081212338926e-11 1
6 117 133 965.5762532408838 1.0421223462186928e-11 1
6 117 134 966.1597731202194 1.0413069346274211e-11 1
6 117 135 966.4076131241005 1.0404423941298385e-11 1
6 117 136 966.4359440934801 1.0395792880032583e-11 1
6 117 137 966.4642750628599 1.0387063071522123e-11 1
6 117 138 966.4926060322407 1.0377597064545355e-11 1
6 117 139 966.494893711601 1.036820432308355e-11 1
6 117 140 966.4691808629256 1.0358828568947985e-11 1
6 117 141 966.4426171737599 1.0348885764136266e-11 1
6 117 142 966.416053484595 1.0338803806593651e-11 1
6 117 143 966.7735753123142 1.0328743655867444e-11 1
6 117 144 967.8747128504048 1.0318449217556032e-11 1
6 117 145 969.0184577592811 1.0307760300036731e-11 1
6 117 146 970.1622026682238 1.0297093504974548e-11 1
6 117 147 971.3067028815565 1.028633217941365e-11 1
6 117 148 972.4543492443713 1.0274998373141683e-11 1
6 117 149 973.6022347973545 1.026376651593256e-11 1
6 117 150 974.7501203503604 1.0252559187557345e-11 1
6 117 151 975.8691939563292 1.0240962457360476e-11 1
6 117 152 976.3019882601709 1.0229225236304212e-11 1
6 117 153 976.6729571615535 1.0217499985378233e-11 1
6 117 154 977.0439260629073 1.0205495625323387e-11 1
6 117 155 977.414894964265 1.0193278925573184e-11 1
6 117 156 978.003624241371 1.0181136307539372e-11 1
6 117 157 978.6501107507235 1.0168994923844105e-11 1
6 117 158 979.2965972600942 1.0156349303452196e-11 1
6 117 159 979.9430837694589 1.0143831888738468e-11 1
6 117 160 980.3651040190076 1.0131345290766754e-11 1
6 117 161 980.6514242115126 1.0118604915713844e-11 1
6 117 162 980.9377444040093 1.0105781983708949e-11 1
6 117 163 981.2240645965283 1.0092973416125802e-11 1
6 117 164 981.2710541094548 1.0079982591235773e-11 1
6 117 165 981.0326306380015 1.0066892654951813e-11 1
6 117 166 980.7942071665346 1.0053836671942528e-11 1
6 117 167 980.5557836950813 1.0040681735241159e-11 1
6 117 168 980.2135143183555 1.0027286847799329e-11 1
6 117 169 979.6157025668755 1.0014032182592141e-11 1
6 117 170 979.0178908154127 1.0000812512738442e-11 1
6 117 171 978.4200790639035 9.987339492656499e-12 1
6 117 172 977.8138445747044 9.973946984731641e-12 1
6 117 173 977.1770062745068 9.960594880697297e-12 1
6 117 174 976.536897558046 9.947205336897234e-12 1
6 117 175 975.896788841671 9.933732252123522e-12 1
6 117 176 975.3015119440752 9.920295615472243e-12 1
6 117 177 974.9269901373248 9.906750826246864e-12 1
6 117 178 974.6120381306168 9.893128095572818e-12 1
6 117 179 974.2970861239156 9.879654448806036e-12 1
6 117 180 973.9681707184827 9.866217452176595e-12 1
6 117 181 973.5245049367801 9.8527650379486e-12 1
6 117 182 973.0283837130896 9.839328354408168e-12 1
6 117 183 972.5322624893936 9.825907542640845e-12 1
6 117 184 972.0449385661298 9.812414412056701e-12 1
6 117 185 971.866404668663 9.79903034312037e-12 1
6 117 186 971.8963737336707 9.785682736014938e-12 1
6 117 187 971.9263427986779 9.772236794304313e-12 1
6 117 188 971.9563118636858 9.758852805734251e-12 1
6 117 189 972.0004918469452 9.74561348526214e-12 1
6 117 190 972.0601816535776 9.732410038296808e-12 1
6 117 191 972.1203804962465 9.71928359834409e-12 1
6 117 192 972.1805793389107 9.706209139568915e-12 1
6 117 193 972.3154153323579 9.693151276978632e-12 1
6 117 194 972.5948163886619 9.680023574407996e-12 1
6 117 195 972.8834850455153 9.667090615015893e-12 1
6 117 196 973.1721537023766 9.65425253008134e-12 1
6 117 197 973.6366646454468 9.64145429635676e-12 1
6 117 198 974.8204854501423 9.628810640037524e-12 1
6 117 199 976.066270651871 9.616200101684544e-12 1
6 117 200 977.3120558535658 9.603553415666979e-12 1
6 117 201 978.5255901132696 9.59095486440725e-12 1
6 117 202 979.0587334333022 9.57861599390797e-12 1
6 117 203 979.5219377814878 9.566314122814758e-12 1
6 117 204 979.9851421296863 9.554111283247108e-12 1
6 117 205 980.4483464778796 9.542049786764927e-12 1
6 117 206 981.2093822722313 9.530018705726997e-12 1
6 117 207 982.0521335536812 9.517944390791514e-12 1
6 117 208 982.8948848351082 9.50616521067722e-12 1
6 117 209 983.7376361166005 9.494509115826031e-12 1
6 117 210 984.592630960745 9.482881570480627e-12 1
6 117 211 985.455207827685 9.471473791037304e-12 1
6 117 212 986.3177846946721 9.460170483479446e-12 1
6 117 213 987.1803615616124 9.448878166586828e-12 1
6 117 214 988.2303419091994 9.437667129987536e-12 1
6 117 215 989.5089780759382 9.426764044114416e-12 1
6 117 216 990.7876142427073 9.415886121261485e-12 1
6 117 217 992.0662504094464 9.404944107300491e-12 1
6 117 218 993.2155977672678 9.394351776664825e-12 1
6 117 219 994.0378444386328 9.38386611228515e-12 1
6 117 220 994.8600911099339 9.373403829310673e-12 1
6 117 221 995.682337781181 9.363217003685375e-12 1
6 117 222 996.5087302680737 9.353153879837447e-12 1
6 117 223 997.3509512333989 9.343098474970732e-12 1
6 117 224 998.1948080536465 9.333110518751473e-12 1
6 117 225 999.0386648738843 9.323445011961668e-12 1
6 117 226 999.8338115314228 9.313832467170317e-12 1
6 117 227 1000.3798733310099 9.304258132253212e-12 1
6 117 228 1000.858606778894 9.295086902331769e-12 1
6 117 229 1001.3373402268152 9.28593373481356e-12 1
6 117 230 1001.8458837696529 9.27675153018474e-12 1
6 117 231 1002.6038402294324 9.267833684636536e-12 1
6 117 232 1003.477822542299 9.259142101685994e-12 1
6 117 233 1004.3518048551188 9.250469269147535e-12 1
6 117 234 1005.2168168564422 9.241963542635761e-12 1
6 117 235 1005.791478638611 9.233720151594154e-12 1
6 117 236 1006.1639555721981 9.225491452871604e-12 1
6 117 237 1006.5364325058054 9.21724593059328e-12 1
6 117 238 1006.9089094394025 9.209405417612154e-12 1
6 117 239 1007.2500909569565 9.201613750786806e-12 1
6 118 61 977.2770278770404 1.0753394195060379e-11 1
6 118 62 977.9034845634429 1.0701206874477358e-11 1
6 118 63 976.6387475781139 1.0669592149162899e-11 1
6 118 64 976.5958280462155 1.0650084908055313e-11 1
6 118 65 977.9680552825473 1.0637659750846058e-11 1
6 118 66 978.3060396402897 1.062977315644879e-11 1
6 118 67 978.9820083557796 1.0624479198046471e-11 1
6 118 68 979.242252901357 1.0620471853475498e-11 1
6 118 69 979.3213490167536 1.0616514095968616e-11 1
6 118 70 979.400445132155 1.0612559287108403e-11 1
6 118 71 979.4795412475517 1.0608763771359156e-11 1
6 118 72 979.5036054762242 1.0605034047397635e-11 1
6 118 73 979.3451474532285 1.0601300943883297e-11 1
6 118 74 979.1660364014423 1.0597609099209872e-11 1
6 118 75 978.986925349659 1.0594087903250183e-11 1
6 118 76 978.8165156938098 1.0590587206280122e-11 1
6 118 77 978.6861813340056 1.0587098816061551e-11 1
6 118 78 978.5665710594528 1.0583821173109694e-11 1
6 118 79 978.4469607848991 1.0580545558970188e-11 1
6 118 80 978.3669292656162 1.0577256681415035e-11 1
6 118 81 978.6039510089691 1.0574106676493972e-11 1
6 118 82 978.9803067022787 1.0571022215979187e-11 1
6 118 83 979.3566623955561 1.0567939582611969e-11 1
6 118 84 979.7320968436348 1.056493466752782e-11 1
6 118 85 980.0672464285698 1.0562044664673177e-11 1
6 118 86 980.3769162213108 1.0559149979469443e-11 1
6 118 87 980.686586014076 1.0556264577284728e-11 1
6 118 88 980.9962558068173 1.0553531016581783e-11 1
6 118 89 981.1360503818672 1.0550775522139476e-11 1
6 118 90 981.0957042431994 1.054802146622379e-11 1
6 118 91 981.050400001823 1.054536385991831e-11 1
6 118 92 981.0050957604452 1.0542745932545727e-11 1
6 118 93 980.9307743944348 1.0540135236765697e-11 1
6 118 94 980.8002312062165 1.0537600931372729e-11 1
6 118 95 980.6668649708868 1.0535066351288284e-11 1
6 118 96 980.5334987355612 1.0532503299099802e-11 1
6 118 97 980.426429987591 1.0529942979003275e-11 1
6 118 98 980.4310698989868 1.0527414887403422e-11 1
6 118 99 980.4430650241403 1.0524888009430863e-11 1
6 118 100 980.4550601492948 1.0522400403687113e-11 1
6 118 101 980.4777265884452 1.051986547285919e-11 1
6 118 102 980.7927355687102 1.0517293607642165e-11 1
6 118 103 981.1304097076904 1.051473480670934e-11 1
6 118 104 981.4680838466603 1.051222663111337e-11 1
6 118 105 981.8057579856563 1.0509572828597766e-11 1
6 118 106 982.1918388771821 1.0506872580073798e-11 1
6 118 107 982.5903229223932 1.0504164665911977e-11 1
6 118 108 982.9888069676279 1.0501269307512532e-11 1
6 118 109 983.3872910128388 1.0498375544821163e-11 1
6 118 110 983.7698273708786 1.04955581949269e-11 1
6 118 111 984.1429531567477 1.049259736066819e-11 1
6 118 112 984.5160789426234 1.0489366844677888e-11 1
6 118 113 984.8892047284924 1.048613331929446e-11 1
6 118 114 985.2781332374057 1.0482764116800342e-11 1
6 118 115 985.6854820984469 1.0479066338251141e-11 1
6 118 116 986.0928309594564 1.047531170318673e-11 1
6 118 117 986.5001798204694 1.0471534236466012e-11 1
6 118 118 986.8137185210201 1.0467186771749507e-11 1
6 118 119 986.9026540488069 1.046275107033433e-11 1
6 118 120 986.9915895765962 1.0458319126779429e-11 1
6 118 121 987.0805251043848 1.045334285070444e-11 1
6 118 122 987.1806955632327 1.0448150258144231e-11 1
6 118 123 987.3198190649684 1.0442968526142682e-11 1
6 118 124 987.463232696941 1.0437505937823712e-11 1
6 118 125 987.6066463289249 1.0431522265757328e-11 1
6 118 126 987.7544612593347 1.0425551196846697e-11 1
6 118 127 987.9232069061682 1.04195482389634e-11 1
6 118 128 988.0975817758924 1.0412755064574944e-11 1
6 118 129 988.2719566455928 1.0405993454808346e-11 1
6 118 130 988.473272525851 1.0399240620759095e-11 1
6 118 131 988.8928136422384 1.0391942904557078e-11 1
6 118 132 989.4102380184028 1.0384432234332143e-11 1
6 118 133 989.9276623945573 1.037692279065574e-11 1
6 118 134 990.4404441471124 1.0369059802033807e-11 1
6 118 135 990.7733388109817 1.0360790597382857e-11 1
6 118 136 990.9886010397464 1.0352569276845552e-11 1
6 118 137 991.2038632685131 1.0344323546205829e-11 1
6 118 138 991.4191254972861 1.0335345080077395e-11 1
6 118 139 991.6258137793952 1.0326460130550444e-11 1
6 118 140 991.8232837548463 1.0317590444088578e-11 1
6 118 141 992.0204736174131 1.0308247364743818e-11 1
6 118 142 992.2176634799742 1.0298724293828437e-11 1
6 118 143 992.402931432922 1.0289203688915114e-11 1
6 118 144 992.5651177571191 1.0279403099486205e-11 1
6 118 145 992.7259815601716 1.0269317194896448e-11 1
6 118 146 992.8868453632334 1.0259251063003154e-11 1
6 118 147 993.0763507815127 1.0249065464165478e-11 1
6 118 148 993.385160145631 1.02383477962177e-11 1
6 118 149 993.703039750281 1.022776089558417e-11 1
6 118 150 994.0209193549374 1.0217195866973116e-11 1
6 118 151 994.3329329127214 1.0206151914822286e-11 1
6 118 152 994.5052215658475 1.0195111471659306e-11 1
6 118 153 994.6649227076896 1.0184100021857743e-11 1
6 118 154 994.8246238495192 1.0172924138624452e-11 1
6 118 155 994.9843249913505 1.0161465161025073e-11 1
6 118 156 995.1692535432959 1.0150031969605585e-11 1
6 118 157 995.3608732362629 1.013848277789772e-11 1
6 118 158 995.5524929292353 1.0126557813338801e-11 1
6 118 159 995.744112622206 1.0114788971716803e-11 1
6 118 160 995.9045467443932 1.0103047453269093e-11 1
6 118 161 996.0461277715291 1.0091072146848743e-11 1
6 119 54 972.593096602182 1.138557970057825e-11 1
6 119 55 974.6936978378865 1.127549225881073e-11 1
6 119 56 976.1863884235901 1.1166040856219055e-11 1
6 119 57 976.8389253824325 1.1060102450899321e-11 1
6 119 58 978.2430048046473 1.095942199193282e-11 1
6 119 59 980.1832377398605 1.0865548963671218e-11 1
6 119 60 981.8463788413613 1.0779773031103998e-11 1
6 119 61 983.0462375850094 1.0708591296472148e-11 1
6 119 62 984.6817573614036 1.0659758845903422e-11 1
6 119 63 985.8267098660066 1.0630185775492689e-11 1
6 119 64 986.4269904658987 1.061186280399358e-11 1
6 119 65 987.0110574396077 1.0600186203404314e-11 1
6 119 66 987.070715230299 1.0592716592537556e-11 1
6 119 67 987.1900308116826 1.0587760281624443e-11 1
6 119 68 987.2998415180343 1.0583954836034466e-11 1
6 119 69 987.5265179807495 1.058017489276308e-11 1
6 119 70 987.7531944434786 1.057639764845827e-11 1
6 119 71 987.9798709061937 1.057274266497996e-11 1
6 119 72 988.1758771877309 1.0569139440146909e-11 1
6 119 73 988.2701607978864 1.0565538698647436e-11 1
6 119 74 988.3529341333171 1.0561997318897858e-11 1
6 119 75 988.4357074687463 1.0558551475856412e-11 1
6 119 76 988.5213578651601 1.0555107880488653e-11 1
6 119 77 988.6202589022572 1.0551686242484143e-11 1
6 119 78 988.7227057896358 1.0548408891970636e-11 1
6 119 79 988.8251526770154 1.0545121561293786e-11 1
6 120 48 964.8605737946987 1.184607937015121e-11 1
6 120 49 965.8466280407324 1.1772481987303479e-11 1
6 120 50 966.9688632319629 1.1690778861171886e-11 1
6 120 51 968.4337928485907 1.1601809411707585e-11 1
6 120 52 970.253142287717 1.1506781743828891e-11 1
6 120 53 972.2963444409367 1.1407119998289978e-11 1
6 120 54 974.5195212739252 1.1304516832435836e-11 1
6 120 55 976.110254397851 1.1200733426835944e-11 1
6 120 56 977.4393858447569 1.1097561534075478e-11 1
6 120 57 979.367712024274 1.099752302929308e-11 1
6 121 48 965.1660886227154 1.1748293712020087e-11 1
6 121 49 966.626966842688 1.1675344231799142e-11 1
6 121 50 967.7199139245874 1.1595692270086926e-11 1
6 121 51 968.9640791528489 1.1516556279753315e-11 1
