1 98 267 997.140283291704 4.8906941504865306e-11 1
1 98 268 1016.859582608104 4.3456486766929615e-11 1
1 98 269 1039.146569912794 3.4062214759519676e-11 1
1 98 270 1033.309594815134 3.092874486475607e-11 1
1 99 206 975.881250088574 6.799148611694095e-11 1
1 99 207 975.881250088574 6.758101306040419e-11 1
1 99 208 975.881250088574 6.718632950494957e-11 1
1 99 209 975.881250088574 6.679622920841546e-11 1
1 99 210 978.867456143264 6.328029709131783e-11 1
1 99 211 978.867456143264 6.295788031823573e-11 1
1 99 212 978.867456143264 6.263873235458784e-11 1
1 99 213 978.867456143264 6.232616798646495e-11 1
1 99 214 981.675256436234 5.944980704662133e-11 1
1 99 215 981.675256436234 5.918669845663407e-11 1
1 99 216 981.675256436234 5.892590849836615e-11 1
1 99 217 981.675256436234 5.867678488530815e-11 1
1 99 218 981.675256436234 5.844223071992524e-11 1
1 99 219 983.673486416704 5.6564698627447024e-11 1
1 99 220 983.673486416704 5.635385413136067e-11 1
1 99 221 983.673486416704 5.6157326696400596e-11 1
1 99 222 983.673486416704 5.596216523039147e-11 1
1 99 223 990.589502041704 5.0866884051208334e-11 1
1 99 224 990.589502041704 5.072473434318444e-11 1
1 99 225 990.589502041704 5.0580801426161104e-11 1
1 99 226 990.589502041704 5.0437683025645497e-11 1
1 99 227 993.602807705764 4.846766115132367e-11 1
1 99 228 993.602807705764 4.835159353838546e-11 1
1 99 229 993.602807705764 4.823422191115009e-11 1
1 99 230 993.602807705764 4.8118593102462326e-11 1
1 99 231 997.932763760454 4.5642506623134726e-11 1
1 99 232 997.932763760454 4.55491088010597e-11 1
1 99 233 997.932763760454 4.5458649143616616e-11 1
1 99 234 997.932763760454 4.537862904107814e-11 1
1 99 235 1002.810998623734 4.2925205699692524e-11 1
1 99 236 1002.810998623734 4.285168065521875e-11 1
1 99 237 1002.810998623734 4.27820400002041e-11 1
1 99 238 1002.810998623734 4.2717480977338646e-11 1
1 99 239 1012.491479580764 3.8662186389183496e-11 1
1 99 240 1012.491479580764 3.861246235739157e-11 1
1 99 241 1012.491479580764 3.8566333430652113e-11 1
1 99 242 1012.491479580764 3.85203145895527e-11 1
1 99 243 1012.491479580764 3.8475796103733485e-11 1
1 99 244 1016.155603115914 3.712985033347534e-11 1
1 99 245 1016.155603115914 3.709297484269809e-11 1
1 99 246 1016.155603115914 3.705617252499644e-11 1
1 99 247 1016.155603115914 3.702256317165426e-11 1
1 99 248 1019.340356533884 3.593351645967267e-11 1
1 99 249 1019.340356533884 3.590400482360898e-11 1
1 99 250 1019.340356533884 3.587501295264701e-11 1
1 99 251 1019.340356533884 3.585060932067136e-11 1
1 99 252 1022.575036709664 3.4817519407108756e-11 1
1 99 253 1022.575036709664 3.479530398812556e-11 1
1 99 254 1022.575036709664 3.4777238405312526e-11 1
1 99 255 1022.575036709664 3.47589224019589e-11 1
1 99 256 1027.557336514354 3.329968015231187e-11 1
1 99 257 1027.557336514354 3.3285196666624586e-11 1
1 99 258 1027.557336514354 3.3269884639758614e-11 1
1 99 259 1029.770166104204 3.264706959341344e-11 1
1 99 260 1029.770166104204 3.2624368922859955e-11 1
1 99 261 1032.026391690134 3.2017623149496786e-11 1
1 99 262 1033.363549893264 3.168173820728337e-11 1
1 99 263 1034.482446377634 3.144589631238691e-11 1
1 99 264 1036.379907315134 3.104955916637985e-11 1
1 99 265 1039.270166104204 3.0450099409905147e-11 1
1 99 266 1042.209924404984 3.057403399537252e-11 1
1 99 267 1044.272607510454 3.217619925519779e-11 1
1 99 268 1049.002038662794 3.366183965939612e-11 1
1 100 43 992.073754971384 6.854436677272719e-11 1
1 100 44 992.271325772164 6.850447624413491e-11 1
1 100 45 992.271325772164 6.870143136489279e-11 1
1 100 46 992.271325772164 6.88995840395918e-11 1
1 100 47 992.271325772164 6.910760703940534e-11 1
1 100 48 994.714990322954 6.651078323728678e-11 1
1 100 49 994.714990322954 6.671445195256589e-11 1
1 100 50 994.714990322954 6.69209483838006e-11 1
1 100 51 994.714990322954 6.714403857249278e-11 1
1 100 52 994.548181240914 6.755842142171107e-11 1
1 100 53 994.548181240914 6.778803187192255e-11 1
1 100 54 994.548181240914 6.8037904748191e-11 1
1 100 55 994.548181240914 6.828601573776704e-11 1
1 100 56 993.249475186234 7.009571349012568e-11 1
1 100 57 993.249475186234 7.03678032557876e-11 1
1 100 58 993.249475186234 7.06537912777293e-11 1
1 100 59 993.249475186234 7.09421134044149e-11 1
1 100 60 990.960290615914 7.427275806923855e-11 1
1 100 61 990.960290615914 7.46185999218983e-11 1
1 100 62 990.960290615914 7.496767758076175e-11 1
1 100 63 990.960290615914 7.532641957046839e-11 1
1 100 64 989.906213467484 7.725544421135225e-11 1
1 100 65 989.906213467484 7.765543756792599e-11 1
1 100 66 989.906213467484 7.805959444663165e-11 1
1 100 67 989.906213467484 7.847785571378178e-11 1
1 100 68 989.906213467484 7.891400991976315e-11 1
1 100 69 992.775720303414 7.508087589901125e-11 1
1 100 70 992.775720303414 7.549325221754723e-11 1
1 100 71 992.775720303414 7.591360400827674e-11 1
1 100 72 992.775720303414 7.633866310688906e-11 1
1 100 73 993.934777920604 7.510518234443423e-11 1
1 100 74 993.934777920604 7.553714570606841e-11 1
1 100 75 993.934777920604 7.596276853456032e-11 1
1 100 76 993.934777920604 7.639321498492023e-11 1
1 100 77 993.761926358104 7.70801059872965e-11 1
1 100 78 993.761926358104 7.751297513805775e-11 1
1 100 79 993.761926358104 7.795073358971023e-11 1
1 100 80 993.761926358104 7.839873440501507e-11 1
1 100 81 993.240380947954 7.964844994072344e-11 1
1 100 82 993.240380947954 8.0093403689405e-11 1
1 100 83 993.240380947954 8.054335680927316e-11 1
1 100 84 993.240380947954 8.096978059621564e-11 1
1 100 85 991.688745205764 8.405548360763689e-11 1
1 100 86 991.688745205764 8.452063816616655e-11 1
1 100 87 991.688745205764 8.497409111550446e-11 1
1 100 88 991.688745205764 8.540957374773671e-11 1
1 100 89 994.799890225294 8.047595468206967e-11 1
1 100 90 994.799890225294 8.084904439747834e-11 1
1 100 91 994.799890225294 8.11957298678944e-11 1
1 100 92 994.799890225294 8.155828476652565e-11 1
1 100 93 994.799890225294 8.192409194504288e-11 1
1 100 94 996.501855557324 7.946852480776499e-11 1
1 100 95 996.501855557324 7.978284657629973e-11 1
1 100 96 996.501855557324 8.009966469172164e-11 1
1 100 97 996.501855557324 8.039684307371705e-11 1
1 100 98 995.698388760454 8.20125587232395e-11 1
1 100 99 995.698388760454 8.231888373003668e-11 1
1 100 100 995.698388760454 8.26255834731091e-11 1
1 100 101 995.698388760454 8.291589475859291e-11 1
1 100 102 991.796899502634 9.055783939542892e-11 1
1 100 103 991.796899502634 9.088466884472106e-11 1
1 100 104 991.796899502634 9.120738541496575e-11 1
1 100 105 991.796899502634 9.153736096554437e-11 1
1 100 106 994.448022549514 8.658908668191848e-11 1
1 100 107 994.448022549514 8.683150063046412e-11 1
1 100 108 994.448022549514 8.710128294969219e-11 1
1 100 109 994.448022549514 8.738958056329494e-11 1
1 100 110 996.861413662794 8.327440925349006e-11 1
1 100 111 996.861413662794 8.353738071323227e-11 1
1 100 112 996.861413662794 8.380201830454626e-11 1
1 100 113 996.861413662794 8.404021903051861e-11 1
1 100 114 1000.295190518264 7.860603359699476e-11 1
1 100 115 1000.295190518264 7.883982188749822e-11 1
1 100 116 1000.295190518264 7.90697503503915e-11 1
1 100 117 1000.295190518264 7.928277285770468e-11 1
1 100 118 1000.295190518264 7.94964037538366e-11 1
1 100 119 1003.223413174514 7.531159634229326e-11 1
1 100 120 1003.223413174514 7.549407318116918e-11 1
1 100 121 1003.223413174514 7.562338552659971e-11 1
1 100 122 1003.223413174514 7.575314162538347e-11 1
1 100 123 1003.458581631544 7.554608353529213e-11 1
1 100 124 1003.458581631544 7.561825047385237e-11 1
1 100 125 1003.458581631544 7.566804281735525e-11 1
1 100 126 1003.458581631544 7.571790077758586e-11 1
1 100 127 1004.518335049514 7.424552931143888e-11 1
1 100 128 1004.518335049514 7.420839059865878e-11 1
1 100 129 1004.518335049514 7.416586300263366e-11 1
1 100 130 1004.518335049514 7.411553243190533e-11 1
1 100 131 1004.358117764354 7.420962035123519e-11 1
1 100 132 1004.358117764354 7.408346069410014e-11 1
1 100 133 1004.358117764354 7.39644975572194e-11 1
1 100 134 1004.358117764354 7.377929020787861e-11 1
1 100 135 1005.660607998734 7.185075071893272e-11 1
1 100 136 1005.660607998734 7.165593838388446e-11 1
1 100 137 1005.660607998734 7.143955026998927e-11 1
1 100 138 1005.660607998734 7.117633872169443e-11 1
1 100 139 1006.672326748734 6.966266105065072e-11 1
1 100 140 1006.672326748734 6.940478816638812e-11 1
1 100 141 1006.672326748734 6.910121189946142e-11 1
1 100 142 1006.672326748734 6.879637420286781e-11 1
1 100 143 1006.672326748734 6.84942142561763e-11 1
1 100 144 1007.921167080764 6.674073947105122e-11 1
1 100 145 1007.921167080764 6.641428479765533e-11 1
1 100 146 1007.921167080764 6.609166350313602e-11 1
1 100 147 1007.921167080764 6.575849278680242e-11 1
1 100 148 1008.585656826854 6.470321678114304e-11 1
1 100 149 1008.585656826854 6.436215552065606e-11 1
1 100 150 1008.585656826854 6.402589132913967e-11 1
1 100 151 1008.585656826854 6.36668477422405e-11 1
1 100 152 1009.711572354204 6.219991213345254e-11 1
1 100 153 1009.711572354204 6.185766319743543e-11 1
1 100 154 1009.711572354204 6.150275968844064e-11 1
1 100 155 1009.711572354204 6.114680295695648e-11 1
1 100 156 1013.422815029984 5.7549911983723327e-11 1
1 100 157 1013.422815029984 5.723906054407604e-11 1
1 100 158 1013.422815029984 5.691981258336112e-11 1
1 100 159 1013.422815029984 5.660207871743477e-11 1
1 100 160 1015.310815518264 5.483023384741365e-11 1
1 100 161 1015.310815518264 5.452594765498656e-11 1
1 100 162 1015.310815518264 5.4225020160044466e-11 1
1 100 163 1015.310815518264 5.3929148595708756e-11 1
1 100 164 1016.023523037794 5.3120309710222745e-11 1
1 100 165 1016.023523037794 5.282504928840589e-11 1
1 100 166 1016.023523037794 5.253305303531256e-11 1
1 100 167 1016.023523037794 5.223813974075118e-11 1
1 100 168 1016.023523037794 5.194034176823299e-11 1
1 100 169 1016.674096768264 5.121657452656975e-11 1
1 100 170 1016.674096768264 5.0930107250124065e-11 1
1 100 171 1016.674096768264 5.063708279476507e-11 1
1 100 172 1016.674096768264 5.0347410861150985e-11 1
1 100 173 1016.443322842484 5.020509192425617e-11 1
1 100 174 1016.443322842484 4.991461366948326e-11 1
1 100 175 1016.443322842484 4.96262815818924e-11 1
1 100 176 1016.443322842484 4.9341565206388484e-11 1
1 100 177 1015.410485928414 4.9691488087279476e-11 1
1 100 178 1015.410485928414 4.940632685502163e-11 1
1 100 179 1015.410485928414 4.912345596225732e-11 1
1 100 180 1015.410485928414 4.8844057995636324e-11 1
1 100 181 1013.813684170604 4.95305885388594e-11 1
1 100 182 1013.813684170604 4.9249028218637044e-11 1
1 100 183 1013.813684170604 4.897182132180316e-11 1
1 100 184 1013.813684170604 4.869941745230448e-11 1
1 100 185 1011.465112393264 4.984763686742935e-11 1
1 100 186 1011.465112393264 4.9565792562912166e-11 1
1 100 187 1011.465112393264 4.92887234840683e-11 1
1 100 188 1011.465112393264 4.901566074917225e-11 1
1 100 189 1009.223169033884 5.011480464004593e-11 1
1 100 190 1009.223169033884 4.983299621419791e-11 1
1 100 191 1009.223169033884 4.955713923597607e-11 1
1 100 192 1009.223169033884 4.9284204591700516e-11 1
1 100 193 1009.223169033884 4.9014259841448525e-11 1
1 100 194 1010.700524990914 4.7888513836242554e-11 1
1 100 195 1010.700524990914 4.76376845456289e-11 1
1 100 196 1010.700524990914 4.738946913916667e-11 1
1 100 197 1010.700524990914 4.714646119589936e-11 1
1 100 198 1010.001245205764 4.729683549884215e-11 1
1 100 199 1010.001245205764 4.7057623480898776e-11 1
1 100 200 1010.001245205764 4.6821422073693016e-11 1
1 100 201 1010.001245205764 4.6593342247580755e-11 1
1 100 202 1008.910241787794 4.696138345201156e-11 1
1 100 203 1008.910241787794 4.673259686581323e-11 1
1 100 204 1008.910241787794 4.651257275203462e-11 1
1 100 205 1008.910241787794 4.6295361693725957e-11 1
1 100 206 1014.299585049514 4.338649903690421e-11 1
1 100 207 1014.299585049514 4.320049212514964e-11 1
1 100 208 1014.299585049514 4.3020124731551895e-11 1
1 100 209 1014.299585049514 4.284125718821226e-11 1
1 100 210 1016.543298428414 4.166888669847169e-11 1
1 100 211 1016.543298428414 4.150993606015943e-11 1
1 100 212 1016.543298428414 4.135094942436403e-11 1
1 100 213 1016.543298428414 4.119317600689659e-11 1
1 100 214 1019.619348233104 3.994039656396602e-11 1
1 100 215 1019.619348233104 3.994039656396602e-11 1
1 100 216 1019.619348233104 3.927681657374407e-11 1
1 100 217 1019.619348233104 3.927681657374407e-11 1
1 100 218 1019.619348233104 3.927681657374407e-11 1
1 100 219 1021.810754483104 3.8051155626186356e-11 1
1 100 220 1021.810754483104 3.8051155626186356e-11 1
1 100 221 1021.810754483104 3.8051155626186356e-11 1
1 100 222 1021.810754483104 3.768583141318065e-11 1
1 100 223 1027.013696377634 3.592482187239519e-11 1
1 100 224 1027.013696377634 3.592482187239519e-11 1
1 100 225 1027.013696377634 3.562153424365739e-11 1
1 100 226 1027.013696377634 3.562153424365739e-11 1
1 100 227 1028.205835049514 3.524733262411194e-11 1
1 100 228 1028.205835049514 3.524733262411194e-11 1
1 100 229 1028.205835049514 3.4976727901912105e-11 1
1 100 230 1028.205835049514 3.4976727901912105e-11 1
1 100 231 1028.889672940134 3.476882413827276e-11 1
1 100 232 1028.889672940134 3.452663122475002e-11 1
1 100 233 1028.889672940134 3.452663122475002e-11 1
1 100 234 1028.889672940134 3.452663122475002e-11 1
1 100 235 1029.867089932324 3.402314795106338e-11 1
1 100 236 1029.867089932324 3.402314795106338e-11 1
1 100 237 1029.867089932324 3.402314795106338e-11 1
1 100 238 1029.867089932324 3.402314795106338e-11 1
1 100 239 1030.790857022164 3.375789977402536e-11 1
1 100 240 1030.790857022164 3.375789977402536e-11 1
1 100 241 1030.790857022164 3.375789977402536e-11 1
1 100 242 1030.790857022164 3.375789977402536e-11 1
1 100 243 1030.790857022164 3.3301202199011177e-11 1
1 100 244 1031.929406826854 3.2988511706503137e-11 1
1 100 245 1031.929406826854 3.2850075914672475e-11 1
1 100 246 1031.929406826854 3.2850075914672475e-11 1
1 101 24 987.864221279984 4.770294088069093e-11 1
1 101 25 989.170495694044 4.7344283215779755e-11 1
1 101 26 992.223291104204 4.693193993227221e-11 1
1 101 27 995.848413174514 4.749434680231474e-11 1
1 101 28 999.867089932324 4.969114222100192e-11 1
1 101 29 1001.437280362014 5.384963390702791e-11 1
1 101 30 1003.317407315134 5.538317776326991e-11 1
1 101 31 1005.001611416704 5.553993076542046e-11 1
1 101 32 1005.251184170604 5.612846436270707e-11 1
1 101 33 1005.679040615914 5.626699976112709e-11 1
1 101 34 1006.016259854204 5.632747777068023e-11 1
1 101 35 1006.915551846384 5.5847079847497745e-11 1
1 101 36 1006.915551846384 5.6001897636914115e-11 1
1 101 37 1006.915551846384 5.612980306535098e-11 1
1 101 38 1006.915551846384 5.626291665505752e-11 1
1 101 39 1007.293054287794 5.609808277698206e-11 1
1 101 40 1007.293054287794 5.6229845169775005e-11 1
1 101 41 1007.293054287794 5.636938272411935e-11 1
1 101 42 1007.293054287794 5.6509614542050593e-11 1
1 101 43 1007.293054287794 5.665018550477066e-11 1
1 101 44 1007.533899014354 5.660032165093942e-11 1
1 101 45 1007.533899014354 5.674533213382669e-11 1
1 101 46 1007.533899014354 5.689108756133342e-11 1
1 101 47 1007.533899014354 5.703749188853937e-11 1
1 101 48 1007.762170498734 5.6999507326762085e-11 1
1 101 49 1007.762170498734 5.7147798985093126e-11 1
1 101 50 1007.762170498734 5.729667939811803e-11 1
1 101 51 1007.762170498734 5.744498287864094e-11 1
1 101 52 1009.216882412794 5.641322999342973e-11 1
1 101 53 1009.216882412794 5.655776539025512e-11 1
1 101 54 1009.216882412794 5.6705248647512583e-11 1
1 101 55 1009.216882412794 5.6854201017321373e-11 1
1 101 56 1009.776818936234 5.655226621499648e-11 1
1 101 57 1009.776818936234 5.670108853566766e-11 1
1 101 58 1009.776818936234 5.666307277161434e-11 1
1 101 59 1009.776818936234 5.666307277161434e-11 1
1 101 60 1009.930566494824 5.692777965502576e-11 1
1 101 61 1009.930566494824 5.692777965502576e-11 1
1 101 62 1009.930566494824 5.747914784637585e-11 1
1 101 63 1009.930566494824 5.747914784637585e-11 1
1 101 64 1010.328088467484 5.7152674278766526e-11 1
1 101 65 1010.328088467484 5.7725914651333224e-11 1
1 101 66 1010.328088467484 5.7725914651333224e-11 1
1 101 67 1010.328088467484 5.7725914651333224e-11 1
1 101 68 1010.328088467484 5.7725914651333224e-11 1
1 101 69 1011.578027432324 5.727464756113134e-11 1
1 101 70 1011.578027432324 5.727464756113134e-11 1
1 101 71 1011.578027432324 5.727464756113134e-11 1
1 101 72 1011.578027432324 5.7857040070695855e-11 1
1 101 73 1011.820337002634 5.7654969283703856e-11 1
1 101 74 1011.820337002634 5.7654969283703856e-11 1
1 101 75 1011.820337002634 5.823160247974893e-11 1
1 101 76 1011.820337002634 5.823160247974893e-11 1
1 101 77 1012.167932217484 5.793841921190034e-11 1
1 101 78 1012.167932217484 5.793841921190034e-11 1
1 101 79 1012.167932217484 5.850107074027135e-11 1
1 101 80 1012.167932217484 5.850107074027135e-11 1
1 101 81 1012.693566983104 5.8054771828346127e-11 1
1 101 82 1012.693566983104 5.8054771828346127e-11 1
1 101 83 1012.693566983104 5.8054771828346127e-11 1
1 101 84 1012.693566983104 5.8054771828346127e-11 1
1 101 85 1013.245141690134 5.759371193653503e-11 1
1 101 86 1013.245141690134 5.887198559102295e-11 1
1 102 24 988.786523526074 4.592504244857009e-11 1
1 102 25 990.930566494824 4.520718696043973e-11 1
1 102 26 993.358972256544 4.544323028587353e-11 1
