4 113 272 1029.419901175784 1.089027005910594e-11 1
4 113 273 1019.9434905202372 1.1176923037567443e-11 1
4 113 274 1005.065797027487 1.1176923037567443e-11 1
4 114 266 1003.8972795594434 8.635516283967733e-12 1
4 114 267 1010.0232255621397 9.105985659809389e-12 1
4 114 268 1017.1183134177775 9.502402261922715e-12 1
4 114 269 1032.3660620984801 9.813379864656342e-12 1
4 114 270 1036.9732146527697 1.0029157776198447e-11 1
4 114 271 1038.358992870521 1.0248567111594699e-11 1
4 114 272 1036.8131936021807 1.0603022938525631e-11 1
4 114 273 1032.3938954566756 1.097635935786071e-11 1
4 114 274 1021.01283958743 1.097635935786071e-11 1
4 115 260 1029.048652379498 6.628902972373803e-12 1
4 115 261 1030.3775595194013 6.722462606190182e-12 1
4 115 262 1031.7799756049947 6.8697415715771935e-12 1
4 115 263 1033.906835726693 7.094127650609024e-12 1
4 115 264 1034.7243266674782 7.392711963664138e-12 1
4 115 265 1035.3934501319227 7.75685851480002e-12 1
4 115 266 1031.3345403635524 8.185295915468066e-12 1
4 115 267 1038.6964537194992 8.656507595616443e-12 1
4 115 268 1039.749545597096 9.134841748935693e-12 1
4 115 269 1042.6731697708133 9.586290182046833e-12 1
4 116 199 975.4459504277758 4.9257212377896635e-12 1
4 116 200 975.903669557676 4.949141480193886e-12 1
4 116 201 976.3667102804158 4.9727604995058426e-12 1
4 116 202 976.9420194608333 4.996431375211549e-12 1
4 116 203 977.5288689779189 5.020323970901161e-12 1
4 116 204 978.1157184950205 5.044366252247936e-12 1
4 116 205 978.7025680121155 5.068507744895845e-12 1
4 116 206 979.4796809736589 5.0928814230315125e-12 1
4 116 207 980.3089961799508 5.117637791648527e-12 1
4 116 208 981.1383113862199 5.1421908648520594e-12 1
4 116 209 981.9676265925535 5.166980672151749e-12 1
4 116 210 982.7503982060359 5.192065359100243e-12 1
4 116 211 983.5043469524281 5.217112821707207e-12 1
4 116 212 984.2582956988616 5.242260926757214e-12 1
4 116 213 985.012244445254 5.2676550685294695e-12 1
4 116 214 985.7738328347947 5.293083584353209e-12 1
4 116 215 986.5447425499052 5.3184306559715424e-12 1
4 116 216 987.3156522650338 5.3440523244684655e-12 1
4 116 217 988.0865619801444 5.3698855396442086e-12 1
4 116 218 989.0144444908744 5.395260627538782e-12 1
4 116 219 990.3394681747341 5.421014890255323e-12 1
4 116 220 991.6644918584911 5.447016208102468e-12 1
4 116 221 992.9895155421608 5.4727543493149145e-12 1
4 116 222 994.2054861421361 5.4985274973124475e-12 1
4 116 223 995.0050985188439 5.5245036351626095e-12 1
4 116 224 995.7616807559067 5.550052974727462e-12 1
4 116 225 996.5182629929607 5.575500065388173e-12 1
4 116 226 997.3472457857874 5.6013344929731735e-12 1
4 116 227 998.5464569075048 5.627363844586613e-12 1
4 116 228 999.8457418086259 5.652675766706339e-12 1
4 116 229 1001.1450267098478 5.678216424086024e-12 1
4 116 230 1002.5108066841403 5.703724842529444e-12 1
4 116 231 1004.4329327615849 5.7282633317933815e-12 1
4 116 232 1006.613868735582 5.753455108608617e-12 1
4 116 233 1008.7948047094623 5.778892294655719e-12 1
4 116 234 1010.956266136196 5.803759245203201e-12 1
4 116 235 1012.4873772081406 5.828129211831249e-12 1
4 116 236 1013.5795449536051 5.853048237637948e-12 1
4 116 237 1014.671712699128 5.878123195597482e-12 1
4 116 238 1015.7638804446216 5.9021917086449976e-12 1
4 116 239 1016.6066300047239 5.926458133516618e-12 1
4 116 240 1017.1727153644555 5.950481293775072e-12 1
4 116 241 1017.7291654942012 5.9738141555967924e-12 1
4 116 242 1018.2856156239616 5.997190555845947e-12 1
4 116 243 1018.9233515232077 6.0206340961162124e-12 1
4 116 244 1019.718788600666 6.042810810375752e-12 1
4 116 245 1020.5253632197301 6.064756634390863e-12 1
4 116 246 1021.331937838773 6.0871838195291435e-12 1
4 116 247 1022.1970286084306 6.109658497676561e-12 1
4 116 248 1023.2975432585624 6.130074496556842e-12 1
4 116 249 1024.4207006565487 6.151257440965257e-12 1
4 116 250 1025.5438580545942 6.172587291610277e-12 1
4 116 251 1026.6233593365314 6.192710879432293e-12 1
4 116 252 1026.8751897860843 6.21241576492738e-12 1
4 116 253 1027.0313141847773 6.23214973674704e-12 1
4 116 254 1027.187438583474 6.250577278650952e-12 1
4 116 255 1027.343562982167 6.2730869238892585e-12 1
4 116 256 1027.513464135922 6.3073219023328574e-12 1
4 116 257 1027.7500257961153 6.354142644867185e-12 1
4 116 258 1028.1739943268744 6.416582155624591e-12 1
4 116 259 1029.446856959513 6.4967825628902915e-12 1
4 116 260 1030.6138811089827 6.588151155411417e-12 1
4 116 261 1032.1288088389197 6.680520602726497e-12 1
4 116 262 1033.537451890065 6.792508727289686e-12 1
4 116 263 1036.1468339188452 6.9878754986123946e-12 1
4 117 121 984.2050432735143 3.951800153719169e-12 1
4 117 122 984.1880589505696 3.9486343239456145e-12 1
4 117 123 983.9494809036394 3.945480009193474e-12 1
4 117 124 983.686497422224 3.942873943333112e-12 1
4 117 125 983.423513940788 3.941160320980976e-12 1
4 117 126 983.1830181698471 3.93944818750517e-12 1
4 117 127 983.0494644519471 3.937616970313746e-12 1
4 117 128 982.9446723224992 3.93727852227699e-12 1
4 117 129 982.8398801930656 3.937069191770092e-12 1
4 117 130 982.7898242509829 3.9368598835206645e-12 1
4 117 131 983.1831376247887 3.9376196373989104e-12 1
4 117 132 983.7753209125042 3.9389749302202845e-12 1
4 117 133 984.3675042002085 3.94033693933435e-12 1
4 117 134 984.951024079544 3.942274212089398e-12 1
4 117 135 985.1988640834252 3.945155492208276e-12 1
4 117 136 985.2271950528047 3.9480409870756196e-12 1
4 117 137 985.2555260221845 3.950795475965863e-12 1
4 117 138 985.2838569915654 3.954975561059777e-12 1
4 117 139 985.2861446709256 3.95934384437063e-12 1
4 117 140 985.2604318222502 3.963721787917362e-12 1
4 117 141 985.2338681330846 3.96891729718962e-12 1
4 117 142 985.2073044439196 3.974708111764749e-12 1
4 117 143 985.5648262716388 3.9805230910335935e-12 1
4 117 144 986.6659638097294 3.986856189150322e-12 1
4 117 145 987.8097087186057 3.994033196585565e-12 1
4 117 146 988.9534536275485 4.00123609024599e-12 1
4 117 147 990.0979538408811 4.008230887155468e-12 1
4 117 148 991.245600203696 4.016340389725639e-12 1
4 117 149 992.3934857566792 4.024803473443757e-12 1
4 117 150 993.541371309685 4.0333022986681725e-12 1
4 117 151 994.6604449156539 4.042552157844465e-12 1
4 117 152 995.0932392194956 4.052134632794735e-12 1
4 117 153 995.4642081208782 4.06169037280015e-12 1
4 117 154 995.835177022232 4.071023079494306e-12 1
4 117 155 996.2061459235897 4.081296391502063e-12 1
4 117 156 996.7948752006956 4.091879759889876e-12 1
4 117 157 997.4413617100481 4.10251819449602e-12 1
4 117 158 998.0878482194189 4.113410799830894e-12 1
4 117 159 998.7343347287836 4.124813385708304e-12 1
4 117 160 999.1563549783323 4.136279364420594e-12 1
4 117 161 999.4426751708372 4.1482407533476215e-12 1
4 117 162 999.728995363334 4.160446763613302e-12 1
4 117 163 1000.0153155558529 4.172676623676991e-12 1
4 117 164 1000.0623050687794 4.1850628840616566e-12 1
4 117 165 999.8238815973261 4.19825321797043e-12 1
4 117 166 999.5854581258593 4.211526960423683e-12 1
4 117 167 999.347034654406 4.224984177484583e-12 1
4 117 168 999.0047652776801 4.2396732227416225e-12 1
4 117 169 998.4069535262001 4.25432383525283e-12 1
4 117 170 997.8091417747373 4.269076052165623e-12 1
4 117 171 997.2113300232281 4.284824040474208e-12 1
4 117 172 996.605095534029 4.3009424771199454e-12 1
4 117 173 995.9682572338314 4.317179508909524e-12 1
4 117 174 995.3281485173707 4.3339137213774265e-12 1
4 117 175 994.6880398009956 4.3513959446160804e-12 1
4 117 176 994.0927629033998 4.369019779336116e-12 1
4 117 177 993.7182410966494 4.3868205782201685e-12 1
4 117 178 993.4032890899415 4.405511603942429e-12 1
4 117 179 993.0883370832403 4.424414220357989e-12 1
4 117 180 992.7594216778074 4.443479745712263e-12 1
4 117 181 992.3157558961047 4.463189002768564e-12 1
4 117 182 991.8196346724143 4.483268903625081e-12 1
4 117 183 991.3235134487182 4.503508640522991e-12 1
4 117 184 990.8361895254544 4.524042919407181e-12 1
4 117 185 990.6576556279877 4.5452162550702845e-12 1
4 117 186 990.6876246929953 4.566588712708702e-12 1
4 117 187 990.7175937580025 4.587873562263361e-12 1
4 117 188 990.7475628230104 4.609594205622583e-12 1
4 117 189 990.7917428062699 4.631901922951764e-12 1
4 117 190 990.8514326129023 4.654426602641451e-12 1
4 117 191 990.9116314555712 4.677252039560352e-12 1
4 117 192 990.9718302982353 4.700335321350704e-12 1
4 117 193 991.1066662916826 4.723571956926199e-12 1
4 117 194 991.3860673479866 4.746480553052156e-12 1
4 117 195 991.6747360048399 4.7700381116846655e-12 1
4 117 196 991.9634046617012 4.794067605604394e-12 1
4 117 197 992.4279156047714 4.818340329574203e-12 1
4 117 198 993.611736409467 4.84285804453582e-12 1
4 117 199 994.8575216111957 4.867626548229199e-12 1
4 117 200 996.1033068128904 4.892349831037888e-12 1
4 117 201 997.3168410725942 4.916894187778012e-12 1
4 117 202 997.8499843926269 4.942371799680973e-12 1
4 117 203 998.3131887408125 4.968135231152928e-12 1
4 117 204 998.776393089011 4.994140536799995e-12 1
4 117 205 999.2395974372042 5.0203729528693785e-12 1
4 117 206 1000.000633231556 5.046882402908036e-12 1
4 117 207 1000.8433845130058 5.072858306829855e-12 1
4 117 208 1001.6861357944329 5.0989269209234825e-12 1
4 117 209 1002.5288870759251 5.125880174601995e-12 1
4 117 210 1003.3838819200697 5.153119895810303e-12 1
4 117 211 1004.2464587870096 5.180464256378677e-12 1
4 117 212 1005.1090356539968 5.20802429988046e-12 1
4 117 213 1005.971612520937 5.235742030477034e-12 1
4 117 214 1007.0215928685241 5.262983150159137e-12 1
4 117 215 1008.3002290352629 5.290926935814388e-12 1
4 117 216 1009.5788652020319 5.319169040203258e-12 1
4 117 217 1010.8575013687711 5.346606093454561e-12 1
4 117 218 1012.0068487265925 5.3738255444946055e-12 1
4 117 219 1012.8290953979574 5.402326011605525e-12 1
4 117 220 1013.6513420692586 5.431130399100607e-12 1
4 117 221 1014.4735887405056 5.4596554397683384e-12 1
4 117 222 1015.2999812273983 5.488241766111612e-12 1
4 117 223 1016.1422021927235 5.516968647077161e-12 1
4 117 224 1016.9860590129712 5.544474825409238e-12 1
4 117 225 1017.8299158332089 5.572554825375506e-12 1
4 117 226 1018.6250624907475 5.601396518051898e-12 1
4 117 227 1019.1711242903345 5.630486092898201e-12 1
4 117 228 1019.6498577382187 5.65877830131984e-12 1
4 117 229 1020.1285911861398 5.687356272452956e-12 1
4 117 230 1020.6371347289776 5.715693259992322e-12 1
4 117 231 1021.3950911887571 5.742835423662398e-12 1
4 117 232 1022.2690735016237 5.770968799630517e-12 1
4 117 233 1023.1430558144434 5.799409835557141e-12 1
4 117 234 1024.0080678157667 5.827620455301981e-12 1
4 117 235 1024.5827295979357 5.855259900879104e-12 1
4 117 236 1024.9552065315227 5.883162774543542e-12 1
4 117 237 1025.32768346513 5.910424873468697e-12 1
4 117 238 1025.7001603987271 5.93667712289617e-12 1
4 117 239 1026.041341916281 5.96386661486065e-12 1
4 118 61 996.068278836365 3.887665885589919e-12 1
4 118 62 996.6947355227676 3.861256159022476e-12 1
4 118 63 995.4299985374386 3.84560939731981e-12 1
4 118 64 995.3870790055402 3.836693735550905e-12 1
4 118 65 996.759306241872 3.83152153463872e-12 1
4 118 66 997.0972905996143 3.828550140863838e-12 1
4 118 67 997.7732593151043 3.826674232581317e-12 1
4 118 68 998.0335038606817 3.825520857927881e-12 1
4 118 69 998.1125999760783 3.8242919509608805e-12 1
4 118 70 998.1916960914797 3.823063833286304e-12 1
4 118 71 998.2707922068763 3.822117556389108e-12 1
4 118 72 998.2948564355488 3.821285171543141e-12 1
4 118 73 998.1363984125531 3.820464839812393e-12 1
4 118 74 997.9572873607669 3.819897438492525e-12 1
4 118 75 997.7781763089837 3.8195040627758384e-12 1
4 118 76 997.6077666531345 3.819055344740421e-12 1
4 118 77 997.4774322933303 3.818624769565179e-12 1
4 118 78 997.3578220187775 3.818570702329734e-12 1
4 118 79 997.2382117442238 3.8185166366253315e-12 1
4 118 80 997.1581802249409 3.818546510342358e-12 1
4 118 81 997.3952019682938 3.8189581204692885e-12 1
4 118 82 997.7715576616033 3.819258918727081e-12 1
4 118 83 998.1479133548808 3.8195534094392546e-12 1
4 118 84 998.5233478029595 3.8200765848868044e-12 1
4 118 85 998.8584973878944 3.820778996433748e-12 1
4 118 86 999.1681671806355 3.821371166139535e-12 1
4 118 87 999.4778369734007 3.821991005422597e-12 1
4 118 88 999.787506766142 3.823067758454122e-12 1
4 118 89 999.9273013411919 3.823878831672992e-12 1
4 118 90 999.8869552025241 3.82469024910725e-12 1
4 118 91 999.8416509611477 3.82552539582157e-12 1
4 118 92 999.7963467197699 3.8263703526167776e-12 1
4 118 93 999.7220253537595 3.827279771016633e-12 1
4 118 94 999.5914821655412 3.828677228961284e-12 1
4 118 95 999.4581159302114 3.829688456737777e-12 1
4 118 96 999.3247496948859 3.830469430575336e-12 1
4 118 97 999.2176809469156 3.831237174421549e-12 1
4 118 98 999.2223208583115 3.8317223641446765e-12 1
4 118 99 999.234315983465 3.832207676772681e-12 1
4 118 100 999.2463111086195 3.8330265257574675e-12 1
4 118 101 999.2689775477699 3.833370071901546e-12 1
4 118 102 999.5839865280349 3.833358636525596e-12 1
4 118 103 999.9216606670151 3.833433834189678e-12 1
4 118 104 1000.259334805985 3.8338453304889835e-12 1
4 118 105 1000.597008944981 3.833384003812486e-12 1
4 118 106 1000.9830898365068 3.832712118204558e-12 1
4 118 107 1001.3815738817178 3.832012745153167e-12 1
4 118 108 1001.7800579269525 3.830735328620062e-12 1
4 118 109 1002.1785419721634 3.829458763466806e-12 1
4 118 110 1002.5610783302033 3.828287444470116e-12 1
4 118 111 1002.9342041160724 3.826758378846348e-12 1
4 118 112 1003.307329901948 3.825173083516614e-12 1
4 118 113 1003.680455687817 3.8235930144251025e-12 1
4 118 114 1004.0693841967303 3.82193567551902e-12 1
4 118 115 1004.4767330577715 3.820431265016825e-12 1
4 118 116 1004.884081918781 3.8190861090842835e-12 1
4 118 117 1005.291430779794 3.817761820741943e-12 1
4 118 118 1005.6049694803447 3.817011186006915e-12 1
4 118 119 1005.6939050081315 3.816617730677756e-12 1
4 118 120 1005.7828405359209 3.8162243564545284e-12 1
4 118 121 1005.8717760637095 3.816788083589303e-12 1
4 118 122 1005.9719465225573 3.817738601763871e-12 1
4 118 123 1006.1110700242931 3.818614192644599e-12 1
4 118 124 1006.2544836562656 3.819292346159232e-12 1
4 118 125 1006.3978972882495 3.821107717102857e-12 1
4 118 126 1006.5457122186593 3.823233661854057e-12 1
4 118 127 1006.7144578654928 3.825362494218841e-12 1
4 118 128 1006.8888327352171 3.827790016471854e-12 1
4 118 129 1007.0632076049175 3.830869729303546e-12 1
4 118 130 1007.2645234851757 3.833954401795129e-12 1
4 118 131 1007.684064601563 3.837641411880332e-12 1
4 118 132 1008.2014889777274 3.8415772098523866e-12 1
4 118 133 1008.7189133538819 3.845420775806604e-12 1
4 118 134 1009.2316951064371 3.84891559683903e-12 1
4 118 135 1009.5645897703064 3.853508267253933e-12 1
4 118 136 1009.7798519990711 3.858369899793643e-12 1
4 118 137 1009.9951142278378 3.863260214706712e-12 1
4 118 138 1010.2103764566108 3.868687940648823e-12 1
4 118 139 1010.4170647387199 3.874545006950826e-12 1
4 118 140 1010.614534714171 3.88041983495495e-12 1
4 118 141 1010.8117245767378 3.88704750211625e-12 1
4 118 142 1011.0089144392989 3.8939956805491065e-12 1
4 118 143 1011.1941823922466 3.900914351801696e-12 1
4 118 144 1011.3563687164437 3.9080437812348086e-12 1
4 118 145 1011.5172325194962 3.916169893487239e-12 1
4 118 146 1011.6780963225581 3.924329869890622e-12 1
4 118 147 1011.8676017408374 3.9323259303733125e-12 1
4 118 148 1012.1764111049556 3.94155613687449e-12 1
4 118 149 1012.4942907096057 3.951016799726432e-12 1
4 118 150 1012.8121703142621 3.9605229874859834e-12 1
4 118 151 1013.124183872046 3.970732019983682e-12 1
4 118 152 1013.2964725251721 3.981515223506958e-12 1
4 118 153 1013.4561736670142 3.992364418741258e-12 1
4 118 154 1013.6158748088438 4.0037103746173194e-12 1
4 118 155 1013.7755759506751 4.015841940111624e-12 1
4 118 156 1013.9605045026206 4.028047248296911e-12 1
4 118 157 1014.1521241955876 4.040090636465973e-12 1
4 118 158 1014.34374388856 4.053166724852948e-12 1
4 118 159 1014.5353635815306 4.066628857511333e-12 1
4 118 160 1014.6957977037179 4.080180714064907e-12 1
4 118 161 1014.8373787308537 4.094432123787193e-12 1
4 119 54 991.3843475615066 4.05984452873977e-12 1
4 119 55 993.4849487972111 4.030435905456666e-12 1
4 119 56 994.9776393829147 4.005081429143031e-12 1
4 119 57 995.6301763417572 3.986263777006939e-12 1
4 119 58 997.0342557639719 3.970831107202489e-12 1
4 119 59 998.9744886991851 3.9482024827293585e-12 1
4 119 60 1000.637629800686 3.913765646685771e-12 1
4 119 61 1001.8374885443341 3.875348287842139e-12 1
4 119 62 1003.4730083207282 3.8457151511251594e-12 1
4 119 63 1004.6179608253312 3.827475667167401e-12 1
4 119 64 1005.2182414252234 3.816516278396594e-12 1
4 119 65 1005.8023083989324 3.80980276003326e-12 1
4 119 66 1005.8619661896237 3.805697539798717e-12 1
4 119 67 1005.9812817710073 3.802922927557952e-12 1
4 119 68 1006.091092477359 3.801061507616673e-12 1
4 119 69 1006.3177689400742 3.7990367794885765e-12 1
4 119 70 1006.5444454028033 3.797014207253725e-12 1
4 119 71 1006.7711218655184 3.795354988279321e-12 1
4 119 72 1006.9671281470555 3.793580269319219e-12 1
4 119 73 1007.0614117572111 3.791799766421887e-12 1
4 119 74 1007.1441850926418 3.790106676656991e-12 1
4 119 75 1007.2269584280709 3.788555438754392e-12 1
4 119 76 1007.3126088244848 3.78700547013246e-12 1
4 119 77 1007.4115098615819 3.785705619649353e-12 1
4 119 78 1007.5139567489605 3.784611709681691e-12 1
4 119 79 1007.61640363634 3.7832805163910175e-12 1
4 120 48 983.6518247540233 4.21396783258732e-12 1
4 120 49 984.6378790000571 4.20740696185661e-12 1
4 120 50 985.7601141912876 4.209199158021821e-12 1
4 120 51 987.2250438079153 4.212823641540734e-12 1
4 120 52 989.0443932470416 4.213295831630439e-12 1
4 120 53 991.0875954002613 4.20567580185376e-12 1
4 120 54 993.3107722332498 4.186335971918213e-12 1
4 120 55 994.9015053571757 4.15373734885939e-12 1
4 120 56 996.2306368040815 4.1138337294686354e-12 1
4 120 57 998.1589629835987 4.073655867036927e-12 1
4 121 48 983.95733958204 4.334674611926331e-12 1
4 121 49 985.4182178020127 4.332978856300825e-12 1
4 121 50 986.5111648839121 4.3457052362619765e-12 1
4 121 51 987.7553301121735 4.3312548121562415e-12 1
