2 55 104 978.228115381201 1.2882203858808065e-10 1
2 55 105 998.829860986671 1.1898291960161562e-10 1
2 55 106 1022.323147119481 1.292073155228986e-10 1
2 55 107 1015.279873193701 1.6860563836846748e-10 1
2 56 79 957.851528467141 1.1541024505989865e-10 1
2 56 80 957.851528467141 1.168150609367819e-10 1
2 56 81 960.837734521831 1.1811754666156431e-10 1
2 56 82 963.645534814801 1.1931390892623914e-10 1
2 56 83 965.643764795271 1.2039757164077744e-10 1
2 56 84 972.559780420271 1.2136722787339685e-10 1
2 56 85 972.559780420271 1.2222203215407405e-10 1
2 56 86 975.573086084331 1.2296684860873398e-10 1
2 56 87 979.903042139021 1.236041456871767e-10 1
2 56 88 984.781277002301 1.241459056051941e-10 1
2 56 89 994.461757959331 1.2459607990951078e-10 1
2 56 90 994.461757959331 1.2497142635638727e-10 1
2 56 91 998.125881494481 1.2527608223894353e-10 1
2 56 92 1001.310634912451 1.255046323430792e-10 1
2 56 93 1004.545315088231 1.2565546935426987e-10 1
2 56 94 1009.527614892921 1.2576125813431524e-10 1
2 56 95 1009.527614892921 1.2580806272237224e-10 1
2 56 96 1011.740444482771 1.2581628801164767e-10 1
2 56 97 1013.996670068701 1.2579696783469923e-10 1
2 56 98 1014.371975244481 1.2575319259457552e-10 1
2 56 99 1015.333828271831 1.2569882898176574e-10 1
2 56 100 1016.844143213231 1.2585847129815094e-10 1
2 56 101 1018.350185693701 1.2721117947159413e-10 1
2 56 102 1021.240444482771 1.3160907972955489e-10 1
2 56 103 1024.1802027835508 1.3266557893416811e-10 1
2 56 104 1026.580166162451 1.2326466278831854e-10 1
2 56 105 1030.9723170413608 1.1191935303456004e-10 1
2 57 32 974.241604150731 9.201583040010145e-11 1
2 57 33 976.518459619481 9.182292293909261e-11 1
2 57 34 975.219753564801 9.157084843133458e-11 1
2 57 35 975.219753564801 9.131010309773213e-11 1
2 57 36 972.930568994481 9.095152438669302e-11 1
2 57 37 971.876491846051 9.050216275248719e-11 1
2 57 38 974.745998681981 8.999257653028161e-11 1
2 57 39 975.905056299171 8.940074910865597e-11 1
2 57 40 975.905056299171 8.875440789806736e-11 1
2 57 41 975.732204736671 8.809793778098304e-11 1
2 57 42 975.210659326521 8.743025867901864e-11 1
2 57 43 973.659023584331 8.677949557269574e-11 1
2 57 44 976.770168603861 8.61457856381387e-11 1
2 57 45 976.770168603861 8.555248985611782e-11 1
2 57 46 978.472133935891 8.497949291038863e-11 1
2 57 47 977.668667139021 8.442986816498e-11 1
2 57 48 973.767177881201 8.389477347311403e-11 1
2 57 49 976.418300928081 8.339986258133116e-11 1
2 57 50 976.418300928081 8.295100752508871e-11 1
2 57 51 978.831692041361 8.257084932673986e-11 1
2 57 52 982.265468896831 8.230237438203943e-11 1
2 57 53 985.193691553081 8.219004679626044e-11 1
2 57 54 985.428860010111 8.225021785492928e-11 1
2 57 55 985.428860010111 8.248103061410713e-11 1
2 57 56 986.488613428081 8.286349787163746e-11 1
2 57 57 986.328396142921 8.339575712307654e-11 1
2 57 58 987.630886377301 8.409560252077812e-11 1
2 57 59 988.642605127301 8.494335617842267e-11 1
2 57 60 988.642605127301 8.589661112039067e-11 1
2 57 61 989.891445459331 8.693207703502966e-11 1
2 57 62 990.555935205421 8.80408656386844e-11 1
2 57 63 991.681850732771 8.920770188797063e-11 1
2 57 64 995.393093408551 9.040999543286987e-11 1
2 57 65 995.393093408551 9.164613603571849e-11 1
2 57 66 997.281093896831 9.29003127095801e-11 1
2 57 67 997.993801416361 9.421827231370469e-11 1
2 57 68 998.644375146831 9.559967235225166e-11 1
2 57 69 998.413601221051 9.704761672304198e-11 1
2 57 70 998.413601221051 9.859290964369992e-11 1
2 57 71 997.380764306981 1.0016503104790974e-10 1
2 57 72 995.783962549171 1.0170248723120288e-10 1
2 57 73 993.435390771831 1.0318951926017026e-10 1
2 57 74 991.193447412451 1.0463388053823188e-10 1
2 57 75 991.193447412451 1.0605027078655042e-10 1
2 57 76 992.670803369481 1.0741968723967701e-10 1
2 57 77 991.971523584331 1.0873909082090025e-10 1
2 57 78 990.880520166361 1.099953786252491e-10 1
2 57 79 996.269863428081 1.1121172831614568e-10 1
2 57 80 996.269863428081 1.1234170622069179e-10 1
2 57 81 998.513576806981 1.1340091437943332e-10 1
2 57 82 1001.589626611671 1.1526542213216281e-10 1
2 57 83 1003.781032861671 1.1612209333744519e-10 1
2 57 84 1008.983974756201 1.1685318731439067e-10 1
2 57 85 1008.983974756201 1.1746918575837317e-10 1
2 57 86 1010.176113428081 1.179871113627607e-10 1
2 57 87 1010.859951318701 1.1841679691381569e-10 1
2 57 88 1011.837368310891 1.1875959861371993e-10 1
2 57 89 1012.761135400731 1.1875959861371993e-10 1
2 57 90 1012.761135400731 1.2076016845541137e-10 1
2 57 91 1013.899685205421 1.2094279872147872e-10 1
2 58 24 969.834499658551 9.849946768491547e-11 1
2 58 25 971.140774072611 1.0069703659704535e-10 1
2 58 26 974.193569482771 1.0160733099324526e-10 1
2 58 27 977.818691553081 1.0079146073551636e-10 1
2 58 28 981.837368310891 9.697546725219942e-11 1
2 58 29 983.676906885111 9.196729661597941e-11 1
2 58 30 986.971889795271 9.072648573170657e-11 1
2 58 31 988.885830224951 9.106896836082203e-11 1
2 58 32 989.504177392921 9.111471083729038e-11 1
2 58 33 991.187160791361 9.107633546115684e-11 1
2 58 34 991.747097314801 9.102261923935008e-11 1
2 58 35 991.747097314801 9.119923740872158e-11 1
2 58 36 991.900844873391 9.104979007532319e-11 1
2 58 37 992.298366846051 9.08554016098168e-11 1
2 58 38 993.548305810891 9.062792780023656e-11 1
2 58 39 993.790615381201 9.037709295935868e-11 1
2 58 40 993.790615381201 9.011543565098674e-11 1
2 58 41 994.138210596051 8.944641247357811e-11 1
2 58 42 994.663845361671 9.020182410396183e-11 1
2 58 43 995.215420068701 8.901052259863635e-11 1
2 59 24 970.756801904641 9.942954242019663e-11 1
2 59 25 972.900844873391 1.0188492395087527e-10 1
2 59 26 975.329250635111 1.0129407446047214e-10 1
