2 98 267 972.9565813451471 1.3008478458616857e-10 1
2 98 268 992.6758806615471 1.1932245759540626e-10 1
2 98 269 1014.9628679662371 1.2705867499591648e-10 1
2 98 270 1009.1258928685771 1.6910120221127004e-10 1
2 99 206 951.6975481420171 1.1546178451676881e-10 1
2 99 207 951.6975481420171 1.1589315955349976e-10 1
2 99 208 951.6975481420171 1.1630712418426384e-10 1
2 99 209 951.6975481420171 1.1672405673865577e-10 1
2 99 210 954.6837541967071 1.171393618417111e-10 1
2 99 211 954.6837541967071 1.1752089963957334e-10 1
2 99 212 954.6837541967071 1.179049309935191e-10 1
2 99 213 954.6837541967071 1.1829172089147072e-10 1
2 99 214 957.4915544896771 1.186507919391163e-10 1
2 99 215 957.4915544896771 1.1900182286706034e-10 1
2 99 216 957.4915544896771 1.1935493702342886e-10 1
2 99 217 957.4915544896771 1.196929472266996e-10 1
2 99 218 957.4915544896771 1.2000968717020987e-10 1
2 99 219 959.4897844701471 1.203281079208776e-10 1
2 99 220 959.4897844701471 1.2064453152284243e-10 1
2 99 221 959.4897844701471 1.2092682696790818e-10 1
2 99 222 959.4897844701471 1.2121044659439415e-10 1
2 99 223 966.4058000951471 1.214953997413402e-10 1
2 99 224 966.4058000951471 1.2175210164589215e-10 1
2 99 225 966.4058000951471 1.2200106788637215e-10 1
2 99 226 966.4058000951471 1.2225105441638987e-10 1
2 99 227 969.4191057592071 1.2248692530820502e-10 1
2 99 228 969.4191057592071 1.2270297995130583e-10 1
2 99 229 969.4191057592071 1.2291963591034491e-10 1
2 99 230 969.4191057592071 1.2313385176632579e-10 1
2 99 231 973.7490618138971 1.233177740309194e-10 1
2 99 232 973.7490618138971 1.235022465585274e-10 1
2 99 233 973.7490618138971 1.2368785020404243e-10 1
2 99 234 973.7490618138971 1.2385263183694656e-10 1
2 99 235 978.6272966771771 1.2400811508832474e-10 1
2 99 236 978.6272966771771 1.241639892143797e-10 1
2 99 237 978.6272966771771 1.2430863462356169e-10 1
2 99 238 978.6272966771771 1.2443800481086845e-10 1
2 99 239 988.3077776342071 1.2456764455437546e-10 1
2 99 240 988.3077776342071 1.2469839100633546e-10 1
2 99 241 988.3077776342071 1.2480518244228448e-10 1
2 99 242 988.3077776342071 1.249121569469293e-10 1
2 99 243 988.3077776342071 1.2502196516147795e-10 1
2 99 244 991.9719011693571 1.2511879056883579e-10 1
2 99 245 991.9719011693571 1.2520222442076652e-10 1
2 99 246 991.9719011693571 1.252857696205245e-10 1
2 99 247 991.9719011693571 1.2536487718396844e-10 1
2 99 248 995.1566545873271 1.254298856313547e-10 1
2 99 249 995.1566545873271 1.2549127532669378e-10 1
2 99 250 995.1566545873271 1.2555078052498293e-10 1
2 99 251 995.1566545873271 1.2559156263133432e-10 1
2 99 252 998.3913347631071 1.2563237124043753e-10 1
2 99 253 998.3913347631071 1.256791595778776e-10 1
2 99 254 998.3913347631071 1.257176906216789e-10 1
2 99 255 998.3913347631071 1.2574081046233444e-10 1
2 99 256 1003.3736345677971 1.2576393880816205e-10 1
2 99 257 1003.3736345677971 1.2578453829493481e-10 1
2 99 258 1003.3736345677971 1.2579884593003943e-10 1
2 99 259 1005.5864641576471 1.2581579011844608e-10 1
2 99 260 1005.5864641576471 1.2581582563846654e-10 1
2 99 261 1007.8426897435771 1.2578432138541192e-10 1
2 99 262 1009.1798479467071 1.2571675366281353e-10 1
2 99 263 1010.2987444310771 1.257686801686079e-10 1
2 99 264 1012.1962053685771 1.2686519989842164e-10 1
2 99 265 1015.0864641576471 1.3107624407839333e-10 1
2 99 266 1018.0262224584271 1.3268132564080683e-10 1
2 99 267 1020.0889055638971 1.2499022560263224e-10 1
2 99 268 1024.8183367162371 1.1289227896464085e-10 1
2 100 43 967.8900530248271 9.203075056389074e-11 1
2 100 44 968.0876238256071 9.202700789361159e-11 1
2 100 45 968.0876238256071 9.201939063792715e-11 1
2 100 46 968.0876238256071 9.200895915530837e-11 1
2 100 47 968.0876238256071 9.197746396964277e-11 1
2 100 48 970.5312883763971 9.194745238606351e-11 1
2 100 49 970.5312883763971 9.192241974031372e-11 1
2 100 50 970.5312883763971 9.189576359432864e-11 1
2 100 51 970.5312883763971 9.1853337398168e-11 1
2 100 52 970.3644792943571 9.181095035836064e-11 1
2 100 53 970.3644792943571 9.176007439047549e-11 1
2 100 54 970.3644792943571 9.168533053420381e-11 1
2 100 55 970.3644792943571 9.162453315984865e-11 1
2 100 56 969.0657732396771 9.156381636264314e-11 1
2 100 57 969.0657732396771 9.149378993670739e-11 1
2 100 58 969.0657732396771 9.141130410742316e-11 1
2 100 59 969.0657732396771 9.132896687365571e-11 1
2 100 60 966.7765886693571 9.123012778722005e-11 1
2 100 61 966.7765886693571 9.112100849218794e-11 1
2 100 62 966.7765886693571 9.101214991795041e-11 1
2 100 63 966.7765886693571 9.089595926776951e-11 1
2 100 64 965.7225115209271 9.075399593526325e-11 1
2 100 65 965.7225115209271 9.062016037789816e-11 1
2 100 66 965.7225115209271 9.048671897574906e-11 1
2 100 67 965.7225115209271 9.034280638462287e-11 1
2 100 68 965.7225115209271 9.018483693255128e-11 1
2 100 69 968.5920183568571 9.002741895305121e-11 1
2 100 70 968.5920183568571 8.985848547027302e-11 1
2 100 71 968.5920183568571 8.967869146550827e-11 1
2 100 72 968.5920183568571 8.949961550831875e-11 1
2 100 73 969.7510759740471 8.931599796959855e-11 1
2 100 74 969.7510759740471 8.911767160419555e-11 1
2 100 75 969.7510759740471 8.892449870721037e-11 1
2 100 76 969.7510759740471 8.87321614482335e-11 1
2 100 77 969.5782244115471 8.853726622797436e-11 1
2 100 78 969.5782244115471 8.833870323190186e-11 1
2 100 79 969.5782244115471 8.814102887943014e-11 1
2 100 80 969.5782244115471 8.794055289590958e-11 1
2 100 81 969.0566790013971 8.773975580976892e-11 1
2 100 82 969.0566790013971 8.753987360568557e-11 1
2 100 83 969.0566790013971 8.734175651935955e-11 1
2 100 84 969.0566790013971 8.714979327052471e-11 1
2 100 85 967.5050432592071 8.695286391019452e-11 1
2 100 86 967.5050432592071 8.675682253219042e-11 1
2 100 87 967.5050432592071 8.656381734291715e-11 1
2 100 88 967.5050432592071 8.637454436079582e-11 1
2 100 89 970.6161882787371 8.618609726883324e-11 1
2 100 90 970.6161882787371 8.600796033546751e-11 1
2 100 91 970.6161882787371 8.583304791424632e-11 1
2 100 92 970.6161882787371 8.565192363380273e-11 1
2 100 93 970.6161882787371 8.547156215800278e-11 1
2 100 94 972.3181536107671 8.530420116312354e-11 1
2 100 95 972.3181536107671 8.513155281180915e-11 1
2 100 96 972.3181536107671 8.495960189970525e-11 1
2 100 97 972.3181536107671 8.479398959020521e-11 1
2 100 98 971.5146868138971 8.463082680705039e-11 1
2 100 99 971.5146868138971 8.446569127646752e-11 1
2 100 100 971.5146868138971 8.430155022764339e-11 1
2 100 101 971.5146868138971 8.41414227826948e-11 1
2 100 102 967.6131975560771 8.398190249591188e-11 1
2 100 103 967.6131975560771 8.38275986009924e-11 1
2 100 104 967.6131975560771 8.367865429963788e-11 1
2 100 105 967.6131975560771 8.353030334882028e-11 1
2 100 106 970.2643206029571 8.338339279991681e-11 1
2 100 107 970.2643206029571 8.32450919735128e-11 1
2 100 108 970.2643206029571 8.311216787047582e-11 1
2 100 109 970.2643206029571 8.297974645166175e-11 1
2 100 110 972.6777117162371 8.284982488123148e-11 1
2 100 111 972.6777117162371 8.274030940741684e-11 1
2 100 112 972.6777117162371 8.26310830785965e-11 1
2 100 113 972.6777117162371 8.252022557601652e-11 1
2 100 114 976.1114885717071 8.243838522263838e-11 1
2 100 115 976.1114885717071 8.23663352242949e-11 1
2 100 116 976.1114885717071 8.229322143959476e-11 1
2 100 117 976.1114885717071 8.223739041203835e-11 1
2 100 118 976.1114885717071 8.221533452288715e-11 1
2 100 119 979.0397112279571 8.2194562286491e-11 1
2 100 120 979.0397112279571 8.217836499519407e-11 1
2 100 121 979.0397112279571 8.220622802457112e-11 1
2 100 122 979.0397112279571 8.22341099545851e-11 1
2 100 123 979.2748796849871 8.226926012188892e-11 1
2 100 124 979.2748796849871 8.23466775610226e-11 1
2 100 125 979.2748796849871 8.241793133299644e-11 1
2 100 126 979.2748796849871 8.248930852214103e-11 1
2 100 127 980.3346331029571 8.258878015655896e-11 1
2 100 128 980.3346331029571 8.271517519253091e-11 1
2 100 129 980.3346331029571 8.283696700619482e-11 1
2 100 130 980.3346331029571 8.29634313641528e-11 1
2 100 131 980.1744158177971 8.313205526269363e-11 1
2 100 132 980.1744158177971 8.330136601636537e-11 1
2 100 133 980.1744158177971 8.347960629369378e-11 1
2 100 134 980.1744158177971 8.368765066491423e-11 1
2 100 135 981.4769060521771 8.390331183700484e-11 1
2 100 136 981.4769060521771 8.412234868738978e-11 1
2 100 137 981.4769060521771 8.436822662109232e-11 1
2 100 138 981.4769060521771 8.462828564279732e-11 1
2 100 139 982.4886248021771 8.488690957279861e-11 1
2 100 140 982.4886248021771 8.515041161373085e-11 1
2 100 141 982.4886248021771 8.544462807641195e-11 1
2 100 142 982.4886248021771 8.573553659692005e-11 1
2 100 143 982.4886248021771 8.602843276442124e-11 1
2 100 144 983.7374651342071 8.633673911862984e-11 1
2 100 145 983.7374651342071 8.665151359521594e-11 1
2 100 146 983.7374651342071 8.696972932253622e-11 1
2 100 147 983.7374651342071 8.729795154561278e-11 1
2 100 148 984.4019548802971 8.763129808349901e-11 1
2 100 149 984.4019548802971 8.796720014185939e-11 1
2 100 150 984.4019548802971 8.831089430653569e-11 1
2 100 151 984.4019548802971 8.866217007725847e-11 1
2 100 152 985.5278704076471 8.901318171193336e-11 1
2 100 153 985.5278704076471 8.936698368861825e-11 1
2 100 154 985.5278704076471 8.972544528405412e-11 1
2 100 155 985.5278704076471 9.00873767539317e-11 1
2 100 156 989.2391130834271 9.045285677739347e-11 1
2 100 157 989.2391130834271 9.082412948766119e-11 1
2 100 158 989.2391130834271 9.119401238263407e-11 1
2 100 159 989.2391130834271 9.1565053836632e-11 1
2 100 160 991.1271135717071 9.193886170717488e-11 1
2 100 161 991.1271135717071 9.231315382129553e-11 1
2 100 162 991.1271135717071 9.269050595278617e-11 1
2 100 163 991.1271135717071 9.307729750609881e-11 1
2 100 164 991.8398210912371 9.348149477259798e-11 1
2 100 165 991.8398210912371 9.387110095793509e-11 1
2 100 166 991.8398210912371 9.426396828625666e-11 1
2 100 167 991.8398210912371 9.467680642162521e-11 1
2 100 168 991.8398210912371 9.509578205610019e-11 1
2 100 169 992.4903948217071 9.550928135495426e-11 1
2 100 170 992.4903948217071 9.592775102365627e-11 1
2 100 171 992.4903948217071 9.636313221368083e-11 1
2 100 172 992.4903948217071 9.680248349641424e-11 1
2 100 173 992.2596208959271 9.725988070533072e-11 1
2 100 174 992.2596208959271 9.772076919029118e-11 1
2 100 175 992.2596208959271 9.818128661192894e-11 1
2 100 176 992.2596208959271 9.864891349884558e-11 1
2 100 177 991.2267839818571 9.912507614939855e-11 1
2 100 178 991.2267839818571 9.959163087935352e-11 1
2 100 179 991.2267839818571 1.0006213241943492e-10 1
2 100 180 991.2267839818571 1.0053478715057965e-10 1
2 100 181 989.6299822240471 1.0098939708880203e-10 1
2 100 182 989.6299822240471 1.0144813711954996e-10 1
2 100 183 989.6299822240471 1.0191008811643752e-10 1
2 100 184 989.6299822240471 1.0235434219860352e-10 1
2 100 185 987.2814104467071 1.0279583809382575e-10 1
2 100 186 987.2814104467071 1.032416935583287e-10 1
2 100 187 987.2814104467071 1.0368172331415038e-10 1
2 100 188 987.2814104467071 1.0410876494382576e-10 1
2 100 189 985.0394670873271 1.0453933889863127e-10 1
2 100 190 985.0394670873271 1.0497863069209698e-10 1
2 100 191 985.0394670873271 1.0539960721590482e-10 1
2 100 192 985.0394670873271 1.0581826077547716e-10 1
2 100 193 985.0394670873271 1.0624025343222549e-10 1
2 100 194 986.5168230443571 1.0665472895372812e-10 1
2 100 195 986.5168230443571 1.0705937122241767e-10 1
2 100 196 986.5168230443571 1.0746709556606298e-10 1
2 100 197 986.5168230443571 1.078719631703855e-10 1
2 100 198 985.8175432592071 1.0826339753534171e-10 1
2 100 199 985.8175432592071 1.0865382102306439e-10 1
2 100 200 985.8175432592071 1.0904468112112824e-10 1
2 100 201 985.8175432592071 1.09415144314072e-10 1
2 100 202 984.7265398412371 1.0978813327586805e-10 1
2 100 203 984.7265398412371 1.1017073737697592e-10 1
2 100 204 984.7265398412371 1.1054294180920072e-10 1
2 100 205 984.7265398412371 1.1089689758045669e-10 1
2 100 206 990.1158831029571 1.1125312734828e-10 1
2 100 207 990.1158831029571 1.1159988714970262e-10 1
2 100 208 990.1158831029571 1.1193294652676623e-10 1
2 100 209 990.1158831029571 1.1226799982332717e-10 1
2 100 210 992.3595964818571 1.1261146918859107e-10 1
2 100 211 992.3595964818571 1.1292433592296467e-10 1
2 100 212 992.3595964818571 1.132311910500452e-10 1
2 100 213 992.3595964818571 1.1353971838766305e-10 1
2 100 214 995.4356462865471 1.134203854174739e-10 1
2 100 215 995.4356462865471 1.134203854174739e-10 1
2 100 216 995.4356462865471 1.1526542213216281e-10 1
2 100 217 995.4356462865471 1.1526542213216281e-10 1
2 100 218 995.4356462865471 1.1526542213216281e-10 1
2 100 219 997.6270525365471 1.1612209333744519e-10 1
2 100 220 997.6270525365471 1.1612209333744519e-10 1
2 100 221 997.6270525365471 1.1612209333744519e-10 1
2 100 222 997.6270525365471 1.1685318731439067e-10 1
2 100 223 1002.8299944310771 1.1685318731439067e-10 1
2 100 224 1002.8299944310771 1.1685318731439067e-10 1
2 100 225 1002.8299944310771 1.1746918575837317e-10 1
2 100 226 1002.8299944310771 1.1746918575837317e-10 1
2 100 227 1004.0221331029571 1.1746918575837317e-10 1
2 100 228 1004.0221331029571 1.1746918575837317e-10 1
2 100 229 1004.0221331029571 1.179871113627607e-10 1
2 100 230 1004.0221331029571 1.179871113627607e-10 1
2 100 231 1004.7059709935771 1.179871113627607e-10 1
2 100 232 1004.7059709935771 1.1841679691381569e-10 1
2 100 233 1004.7059709935771 1.1841679691381569e-10 1
2 100 234 1004.7059709935771 1.1841679691381569e-10 1
2 100 235 1005.6833879857671 1.1875959861371993e-10 1
2 100 236 1005.6833879857671 1.1875959861371993e-10 1
2 100 237 1005.6833879857671 1.1875959861371993e-10 1
2 100 238 1005.6833879857671 1.1875959861371993e-10 1
2 100 239 1006.6071550756071 1.1875959861371993e-10 1
2 100 240 1006.6071550756071 1.1875959861371993e-10 1
2 100 241 1006.6071550756071 1.1875959861371993e-10 1
2 100 242 1006.6071550756071 1.1875959861371993e-10 1
2 100 243 1006.6071550756071 1.2076016845541137e-10 1
2 100 244 1007.7457048802971 1.2076016845541137e-10 1
2 100 245 1007.7457048802971 1.2094279872147872e-10 1
2 100 246 1007.7457048802971 1.2094279872147872e-10 1
2 101 24 963.6805193334271 9.849946768491547e-11 1
2 101 25 964.9867937474871 1.0069703659704535e-10 1
2 101 26 968.0395891576471 1.0160733099324526e-10 1
2 101 27 971.6647112279571 1.0079146073551636e-10 1
2 101 28 975.6833879857671 9.708924198997966e-11 1
2 101 29 977.2535784154571 9.272402737842754e-11 1
2 101 30 979.1337053685771 9.107504590515298e-11 1
2 101 31 980.8179094701471 9.072130663203944e-11 1
2 101 32 981.0674822240471 9.078214572023811e-11 1
2 101 33 981.4953386693571 9.091199827793352e-11 1
2 101 34 981.8325579076471 9.099599949874331e-11 1
2 101 35 982.7318498998271 9.104227006436372e-11 1
2 101 36 982.7318498998271 9.106712927581821e-11 1
2 101 37 982.7318498998271 9.108264553100395e-11 1
2 101 38 982.7318498998271 9.109229253168503e-11 1
2 101 39 983.1093523412371 9.110194157610298e-11 1
2 101 40 983.1093523412371 9.111405234901137e-11 1
2 101 41 983.1093523412371 9.11156104777337e-11 1
2 101 42 983.1093523412371 9.111716865974714e-11 1
2 101 43 983.1093523412371 9.11199729612475e-11 1
2 101 44 983.3501970677971 9.112017637819504e-11 1
2 101 45 983.3501970677971 9.111645178580998e-11 1
2 101 46 983.3501970677971 9.111272749790242e-11 1
2 101 47 983.3501970677971 9.11091333876787e-11 1
2 101 48 983.5784685521771 9.110314161522174e-11 1
2 101 49 983.5784685521771 9.109598042440052e-11 1
2 101 50 983.5784685521771 9.108896658434942e-11 1
2 101 51 983.5784685521771 9.108237001691249e-11 1
2 101 52 985.0331804662371 9.107395909514182e-11 1
2 101 53 985.0331804662371 9.106554972662589e-11 1
2 101 54 985.0331804662371 9.105171517582559e-11 1
2 101 55 985.0331804662371 9.10361770951049e-11 1
2 101 56 985.5931169896771 9.102121502654191e-11 1
2 101 57 985.5931169896771 9.100272589153206e-11 1
2 101 58 985.5931169896771 9.093595936078081e-11 1
2 101 59 985.5931169896771 9.093595936078081e-11 1
2 101 60 985.7468645482671 9.119923740872158e-11 1
2 101 61 985.7468645482671 9.119923740872158e-11 1
2 101 62 985.7468645482671 9.104979007532319e-11 1
2 101 63 985.7468645482671 9.104979007532319e-11 1
2 101 64 986.1443865209271 9.104979007532319e-11 1
2 101 65 986.1443865209271 9.08554016098168e-11 1
2 101 66 986.1443865209271 9.08554016098168e-11 1
2 101 67 986.1443865209271 9.08554016098168e-11 1
2 101 68 986.1443865209271 9.08554016098168e-11 1
2 101 69 987.3943254857671 9.062792780023656e-11 1
2 101 70 987.3943254857671 9.062792780023656e-11 1
2 101 71 987.3943254857671 9.062792780023656e-11 1
2 101 72 987.3943254857671 9.037709295935868e-11 1
2 101 73 987.6366350560771 9.037709295935868e-11 1
2 101 74 987.6366350560771 9.037709295935868e-11 1
2 101 75 987.6366350560771 9.011543565098674e-11 1
2 101 76 987.6366350560771 9.011543565098674e-11 1
2 101 77 987.9842302709271 9.011543565098674e-11 1
2 101 78 987.9842302709271 9.011543565098674e-11 1
2 101 79 987.9842302709271 8.944641247357811e-11 1
2 101 80 987.9842302709271 8.944641247357811e-11 1
2 101 81 988.5098650365471 8.944641247357811e-11 1
2 101 82 988.5098650365471 8.944641247357811e-11 1
2 101 83 988.5098650365471 9.020182410396183e-11 1
2 101 84 988.5098650365471 9.020182410396183e-11 1
2 101 85 989.0614397435771 9.052946531310568e-11 1
2 101 86 989.0614397435771 8.901052259863635e-11 1
2 102 24 964.6028215795171 9.942954242019663e-11 1
2 102 25 966.7468645482671 1.0188492395087527e-10 1
2 102 26 969.1752703099871 1.0129407446047214e-10 1
