3 98 267 994.5469671680733 1.3008478458616857e-10 1
3 98 268 1014.2662664844732 1.1932245759540626e-10 1
3 98 269 1036.5532537891631 1.2705867499591648e-10 1
3 98 270 1030.7162786915032 1.6910120221127004e-10 1
3 99 206 973.2879339649432 1.1546178451676919e-10 1
3 99 207 973.2879339649432 1.1589315955349976e-10 1
3 99 208 973.2879339649432 1.1630712418426423e-10 1
3 99 209 973.2879339649432 1.1672405673865577e-10 1
3 99 210 976.2741400196333 1.171393618417115e-10 1
3 99 211 976.2741400196333 1.1752089963957373e-10 1
3 99 212 976.2741400196333 1.179049309935191e-10 1
3 99 213 976.2741400196333 1.182917208914703e-10 1
3 99 214 979.0819403126033 1.186507919391163e-10 1
3 99 215 979.0819403126033 1.1900182286706076e-10 1
3 99 216 979.0819403126033 1.1935493702342845e-10 1
3 99 217 979.0819403126033 1.196929472266992e-10 1
3 99 218 979.0819403126033 1.200096871702103e-10 1
3 99 219 981.0801702930733 1.203281079208776e-10 1
3 99 220 981.0801702930733 1.2064453152284202e-10 1
3 99 221 981.0801702930733 1.209268269679086e-10 1
3 99 222 981.0801702930733 1.2121044659439415e-10 1
3 99 223 987.9961859180733 1.214953997413402e-10 1
3 99 224 987.9961859180733 1.2175210164589174e-10 1
3 99 225 987.9961859180733 1.220010678863726e-10 1
3 99 226 987.9961859180733 1.2225105441639028e-10 1
3 99 227 991.0094915821333 1.2248692530820459e-10 1
3 99 228 991.0094915821333 1.2270297995130627e-10 1
3 99 229 991.0094915821333 1.2291963591034491e-10 1
3 99 230 991.0094915821333 1.2313385176632579e-10 1
3 99 231 995.3394476368233 1.233177740309194e-10 1
3 99 232 995.3394476368233 1.235022465585274e-10 1
3 99 233 995.3394476368233 1.2368785020404243e-10 1
3 99 234 995.3394476368233 1.2385263183694656e-10 1
3 99 235 1000.2176825001033 1.2400811508832518e-10 1
3 99 236 1000.2176825001033 1.241639892143797e-10 1
3 99 237 1000.2176825001033 1.2430863462356169e-10 1
3 99 238 1000.2176825001033 1.2443800481086801e-10 1
3 99 239 1009.8981634571333 1.2456764455437546e-10 1
3 99 240 1009.8981634571333 1.246983910063359e-10 1
3 99 241 1009.8981634571333 1.2480518244228492e-10 1
3 99 242 1009.8981634571333 1.249121569469293e-10 1
3 99 243 1009.8981634571333 1.2502196516147748e-10 1
3 99 244 1013.5622869922832 1.2511879056883623e-10 1
3 99 245 1013.5622869922832 1.2520222442076652e-10 1
3 99 246 1013.5622869922832 1.252857696205245e-10 1
3 99 247 1013.5622869922832 1.2536487718396844e-10 1
3 99 248 1016.7470404102532 1.254298856313547e-10 1
3 99 249 1016.7470404102532 1.2549127532669332e-10 1
3 99 250 1016.7470404102532 1.255507805249834e-10 1
3 99 251 1016.7470404102532 1.2559156263133385e-10 1
3 99 252 1019.9817205860332 1.2563237124043707e-10 1
3 99 253 1019.9817205860332 1.2567915957787715e-10 1
3 99 254 1019.9817205860332 1.257176906216789e-10 1
3 99 255 1019.9817205860332 1.2574081046233398e-10 1
3 99 256 1024.9640203907231 1.257639388081625e-10 1
3 99 257 1024.9640203907231 1.2578453829493481e-10 1
3 99 258 1024.9640203907231 1.2579884593003943e-10 1
3 99 259 1027.1768499805733 1.2581579011844608e-10 1
3 99 260 1027.1768499805733 1.2581582563846654e-10 1
3 99 261 1029.4330755665032 1.2578432138541148e-10 1
3 99 262 1030.7702337696333 1.2571675366281306e-10 1
3 99 263 1031.8891302540032 1.2576868016860837e-10 1
3 99 264 1033.7865911915032 1.2686519989842164e-10 1
3 99 265 1036.6768499805733 1.3107624407839333e-10 1
3 99 266 1039.6166082813531 1.3268132564080683e-10 1
3 99 267 1041.6792913868233 1.2499022560263224e-10 1
3 99 268 1046.4087225391631 1.1289227896464085e-10 1
3 100 43 989.4804388477532 9.20307505638905e-11 1
3 100 44 989.6780096485332 9.202700789361159e-11 1
3 100 45 989.6780096485332 9.201939063792692e-11 1
3 100 46 989.6780096485332 9.200895915530837e-11 1
3 100 47 989.6780096485332 9.197746396964252e-11 1
3 100 48 992.1216741993233 9.194745238606351e-11 1
3 100 49 992.1216741993233 9.192241974031348e-11 1
3 100 50 992.1216741993233 9.189576359432864e-11 1
3 100 51 992.1216741993233 9.1853337398168e-11 1
3 100 52 991.9548651172832 9.18109503583604e-11 1
3 100 53 991.9548651172832 9.176007439047549e-11 1
3 100 54 991.9548651172832 9.168533053420357e-11 1
3 100 55 991.9548651172832 9.162453315984865e-11 1
3 100 56 990.6561590626033 9.156381636264314e-11 1
3 100 57 990.6561590626033 9.149378993670739e-11 1
3 100 58 990.6561590626033 9.141130410742316e-11 1
3 100 59 990.6561590626033 9.132896687365594e-11 1
3 100 60 988.3669744922832 9.123012778722029e-11 1
3 100 61 988.3669744922832 9.112100849218794e-11 1
3 100 62 988.3669744922832 9.101214991795041e-11 1
3 100 63 988.3669744922832 9.089595926776974e-11 1
3 100 64 987.3128973438533 9.075399593526325e-11 1
3 100 65 987.3128973438533 9.062016037789816e-11 1
3 100 66 987.3128973438533 9.048671897574906e-11 1
3 100 67 987.3128973438533 9.034280638462287e-11 1
3 100 68 987.3128973438533 9.018483693255128e-11 1
3 100 69 990.1824041797832 9.002741895305121e-11 1
3 100 70 990.1824041797832 8.985848547027302e-11 1
3 100 71 990.1824041797832 8.967869146550803e-11 1
3 100 72 990.1824041797832 8.949961550831875e-11 1
3 100 73 991.3414617969732 8.931599796959878e-11 1
3 100 74 991.3414617969732 8.911767160419555e-11 1
3 100 75 991.3414617969732 8.892449870721015e-11 1
3 100 76 991.3414617969732 8.87321614482335e-11 1
3 100 77 991.1686102344732 8.853726622797459e-11 1
3 100 78 991.1686102344732 8.833870323190186e-11 1
3 100 79 991.1686102344732 8.814102887943014e-11 1
3 100 80 991.1686102344732 8.794055289590936e-11 1
3 100 81 990.6470648243233 8.77397558097687e-11 1
3 100 82 990.6470648243233 8.753987360568557e-11 1
3 100 83 990.6470648243233 8.734175651935977e-11 1
3 100 84 990.6470648243233 8.714979327052493e-11 1
3 100 85 989.0954290821333 8.695286391019452e-11 1
3 100 86 989.0954290821333 8.675682253219042e-11 1
3 100 87 989.0954290821333 8.656381734291715e-11 1
3 100 88 989.0954290821333 8.637454436079603e-11 1
3 100 89 992.2065741016633 8.618609726883344e-11 1
3 100 90 992.2065741016633 8.600796033546751e-11 1
3 100 91 992.2065741016633 8.583304791424611e-11 1
3 100 92 992.2065741016633 8.565192363380295e-11 1
3 100 93 992.2065741016633 8.547156215800278e-11 1
3 100 94 993.9085394336932 8.530420116312333e-11 1
3 100 95 993.9085394336932 8.513155281180936e-11 1
3 100 96 993.9085394336932 8.495960189970546e-11 1
3 100 97 993.9085394336932 8.479398959020542e-11 1
3 100 98 993.1050726368233 8.46308268070506e-11 1
3 100 99 993.1050726368233 8.446569127646752e-11 1
3 100 100 993.1050726368233 8.430155022764318e-11 1
3 100 101 993.1050726368233 8.41414227826948e-11 1
3 100 102 989.2035833790032 8.398190249591188e-11 1
3 100 103 989.2035833790032 8.38275986009926e-11 1
3 100 104 989.2035833790032 8.367865429963788e-11 1
3 100 105 989.2035833790032 8.353030334882028e-11 1
3 100 106 991.8547064258833 8.338339279991681e-11 1
3 100 107 991.8547064258833 8.3245091973513e-11 1
3 100 108 991.8547064258833 8.311216787047582e-11 1
3 100 109 991.8547064258833 8.297974645166156e-11 1
3 100 110 994.2680975391633 8.284982488123168e-11 1
3 100 111 994.2680975391633 8.274030940741684e-11 1
3 100 112 994.2680975391633 8.26310830785965e-11 1
3 100 113 994.2680975391633 8.252022557601672e-11 1
3 100 114 997.7018743946333 8.243838522263838e-11 1
3 100 115 997.7018743946333 8.236633522429471e-11 1
3 100 116 997.7018743946333 8.229322143959495e-11 1
3 100 117 997.7018743946333 8.223739041203815e-11 1
3 100 118 997.7018743946333 8.221533452288715e-11 1
3 100 119 1000.6300970508833 8.2194562286491e-11 1
3 100 120 1000.6300970508833 8.217836499519407e-11 1
3 100 121 1000.6300970508833 8.220622802457092e-11 1
3 100 122 1000.6300970508833 8.22341099545851e-11 1
3 100 123 1000.8652655079133 8.226926012188892e-11 1
3 100 124 1000.8652655079133 8.23466775610226e-11 1
3 100 125 1000.8652655079133 8.241793133299625e-11 1
3 100 126 1000.8652655079133 8.248930852214103e-11 1
3 100 127 1001.9250189258833 8.258878015655877e-11 1
3 100 128 1001.9250189258833 8.271517519253091e-11 1
3 100 129 1001.9250189258833 8.283696700619482e-11 1
3 100 130 1001.9250189258833 8.296343136415299e-11 1
3 100 131 1001.7648016407232 8.313205526269363e-11 1
3 100 132 1001.7648016407232 8.330136601636516e-11 1
3 100 133 1001.7648016407232 8.347960629369358e-11 1
3 100 134 1001.7648016407232 8.368765066491402e-11 1
3 100 135 1003.0672918751033 8.390331183700484e-11 1
3 100 136 1003.0672918751033 8.412234868738978e-11 1
3 100 137 1003.0672918751033 8.436822662109232e-11 1
3 100 138 1003.0672918751033 8.462828564279711e-11 1
3 100 139 1004.0790106251033 8.488690957279861e-11 1
3 100 140 1004.0790106251033 8.515041161373065e-11 1
3 100 141 1004.0790106251033 8.544462807641195e-11 1
3 100 142 1004.0790106251033 8.573553659692026e-11 1
3 100 143 1004.0790106251033 8.602843276442124e-11 1
3 100 144 1005.3278509571333 8.633673911862984e-11 1
3 100 145 1005.3278509571333 8.665151359521594e-11 1
3 100 146 1005.3278509571333 8.696972932253643e-11 1
3 100 147 1005.3278509571333 8.7297951545613e-11 1
3 100 148 1005.9923407032232 8.763129808349901e-11 1
3 100 149 1005.9923407032232 8.796720014185939e-11 1
3 100 150 1005.9923407032232 8.831089430653569e-11 1
3 100 151 1005.9923407032232 8.866217007725847e-11 1
3 100 152 1007.1182562305733 8.901318171193336e-11 1
3 100 153 1007.1182562305733 8.936698368861802e-11 1
3 100 154 1007.1182562305733 8.972544528405388e-11 1
3 100 155 1007.1182562305733 9.00873767539317e-11 1
3 100 156 1010.8294989063533 9.04528567773937e-11 1
3 100 157 1010.8294989063533 9.082412948766096e-11 1
3 100 158 1010.8294989063533 9.119401238263407e-11 1
3 100 159 1010.8294989063533 9.1565053836632e-11 1
3 100 160 1012.7174993946333 9.193886170717465e-11 1
3 100 161 1012.7174993946333 9.231315382129577e-11 1
3 100 162 1012.7174993946333 9.269050595278617e-11 1
3 100 163 1012.7174993946333 9.307729750609857e-11 1
3 100 164 1013.4302069141633 9.348149477259774e-11 1
3 100 165 1013.4302069141633 9.387110095793535e-11 1
3 100 166 1013.4302069141633 9.426396828625666e-11 1
3 100 167 1013.4302069141633 9.467680642162521e-11 1
3 100 168 1013.4302069141633 9.509578205609993e-11 1
3 100 169 1014.0807806446333 9.550928135495399e-11 1
3 100 170 1014.0807806446333 9.592775102365627e-11 1
3 100 171 1014.0807806446333 9.636313221368083e-11 1
3 100 172 1014.0807806446333 9.680248349641424e-11 1
3 100 173 1013.8500067188533 9.725988070533072e-11 1
3 100 174 1013.8500067188533 9.772076919029145e-11 1
3 100 175 1013.8500067188533 9.818128661192894e-11 1
3 100 176 1013.8500067188533 9.864891349884558e-11 1
3 100 177 1012.8171698047832 9.912507614939855e-11 1
3 100 178 1012.8171698047832 9.959163087935352e-11 1
3 100 179 1012.8171698047832 1.0006213241943464e-10 1
3 100 180 1012.8171698047832 1.0053478715057936e-10 1
3 100 181 1011.2203680469732 1.0098939708880203e-10 1
3 100 182 1011.2203680469732 1.0144813711954996e-10 1
3 100 183 1011.2203680469732 1.0191008811643781e-10 1
3 100 184 1011.2203680469732 1.0235434219860352e-10 1
3 100 185 1008.8717962696333 1.0279583809382575e-10 1
3 100 186 1008.8717962696333 1.032416935583287e-10 1
3 100 187 1008.8717962696333 1.0368172331415069e-10 1
3 100 188 1008.8717962696333 1.0410876494382545e-10 1
3 100 189 1006.6298529102532 1.0453933889863127e-10 1
3 100 190 1006.6298529102532 1.0497863069209667e-10 1
3 100 191 1006.6298529102532 1.0539960721590482e-10 1
3 100 192 1006.6298529102532 1.0581826077547749e-10 1
3 100 193 1006.6298529102532 1.0624025343222549e-10 1
3 100 194 1008.1072088672832 1.0665472895372812e-10 1
3 100 195 1008.1072088672832 1.0705937122241767e-10 1
3 100 196 1008.1072088672832 1.0746709556606298e-10 1
3 100 197 1008.1072088672832 1.0787196317038584e-10 1
3 100 198 1007.4079290821333 1.0826339753534171e-10 1
3 100 199 1007.4079290821333 1.0865382102306439e-10 1
3 100 200 1007.4079290821333 1.0904468112112824e-10 1
3 100 201 1007.4079290821333 1.09415144314072e-10 1
3 100 202 1006.3169256641633 1.0978813327586805e-10 1
3 100 203 1006.3169256641633 1.1017073737697592e-10 1
3 100 204 1006.3169256641633 1.1054294180920038e-10 1
3 100 205 1006.3169256641633 1.1089689758045634e-10 1
3 100 206 1011.7062689258833 1.1125312734828034e-10 1
3 100 207 1011.7062689258833 1.1159988714970227e-10 1
3 100 208 1011.7062689258833 1.1193294652676623e-10 1
3 100 209 1011.7062689258833 1.1226799982332717e-10 1
3 100 210 1013.9499823047832 1.1261146918859143e-10 1
3 100 211 1013.9499823047832 1.1292433592296504e-10 1
3 100 212 1013.9499823047832 1.132311910500452e-10 1
3 100 213 1013.9499823047832 1.1353971838766267e-10 1
3 100 214 1017.0260321094732 1.134203854174739e-10 1
3 100 215 1017.0260321094732 1.134203854174739e-10 1
3 100 216 1017.0260321094732 1.1526542213216281e-10 1
3 100 217 1017.0260321094732 1.1526542213216281e-10 1
3 100 218 1017.0260321094732 1.1526542213216281e-10 1
3 100 219 1019.2174383594732 1.1612209333744557e-10 1
3 100 220 1019.2174383594732 1.1612209333744557e-10 1
3 100 221 1019.2174383594732 1.1612209333744557e-10 1
3 100 222 1019.2174383594732 1.1685318731439028e-10 1
3 100 223 1024.4203802540032 1.1685318731439028e-10 1
3 100 224 1024.4203802540032 1.1685318731439028e-10 1
3 100 225 1024.4203802540032 1.1746918575837356e-10 1
3 100 226 1024.4203802540032 1.1746918575837356e-10 1
3 100 227 1025.6125189258833 1.1746918575837356e-10 1
3 100 228 1025.6125189258833 1.1746918575837356e-10 1
3 100 229 1025.6125189258833 1.1798711136276108e-10 1
3 100 230 1025.6125189258833 1.1798711136276108e-10 1
3 100 231 1026.2963568165032 1.1798711136276108e-10 1
3 100 232 1026.2963568165032 1.1841679691381569e-10 1
3 100 233 1026.2963568165032 1.1841679691381569e-10 1
3 100 234 1026.2963568165032 1.1841679691381569e-10 1
3 100 235 1027.2737738086932 1.1875959861372035e-10 1
3 100 236 1027.2737738086932 1.1875959861372035e-10 1
3 100 237 1027.2737738086932 1.1875959861372035e-10 1
3 100 238 1027.2737738086932 1.1875959861372035e-10 1
3 100 239 1028.1975408985331 1.1875959861372035e-10 1
3 100 240 1028.1975408985331 1.1875959861372035e-10 1
3 100 241 1028.1975408985331 1.1875959861372035e-10 1
3 100 242 1028.1975408985331 1.1875959861372035e-10 1
3 100 243 1028.1975408985331 1.2076016845541178e-10 1
3 100 244 1029.3360907032231 1.2076016845541178e-10 1
3 100 245 1029.3360907032231 1.2094279872147872e-10 1
3 100 246 1029.3360907032231 1.2094279872147872e-10 1
3 101 24 985.2709051563533 9.849946768491547e-11 1
3 101 25 986.5771795704133 1.0069703659704535e-10 1
3 101 26 989.6299749805733 1.0160733099324496e-10 1
3 101 27 993.2550970508833 1.0079146073551606e-10 1
3 101 28 997.2737738086932 9.708924198997966e-11 1
3 101 29 998.8439642383833 9.272402737842754e-11 1
3 101 30 1000.7240911915032 9.107504590515298e-11 1
3 101 31 1002.4082952930733 9.072130663203921e-11 1
3 101 32 1002.6578680469732 9.078214572023811e-11 1
3 101 33 1003.0857244922832 9.091199827793327e-11 1
3 101 34 1003.4229437305733 9.099599949874331e-11 1
3 101 35 1004.3222357227532 9.104227006436372e-11 1
3 101 36 1004.3222357227532 9.106712927581821e-11 1
3 101 37 1004.3222357227532 9.108264553100395e-11 1
3 101 38 1004.3222357227532 9.109229253168503e-11 1
3 101 39 1004.6997381641633 9.110194157610275e-11 1
3 101 40 1004.6997381641633 9.111405234901137e-11 1
3 101 41 1004.6997381641633 9.11156104777337e-11 1
3 101 42 1004.6997381641633 9.111716865974738e-11 1
3 101 43 1004.6997381641633 9.11199729612475e-11 1
3 101 44 1004.9405828907232 9.11201763781948e-11 1
3 101 45 1004.9405828907232 9.111645178580998e-11 1
3 101 46 1004.9405828907232 9.111272749790242e-11 1
3 101 47 1004.9405828907232 9.11091333876787e-11 1
3 101 48 1005.1688543751033 9.110314161522174e-11 1
3 101 49 1005.1688543751033 9.109598042440075e-11 1
3 101 50 1005.1688543751033 9.108896658434942e-11 1
3 101 51 1005.1688543751033 9.108237001691249e-11 1
3 101 52 1006.6235662891633 9.107395909514158e-11 1
3 101 53 1006.6235662891633 9.106554972662589e-11 1
3 101 54 1006.6235662891633 9.105171517582559e-11 1
3 101 55 1006.6235662891633 9.10361770951049e-11 1
3 101 56 1007.1835028126033 9.102121502654168e-11 1
3 101 57 1007.1835028126033 9.100272589153181e-11 1
3 101 58 1007.1835028126033 9.093595936078081e-11 1
3 101 59 1007.1835028126033 9.093595936078081e-11 1
3 101 60 1007.3372503711932 9.119923740872182e-11 1
3 101 61 1007.3372503711932 9.119923740872182e-11 1
3 101 62 1007.3372503711932 9.104979007532319e-11 1
3 101 63 1007.3372503711932 9.104979007532319e-11 1
3 101 64 1007.7347723438533 9.104979007532319e-11 1
3 101 65 1007.7347723438533 9.08554016098168e-11 1
3 101 66 1007.7347723438533 9.08554016098168e-11 1
3 101 67 1007.7347723438533 9.08554016098168e-11 1
3 101 68 1007.7347723438533 9.08554016098168e-11 1
3 101 69 1008.9847113086932 9.06279278002368e-11 1
3 101 70 1008.9847113086932 9.06279278002368e-11 1
3 101 71 1008.9847113086932 9.06279278002368e-11 1
3 101 72 1008.9847113086932 9.037709295935844e-11 1
3 101 73 1009.2270208790032 9.037709295935844e-11 1
3 101 74 1009.2270208790032 9.037709295935844e-11 1
3 101 75 1009.2270208790032 9.011543565098674e-11 1
3 101 76 1009.2270208790032 9.011543565098674e-11 1
3 101 77 1009.5746160938533 9.011543565098674e-11 1
3 101 78 1009.5746160938533 9.011543565098674e-11 1
3 101 79 1009.5746160938533 8.944641247357788e-11 1
3 101 80 1009.5746160938533 8.944641247357788e-11 1
3 101 81 1010.1002508594732 8.944641247357788e-11 1
3 101 82 1010.1002508594732 8.944641247357788e-11 1
3 101 83 1010.1002508594732 9.02018241039616e-11 1
3 101 84 1010.1002508594732 9.02018241039616e-11 1
3 101 85 1010.6518255665032 9.052946531310568e-11 1
3 101 86 1010.6518255665032 8.901052259863657e-11 1
3 102 24 986.1932074024432 9.942954242019663e-11 1
3 102 25 988.3372503711932 1.0188492395087497e-10 1
3 102 26 990.7656561329133 1.0129407446047244e-10 1
