6 55 104 965.9613184789474 1.5948830593746977e-11 1
6 55 105 986.5630640844174 1.5515957230795964e-11 1
6 55 106 1010.0563502172274 1.5391139532506605e-11 1
6 55 107 1003.0130762914474 1.537143009935029e-11 1
6 56 79 945.5847315648874 1.9224198535674538e-11 1
6 56 80 945.5847315648874 1.9136398023699248e-11 1
6 56 81 948.5709376195774 1.9050903394055262e-11 1
6 56 82 951.3787379125474 1.8967817993001293e-11 1
6 56 83 953.3769678930174 1.888767451398516e-11 1
6 56 84 960.2929835180174 1.8810338331618962e-11 1
6 56 85 960.2929835180174 1.873598161632089e-11 1
6 56 86 963.3062891820774 1.8664827624221123e-11 1
6 56 87 967.6362452367674 1.8596995626555464e-11 1
6 56 88 972.5144801000474 1.8532434661406764e-11 1
6 56 89 982.1949610570774 1.8471394744736877e-11 1
6 56 90 982.1949610570774 1.8413750150456002e-11 1
6 56 91 985.8590845922274 1.835953363943053e-11 1
6 56 92 989.0438380101974 1.8308789383961913e-11 1
6 56 93 992.2785181859774 1.826142405662627e-11 1
6 56 94 997.2608179906674 1.8217226313569886e-11 1
6 56 95 997.2608179906674 1.8175988725707517e-11 1
6 56 96 999.4736475805174 1.8137613248881056e-11 1
6 56 97 1001.7298731664474 1.8101826364244083e-11 1
6 56 98 1002.1051783422274 1.8060144434593378e-11 1
6 56 99 1003.0670313695774 1.80027735851613e-11 1
6 56 100 1004.5773463109774 1.79200698744298e-11 1
6 56 101 1006.0833887914474 1.7770977948788172e-11 1
6 56 102 1008.9736475805174 1.741711457506789e-11 1
6 56 103 1011.9134058812974 1.6764812720956176e-11 1
6 56 104 1014.3133692601974 1.6047177762356847e-11 1
6 56 105 1018.7055201391074 1.5558752118567038e-11 1
6 57 32 961.9748072484774 2.1578257337981045e-11 1
6 57 33 964.2516627172274 2.150449745694189e-11 1
6 57 34 962.9529566625474 2.145783283946e-11 1
6 57 35 962.9529566625474 2.142228225029523e-11 1
6 57 36 960.6637720922274 2.1388170124577808e-11 1
6 57 37 959.6096949437974 2.1355348534898063e-11 1
6 57 38 962.4792017797274 2.132438497095449e-11 1
6 57 39 963.6382593969174 2.1294870730530583e-11 1
6 57 40 963.6382593969174 2.1266808368320424e-11 1
6 57 41 963.4654078344174 2.124070358892106e-11 1
6 57 42 962.9438624242674 2.121614644603715e-11 1
6 57 43 961.3922266820774 2.119319629358966e-11 1
6 57 44 964.5033717016074 2.117209075845474e-11 1
6 57 45 964.5033717016074 2.11524383402279e-11 1
6 57 46 966.2053370336374 2.113421584946514e-11 1
6 57 47 965.4018702367674 2.111712353222825e-11 1
6 57 48 961.5003809789474 2.110081554842719e-11 1
6 57 49 964.1515040258274 2.108505049487258e-11 1
6 57 50 964.1515040258274 2.1069430000893793e-11 1
6 57 51 966.5648951391074 2.105305373956626e-11 1
6 57 52 969.9986719945774 2.1035800696031858e-11 1
6 57 53 972.9268946508274 2.101711131375225e-11 1
6 57 54 973.1620631078574 2.0995105759224197e-11 1
6 57 55 973.1620631078574 2.096823567679889e-11 1
6 57 56 974.2218165258274 2.093526639953873e-11 1
6 57 57 974.0615992406674 2.0896368757282708e-11 1
6 57 58 975.3640894750474 2.0851611266942135e-11 1
6 57 59 976.3758082250474 2.080138544706949e-11 1
6 57 60 976.3758082250474 2.0745978711045157e-11 1
6 57 61 977.6246485570774 2.068585599964501e-11 1
6 57 62 978.2891383031674 2.0621287280447957e-11 1
6 57 63 979.4150538305174 2.0552445141949216e-11 1
6 57 64 983.1262965062974 2.0480248789995575e-11 1
6 57 65 983.1262965062974 2.0404524010683544e-11 1
6 57 66 985.0142969945774 2.032630593691193e-11 1
6 57 67 985.7270045141074 2.02452669273457e-11 1
6 57 68 986.3775782445774 2.016239662265706e-11 1
6 57 69 986.1468043187974 2.0078130565728625e-11 1
6 57 70 986.1468043187974 1.999227832496595e-11 1
6 57 71 985.1139674047274 1.9905319391323423e-11 1
6 57 72 983.5171656469174 1.9818284302608948e-11 1
6 57 73 981.1685938695774 1.9730884895454555e-11 1
6 57 74 978.9266505101974 1.964354158648789e-11 1
6 57 75 978.9266505101974 1.9556342392062637e-11 1
6 57 76 980.4040064672274 1.9470186750969176e-11 1
6 57 77 979.7047266820774 1.938502667521068e-11 1
6 57 78 978.6137232641074 1.9301436631039005e-11 1
6 57 79 984.0030665258274 1.921887970069212e-11 1
6 57 80 984.0030665258274 1.9138538028456012e-11 1
6 57 81 986.2467799047274 1.9059647352308046e-11 1
6 57 82 989.3228297094174 1.8963906768507707e-11 1
6 57 83 991.5142359594174 1.888957456087118e-11 1
6 57 84 996.7171778539474 1.8817859623521877e-11 1
6 57 85 996.7171778539474 1.874880023527558e-11 1
6 57 86 997.9093165258274 1.8682509093811647e-11 1
6 57 87 998.5931544164474 1.861911277382051e-11 1
6 57 88 999.5705714086374 1.8558730611823738e-11 1
6 57 89 1000.4943384984774 1.8558730611823738e-11 1
6 57 90 1000.4943384984774 1.8437172779287678e-11 1
6 57 91 1001.6328883031674 1.8385227406938076e-11 1
6 58 24 957.5677027562974 2.386018331587628e-11 1
6 58 25 958.8739771703574 2.3564554038835564e-11 1
6 58 26 961.9267725805174 2.320291744451702e-11 1
6 58 27 965.5518946508274 2.279514694740835e-11 1
6 58 28 969.5705714086374 2.2368287455648365e-11 1
6 58 29 971.4101099828574 2.196721571016403e-11 1
6 58 30 974.7050928930174 2.1673768315776346e-11 1
6 58 31 976.6190333226974 2.14994500310011e-11 1
6 58 32 977.2373804906674 2.1394503475326868e-11 1
6 58 33 978.9203638891074 2.132976523913669e-11 1
6 58 34 979.4803004125474 2.128899671677164e-11 1
6 58 35 979.4803004125474 2.1266301563139222e-11 1
6 58 36 979.6340479711374 2.1236270030112594e-11 1
6 58 37 980.0315699437974 2.1207558428706692e-11 1
6 58 38 981.2815089086374 2.1180046880761307e-11 1
6 58 39 981.5238184789474 2.1153726352715395e-11 1
6 58 40 981.5238184789474 2.1128697223795288e-11 1
6 58 41 981.8714136937974 2.1128697223795288e-11 1
6 58 42 982.3970484594174 2.109971851373463e-11 1
6 58 43 982.9486231664474 2.107781288102103e-11 1
6 59 24 958.4900050023874 2.3491138131591726e-11 1
6 59 25 960.6340479711374 2.324284008382704e-11 1
6 59 26 963.0624537328574 2.294209550361443e-11 1
