2 55 104 979.9158290489606 1.2882203858808065e-10 1
2 55 105 1000.5175746544306 1.1898291960161562e-10 1
2 55 106 1024.0108607872407 1.292073155228986e-10 1
2 55 107 1016.9675868614606 1.6860563836846748e-10 1
2 56 79 959.5392421349006 1.1541024505989865e-10 1
2 56 80 959.5392421349006 1.168150609367819e-10 1
2 56 81 962.5254481895906 1.1811754666156431e-10 1
2 56 82 965.3332484825606 1.1931390892623914e-10 1
2 56 83 967.3314784630306 1.2039757164077744e-10 1
2 56 84 974.2474940880306 1.2136722787339685e-10 1
2 56 85 974.2474940880306 1.2222203215407405e-10 1
2 56 86 977.2607997520906 1.2296684860873398e-10 1
2 56 87 981.5907558067806 1.236041456871767e-10 1
2 56 88 986.4689906700606 1.241459056051941e-10 1
2 56 89 996.1494716270906 1.2459607990951078e-10 1
2 56 90 996.1494716270906 1.2497142635638727e-10 1
2 56 91 999.8135951622406 1.2527608223894353e-10 1
2 56 92 1002.9983485802106 1.255046323430792e-10 1
2 56 93 1006.2330287559906 1.2565546935426987e-10 1
2 56 94 1011.2153285606806 1.2576125813431524e-10 1
2 56 95 1011.2153285606806 1.2580806272237224e-10 1
2 56 96 1013.4281581505306 1.2581628801164767e-10 1
2 56 97 1015.6843837364606 1.2579696783469923e-10 1
2 56 98 1016.0596889122406 1.2575319259457552e-10 1
2 56 99 1017.0215419395906 1.2569882898176574e-10 1
2 56 100 1018.5318568809906 1.2585847129815094e-10 1
2 56 101 1020.0378993614606 1.2721117947159413e-10 1
2 56 102 1022.9281581505306 1.3160907972955489e-10 1
2 56 103 1025.8679164513107 1.3266557893416811e-10 1
2 56 104 1028.2678798302106 1.2326466278831854e-10 1
2 56 105 1032.6600307091207 1.1191935303456004e-10 1
2 57 32 975.9293178184906 9.201583040010145e-11 1
2 57 33 978.2061732872406 9.182292293909261e-11 1
2 57 34 976.9074672325606 9.157084843133458e-11 1
2 57 35 976.9074672325606 9.131010309773213e-11 1
2 57 36 974.6182826622406 9.095152438669302e-11 1
2 57 37 973.5642055138106 9.050216275248719e-11 1
2 57 38 976.4337123497406 8.999257653028161e-11 1
2 57 39 977.5927699669306 8.940074910865597e-11 1
2 57 40 977.5927699669306 8.875440789806736e-11 1
2 57 41 977.4199184044306 8.809793778098304e-11 1
2 57 42 976.8983729942806 8.743025867901864e-11 1
2 57 43 975.3467372520906 8.677949557269574e-11 1
2 57 44 978.4578822716206 8.61457856381387e-11 1
2 57 45 978.4578822716206 8.555248985611782e-11 1
2 57 46 980.1598476036506 8.497949291038863e-11 1
2 57 47 979.3563808067806 8.442986816498e-11 1
2 57 48 975.4548915489606 8.389477347311403e-11 1
2 57 49 978.1060145958406 8.339986258133116e-11 1
2 57 50 978.1060145958406 8.295100752508871e-11 1
2 57 51 980.5194057091206 8.257084932673986e-11 1
2 57 52 983.9531825645906 8.230237438203943e-11 1
2 57 53 986.8814052208406 8.219004679626044e-11 1
2 57 54 987.1165736778706 8.225021785492928e-11 1
2 57 55 987.1165736778706 8.248103061410713e-11 1
2 57 56 988.1763270958406 8.286349787163746e-11 1
2 57 57 988.0161098106806 8.339575712307654e-11 1
2 57 58 989.3186000450606 8.409560252077812e-11 1
2 57 59 990.3303187950606 8.494335617842267e-11 1
2 57 60 990.3303187950606 8.589661112039067e-11 1
2 57 61 991.5791591270906 8.693207703502966e-11 1
2 57 62 992.2436488731806 8.80408656386844e-11 1
2 57 63 993.3695644005306 8.920770188797063e-11 1
2 57 64 997.0808070763106 9.040999543286987e-11 1
2 57 65 997.0808070763106 9.164613603571849e-11 1
2 57 66 998.9688075645906 9.29003127095801e-11 1
2 57 67 999.6815150841206 9.421827231370469e-11 1
2 57 68 1000.3320888145906 9.559967235225166e-11 1
2 57 69 1000.1013148888106 9.704761672304198e-11 1
2 57 70 1000.1013148888106 9.859290964369992e-11 1
2 57 71 999.0684779747406 1.0016503104790974e-10 1
2 57 72 997.4716762169306 1.0170248723120288e-10 1
2 57 73 995.1231044395906 1.0318951926017026e-10 1
2 57 74 992.8811610802106 1.0463388053823188e-10 1
2 57 75 992.8811610802106 1.0605027078655042e-10 1
2 57 76 994.3585170372406 1.0741968723967701e-10 1
2 57 77 993.6592372520906 1.0873909082090025e-10 1
2 57 78 992.5682338341206 1.099953786252491e-10 1
2 57 79 997.9575770958406 1.1121172831614568e-10 1
2 57 80 997.9575770958406 1.1234170622069179e-10 1
2 57 81 1000.2012904747406 1.1340091437943332e-10 1
2 57 82 1003.2773402794306 1.1526542213216281e-10 1
2 57 83 1005.4687465294306 1.1612209333744519e-10 1
2 57 84 1010.6716884239606 1.1685318731439067e-10 1
2 57 85 1010.6716884239606 1.1746918575837317e-10 1
2 57 86 1011.8638270958406 1.179871113627607e-10 1
2 57 87 1012.5476649864606 1.1841679691381569e-10 1
2 57 88 1013.5250819786506 1.1875959861371993e-10 1
2 57 89 1014.4488490684906 1.1875959861371993e-10 1
2 57 90 1014.4488490684906 1.2076016845541137e-10 1
2 57 91 1015.5873988731806 1.2094279872147872e-10 1
2 58 24 971.5222133263106 9.849946768491547e-11 1
2 58 25 972.8284877403706 1.0069703659704535e-10 1
2 58 26 975.8812831505306 1.0160733099324526e-10 1
2 58 27 979.5064052208406 1.0079146073551636e-10 1
2 58 28 983.5250819786506 9.697546725219942e-11 1
2 58 29 985.3646205528706 9.196729661597941e-11 1
2 58 30 988.6596034630306 9.072648573170657e-11 1
2 58 31 990.5735438927106 9.106896836082203e-11 1
2 58 32 991.1918910606806 9.111471083729038e-11 1
2 58 33 992.8748744591206 9.107633546115684e-11 1
2 58 34 993.4348109825606 9.102261923935008e-11 1
2 58 35 993.4348109825606 9.119923740872158e-11 1
2 58 36 993.5885585411506 9.104979007532319e-11 1
2 58 37 993.9860805138106 9.08554016098168e-11 1
2 58 38 995.2360194786506 9.062792780023656e-11 1
2 58 39 995.4783290489606 9.037709295935868e-11 1
2 58 40 995.4783290489606 9.011543565098674e-11 1
2 58 41 995.8259242638106 8.944641247357811e-11 1
2 58 42 996.3515590294306 9.020182410396183e-11 1
2 58 43 996.9031337364606 8.901052259863635e-11 1
2 59 24 972.4445155724006 9.942954242019663e-11 1
2 59 25 974.5885585411506 1.0188492395087527e-10 1
2 59 26 977.0169643028706 1.0129407446047214e-10 1
