6 55 104 978.3104428771892 1.5948830593746977e-11 1
6 55 105 998.9121884826592 1.5515957230795964e-11 1
6 55 106 1022.4054746154692 1.5391139532506605e-11 1
6 55 107 1015.3622006896892 1.537143009935029e-11 1
6 56 79 957.9338559631292 1.9224198535674538e-11 1
6 56 80 957.9338559631292 1.9136398023699248e-11 1
6 56 81 960.9200620178192 1.9050903394055262e-11 1
6 56 82 963.7278623107892 1.8967817993001293e-11 1
6 56 83 965.7260922912592 1.888767451398516e-11 1
6 56 84 972.6421079162592 1.8810338331618962e-11 1
6 56 85 972.6421079162592 1.873598161632089e-11 1
6 56 86 975.6554135803192 1.8664827624221123e-11 1
6 56 87 979.9853696350092 1.8596995626555464e-11 1
6 56 88 984.8636044982892 1.8532434661406764e-11 1
6 56 89 994.5440854553192 1.8471394744736877e-11 1
6 56 90 994.5440854553192 1.8413750150456002e-11 1
6 56 91 998.2082089904692 1.835953363943053e-11 1
6 56 92 1001.3929624084392 1.8308789383961913e-11 1
6 56 93 1004.6276425842192 1.826142405662627e-11 1
6 56 94 1009.6099423889092 1.8217226313569886e-11 1
6 56 95 1009.6099423889092 1.8175988725707517e-11 1
6 56 96 1011.8227719787592 1.8137613248881056e-11 1
6 56 97 1014.0789975646892 1.8101826364244083e-11 1
6 56 98 1014.4543027404692 1.8060144434593378e-11 1
6 56 99 1015.4161557678192 1.80027735851613e-11 1
6 56 100 1016.9264707092192 1.79200698744298e-11 1
6 56 101 1018.4325131896892 1.7770977948788172e-11 1
6 56 102 1021.3227719787592 1.741711457506789e-11 1
6 56 103 1024.2625302795393 1.6764812720956176e-11 1
6 56 104 1026.6624936584392 1.6047177762356847e-11 1
6 56 105 1031.0546445373493 1.5558752118567038e-11 1
6 57 32 974.3239316467192 2.1578257337981045e-11 1
6 57 33 976.6007871154692 2.150449745694189e-11 1
6 57 34 975.3020810607892 2.145783283946e-11 1
6 57 35 975.3020810607892 2.142228225029523e-11 1
6 57 36 973.0128964904692 2.1388170124577808e-11 1
6 57 37 971.9588193420392 2.1355348534898063e-11 1
6 57 38 974.8283261779692 2.132438497095449e-11 1
6 57 39 975.9873837951592 2.1294870730530583e-11 1
6 57 40 975.9873837951592 2.1266808368320424e-11 1
6 57 41 975.8145322326592 2.124070358892106e-11 1
6 57 42 975.2929868225092 2.121614644603715e-11 1
6 57 43 973.7413510803192 2.119319629358966e-11 1
6 57 44 976.8524960998492 2.117209075845474e-11 1
6 57 45 976.8524960998492 2.11524383402279e-11 1
6 57 46 978.5544614318792 2.113421584946514e-11 1
6 57 47 977.7509946350092 2.111712353222825e-11 1
6 57 48 973.8495053771892 2.110081554842719e-11 1
6 57 49 976.5006284240692 2.108505049487258e-11 1
6 57 50 976.5006284240692 2.1069430000893793e-11 1
6 57 51 978.9140195373492 2.105305373956626e-11 1
6 57 52 982.3477963928192 2.1035800696031858e-11 1
6 57 53 985.2760190490692 2.101711131375225e-11 1
6 57 54 985.5111875060992 2.0995105759224197e-11 1
6 57 55 985.5111875060992 2.096823567679889e-11 1
6 57 56 986.5709409240692 2.093526639953873e-11 1
6 57 57 986.4107236389092 2.0896368757282708e-11 1
6 57 58 987.7132138732892 2.0851611266942135e-11 1
6 57 59 988.7249326232892 2.080138544706949e-11 1
6 57 60 988.7249326232892 2.0745978711045157e-11 1
6 57 61 989.9737729553192 2.068585599964501e-11 1
6 57 62 990.6382627014092 2.0621287280447957e-11 1
6 57 63 991.7641782287592 2.0552445141949216e-11 1
6 57 64 995.4754209045392 2.0480248789995575e-11 1
6 57 65 995.4754209045392 2.0404524010683544e-11 1
6 57 66 997.3634213928192 2.032630593691193e-11 1
6 57 67 998.0761289123492 2.02452669273457e-11 1
6 57 68 998.7267026428192 2.016239662265706e-11 1
6 57 69 998.4959287170392 2.0078130565728625e-11 1
6 57 70 998.4959287170392 1.999227832496595e-11 1
6 57 71 997.4630918029692 1.9905319391323423e-11 1
6 57 72 995.8662900451592 1.9818284302608948e-11 1
6 57 73 993.5177182678192 1.9730884895454555e-11 1
6 57 74 991.2757749084392 1.964354158648789e-11 1
6 57 75 991.2757749084392 1.9556342392062637e-11 1
6 57 76 992.7531308654692 1.9470186750969176e-11 1
6 57 77 992.0538510803192 1.938502667521068e-11 1
6 57 78 990.9628476623492 1.9301436631039005e-11 1
6 57 79 996.3521909240692 1.921887970069212e-11 1
6 57 80 996.3521909240692 1.9138538028456012e-11 1
6 57 81 998.5959043029692 1.9059647352308046e-11 1
6 57 82 1001.6719541076592 1.8963906768507707e-11 1
6 57 83 1003.8633603576592 1.888957456087118e-11 1
6 57 84 1009.0663022521892 1.8817859623521877e-11 1
6 57 85 1009.0663022521892 1.874880023527558e-11 1
6 57 86 1010.2584409240692 1.8682509093811647e-11 1
6 57 87 1010.9422788146892 1.861911277382051e-11 1
6 57 88 1011.9196958068792 1.8558730611823738e-11 1
6 57 89 1012.8434628967192 1.8558730611823738e-11 1
6 57 90 1012.8434628967192 1.8437172779287678e-11 1
6 57 91 1013.9820127014092 1.8385227406938076e-11 1
6 58 24 969.9168271545392 2.386018331587628e-11 1
6 58 25 971.2231015685992 2.3564554038835564e-11 1
6 58 26 974.2758969787592 2.320291744451702e-11 1
6 58 27 977.9010190490692 2.279514694740835e-11 1
6 58 28 981.9196958068792 2.2368287455648365e-11 1
6 58 29 983.7592343810992 2.196721571016403e-11 1
6 58 30 987.0542172912592 2.1673768315776346e-11 1
6 58 31 988.9681577209392 2.14994500310011e-11 1
6 58 32 989.5865048889092 2.1394503475326868e-11 1
6 58 33 991.2694882873492 2.132976523913669e-11 1
6 58 34 991.8294248107892 2.128899671677164e-11 1
6 58 35 991.8294248107892 2.1266301563139222e-11 1
6 58 36 991.9831723693792 2.1236270030112594e-11 1
6 58 37 992.3806943420392 2.1207558428706692e-11 1
6 58 38 993.6306333068792 2.1180046880761307e-11 1
6 58 39 993.8729428771892 2.1153726352715395e-11 1
6 58 40 993.8729428771892 2.1128697223795288e-11 1
6 58 41 994.2205380920392 2.1128697223795288e-11 1
6 58 42 994.7461728576592 2.109971851373463e-11 1
6 58 43 995.2977475646892 2.107781288102103e-11 1
6 59 24 970.8391294006292 2.3491138131591726e-11 1
6 59 25 972.9831723693792 2.324284008382704e-11 1
6 59 26 975.4115781310992 2.294209550361443e-11 1
