1 98 267 964.1063755264072 4.8906941504865306e-11 1
1 98 268 983.8256748428072 4.3456486766929615e-11 1
1 98 269 1006.1126621474972 3.4062214759519676e-11 1
1 98 270 1000.2756870498372 3.092874486475607e-11 1
1 99 206 942.8473423232772 6.799148611694095e-11 1
1 99 207 942.8473423232772 6.758101306040419e-11 1
1 99 208 942.8473423232772 6.718632950494957e-11 1
1 99 209 942.8473423232772 6.679622920841546e-11 1
1 99 210 945.8335483779672 6.328029709131783e-11 1
1 99 211 945.8335483779672 6.295788031823573e-11 1
1 99 212 945.8335483779672 6.263873235458784e-11 1
1 99 213 945.8335483779672 6.232616798646495e-11 1
1 99 214 948.6413486709372 5.944980704662133e-11 1
1 99 215 948.6413486709372 5.918669845663407e-11 1
1 99 216 948.6413486709372 5.892590849836615e-11 1
1 99 217 948.6413486709372 5.867678488530815e-11 1
1 99 218 948.6413486709372 5.844223071992524e-11 1
1 99 219 950.6395786514072 5.6564698627447024e-11 1
1 99 220 950.6395786514072 5.635385413136067e-11 1
1 99 221 950.6395786514072 5.6157326696400596e-11 1
1 99 222 950.6395786514072 5.596216523039147e-11 1
1 99 223 957.5555942764072 5.0866884051208334e-11 1
1 99 224 957.5555942764072 5.072473434318444e-11 1
1 99 225 957.5555942764072 5.0580801426161104e-11 1
1 99 226 957.5555942764072 5.0437683025645497e-11 1
1 99 227 960.5688999404672 4.846766115132367e-11 1
1 99 228 960.5688999404672 4.835159353838546e-11 1
1 99 229 960.5688999404672 4.823422191115009e-11 1
1 99 230 960.5688999404672 4.8118593102462326e-11 1
1 99 231 964.8988559951572 4.5642506623134726e-11 1
1 99 232 964.8988559951572 4.55491088010597e-11 1
1 99 233 964.8988559951572 4.5458649143616616e-11 1
1 99 234 964.8988559951572 4.537862904107814e-11 1
1 99 235 969.7770908584372 4.2925205699692524e-11 1
1 99 236 969.7770908584372 4.285168065521875e-11 1
1 99 237 969.7770908584372 4.27820400002041e-11 1
1 99 238 969.7770908584372 4.2717480977338646e-11 1
1 99 239 979.4575718154672 3.8662186389183496e-11 1
1 99 240 979.4575718154672 3.861246235739157e-11 1
1 99 241 979.4575718154672 3.8566333430652113e-11 1
1 99 242 979.4575718154672 3.85203145895527e-11 1
1 99 243 979.4575718154672 3.8475796103733485e-11 1
1 99 244 983.1216953506172 3.712985033347534e-11 1
1 99 245 983.1216953506172 3.709297484269809e-11 1
1 99 246 983.1216953506172 3.705617252499644e-11 1
1 99 247 983.1216953506172 3.702256317165426e-11 1
1 99 248 986.3064487685872 3.593351645967267e-11 1
1 99 249 986.3064487685872 3.590400482360898e-11 1
1 99 250 986.3064487685872 3.587501295264701e-11 1
1 99 251 986.3064487685872 3.585060932067136e-11 1
1 99 252 989.5411289443672 3.4817519407108756e-11 1
1 99 253 989.5411289443672 3.479530398812556e-11 1
1 99 254 989.5411289443672 3.4777238405312526e-11 1
1 99 255 989.5411289443672 3.47589224019589e-11 1
1 99 256 994.5234287490572 3.329968015231187e-11 1
1 99 257 994.5234287490572 3.3285196666624586e-11 1
1 99 258 994.5234287490572 3.3269884639758614e-11 1
1 99 259 996.7362583389072 3.264706959341344e-11 1
1 99 260 996.7362583389072 3.2624368922859955e-11 1
1 99 261 998.9924839248372 3.2017623149496786e-11 1
1 99 262 1000.3296421279672 3.168173820728337e-11 1
1 99 263 1001.4485386123372 3.144589631238691e-11 1
1 99 264 1003.3459995498372 3.104955916637985e-11 1
1 99 265 1006.2362583389072 3.0450099409905147e-11 1
1 99 266 1009.1760166396872 3.057403399537252e-11 1
1 99 267 1011.2386997451572 3.217619925519779e-11 1
1 99 268 1015.9681308974972 3.366183965939612e-11 1
1 100 43 959.0398472060872 6.854436677272719e-11 1
1 100 44 959.2374180068672 6.850447624413491e-11 1
1 100 45 959.2374180068672 6.870143136489279e-11 1
1 100 46 959.2374180068672 6.88995840395918e-11 1
1 100 47 959.2374180068672 6.910760703940534e-11 1
1 100 48 961.6810825576572 6.651078323728678e-11 1
1 100 49 961.6810825576572 6.671445195256589e-11 1
1 100 50 961.6810825576572 6.69209483838006e-11 1
1 100 51 961.6810825576572 6.714403857249278e-11 1
1 100 52 961.5142734756172 6.755842142171107e-11 1
1 100 53 961.5142734756172 6.778803187192255e-11 1
1 100 54 961.5142734756172 6.8037904748191e-11 1
1 100 55 961.5142734756172 6.828601573776704e-11 1
1 100 56 960.2155674209372 7.009571349012568e-11 1
1 100 57 960.2155674209372 7.03678032557876e-11 1
1 100 58 960.2155674209372 7.06537912777293e-11 1
1 100 59 960.2155674209372 7.09421134044149e-11 1
1 100 60 957.9263828506172 7.427275806923855e-11 1
1 100 61 957.9263828506172 7.46185999218983e-11 1
1 100 62 957.9263828506172 7.496767758076175e-11 1
1 100 63 957.9263828506172 7.532641957046839e-11 1
1 100 64 956.8723057021872 7.725544421135225e-11 1
1 100 65 956.8723057021872 7.765543756792599e-11 1
1 100 66 956.8723057021872 7.805959444663165e-11 1
1 100 67 956.8723057021872 7.847785571378178e-11 1
1 100 68 956.8723057021872 7.891400991976315e-11 1
1 100 69 959.7418125381172 7.508087589901125e-11 1
1 100 70 959.7418125381172 7.549325221754723e-11 1
1 100 71 959.7418125381172 7.591360400827674e-11 1
1 100 72 959.7418125381172 7.633866310688906e-11 1
1 100 73 960.9008701553072 7.510518234443423e-11 1
1 100 74 960.9008701553072 7.553714570606841e-11 1
1 100 75 960.9008701553072 7.596276853456032e-11 1
1 100 76 960.9008701553072 7.639321498492023e-11 1
1 100 77 960.7280185928072 7.70801059872965e-11 1
1 100 78 960.7280185928072 7.751297513805775e-11 1
1 100 79 960.7280185928072 7.795073358971023e-11 1
1 100 80 960.7280185928072 7.839873440501507e-11 1
1 100 81 960.2064731826572 7.964844994072344e-11 1
1 100 82 960.2064731826572 8.0093403689405e-11 1
1 100 83 960.2064731826572 8.054335680927316e-11 1
1 100 84 960.2064731826572 8.096978059621564e-11 1
1 100 85 958.6548374404672 8.405548360763689e-11 1
1 100 86 958.6548374404672 8.452063816616655e-11 1
1 100 87 958.6548374404672 8.497409111550446e-11 1
1 100 88 958.6548374404672 8.540957374773671e-11 1
1 100 89 961.7659824599972 8.047595468206967e-11 1
1 100 90 961.7659824599972 8.084904439747834e-11 1
1 100 91 961.7659824599972 8.11957298678944e-11 1
1 100 92 961.7659824599972 8.155828476652565e-11 1
1 100 93 961.7659824599972 8.192409194504288e-11 1
1 100 94 963.4679477920272 7.946852480776499e-11 1
1 100 95 963.4679477920272 7.978284657629973e-11 1
1 100 96 963.4679477920272 8.009966469172164e-11 1
1 100 97 963.4679477920272 8.039684307371705e-11 1
1 100 98 962.6644809951572 8.20125587232395e-11 1
1 100 99 962.6644809951572 8.231888373003668e-11 1
1 100 100 962.6644809951572 8.26255834731091e-11 1
1 100 101 962.6644809951572 8.291589475859291e-11 1
1 100 102 958.7629917373372 9.055783939542892e-11 1
1 100 103 958.7629917373372 9.088466884472106e-11 1
1 100 104 958.7629917373372 9.120738541496575e-11 1
1 100 105 958.7629917373372 9.153736096554437e-11 1
1 100 106 961.4141147842172 8.658908668191848e-11 1
1 100 107 961.4141147842172 8.683150063046412e-11 1
1 100 108 961.4141147842172 8.710128294969219e-11 1
1 100 109 961.4141147842172 8.738958056329494e-11 1
1 100 110 963.8275058974972 8.327440925349006e-11 1
1 100 111 963.8275058974972 8.353738071323227e-11 1
1 100 112 963.8275058974972 8.380201830454626e-11 1
1 100 113 963.8275058974972 8.404021903051861e-11 1
1 100 114 967.2612827529672 7.860603359699476e-11 1
1 100 115 967.2612827529672 7.883982188749822e-11 1
1 100 116 967.2612827529672 7.90697503503915e-11 1
1 100 117 967.2612827529672 7.928277285770468e-11 1
1 100 118 967.2612827529672 7.94964037538366e-11 1
1 100 119 970.1895054092172 7.531159634229326e-11 1
1 100 120 970.1895054092172 7.549407318116918e-11 1
1 100 121 970.1895054092172 7.562338552659971e-11 1
1 100 122 970.1895054092172 7.575314162538347e-11 1
1 100 123 970.4246738662472 7.554608353529213e-11 1
1 100 124 970.4246738662472 7.561825047385237e-11 1
1 100 125 970.4246738662472 7.566804281735525e-11 1
1 100 126 970.4246738662472 7.571790077758586e-11 1
1 100 127 971.4844272842172 7.424552931143888e-11 1
1 100 128 971.4844272842172 7.420839059865878e-11 1
1 100 129 971.4844272842172 7.416586300263366e-11 1
1 100 130 971.4844272842172 7.411553243190533e-11 1
1 100 131 971.3242099990572 7.420962035123519e-11 1
1 100 132 971.3242099990572 7.408346069410014e-11 1
1 100 133 971.3242099990572 7.39644975572194e-11 1
1 100 134 971.3242099990572 7.377929020787861e-11 1
1 100 135 972.6267002334372 7.185075071893272e-11 1
1 100 136 972.6267002334372 7.165593838388446e-11 1
1 100 137 972.6267002334372 7.143955026998927e-11 1
1 100 138 972.6267002334372 7.117633872169443e-11 1
1 100 139 973.6384189834372 6.966266105065072e-11 1
1 100 140 973.6384189834372 6.940478816638812e-11 1
1 100 141 973.6384189834372 6.910121189946142e-11 1
1 100 142 973.6384189834372 6.879637420286781e-11 1
1 100 143 973.6384189834372 6.84942142561763e-11 1
1 100 144 974.8872593154672 6.674073947105122e-11 1
1 100 145 974.8872593154672 6.641428479765533e-11 1
1 100 146 974.8872593154672 6.609166350313602e-11 1
1 100 147 974.8872593154672 6.575849278680242e-11 1
1 100 148 975.5517490615572 6.470321678114304e-11 1
1 100 149 975.5517490615572 6.436215552065606e-11 1
1 100 150 975.5517490615572 6.402589132913967e-11 1
1 100 151 975.5517490615572 6.36668477422405e-11 1
1 100 152 976.6776645889072 6.219991213345254e-11 1
1 100 153 976.6776645889072 6.185766319743543e-11 1
1 100 154 976.6776645889072 6.150275968844064e-11 1
1 100 155 976.6776645889072 6.114680295695648e-11 1
1 100 156 980.3889072646872 5.7549911983723327e-11 1
1 100 157 980.3889072646872 5.723906054407604e-11 1
1 100 158 980.3889072646872 5.691981258336112e-11 1
1 100 159 980.3889072646872 5.660207871743477e-11 1
1 100 160 982.2769077529672 5.483023384741365e-11 1
1 100 161 982.2769077529672 5.452594765498656e-11 1
1 100 162 982.2769077529672 5.4225020160044466e-11 1
1 100 163 982.2769077529672 5.3929148595708756e-11 1
1 100 164 982.9896152724972 5.3120309710222745e-11 1
1 100 165 982.9896152724972 5.282504928840589e-11 1
1 100 166 982.9896152724972 5.253305303531256e-11 1
1 100 167 982.9896152724972 5.223813974075118e-11 1
1 100 168 982.9896152724972 5.194034176823299e-11 1
1 100 169 983.6401890029672 5.121657452656975e-11 1
1 100 170 983.6401890029672 5.0930107250124065e-11 1
1 100 171 983.6401890029672 5.063708279476507e-11 1
1 100 172 983.6401890029672 5.0347410861150985e-11 1
1 100 173 983.4094150771872 5.020509192425617e-11 1
1 100 174 983.4094150771872 4.991461366948326e-11 1
1 100 175 983.4094150771872 4.96262815818924e-11 1
1 100 176 983.4094150771872 4.9341565206388484e-11 1
1 100 177 982.3765781631172 4.9691488087279476e-11 1
1 100 178 982.3765781631172 4.940632685502163e-11 1
1 100 179 982.3765781631172 4.912345596225732e-11 1
1 100 180 982.3765781631172 4.8844057995636324e-11 1
1 100 181 980.7797764053072 4.95305885388594e-11 1
1 100 182 980.7797764053072 4.9249028218637044e-11 1
1 100 183 980.7797764053072 4.897182132180316e-11 1
1 100 184 980.7797764053072 4.869941745230448e-11 1
1 100 185 978.4312046279672 4.984763686742935e-11 1
1 100 186 978.4312046279672 4.9565792562912166e-11 1
1 100 187 978.4312046279672 4.92887234840683e-11 1
1 100 188 978.4312046279672 4.901566074917225e-11 1
1 100 189 976.1892612685872 5.011480464004593e-11 1
1 100 190 976.1892612685872 4.983299621419791e-11 1
1 100 191 976.1892612685872 4.955713923597607e-11 1
1 100 192 976.1892612685872 4.9284204591700516e-11 1
1 100 193 976.1892612685872 4.9014259841448525e-11 1
1 100 194 977.6666172256172 4.7888513836242554e-11 1
1 100 195 977.6666172256172 4.76376845456289e-11 1
1 100 196 977.6666172256172 4.738946913916667e-11 1
1 100 197 977.6666172256172 4.714646119589936e-11 1
1 100 198 976.9673374404672 4.729683549884215e-11 1
1 100 199 976.9673374404672 4.7057623480898776e-11 1
1 100 200 976.9673374404672 4.6821422073693016e-11 1
1 100 201 976.9673374404672 4.6593342247580755e-11 1
1 100 202 975.8763340224972 4.696138345201156e-11 1
1 100 203 975.8763340224972 4.673259686581323e-11 1
1 100 204 975.8763340224972 4.651257275203462e-11 1
1 100 205 975.8763340224972 4.6295361693725957e-11 1
1 100 206 981.2656772842172 4.338649903690421e-11 1
1 100 207 981.2656772842172 4.320049212514964e-11 1
1 100 208 981.2656772842172 4.3020124731551895e-11 1
1 100 209 981.2656772842172 4.284125718821226e-11 1
1 100 210 983.5093906631172 4.166888669847169e-11 1
1 100 211 983.5093906631172 4.150993606015943e-11 1
1 100 212 983.5093906631172 4.135094942436403e-11 1
1 100 213 983.5093906631172 4.119317600689659e-11 1
1 100 214 986.5854404678072 3.994039656396602e-11 1
1 100 215 986.5854404678072 3.994039656396602e-11 1
1 100 216 986.5854404678072 3.927681657374407e-11 1
1 100 217 986.5854404678072 3.927681657374407e-11 1
1 100 218 986.5854404678072 3.927681657374407e-11 1
1 100 219 988.7768467178072 3.8051155626186356e-11 1
1 100 220 988.7768467178072 3.8051155626186356e-11 1
1 100 221 988.7768467178072 3.8051155626186356e-11 1
1 100 222 988.7768467178072 3.768583141318065e-11 1
1 100 223 993.9797886123372 3.592482187239519e-11 1
1 100 224 993.9797886123372 3.592482187239519e-11 1
1 100 225 993.9797886123372 3.562153424365739e-11 1
1 100 226 993.9797886123372 3.562153424365739e-11 1
1 100 227 995.1719272842172 3.524733262411194e-11 1
1 100 228 995.1719272842172 3.524733262411194e-11 1
1 100 229 995.1719272842172 3.4976727901912105e-11 1
1 100 230 995.1719272842172 3.4976727901912105e-11 1
1 100 231 995.8557651748372 3.476882413827276e-11 1
1 100 232 995.8557651748372 3.452663122475002e-11 1
1 100 233 995.8557651748372 3.452663122475002e-11 1
1 100 234 995.8557651748372 3.452663122475002e-11 1
1 100 235 996.8331821670272 3.402314795106338e-11 1
1 100 236 996.8331821670272 3.402314795106338e-11 1
1 100 237 996.8331821670272 3.402314795106338e-11 1
1 100 238 996.8331821670272 3.402314795106338e-11 1
1 100 239 997.7569492568672 3.375789977402536e-11 1
1 100 240 997.7569492568672 3.375789977402536e-11 1
1 100 241 997.7569492568672 3.375789977402536e-11 1
1 100 242 997.7569492568672 3.375789977402536e-11 1
1 100 243 997.7569492568672 3.3301202199011177e-11 1
1 100 244 998.8954990615572 3.2988511706503137e-11 1
1 100 245 998.8954990615572 3.2850075914672475e-11 1
1 100 246 998.8954990615572 3.2850075914672475e-11 1
1 101 24 954.8303135146872 4.770294088069093e-11 1
1 101 25 956.1365879287472 4.7344283215779755e-11 1
1 101 26 959.1893833389072 4.693193993227221e-11 1
1 101 27 962.8145054092172 4.749434680231474e-11 1
1 101 28 966.8331821670272 4.969114222100192e-11 1
1 101 29 968.4033725967172 5.384963390702791e-11 1
1 101 30 970.2834995498372 5.538317776326991e-11 1
1 101 31 971.9677036514072 5.553993076542046e-11 1
1 101 32 972.2172764053072 5.612846436270707e-11 1
1 101 33 972.6451328506172 5.626699976112709e-11 1
1 101 34 972.9823520889072 5.632747777068023e-11 1
1 101 35 973.8816440810872 5.5847079847497745e-11 1
1 101 36 973.8816440810872 5.6001897636914115e-11 1
1 101 37 973.8816440810872 5.612980306535098e-11 1
1 101 38 973.8816440810872 5.626291665505752e-11 1
1 101 39 974.2591465224972 5.609808277698206e-11 1
1 101 40 974.2591465224972 5.6229845169775005e-11 1
1 101 41 974.2591465224972 5.636938272411935e-11 1
1 101 42 974.2591465224972 5.6509614542050593e-11 1
1 101 43 974.2591465224972 5.665018550477066e-11 1
1 101 44 974.4999912490572 5.660032165093942e-11 1
1 101 45 974.4999912490572 5.674533213382669e-11 1
1 101 46 974.4999912490572 5.689108756133342e-11 1
1 101 47 974.4999912490572 5.703749188853937e-11 1
1 101 48 974.7282627334372 5.6999507326762085e-11 1
1 101 49 974.7282627334372 5.7147798985093126e-11 1
1 101 50 974.7282627334372 5.729667939811803e-11 1
1 101 51 974.7282627334372 5.744498287864094e-11 1
1 101 52 976.1829746474972 5.641322999342973e-11 1
1 101 53 976.1829746474972 5.655776539025512e-11 1
1 101 54 976.1829746474972 5.6705248647512583e-11 1
1 101 55 976.1829746474972 5.6854201017321373e-11 1
1 101 56 976.7429111709372 5.655226621499648e-11 1
1 101 57 976.7429111709372 5.670108853566766e-11 1
1 101 58 976.7429111709372 5.666307277161434e-11 1
1 101 59 976.7429111709372 5.666307277161434e-11 1
1 101 60 976.8966587295272 5.692777965502576e-11 1
1 101 61 976.8966587295272 5.692777965502576e-11 1
1 101 62 976.8966587295272 5.747914784637585e-11 1
1 101 63 976.8966587295272 5.747914784637585e-11 1
1 101 64 977.2941807021872 5.7152674278766526e-11 1
1 101 65 977.2941807021872 5.7725914651333224e-11 1
1 101 66 977.2941807021872 5.7725914651333224e-11 1
1 101 67 977.2941807021872 5.7725914651333224e-11 1
1 101 68 977.2941807021872 5.7725914651333224e-11 1
1 101 69 978.5441196670272 5.727464756113134e-11 1
1 101 70 978.5441196670272 5.727464756113134e-11 1
1 101 71 978.5441196670272 5.727464756113134e-11 1
1 101 72 978.5441196670272 5.7857040070695855e-11 1
1 101 73 978.7864292373372 5.7654969283703856e-11 1
1 101 74 978.7864292373372 5.7654969283703856e-11 1
1 101 75 978.7864292373372 5.823160247974893e-11 1
1 101 76 978.7864292373372 5.823160247974893e-11 1
1 101 77 979.1340244521872 5.793841921190034e-11 1
1 101 78 979.1340244521872 5.793841921190034e-11 1
1 101 79 979.1340244521872 5.850107074027135e-11 1
1 101 80 979.1340244521872 5.850107074027135e-11 1
1 101 81 979.6596592178072 5.8054771828346127e-11 1
1 101 82 979.6596592178072 5.8054771828346127e-11 1
1 101 83 979.6596592178072 5.8054771828346127e-11 1
1 101 84 979.6596592178072 5.8054771828346127e-11 1
1 101 85 980.2112339248372 5.759371193653503e-11 1
1 101 86 980.2112339248372 5.887198559102295e-11 1
1 102 24 955.7526157607772 4.592504244857009e-11 1
1 102 25 957.8966587295272 4.520718696043973e-11 1
1 102 26 960.3250644912472 4.544323028587353e-11 1
