5 55 104 993.1499740290765 1.8372260423062438e-11 1
5 55 105 1013.7517196345465 1.984564033334244e-11 1
5 55 106 1037.2450057673566 2.0534329000000472e-11 1
5 55 107 1030.2017318415765 2.1952718715721555e-11 1
5 56 79 972.7733871150165 1.0020482248458632e-11 1
5 56 80 972.7733871150165 1.0185222143759698e-11 1
5 56 81 975.7595931697065 1.0353140904696391e-11 1
5 56 82 978.5673934626765 1.0522515991026294e-11 1
5 56 83 980.5656234431465 1.0694181001144625e-11 1
5 56 84 987.4816390681465 1.0865354169971832e-11 1
5 56 85 987.4816390681465 1.1035238596841421e-11 1
5 56 86 990.4949447322065 1.1204755074438205e-11 1
5 56 87 994.8249007868965 1.1373548368175522e-11 1
5 56 88 999.7031356501765 1.1537502226478173e-11 1
5 56 89 1009.3836166072065 1.1700128936264492e-11 1
5 56 90 1009.3836166072065 1.1856838229305778e-11 1
5 56 91 1013.0477401423565 1.2007093911450899e-11 1
5 56 92 1016.2324935603265 1.2152843435368535e-11 1
5 56 93 1019.4671737361065 1.2293584026110095e-11 1
5 56 94 1024.4494735407966 1.2424095230033501e-11 1
5 56 95 1024.4494735407966 1.2547428946740697e-11 1
5 56 96 1026.6623031306465 1.2660942093321015e-11 1
5 56 97 1028.9185287165765 1.2763950635535481e-11 1
5 56 98 1029.2938338923566 1.2878388617573299e-11 1
5 56 99 1030.2556869197065 1.301949906705244e-11 1
5 56 100 1031.7660018611066 1.3180530586286235e-11 1
5 56 101 1033.2720443415765 1.3389455824813566e-11 1
5 56 102 1036.1623031306465 1.3870949959786778e-11 1
5 56 103 1039.1020614314266 1.5018946707444842e-11 1
5 56 104 1041.5020248103265 1.6887979529096187e-11 1
5 56 105 1045.8941756892366 1.8809833717694135e-11 1
5 57 32 989.1634627986065 7.8472769779528e-12 1
5 57 33 991.4403182673565 7.821272425048337e-12 1
5 57 34 990.1416122126765 7.803611380741793e-12 1
5 57 35 990.1416122126765 7.788621829192087e-12 1
5 57 36 987.8524276423565 7.774795363989072e-12 1
5 57 37 986.7983504939265 7.762247519389707e-12 1
5 57 38 989.6678573298565 7.750460664094542e-12 1
5 57 39 990.8269149470465 7.740740118502473e-12 1
5 57 40 990.8269149470465 7.733223591696811e-12 1
5 57 41 990.6540633845465 7.728125194439856e-12 1
5 57 42 990.1325179743965 7.725877146482185e-12 1
5 57 43 988.5808822322065 7.726624841508825e-12 1
5 57 44 991.6920272517365 7.730485541544824e-12 1
5 57 45 991.6920272517365 7.737288156448678e-12 1
5 57 46 993.3939925837665 7.746901412735656e-12 1
5 57 47 992.5905257868965 7.758982341305278e-12 1
5 57 48 988.6890365290765 7.772444028004332e-12 1
5 57 49 991.3401595759565 7.78672084418307e-12 1
5 57 50 991.3401595759565 7.801008390035311e-12 1
5 57 51 993.7535506892365 7.807792136805232e-12 1
5 57 52 997.1873275447065 7.807152769620161e-12 1
5 57 53 1000.1155502009565 7.796061218945337e-12 1
5 57 54 1000.3507186579865 7.780712697657719e-12 1
5 57 55 1000.3507186579865 7.766759978827352e-12 1
5 57 56 1001.4104720759565 7.759315550083503e-12 1
5 57 57 1001.2502547907965 7.759542560253826e-12 1
5 57 58 1002.5527450251765 7.764996934507424e-12 1
5 57 59 1003.5644637751765 7.777195682073385e-12 1
5 57 60 1003.5644637751765 7.798966588574049e-12 1
5 57 61 1004.8133041072065 7.830003961627755e-12 1
5 57 62 1005.4777938532965 7.869520549271755e-12 1
5 57 63 1006.6037093806465 7.9178651297985e-12 1
5 57 64 1010.3149520564265 7.97623937063418e-12 1
5 57 65 1010.3149520564265 8.042308394204849e-12 1
5 57 66 1012.2029525447065 8.117713333465624e-12 1
5 57 67 1012.9156600642365 8.198703340563599e-12 1
5 57 68 1013.5662337947065 8.28666041135295e-12 1
5 57 69 1013.3354598689265 8.381083078369089e-12 1
5 57 70 1013.3354598689265 8.479668990358088e-12 1
5 57 71 1012.3026229548565 8.58414941860395e-12 1
5 57 72 1010.7058211970465 8.697732697749533e-12 1
5 57 73 1008.3572494197065 8.820792449625822e-12 1
5 57 74 1006.1153060603265 8.95308115971634e-12 1
5 57 75 1006.1153060603265 9.093510260538158e-12 1
5 57 76 1007.5926620173565 9.242046320070433e-12 1
5 57 77 1006.8933822322065 9.398156501977538e-12 1
5 57 78 1005.8023788142365 9.561624981948835e-12 1
5 57 79 1011.1917220759565 9.72985786534169e-12 1
5 57 80 1011.1917220759565 9.90507834198931e-12 1
5 57 81 1013.4354354548565 1.0085024307856674e-11 1
5 57 82 1016.5114852595465 1.031207171371261e-11 1
5 57 83 1018.7028915095465 1.0502547271559205e-11 1
5 57 84 1023.9058334040765 1.0698480017892103e-11 1
5 57 85 1023.9058334040765 1.089843581104603e-11 1
5 57 86 1025.0979720759565 1.1100477820555986e-11 1
5 57 87 1025.7818099665765 1.1302788875541652e-11 1
5 57 88 1026.7592269587665 1.1504497016179679e-11 1
5 57 89 1027.6829940486066 1.1504497016179679e-11 1
5 57 90 1027.6829940486066 1.1832924223316503e-11 1
5 57 91 1028.8215438532966 1.2014890279977605e-11 1
5 58 24 984.7563583064265 8.396055338460146e-12 1
5 58 25 986.0626327204865 8.366170373170636e-12 1
5 58 26 989.1154281306465 8.333350066139275e-12 1
5 58 27 992.7405502009565 8.254824535017892e-12 1
5 58 28 996.7592269587665 8.131890057293443e-12 1
5 58 29 998.5987655329865 8.016367056711579e-12 1
5 58 30 1001.8937484431465 7.936908412684573e-12 1
5 58 31 1003.8076888728265 7.863167216582545e-12 1
5 58 32 1004.4260360407965 7.805218345762342e-12 1
5 58 33 1006.1090194392365 7.765220841284987e-12 1
5 58 34 1006.6689559626765 7.738672714637476e-12 1
5 58 35 1006.6689559626765 7.693197138763542e-12 1
5 58 36 1006.8227035212665 7.67371265145107e-12 1
5 58 37 1007.2202254939265 7.655207295435164e-12 1
5 58 38 1008.4701644587665 7.637814500729356e-12 1
5 58 39 1008.7124740290765 7.621586198434921e-12 1
5 58 40 1008.7124740290765 7.606658147246865e-12 1
5 58 41 1009.0600692439265 7.606658147246865e-12 1
5 58 42 1009.5857040095465 7.571453163070964e-12 1
5 58 43 1010.1372787165765 7.562580596769575e-12 1
5 59 24 985.6786605525165 8.783002766800983e-12 1
5 59 25 987.8227035212665 8.698866649278383e-12 1
5 59 26 990.2511092829865 8.682438385237923e-12 1
