5 18 26 1059.69134521484 5.123673745237305e-11
5 19 16 982.92456054688 1.8452066622452864e-11
5 19 17 990.80285644531 1.822212665623587e-11
5 19 18 998.23193359375 1.844791132351748e-11
5 19 19 1009.52856445313 1.9714568198999495e-11
5 19 20 1014.11340332031 2.2043166672146607e-11
5 19 21 1033.73571777344 2.5050796088531297e-11
5 19 22 1062.70794677734 2.7867658106379797e-11
5 19 23 1074.61535644531 2.952128218654875e-11
5 19 24 1078.61413574219 3.081610773600034e-11
5 20 10 1028.35198974609 1.908700641320647e-11
5 20 11 1034.4900512695299 1.9163195685369383e-11
