1 113 272 1003.9601230414087 1.527067235830073e-11 1
1 113 273 994.483712385862 1.5618640525435177e-11 1
1 113 274 979.6060188931117 1.7671837150601038e-11 1
1 114 266 978.4375014250681 2.111102719650229e-11 1
1 114 267 984.5634474277645 2.108147879603878e-11 1
1 114 268 991.6585352834022 2.0636284286491045e-11 1
1 114 269 1006.9062839641049 1.8305580023115162e-11 1
1 114 270 1011.5134365183944 1.737847094233314e-11 1
1 114 271 1012.8992147361458 1.6322740893232148e-11 1
1 114 272 1011.3534154678055 1.5342754599044593e-11 1
1 114 273 1006.9341173223005 1.524453690386873e-11 1
1 114 274 995.5530614530547 1.6692612035736417e-11 1
1 115 260 1003.5888742451228 1.5780288829238933e-11 1
1 115 261 1004.917781385026 1.5634256893169114e-11 1
1 115 262 1006.3201974706195 1.5446114925966355e-11 1
1 115 263 1008.447057592318 1.5204321712639698e-11 1
1 115 264 1009.264548533103 1.5267856492501733e-11 1
1 115 265 1009.9336719975475 1.5588618678393065e-11 1
1 115 266 1005.8747622291772 1.6793146925052934e-11 1
1 115 267 1013.236675585124 1.6578060933410055e-11 1
1 115 268 1014.2897674627208 1.7161729395985733e-11 1
1 115 269 1017.2133916364381 1.718289347125047e-11 1
1 116 199 949.9861722934005 3.242906177652327e-11 1
1 116 200 950.4438914233008 3.199457742915531e-11 1
1 116 201 950.9069321460405 3.1578298807516606e-11 1
1 116 202 951.482241326458 3.111911614282981e-11 1
1 116 203 952.0690908435437 3.0667590606836545e-11 1
1 116 204 952.6559403606452 3.0232773787751905e-11 1
1 116 205 953.2427898777403 2.981615783437879e-11 1
1 116 206 954.0199028392836 2.932880870449494e-11 1
1 116 207 954.8492180455755 2.8837978765681104e-11 1
1 116 208 955.6785332518447 2.8370116747799072e-11 1
1 116 209 956.5078484581783 2.7917193381158972e-11 1
1 116 210 957.2906200716607 2.749737128363755e-11 1
1 116 211 958.0445688180529 2.71063192246291e-11 1
1 116 212 958.7985175644864 2.6727898491408278e-11 1
1 116 213 959.5524663108788 2.6360245806550815e-11 1
1 116 214 960.3140547004194 2.6005604754111023e-11 1
1 116 215 961.08496441553 2.56603862767172e-11 1
1 116 216 961.8558741306585 2.5323172689758146e-11 1
1 116 217 962.6267838457692 2.4995178067284502e-11 1
1 116 218 963.5546663564992 2.4636502802314092e-11 1
1 116 219 964.8796900403588 2.4169391163917793e-11 1
1 116 220 966.2047137241159 2.3719662941252543e-11 1
1 116 221 967.5297374077855 2.3290772985282213e-11 1
1 116 222 968.7457080077609 2.2907411929437303e-11 1
1 116 223 969.5453203844686 2.264299088113359e-11 1
1 116 224 970.3019026215314 2.23995949344653e-11 1
1 116 225 971.0584848585854 2.21632068508871e-11 1
1 116 226 971.8874676514122 2.1913525915354642e-11 1
1 116 227 973.0866787731295 2.1583052917582357e-11 1
1 116 228 974.3859636742507 2.1244260916107135e-11 1
1 116 229 975.6852485754725 2.0915940662830555e-11 1
1 116 230 977.0510285497651 2.0584407692416372e-11 1
1 116 231 978.9731546272096 2.0153454252893534e-11 1
1 116 232 981.1540906012067 1.968925100067523e-11 1
1 116 233 983.335026575087 1.924590465285937e-11 1
1 116 234 985.4964880018207 1.8827348989102906e-11 1
1 116 235 987.0275990737654 1.8536275325827868e-11 1
1 116 236 988.1197668192299 1.8327016422978928e-11 1
1 116 237 989.2119345647527 1.8122562434075056e-11 1
1 116 238 990.3041023102463 1.792533403959184e-11 1
1 116 239 991.1468518703487 1.777165228903672e-11 1
1 116 240 991.7129372300802 1.7664188760586238e-11 1
1 116 241 992.2693873598259 1.756121488394926e-11 1
1 116 242 992.8258374895863 1.7459855235635992e-11 1
1 116 243 993.4635733888324 1.7347543145771484e-11 1
1 116 244 994.2590104662908 1.7215065477683738e-11 1
1 116 245 995.0655850853549 1.7083823270513358e-11 1
1 116 246 995.8721597043977 1.695424028277286e-11 1
1 116 247 996.7372504740554 1.6818473923451395e-11 1
1 116 248 997.8377651241872 1.665488296041666e-11 1
1 116 249 998.9609225221734 1.649079723219929e-11 1
1 116 250 1000.084079920219 1.6329913142160383e-11 1
1 116 251 1001.1635812021561 1.6179248624967386e-11 1
1 116 252 1001.4154116517092 1.6138968823483937e-11 1
1 116 253 1001.5715360504021 1.6111393415450842e-11 1
1 116 254 1001.7276604490988 1.6085315382393596e-11 1
1 116 255 1001.8837848477917 1.6058683491709954e-11 1
1 116 256 1002.0536860015469 1.6027051911879606e-11 1
1 116 257 1002.2902476617401 1.5986855351698396e-11 1
1 116 258 1002.7142161924992 1.5925610996759116e-11 1
1 116 259 1003.9870788251379 1.5766326556297357e-11 1
1 116 260 1005.1541029746074 1.5641070470506007e-11 1
1 116 261 1006.6690307045445 1.549318240727905e-11 1
1 116 262 1008.0776737556898 1.5376991631912878e-11 1
1 116 263 1010.6870557844701 1.5153641872140385e-11 1
1 117 121 958.7452651391391 4.9668072594613284e-11 1
1 117 122 958.7282808161943 4.968695712308476e-11 1
1 117 123 958.4897027692641 4.998094874841643e-11 1
1 117 124 958.2267192878487 5.027695986523798e-11 1
1 117 125 957.9637358064127 5.052296793573872e-11 1
1 117 126 957.7232400354718 5.0742428169295505e-11 1
1 117 127 957.5896863175718 5.082804243048331e-11 1
1 117 128 957.4848941881239 5.079916747823264e-11 1
1 117 129 957.3801020586903 5.076252797450562e-11 1
1 117 130 957.3300461166076 5.065561749478072e-11 1
1 117 131 957.7233594904135 4.994602375879247e-11 1
1 117 132 958.3155427781289 4.898810695693489e-11 1
1 117 133 958.9077260658332 4.8065937431280716e-11 1
1 117 134 959.4912459451688 4.716571492267038e-11 1
1 117 135 959.7390859490499 4.6626319117659113e-11 1
1 117 136 959.7674169184295 4.633354969183298e-11 1
1 117 137 959.7957478878093 4.605028898126401e-11 1
1 117 138 959.8240788571901 4.572598303065084e-11 1
1 117 139 959.8263665365504 4.542792032738174e-11 1
1 117 140 959.800653687875 4.516225557994178e-11 1
1 117 141 959.7740899987093 4.4882438820292256e-11 1
1 117 142 959.7475263095444 4.459189670677626e-11 1
1 117 143 960.1050481372636 4.393111219168705e-11 1
1 117 144 961.2061856753542 4.259512488403916e-11 1
1 117 145 962.3499305842305 4.128812022398996e-11 1
1 117 146 963.4936754931732 4.0058936899623496e-11 1
1 117 147 964.6381757065059 3.890543777472317e-11 1
1 117 148 965.7858220693207 3.780009698615696e-11 1
1 117 149 966.9337076223039 3.675187207731702e-11 1
1 117 150 968.0815931753098 3.576021462908466e-11 1
1 117 151 969.2006667812786 3.483010098514661e-11 1
1 117 152 969.6334610851203 3.434408665604347e-11 1
1 117 153 970.0044299865029 3.390725996622958e-11 1
1 117 154 970.3753988878567 3.3477954449167123e-11 1
1 117 155 970.7463677892144 3.305094785278105e-11 1
1 117 156 971.3350970663204 3.25194899547082e-11 1
1 117 157 971.9815835756729 3.197467628636183e-11 1
1 117 158 972.6280700850436 3.1435595387068873e-11 1
1 117 159 973.2745565944083 3.091518627822446e-11 1
1 117 160 973.696576843957 3.051588399207573e-11 1
1 117 161 973.982897036462 3.018204338851951e-11 1
1 117 162 974.2692172289587 2.985288881084051e-11 1
1 117 163 974.5555374214777 2.953083606744435e-11 1
1 117 164 974.6025269344042 2.931630173628652e-11 1
1 117 165 974.3641034629509 2.92232318012824e-11 1
1 117 166 974.125679991484 2.9130750931082666e-11 1
1 117 167 973.8872565200307 2.9040705521592226e-11 1
1 117 168 973.5449871433049 2.899389998593031e-11 1
1 117 169 972.9471753918249 2.9053124747787688e-11 1
1 117 170 972.3493636403621 2.9112591957316266e-11 1
1 117 171 971.7515518888529 2.9173757403909926e-11 1
1 117 172 971.1453173996538 2.9237748967606716e-11 1
1 117 173 970.5084790994562 2.931511989102231e-11 1
1 117 174 969.8683703829954 2.939450908602815e-11 1
1 117 175 969.2282616666204 2.947465045946548e-11 1
1 117 176 968.6329847690246 2.953566242978304e-11 1
1 117 177 968.2584629622742 2.950106773943656e-11 1
1 117 178 967.9435109555662 2.9440782060143304e-11 1
1 117 179 967.628558948865 2.938056120670557e-11 1
1 117 180 967.2996435434321 2.932658958615709e-11 1
1 117 181 966.8559777617295 2.932288761640734e-11 1
1 117 182 966.359856538039 2.9342082916185336e-11 1
1 117 183 965.863735314343 2.9361334365272907e-11 1
1 117 184 965.3764113910792 2.937782897970545e-11 1
1 117 185 965.1978774936124 2.92628186856445e-11 1
1 117 186 965.2278465586201 2.9060396770912757e-11 1
1 117 187 965.2578156236273 2.8861322664313873e-11 1
1 117 188 965.2877846886352 2.8668447266021645e-11 1
1 117 189 965.3319646718946 2.8471783878271906e-11 1
1 117 190 965.391654478527 2.8271600567852756e-11 1
1 117 191 965.4518533211959 2.8077127391249668e-11 1
1 117 192 965.5120521638601 2.7886552248663336e-11 1
1 117 193 965.6468881573073 2.7670027742344904e-11 1
1 117 194 965.9262892136113 2.7405145207641156e-11 1
1 117 195 966.2149578704647 2.7144450738938836e-11 1
1 117 196 966.503626527326 2.6888236903177324e-11 1
1 117 197 966.9681374703962 2.65748307176474e-11 1
1 117 198 968.1519582750917 2.6027839843486096e-11 1
1 117 199 969.3977434768204 2.5482777444317768e-11 1
1 117 200 970.6435286785152 2.4960666518217497e-11 1
1 117 201 971.857062938219 2.4473698986299954e-11 1
1 117 202 972.3902062582516 2.4203261696660397e-11 1
1 117 203 972.8534106064373 2.3958756811344262e-11 1
1 117 204 973.3166149546357 2.3721124438869514e-11 1
1 117 205 973.779819302829 2.3491343439166896e-11 1
1 117 206 974.5408550971807 2.3185640830812123e-11 1
1 117 207 975.3836063786306 2.2867769999215865e-11 1
1 117 208 976.2263576600576 2.25634053190388e-11 1
1 117 209 977.0691089415499 2.2265949065582532e-11 1
1 117 210 977.9241037856945 2.1973277426008647e-11 1
1 117 211 978.7866806526343 2.168993569776408e-11 1
1 117 212 979.6492575196215 2.1415193248318537e-11 1
1 117 213 980.5118343865618 2.114749940580527e-11 1
1 117 214 981.5618147341488 2.0848115647460168e-11 1
1 117 215 982.8404509008876 2.051084781611318e-11 1
1 117 216 984.1190870676567 2.018431848191066e-11 1
1 117 217 985.3977232343958 1.9869293806469688e-11 1
1 117 218 986.5470705922172 1.959261881876188e-11 1
1 117 219 987.3693172635822 1.9383789063914338e-11 1
1 117 220 988.1915639348833 1.9179364023849523e-11 1
1 117 221 989.0138106061304 1.898197841451798e-11 1
1 117 222 989.8402030930231 1.8788979326908976e-11 1
1 117 223 990.6824240583483 1.859729438821924e-11 1
1 117 224 991.5262808785959 1.8411799041087272e-11 1
1 117 225 992.3701376988337 1.823133563165955e-11 1
1 117 226 993.1652843563722 1.806184132965122e-11 1
1 117 227 993.7113461559593 1.7935595227499385e-11 1
1 117 228 994.1900796038434 1.7824923779218036e-11 1
1 117 229 994.6688130517646 1.7715609749579807e-11 1
1 117 230 995.1773565946023 1.7603598879724607e-11 1
1 117 231 995.9353130543818 1.745783265292572e-11 1
1 117 232 996.8092953672484 1.7296785877910762e-11 1
1 117 233 997.6832776800682 1.71386504399417e-11 1
1 117 234 998.5482896813916 1.6985773389356622e-11 1
1 117 235 999.1229514635604 1.6878626524457905e-11 1
1 117 236 999.4954283971475 1.6801311351643158e-11 1
1 117 237 999.8679053307548 1.6725711605364537e-11 1
1 117 238 1000.2403822643519 1.6653213910290023e-11 1
1 117 239 1000.5815637819059 1.6584928467684352e-11 1
1 118 61 970.6085007019898 3.057176916065255e-11 1
1 118 62 971.2349573883923 3.1148028646319254e-11 1
1 118 63 969.9702204030633 3.250597963097311e-11 1
1 118 64 969.9273008711649 3.310257043929521e-11 1
1 118 65 971.2995281074967 3.2762951996912274e-11 1
1 118 66 971.6375124652391 3.285501898908887e-11 1
1 118 67 972.313481180729 3.267911491155571e-11 1
1 118 68 972.5737257263064 3.269164617166314e-11 1
1 118 69 972.652821841703 3.2797212907795676e-11 1
1 118 70 972.7319179571044 3.2903463637580024e-11 1
1 118 71 972.811014072501 3.300888418733251e-11 1
1 118 72 972.8350783011736 3.314456494377484e-11 1
1 118 73 972.6766202781779 3.338341600782109e-11 1
1 118 74 972.4975092263917 3.364087577568446e-11 1
1 118 75 972.3183981746084 3.389744704205172e-11 1
1 118 76 972.1479885187592 3.4151491358790516e-11 1
1 118 77 972.017654158955 3.438557537522855e-11 1
1 118 78 971.8980438844022 3.461459009341336e-11 1
1 118 79 971.7784336098485 3.484667583163924e-11 1
1 118 80 971.6984020905657 3.5057718992138373e-11 1
1 118 81 971.9354238339185 3.506804571697568e-11 1
1 118 82 972.311779527228 3.4994198120383227e-11 1
1 118 83 972.6881352205055 3.4920782219601763e-11 1
1 118 84 973.0635696685843 3.4842574059412686e-11 1
1 118 85 973.3987192535192 3.4784474935183303e-11 1
1 118 86 973.7083890462602 3.4744552041895113e-11 1
1 118 87 974.0180588390255 3.470389435860387e-11 1
1 118 88 974.3277286317667 3.464888695343746e-11 1
1 118 89 974.4675232068166 3.470226986101349e-11 1
1 118 90 974.4271770681488 3.486496119078826e-11 1
1 118 91 974.3818728267725 3.5025809047224993e-11 1
1 118 92 974.3365685853946 3.518553327699008e-11 1
1 118 93 974.2622472193842 3.5363629158901656e-11 1
1 118 94 974.1317040311659 3.5568089466146605e-11 1
1 118 95 973.9983377958362 3.5780379249756255e-11 1
1 118 96 973.8649715605106 3.599900763876042e-11 1
1 118 97 973.7579028125404 3.6202875595667306e-11 1
1 118 98 973.7625427239362 3.6330826419194065e-11 1
1 118 99 973.7745378490897 3.6454796857548394e-11 1
1 118 100 973.7865329742442 3.657416965441289e-11 1
1 118 101 973.8091994133946 3.668310040554732e-11 1
1 118 102 974.1242083936596 3.659690851174585e-11 1
1 118 103 974.4618825326398 3.649492554292592e-11 1
1 118 104 974.7995566716097 3.638395408417535e-11 1
1 118 105 975.1372308106057 3.627360373182045e-11 1
1 118 106 975.5233117021315 3.613363619345864e-11 1
1 118 107 975.9217957473426 3.598609845424253e-11 1
1 118 108 976.3202797925773 3.5827072885797646e-11 1
1 118 109 976.7187638377882 3.5669446628179674e-11 1
1 118 110 977.101300195828 3.552420138582574e-11 1
1 118 111 977.4744259816971 3.5376328586269065e-11 1
1 118 112 977.8475517675728 3.5218821378832836e-11 1
1 118 113 978.2206775534418 3.506252703062641e-11 1
1 118 114 978.609606062355 3.48911343233376e-11 1
1 118 115 979.0169549233963 3.4692518955746844e-11 1
1 118 116 979.4243037844058 3.44924208957833e-11 1
1 118 117 979.8316526454188 3.429323049975909e-11 1
1 118 118 980.1451913459695 3.412193236049995e-11 1
1 118 119 980.2341268737563 3.408155850463647e-11 1
1 118 120 980.3230624015456 3.404128007840827e-11 1
1 118 121 980.4119979293342 3.3977881683256724e-11 1
1 118 122 980.5121683881821 3.389893375055121e-11 1
1 118 123 980.6512918899178 3.379790595733701e-11 1
1 118 124 980.7947055218904 3.368156673782798e-11 1
1 118 125 980.9381191538743 3.3547178860039673e-11 1
1 118 126 981.0859340842841 3.341188921703571e-11 1
1 118 127 981.2546797311176 3.326457518475924e-11 1
1 118 128 981.4290546008418 3.308459068108683e-11 1
1 118 129 981.6034294705422 3.2908009432169255e-11 1
1 118 130 981.8047453508004 3.2718876229098865e-11 1
1 118 131 982.2242864671878 3.239674680474354e-11 1
1 118 132 982.7417108433522 3.202268596035847e-11 1
1 118 133 983.2591352195067 3.16567888366633e-11 1
1 118 134 983.7719169720618 3.1290027898177394e-11 1
1 118 135 984.1048116359311 3.100564849047539e-11 1
1 118 136 984.3200738646958 3.078294491788324e-11 1
1 118 137 984.5353360934625 3.05624828235119e-11 1
1 118 138 984.7505983222355 3.032631118786562e-11 1
1 118 139 984.9572866043446 3.0098490938318337e-11 1
1 118 140 985.1547565797957 2.987818212445892e-11 1
1 118 141 985.3519464423625 2.965001320956465e-11 1
1 118 142 985.5491363049236 2.942085761762483e-11 1
1 118 143 985.7344042578713 2.9200237444990904e-11 1
1 118 144 985.8965905820685 2.8987467640876067e-11 1
1 118 145 986.057454385121 2.87707643974079e-11 1
1 118 146 986.2183181881828 2.8557277153178978e-11 1
1 118 147 986.4078236064621 2.8334997206009664e-11 1
1 118 148 986.7166329705803 2.805980290798004e-11 1
1 118 149 987.0345125752305 2.778584129358362e-11 1
1 118 150 987.3523921798868 2.7517177596170343e-11 1
1 118 151 987.6644057376708 2.725130885145975e-11 1
1 118 152 987.8366943907969 2.7038442751776844e-11 1
1 118 153 987.996395532639 2.6833371668702653e-11 1
1 118 154 988.1560966744686 2.6629450969955345e-11 1
1 118 155 988.3157978162999 2.642548168562052e-11 1
1 118 156 988.5007263682453 2.6215941311825064e-11 1
1 118 157 988.6923460612123 2.6009038127716395e-11 1
1 118 158 988.8839657541847 2.580224124214636e-11 1
1 118 159 989.0755854471554 2.5597682318475092e-11 1
1 118 160 989.2360195693426 2.5406402277258527e-11 1
1 118 161 989.3776005964785 2.5222258821437238e-11 1
1 119 54 965.9245694271314 2.411878059295927e-11 1
1 119 55 968.0251706628359 2.4564627847258954e-11 1
1 119 56 969.5178612485395 2.5518456972834908e-11 1
1 119 57 970.1703982073819 2.6922759792801647e-11 1
1 119 58 971.5744776295967 2.7870050949715468e-11 1
1 119 59 973.5147105648099 2.8223930032740165e-11 1
1 119 60 975.1778516663107 2.838437850325448e-11 1
1 119 61 976.3777104099588 2.8736029696626772e-11 1
1 119 62 978.013230186353 2.876671974107512e-11 1
1 119 63 979.158182690956 2.8818785136814016e-11 1
1 119 64 979.7584632908481 2.8951976670528277e-11 1
1 119 65 980.3425302645571 2.8974229007966983e-11 1
1 119 66 980.4021880552484 2.912948623871607e-11 1
1 119 67 980.521503636632 2.919839050758722e-11 1
1 119 68 980.6313143429837 2.9250093945341054e-11 1
1 119 69 980.8579908056989 2.9247708555711107e-11 1
1 119 70 981.084667268428 2.9245323555107814e-11 1
1 119 71 981.3113437311431 2.924604587916398e-11 1
1 119 72 981.5073500126803 2.925428066809045e-11 1
1 119 73 981.6016336228358 2.930594191941402e-11 1
1 119 74 981.6844069582665 2.936353096554531e-11 1
1 119 75 981.7671802936957 2.9422636138084785e-11 1
1 119 76 981.8528306901095 2.948072943424775e-11 1
1 119 77 981.9517317272066 2.953849101600888e-11 1
1 119 78 982.0541786145852 2.959849979422081e-11 1
1 119 79 982.1566255019648 2.9655186239371746e-11 1
1 120 48 958.1920466196481 2.3629557583325758e-11 1
1 120 49 959.1781008656818 2.339383724288371e-11 1
1 120 50 960.3003360569123 2.3240326351372388e-11 1
1 120 51 961.7652656735401 2.31390574869761e-11 1
1 120 52 963.5846151126664 2.3113899247904485e-11 1
1 120 53 965.627817265886 2.3220159053466476e-11 1
1 120 54 967.8509940988746 2.3512019126528264e-11 1
1 120 55 969.4417272228004 2.4297996456608732e-11 1
1 120 56 970.7708586697063 2.547915262276329e-11 1
1 120 57 972.6991848492235 2.642970230185086e-11 1
1 121 48 958.4975614476648 2.313513497989822e-11 1
1 121 49 959.9584396676374 2.275153451387258e-11 1
1 121 50 961.0513867495368 2.25894725553831e-11 1
1 121 51 962.2955519777983 2.2697093491066568e-11 1
