1 113 272 1013.4072032060636 1.527067235830073e-11 1
1 113 273 1003.9307925505169 1.5618640525435177e-11 1
1 113 274 989.0530990577666 1.7671837150601038e-11 1
1 114 266 987.8845815897231 2.111102719650229e-11 1
1 114 267 994.0105275924194 2.108147879603878e-11 1
1 114 268 1001.1056154480572 2.0636284286491045e-11 1
1 114 269 1016.3533641287598 1.8305580023115162e-11 1
1 114 270 1020.9605166830494 1.737847094233314e-11 1
1 114 271 1022.3462949008008 1.6322740893232148e-11 1
1 114 272 1020.8004956324604 1.5342754599044593e-11 1
1 114 273 1016.3811974869554 1.524453690386873e-11 1
1 114 274 1005.0001416177097 1.6692612035736417e-11 1
1 115 260 1013.0359544097778 1.5780288829238933e-11 1
1 115 261 1014.364861549681 1.5634256893169114e-11 1
1 115 262 1015.7672776352745 1.5446114925966355e-11 1
1 115 263 1017.8941377569729 1.5204321712639698e-11 1
1 115 264 1018.711628697758 1.5267856492501733e-11 1
1 115 265 1019.3807521622025 1.5588618678393065e-11 1
1 115 266 1015.3218423938322 1.6793146925052934e-11 1
1 115 267 1022.6837557497789 1.6578060933410055e-11 1
1 115 268 1023.7368476273757 1.7161729395985733e-11 1
1 115 269 1026.660471801093 1.718289347125047e-11 1
1 116 199 959.4332524580554 3.242906177652327e-11 1
1 116 200 959.8909715879557 3.199457742915531e-11 1
1 116 201 960.3540123106955 3.1578298807516606e-11 1
1 116 202 960.929321491113 3.111911614282981e-11 1
1 116 203 961.5161710081986 3.0667590606836545e-11 1
1 116 204 962.1030205253002 3.0232773787751905e-11 1
1 116 205 962.6898700423952 2.981615783437879e-11 1
1 116 206 963.4669830039386 2.932880870449494e-11 1
1 116 207 964.2962982102305 2.8837978765681104e-11 1
1 116 208 965.1256134164996 2.8370116747799072e-11 1
1 116 209 965.9549286228332 2.7917193381158972e-11 1
1 116 210 966.7377002363156 2.749737128363755e-11 1
1 116 211 967.4916489827078 2.71063192246291e-11 1
1 116 212 968.2455977291413 2.6727898491408278e-11 1
1 116 213 968.9995464755337 2.6360245806550815e-11 1
1 116 214 969.7611348650744 2.6005604754111023e-11 1
1 116 215 970.5320445801849 2.56603862767172e-11 1
1 116 216 971.3029542953135 2.5323172689758146e-11 1
1 116 217 972.0738640104241 2.4995178067284502e-11 1
1 116 218 973.0017465211541 2.4636502802314092e-11 1
1 116 219 974.3267702050138 2.4169391163917793e-11 1
1 116 220 975.6517938887708 2.3719662941252543e-11 1
1 116 221 976.9768175724405 2.3290772985282213e-11 1
1 116 222 978.1927881724158 2.2907411929437303e-11 1
1 116 223 978.9924005491235 2.264299088113359e-11 1
1 116 224 979.7489827861864 2.23995949344653e-11 1
1 116 225 980.5055650232404 2.21632068508871e-11 1
1 116 226 981.3345478160671 2.1913525915354642e-11 1
1 116 227 982.5337589377845 2.1583052917582357e-11 1
1 116 228 983.8330438389056 2.1244260916107135e-11 1
1 116 229 985.1323287401275 2.0915940662830555e-11 1
1 116 230 986.49810871442 2.0584407692416372e-11 1
1 116 231 988.4202347918646 2.0153454252893534e-11 1
1 116 232 990.6011707658616 1.968925100067523e-11 1
1 116 233 992.782106739742 1.924590465285937e-11 1
1 116 234 994.9435681664756 1.8827348989102906e-11 1
1 116 235 996.4746792384203 1.8536275325827868e-11 1
1 116 236 997.5668469838848 1.8327016422978928e-11 1
1 116 237 998.6590147294077 1.8122562434075056e-11 1
1 116 238 999.7511824749013 1.792533403959184e-11 1
1 116 239 1000.5939320350036 1.777165228903672e-11 1
1 116 240 1001.1600173947352 1.7664188760586238e-11 1
1 116 241 1001.7164675244809 1.756121488394926e-11 1
1 116 242 1002.2729176542413 1.7459855235635992e-11 1
1 116 243 1002.9106535534874 1.7347543145771484e-11 1
1 116 244 1003.7060906309457 1.7215065477683738e-11 1
1 116 245 1004.5126652500098 1.7083823270513358e-11 1
1 116 246 1005.3192398690527 1.695424028277286e-11 1
1 116 247 1006.1843306387103 1.6818473923451395e-11 1
1 116 248 1007.2848452888421 1.665488296041666e-11 1
1 116 249 1008.4080026868284 1.649079723219929e-11 1
1 116 250 1009.5311600848739 1.6329913142160383e-11 1
1 116 251 1010.6106613668111 1.6179248624967386e-11 1
1 116 252 1010.8624918163641 1.6138968823483937e-11 1
1 116 253 1011.018616215057 1.6111393415450842e-11 1
1 116 254 1011.1747406137538 1.6085315382393596e-11 1
1 116 255 1011.3308650124467 1.6058683491709954e-11 1
1 116 256 1011.5007661662019 1.6027051911879606e-11 1
1 116 257 1011.737327826395 1.5986855351698396e-11 1
1 116 258 1012.1612963571541 1.5925610996759116e-11 1
1 116 259 1013.4341589897929 1.5766326556297357e-11 1
1 116 260 1014.6011831392624 1.5641070470506007e-11 1
1 116 261 1016.1161108691995 1.549318240727905e-11 1
1 116 262 1017.5247539203448 1.5376991631912878e-11 1
1 116 263 1020.134135949125 1.5153641872140385e-11 1
1 117 121 968.192345303794 4.9668072594613284e-11 1
1 117 122 968.1753609808493 4.968695712308476e-11 1
1 117 123 967.9367829339191 4.998094874841643e-11 1
1 117 124 967.6737994525037 5.027695986523798e-11 1
1 117 125 967.4108159710677 5.052296793573872e-11 1
1 117 126 967.1703202001268 5.0742428169295505e-11 1
1 117 127 967.0367664822268 5.082804243048331e-11 1
1 117 128 966.9319743527789 5.079916747823264e-11 1
1 117 129 966.8271822233453 5.076252797450562e-11 1
1 117 130 966.7771262812626 5.065561749478072e-11 1
1 117 131 967.1704396550684 4.994602375879247e-11 1
1 117 132 967.7626229427839 4.898810695693489e-11 1
1 117 133 968.3548062304882 4.8065937431280716e-11 1
1 117 134 968.9383261098237 4.716571492267038e-11 1
1 117 135 969.1861661137049 4.6626319117659113e-11 1
1 117 136 969.2144970830844 4.633354969183298e-11 1
1 117 137 969.2428280524642 4.605028898126401e-11 1
1 117 138 969.271159021845 4.572598303065084e-11 1
1 117 139 969.2734467012053 4.542792032738174e-11 1
1 117 140 969.2477338525299 4.516225557994178e-11 1
1 117 141 969.2211701633643 4.4882438820292256e-11 1
1 117 142 969.1946064741993 4.459189670677626e-11 1
1 117 143 969.5521283019185 4.393111219168705e-11 1
1 117 144 970.6532658400091 4.259512488403916e-11 1
1 117 145 971.7970107488854 4.128812022398996e-11 1
1 117 146 972.9407556578282 4.0058936899623496e-11 1
1 117 147 974.0852558711608 3.890543777472317e-11 1
1 117 148 975.2329022339757 3.780009698615696e-11 1
1 117 149 976.3807877869589 3.675187207731702e-11 1
1 117 150 977.5286733399647 3.576021462908466e-11 1
1 117 151 978.6477469459336 3.483010098514661e-11 1
1 117 152 979.0805412497753 3.434408665604347e-11 1
1 117 153 979.4515101511579 3.390725996622958e-11 1
1 117 154 979.8224790525117 3.3477954449167123e-11 1
1 117 155 980.1934479538694 3.305094785278105e-11 1
1 117 156 980.7821772309753 3.25194899547082e-11 1
1 117 157 981.4286637403278 3.197467628636183e-11 1
1 117 158 982.0751502496986 3.1435595387068873e-11 1
1 117 159 982.7216367590632 3.091518627822446e-11 1
1 117 160 983.143657008612 3.051588399207573e-11 1
1 117 161 983.4299772011169 3.018204338851951e-11 1
1 117 162 983.7162973936137 2.985288881084051e-11 1
1 117 163 984.0026175861326 2.953083606744435e-11 1
1 117 164 984.0496070990591 2.931630173628652e-11 1
1 117 165 983.8111836276058 2.92232318012824e-11 1
1 117 166 983.572760156139 2.9130750931082666e-11 1
1 117 167 983.3343366846857 2.9040705521592226e-11 1
1 117 168 982.9920673079598 2.899389998593031e-11 1
1 117 169 982.3942555564798 2.9053124747787688e-11 1
1 117 170 981.796443805017 2.9112591957316266e-11 1
1 117 171 981.1986320535078 2.9173757403909926e-11 1
1 117 172 980.5923975643087 2.9237748967606716e-11 1
1 117 173 979.9555592641111 2.931511989102231e-11 1
1 117 174 979.3154505476504 2.939450908602815e-11 1
1 117 175 978.6753418312753 2.947465045946548e-11 1
1 117 176 978.0800649336795 2.953566242978304e-11 1
1 117 177 977.7055431269291 2.950106773943656e-11 1
1 117 178 977.3905911202212 2.9440782060143304e-11 1
1 117 179 977.07563911352 2.938056120670557e-11 1
1 117 180 976.7467237080871 2.932658958615709e-11 1
1 117 181 976.3030579263844 2.932288761640734e-11 1
1 117 182 975.806936702694 2.9342082916185336e-11 1
1 117 183 975.3108154789979 2.9361334365272907e-11 1
1 117 184 974.8234915557341 2.937782897970545e-11 1
1 117 185 974.6449576582673 2.92628186856445e-11 1
1 117 186 974.674926723275 2.9060396770912757e-11 1
1 117 187 974.7048957882822 2.8861322664313873e-11 1
1 117 188 974.7348648532901 2.8668447266021645e-11 1
1 117 189 974.7790448365496 2.8471783878271906e-11 1
1 117 190 974.838734643182 2.8271600567852756e-11 1
1 117 191 974.8989334858509 2.8077127391249668e-11 1
1 117 192 974.959132328515 2.7886552248663336e-11 1
1 117 193 975.0939683219623 2.7670027742344904e-11 1
1 117 194 975.3733693782663 2.7405145207641156e-11 1
1 117 195 975.6620380351196 2.7144450738938836e-11 1
1 117 196 975.9507066919809 2.6888236903177324e-11 1
1 117 197 976.4152176350511 2.65748307176474e-11 1
1 117 198 977.5990384397467 2.6027839843486096e-11 1
1 117 199 978.8448236414754 2.5482777444317768e-11 1
1 117 200 980.0906088431701 2.4960666518217497e-11 1
1 117 201 981.3041431028739 2.4473698986299954e-11 1
1 117 202 981.8372864229066 2.4203261696660397e-11 1
1 117 203 982.3004907710922 2.3958756811344262e-11 1
1 117 204 982.7636951192907 2.3721124438869514e-11 1
1 117 205 983.2268994674839 2.3491343439166896e-11 1
1 117 206 983.9879352618357 2.3185640830812123e-11 1
1 117 207 984.8306865432855 2.2867769999215865e-11 1
1 117 208 985.6734378247126 2.25634053190388e-11 1
1 117 209 986.5161891062048 2.2265949065582532e-11 1
1 117 210 987.3711839503494 2.1973277426008647e-11 1
1 117 211 988.2337608172893 2.168993569776408e-11 1
1 117 212 989.0963376842765 2.1415193248318537e-11 1
1 117 213 989.9589145512167 2.114749940580527e-11 1
1 117 214 991.0088948988038 2.0848115647460168e-11 1
1 117 215 992.2875310655426 2.051084781611318e-11 1
1 117 216 993.5661672323116 2.018431848191066e-11 1
1 117 217 994.8448033990508 1.9869293806469688e-11 1
1 117 218 995.9941507568722 1.959261881876188e-11 1
1 117 219 996.8163974282371 1.9383789063914338e-11 1
1 117 220 997.6386440995383 1.9179364023849523e-11 1
1 117 221 998.4608907707853 1.898197841451798e-11 1
1 117 222 999.287283257678 1.8788979326908976e-11 1
1 117 223 1000.1295042230032 1.859729438821924e-11 1
1 117 224 1000.9733610432509 1.8411799041087272e-11 1
1 117 225 1001.8172178634886 1.823133563165955e-11 1
1 117 226 1002.6123645210272 1.806184132965122e-11 1
1 117 227 1003.1584263206142 1.7935595227499385e-11 1
1 117 228 1003.6371597684983 1.7824923779218036e-11 1
1 117 229 1004.1158932164195 1.7715609749579807e-11 1
1 117 230 1004.6244367592573 1.7603598879724607e-11 1
1 117 231 1005.3823932190368 1.745783265292572e-11 1
1 117 232 1006.2563755319034 1.7296785877910762e-11 1
1 117 233 1007.1303578447231 1.71386504399417e-11 1
1 117 234 1007.9953698460465 1.6985773389356622e-11 1
1 117 235 1008.5700316282154 1.6878626524457905e-11 1
1 117 236 1008.9425085618025 1.6801311351643158e-11 1
1 117 237 1009.3149854954097 1.6725711605364537e-11 1
1 117 238 1009.6874624290068 1.6653213910290023e-11 1
1 117 239 1010.0286439465608 1.6584928467684352e-11 1
1 118 61 980.0555808666447 3.057176916065255e-11 1
1 118 62 980.6820375530473 3.1148028646319254e-11 1
1 118 63 979.4173005677183 3.250597963097311e-11 1
1 118 64 979.3743810358199 3.310257043929521e-11 1
1 118 65 980.7466082721517 3.2762951996912274e-11 1
1 118 66 981.084592629894 3.285501898908887e-11 1
1 118 67 981.760561345384 3.267911491155571e-11 1
1 118 68 982.0208058909614 3.269164617166314e-11 1
1 118 69 982.099902006358 3.2797212907795676e-11 1
1 118 70 982.1789981217594 3.2903463637580024e-11 1
1 118 71 982.258094237156 3.300888418733251e-11 1
1 118 72 982.2821584658285 3.314456494377484e-11 1
1 118 73 982.1237004428328 3.338341600782109e-11 1
1 118 74 981.9445893910466 3.364087577568446e-11 1
1 118 75 981.7654783392634 3.389744704205172e-11 1
1 118 76 981.5950686834142 3.4151491358790516e-11 1
1 118 77 981.46473432361 3.438557537522855e-11 1
1 118 78 981.3451240490572 3.461459009341336e-11 1
1 118 79 981.2255137745035 3.484667583163924e-11 1
1 118 80 981.1454822552206 3.5057718992138373e-11 1
1 118 81 981.3825039985735 3.506804571697568e-11 1
1 118 82 981.758859691883 3.4994198120383227e-11 1
1 118 83 982.1352153851604 3.4920782219601763e-11 1
1 118 84 982.5106498332392 3.4842574059412686e-11 1
1 118 85 982.8457994181741 3.4784474935183303e-11 1
1 118 86 983.1554692109152 3.4744552041895113e-11 1
1 118 87 983.4651390036804 3.470389435860387e-11 1
1 118 88 983.7748087964217 3.464888695343746e-11 1
1 118 89 983.9146033714716 3.470226986101349e-11 1
1 118 90 983.8742572328038 3.486496119078826e-11 1
1 118 91 983.8289529914274 3.5025809047224993e-11 1
1 118 92 983.7836487500496 3.518553327699008e-11 1
1 118 93 983.7093273840392 3.5363629158901656e-11 1
1 118 94 983.5787841958208 3.5568089466146605e-11 1
1 118 95 983.4454179604911 3.5780379249756255e-11 1
1 118 96 983.3120517251656 3.599900763876042e-11 1
1 118 97 983.2049829771953 3.6202875595667306e-11 1
1 118 98 983.2096228885912 3.6330826419194065e-11 1
1 118 99 983.2216180137447 3.6454796857548394e-11 1
1 118 100 983.2336131388992 3.657416965441289e-11 1
1 118 101 983.2562795780495 3.668310040554732e-11 1
1 118 102 983.5712885583146 3.659690851174585e-11 1
1 118 103 983.9089626972948 3.649492554292592e-11 1
1 118 104 984.2466368362647 3.638395408417535e-11 1
1 118 105 984.5843109752607 3.627360373182045e-11 1
1 118 106 984.9703918667865 3.613363619345864e-11 1
1 118 107 985.3688759119975 3.598609845424253e-11 1
1 118 108 985.7673599572322 3.5827072885797646e-11 1
1 118 109 986.1658440024431 3.5669446628179674e-11 1
1 118 110 986.548380360483 3.552420138582574e-11 1
1 118 111 986.921506146352 3.5376328586269065e-11 1
1 118 112 987.2946319322277 3.5218821378832836e-11 1
1 118 113 987.6677577180967 3.506252703062641e-11 1
1 118 114 988.05668622701 3.48911343233376e-11 1
1 118 115 988.4640350880512 3.4692518955746844e-11 1
1 118 116 988.8713839490607 3.44924208957833e-11 1
1 118 117 989.2787328100737 3.429323049975909e-11 1
1 118 118 989.5922715106244 3.412193236049995e-11 1
1 118 119 989.6812070384112 3.408155850463647e-11 1
1 118 120 989.7701425662005 3.404128007840827e-11 1
1 118 121 989.8590780939892 3.3977881683256724e-11 1
1 118 122 989.959248552837 3.389893375055121e-11 1
1 118 123 990.0983720545728 3.379790595733701e-11 1
1 118 124 990.2417856865453 3.368156673782798e-11 1
1 118 125 990.3851993185292 3.3547178860039673e-11 1
1 118 126 990.533014248939 3.341188921703571e-11 1
1 118 127 990.7017598957725 3.326457518475924e-11 1
1 118 128 990.8761347654968 3.308459068108683e-11 1
1 118 129 991.0505096351972 3.2908009432169255e-11 1
1 118 130 991.2518255154554 3.2718876229098865e-11 1
1 118 131 991.6713666318427 3.239674680474354e-11 1
1 118 132 992.1887910080071 3.202268596035847e-11 1
1 118 133 992.7062153841616 3.16567888366633e-11 1
1 118 134 993.2189971367168 3.1290027898177394e-11 1
1 118 135 993.5518918005861 3.100564849047539e-11 1
1 118 136 993.7671540293508 3.078294491788324e-11 1
1 118 137 993.9824162581175 3.05624828235119e-11 1
1 118 138 994.1976784868905 3.032631118786562e-11 1
1 118 139 994.4043667689996 3.0098490938318337e-11 1
1 118 140 994.6018367444507 2.987818212445892e-11 1
1 118 141 994.7990266070175 2.965001320956465e-11 1
1 118 142 994.9962164695786 2.942085761762483e-11 1
1 118 143 995.1814844225263 2.9200237444990904e-11 1
1 118 144 995.3436707467234 2.8987467640876067e-11 1
1 118 145 995.5045345497759 2.87707643974079e-11 1
1 118 146 995.6653983528378 2.8557277153178978e-11 1
1 118 147 995.854903771117 2.8334997206009664e-11 1
1 118 148 996.1637131352353 2.805980290798004e-11 1
1 118 149 996.4815927398854 2.778584129358362e-11 1
1 118 150 996.7994723445418 2.7517177596170343e-11 1
1 118 151 997.1114859023257 2.725130885145975e-11 1
1 118 152 997.2837745554518 2.7038442751776844e-11 1
1 118 153 997.4434756972939 2.6833371668702653e-11 1
1 118 154 997.6031768391235 2.6629450969955345e-11 1
1 118 155 997.7628779809548 2.642548168562052e-11 1
1 118 156 997.9478065329002 2.6215941311825064e-11 1
1 118 157 998.1394262258673 2.6009038127716395e-11 1
1 118 158 998.3310459188397 2.580224124214636e-11 1
1 118 159 998.5226656118103 2.5597682318475092e-11 1
1 118 160 998.6830997339976 2.5406402277258527e-11 1
1 118 161 998.8246807611334 2.5222258821437238e-11 1
1 119 54 975.3716495917863 2.411878059295927e-11 1
1 119 55 977.4722508274908 2.4564627847258954e-11 1
1 119 56 978.9649414131944 2.5518456972834908e-11 1
1 119 57 979.6174783720369 2.6922759792801647e-11 1
1 119 58 981.0215577942516 2.7870050949715468e-11 1
1 119 59 982.9617907294648 2.8223930032740165e-11 1
1 119 60 984.6249318309657 2.838437850325448e-11 1
1 119 61 985.8247905746138 2.8736029696626772e-11 1
1 119 62 987.4603103510079 2.876671974107512e-11 1
1 119 63 988.6052628556109 2.8818785136814016e-11 1
1 119 64 989.2055434555031 2.8951976670528277e-11 1
1 119 65 989.7896104292121 2.8974229007966983e-11 1
1 119 66 989.8492682199034 2.912948623871607e-11 1
1 119 67 989.968583801287 2.919839050758722e-11 1
1 119 68 990.0783945076387 2.9250093945341054e-11 1
1 119 69 990.3050709703539 2.9247708555711107e-11 1
1 119 70 990.531747433083 2.9245323555107814e-11 1
1 119 71 990.758423895798 2.924604587916398e-11 1
1 119 72 990.9544301773352 2.925428066809045e-11 1
1 119 73 991.0487137874908 2.930594191941402e-11 1
1 119 74 991.1314871229215 2.936353096554531e-11 1
1 119 75 991.2142604583506 2.9422636138084785e-11 1
1 119 76 991.2999108547644 2.948072943424775e-11 1
1 119 77 991.3988118918616 2.953849101600888e-11 1
1 119 78 991.5012587792402 2.959849979422081e-11 1
1 119 79 991.6037056666197 2.9655186239371746e-11 1
1 120 48 967.639126784303 2.3629557583325758e-11 1
1 120 49 968.6251810303368 2.339383724288371e-11 1
1 120 50 969.7474162215673 2.3240326351372388e-11 1
1 120 51 971.212345838195 2.31390574869761e-11 1
1 120 52 973.0316952773213 2.3113899247904485e-11 1
1 120 53 975.074897430541 2.3220159053466476e-11 1
1 120 54 977.2980742635295 2.3512019126528264e-11 1
1 120 55 978.8888073874554 2.4297996456608732e-11 1
1 120 56 980.2179388343612 2.547915262276329e-11 1
1 120 57 982.1462650138784 2.642970230185086e-11 1
1 121 48 967.9446416123197 2.313513497989822e-11 1
1 121 49 969.4055198322924 2.275153451387258e-11 1
1 121 50 970.4984669141918 2.25894725553831e-11 1
1 121 51 971.7426321424532 2.2697093491066568e-11 1
