6 19 27 991.4435952671668 3.5316349092853453e-11 1
6 20 17 914.6768105992068 4.788639325370883e-11 1
6 20 18 922.5551064976368 4.7583550765063536e-11 1
6 20 19 929.9841836460768 4.6713329486355564e-11 1
6 20 20 941.2808145054568 4.519754137531937e-11 1
6 20 21 945.8656533726368 4.350578429900998e-11 1
6 20 22 965.4879678257668 4.2041955030462854e-11 1
6 20 23 994.4601968296668 4.102158416690468e-11 1
6 20 24 1006.3676064976368 4.040635361005011e-11 1
6 20 25 1010.3663857945168 3.949360040836433e-11 1
6 20 26 1015.9155190952968 3.6921717875468634e-11 1
6 20 27 1026.0598062046668 3.4566462308148866e-11 1
6 21 11 960.1042397984168 5.3272066583406884e-11 1
6 21 12 966.2423013218568 5.15707414074902e-11 1
6 21 13 973.0846475132668 4.986673998419241e-11 1
6 21 14 977.7522500523268 4.885648341730387e-11 1
6 21 15 981.0210488804568 4.8180897941686646e-11 1
6 21 16 985.5842202671668 4.765510548171294e-11 1
6 21 17 989.0140908726368 4.7287789247106445e-11 1
6 21 18 992.1061318882668 4.7003036824082835e-11 1
