3 113 272 1009.5583927686116 8.454411023420913e-11 1
3 113 273 1000.0819821130649 9.621629874971682e-11 1
3 113 274 985.2042886203146 9.621629874971682e-11 1
3 114 266 984.0357711522711 6.642782373579309e-11 1
3 114 267 990.1617171549674 6.268341116044766e-11 1
3 114 268 997.2568050106051 5.984726088640311e-11 1
3 114 269 1012.5045536913078 5.83517332006485e-11 1
3 114 270 1017.1117062455974 5.973437253905326e-11 1
3 114 271 1018.4974844633488 6.53144813244859e-11 1
3 114 272 1016.9516851950084 7.543363472936213e-11 1
3 114 273 1012.5323870495034 8.080150516474462e-11 1
3 114 274 1001.1513311802577 8.080150516474462e-11 1
3 115 260 1009.1871439723258 6.282302319949792e-11 1
3 115 261 1010.516051112229 6.359381653386679e-11 1
3 115 262 1011.9184671978225 6.527582018821481e-11 1
3 115 263 1014.0453273195209 6.727919894355275e-11 1
3 115 264 1014.862818260306 6.83474224112994e-11 1
3 115 265 1015.5319417247505 6.742996592232429e-11 1
3 115 266 1011.4730319563802 6.456387907107484e-11 1
3 115 267 1018.8349453123269 6.099713760662033e-11 1
3 115 268 1019.8880371899237 5.788113116800752e-11 1
3 115 269 1022.8116613636411 5.606064330397192e-11 1
3 116 199 955.5844420206034 5.749030874618514e-11 1
3 116 200 956.0421611505037 5.772327823817076e-11 1
3 116 201 956.5052018732434 5.794109259628406e-11 1
3 116 202 957.080511053661 5.815880268401247e-11 1
3 116 203 957.6673605707466 5.837830302885134e-11 1
3 116 204 958.2542100878482 5.859185261439688e-11 1
3 116 205 958.8410596049432 5.879441028853523e-11 1
3 116 206 959.6181725664866 5.899837334396458e-11 1
3 116 207 960.4474877727785 5.91977139835101e-11 1
3 116 208 961.2768029790476 5.938280285853833e-11 1
3 116 209 962.1061181853812 5.956905276958543e-11 1
3 116 210 962.8888897988636 5.975368715767722e-11 1
3 116 211 963.6428385452558 5.992474826704133e-11 1
3 116 212 964.3967872916893 6.009219389433536e-11 1
3 116 213 965.1507360380817 6.025986365516569e-11 1
3 116 214 965.9123244276224 6.04150672500393e-11 1
3 116 215 966.6832341427329 6.056126647477942e-11 1
3 116 216 967.4541438578615 6.07101661400396e-11 1
3 116 217 968.2250535729721 6.08586059504822e-11 1
3 116 218 969.1529360837021 6.098428080631084e-11 1
3 116 219 970.4779597675617 6.111397712319068e-11 1
3 116 220 971.8029834513188 6.12442262705519e-11 1
3 116 221 973.1280071349885 6.136035583439668e-11 1
3 116 222 974.3439777349638 6.147098103258562e-11 1
3 116 223 975.1435901116715 6.158163183698871e-11 1
3 116 224 975.9001723487344 6.16830896850713e-11 1
3 116 225 976.6567545857883 6.177532759794492e-11 1
3 116 226 977.4857373786151 6.186877138928633e-11 1
3 116 227 978.6849485003324 6.196170838560544e-11 1
3 116 228 979.9842334014536 6.203839374871638e-11 1
3 116 229 981.2835183026755 6.211526916249335e-11 1
3 116 230 982.649298276968 6.219207102501403e-11 1
3 116 231 984.5714243544126 6.225880534375955e-11 1
3 116 232 986.7523603284096 6.231967532672939e-11 1
3 116 233 988.9332963022899 6.238060794850971e-11 1
3 116 234 991.0947577290236 6.243734380877912e-11 1
3 116 235 992.6258688009683 6.248447397608052e-11 1
3 116 236 993.7180365464328 6.253018953530685e-11 1
3 116 237 994.8102042919556 6.25753540809828e-11 1
3 116 238 995.9023720374493 6.260767077850345e-11 1
3 116 239 996.7451215975516 6.264002087283294e-11 1
3 116 240 997.3112069572832 6.267426705066091e-11 1
3 116 241 997.8676570870289 6.269967848558341e-11 1
3 116 242 998.4241072167893 6.272061462772303e-11 1
3 116 243 999.0618431160353 6.2742092398068e-11 1
3 116 244 999.8572801934937 6.276391115931567e-11 1
3 116 245 1000.6638548125578 6.277741832040752e-11 1
3 116 246 1001.4704294316007 6.278954386845813e-11 1
3 116 247 1002.3355202012583 6.280147102878783e-11 1
3 116 248 1003.4360348513901 6.280816925664171e-11 1
3 116 249 1004.5591922493763 6.281261187920838e-11 1
3 116 250 1005.6823496474219 6.281705513030149e-11 1
3 116 251 1006.7618509293591 6.281770261619474e-11 1
3 116 252 1007.0136813789121 6.281681750999578e-11 1
3 116 253 1007.169805777605 6.281624847376833e-11 1
3 116 254 1007.3259301763018 6.281611521304087e-11 1
3 116 255 1007.4820545749947 6.280941808681526e-11 1
3 116 256 1007.6519557287498 6.279721752641975e-11 1
3 116 257 1007.888517388943 6.277188356404447e-11 1
3 116 258 1008.3124859197021 6.273004571038389e-11 1
3 116 259 1009.5853485523409 6.266927000197749e-11 1
3 116 260 1010.7523727018104 6.267584299690909e-11 1
3 116 261 1012.2673004317475 6.304250998430494e-11 1
3 116 262 1013.6759434828928 6.391522549882335e-11 1
3 116 263 1016.285325511673 6.558131668982314e-11 1
3 117 121 964.343534866342 4.114911858786043e-11 1
3 117 122 964.3265505433973 4.122383170702657e-11 1
3 117 123 964.087972496467 4.129878863281838e-11 1
3 117 124 963.8249890150516 4.1381852808478556e-11 1
3 117 125 963.5620055336157 4.147814340564878e-11 1
3 117 126 963.3215097626747 4.1574883161246737e-11 1
3 117 127 963.1879560447748 4.167314936926049e-11 1
3 117 128 963.0831639153268 4.1788352502315764e-11 1
3 117 129 962.9783717858933 4.1905115145472375e-11 1
3 117 130 962.9283158438105 4.202253212002758e-11 1
3 117 131 963.3216292176164 4.2150288080239004e-11 1
3 117 132 963.9138125053319 4.2284180656879315e-11 1
3 117 133 964.5059957930362 4.241896724433293e-11 1
3 117 134 965.0895156723717 4.255935489578789e-11 1
3 117 135 965.3373556762529 4.270849194028686e-11 1
3 117 136 965.3656866456324 4.285867787626382e-11 1
3 117 137 965.3940176150122 4.30099415675024e-11 1
3 117 138 965.422348584393 4.317163339890952e-11 1
3 117 139 965.4246362637533 4.333425312111767e-11 1
3 117 140 965.3989234150779 4.349810259364049e-11 1
3 117 141 965.3723597259122 4.3667175144473395e-11 1
3 117 142 965.3457960367473 4.383875874112781e-11 1
3 117 143 965.7033178644665 4.401168385251205e-11 1
3 117 144 966.8044554025571 4.418686959898273e-11 1
3 117 145 967.9482003114334 4.436492689539536e-11 1
3 117 146 969.0919452203761 4.454442501236855e-11 1
3 117 147 970.2364454337088 4.472597259647042e-11 1
3 117 148 971.3840917965236 4.4911046025253727e-11 1
3 117 149 972.5319773495069 4.509574436438392e-11 1
3 117 150 973.6798629025127 4.528196813441759e-11 1
3 117 151 974.7989365084816 4.547161747251144e-11 1
3 117 152 975.2317308123232 4.5663627985913135e-11 1
3 117 153 975.6026997137059 4.5858056425282536e-11 1
3 117 154 975.9736686150596 4.60639625622806e-11 1
3 117 155 976.3446375164174 4.6270929183835836e-11 1
3 117 156 976.9333667935233 4.6475616938491716e-11 1
3 117 157 977.5798533028758 4.6683079271506915e-11 1
3 117 158 978.2263398122466 4.690910004890216e-11 1
3 117 159 978.8728263216112 4.712944801749511e-11 1
3 117 160 979.29484657116 4.735187585436894e-11 1
3 117 161 979.5811667636649 4.758186867179636e-11 1
3 117 162 979.8674869561617 4.781633104021788e-11 1
3 117 163 980.1538071486806 4.805395973870825e-11 1
3 117 164 980.2007966616071 4.829782111612511e-11 1
3 117 165 979.9623731901538 4.8540111324678963e-11 1
3 117 166 979.723949718687 4.878484472942921e-11 1
3 117 167 979.4855262472337 4.902966481732043e-11 1
3 117 168 979.1432568705078 4.9266091189792456e-11 1
3 117 169 978.5454451190278 4.9507737388935423e-11 1
3 117 170 977.947633367565 4.97517657827395e-11 1
3 117 171 977.3498216160558 4.998752669345271e-11 1
3 117 172 976.7435871268567 5.022303149121179e-11 1
3 117 173 976.1067488266591 5.0460818893661616e-11 1
3 117 174 975.4666401101983 5.0696408649431116e-11 1
3 117 175 974.8265313938233 5.092683545596178e-11 1
3 117 176 974.2312544962275 5.115936651217625e-11 1
3 117 177 973.8567326894771 5.139473352224097e-11 1
3 117 178 973.5417806827692 5.162351021070071e-11 1
3 117 179 973.226828676068 5.185236740224072e-11 1
3 117 180 972.8979132706351 5.2083262767444594e-11 1
3 117 181 972.4542474889324 5.230906639842681e-11 1
3 117 182 971.958126265242 5.2533922237769384e-11 1
3 117 183 971.4620050415459 5.2761265586293974e-11 1
3 117 184 970.9746811182821 5.2989000143108806e-11 1
3 117 185 970.7961472208153 5.320935614962373e-11 1
3 117 186 970.826116285823 5.3431552520635485e-11 1
3 117 187 970.8560853508302 5.36606234177893e-11 1
3 117 188 970.8860544158381 5.3881887852220264e-11 1
3 117 189 970.9302343990976 5.409918931399461e-11 1
3 117 190 970.98992420573 5.4318250592753295e-11 1
3 117 191 971.0501230483989 5.453146996637571e-11 1
3 117 192 971.110321891063 5.474326849120168e-11 1
3 117 193 971.2451578845103 5.4957877214545686e-11 1
3 117 194 971.5245589408142 5.517797962623594e-11 1
3 117 195 971.8132275976676 5.538612698742584e-11 1
3 117 196 972.1018962545289 5.559258775746171e-11 1
3 117 197 972.5664071975991 5.5799941818149386e-11 1
3 117 198 973.7502280022946 5.599514841224456e-11 1
3 117 199 974.9960132040234 5.6191725595165656e-11 1
3 117 200 976.2417984057181 5.639335568475138e-11 1
3 117 201 977.4553326654219 5.658978679890008e-11 1
3 117 202 977.9884759854546 5.677389991770782e-11 1
3 117 203 978.4516803336402 5.695895320585901e-11 1
3 117 204 978.9148846818387 5.7138627566963245e-11 1
3 117 205 979.3780890300319 5.7308579938265496e-11 1
3 117 206 980.1391248243837 5.7479546333797965e-11 1
3 117 207 980.9818761058335 5.7659085168459616e-11 1
3 117 208 981.8246273872605 5.7820993486591146e-11 1
3 117 209 982.6673786687528 5.7977873463402253e-11 1
3 117 210 983.5223735128974 5.8135607050045606e-11 1
3 117 211 984.3849503798373 5.828023045403818e-11 1
3 117 212 985.2475272468245 5.841990857921149e-11 1
3 117 213 986.1101041137647 5.856160693231469e-11 1
3 117 214 987.1600844613517 5.870266098032324e-11 1
3 117 215 988.4387206280906 5.882569159235047e-11 1
3 117 216 989.7173567948596 5.894923898918498e-11 1
3 117 217 990.9959929615987 5.908297442241329e-11 1
3 117 218 992.1453403194201 5.919919023496878e-11 1
3 117 219 992.9675869907851 5.930688679594243e-11 1
3 117 220 993.7898336620863 5.941497591931463e-11 1
3 117 221 994.6120803333333 5.951172312840605e-11 1
3 117 222 995.438472820226 5.960403338700972e-11 1
3 117 223 996.2806937855512 5.969793339154983e-11 1
3 117 224 997.1245506057988 5.979520979528857e-11 1
3 117 225 997.9684074260366 5.987576784158141e-11 1
3 117 226 998.7635540835752 5.995303344607584e-11 1
3 117 227 999.3096158831622 6.00298568542795e-11 1
3 117 228 999.7883493310463 6.009344985045889e-11 1
3 117 229 1000.2670827789675 6.015717772478131e-11 1
3 117 230 1000.7756263218052 6.022447303972719e-11 1
3 117 231 1001.5335827815848 6.028561693532615e-11 1
3 117 232 1002.4075650944513 6.033626626791899e-11 1
3 117 233 1003.2815474072711 6.038681937434885e-11 1
3 117 234 1004.1465594085945 6.043278012675092e-11 1
3 117 235 1004.7212211907633 6.047113902295309e-11 1
3 117 236 1005.0936981243505 6.050954664567295e-11 1
3 117 237 1005.4661750579577 6.055158924347356e-11 1
3 117 238 1005.8386519915548 6.05823529556758e-11 1
3 117 239 1006.1798335091088 6.060990221949261e-11 1
3 118 61 976.2067704291927 4.611439574862343e-11 1
3 118 62 976.8332271155953 4.5994549336495706e-11 1
3 118 63 975.5684901302662 4.576177641372474e-11 1
3 118 64 975.5255705983678 4.551138376091688e-11 1
3 118 65 976.8977978346996 4.531245480817762e-11 1
3 118 66 977.235782192442 4.5164834314948244e-11 1
3 118 67 977.911750907932 4.506137952169684e-11 1
3 118 68 978.1719954535093 4.49696042139822e-11 1
3 118 69 978.251091568906 4.48827085218999e-11 1
3 118 70 978.3301876843074 4.479614800282574e-11 1
3 118 71 978.409283799704 4.470608148619815e-11 1
3 118 72 978.4333480283765 4.461483281590513e-11 1
3 118 73 978.2748900053808 4.452326568406413e-11 1
3 118 74 978.0957789535946 4.442529843285812e-11 1
3 118 75 977.9166679018114 4.4328129233090265e-11 1
3 118 76 977.7462582459622 4.423313936442577e-11 1
3 118 77 977.6159238861579 4.413830087634169e-11 1
3 118 78 977.4963136116052 4.403857260500131e-11 1
3 118 79 977.3767033370515 4.393929397973687e-11 1
3 118 80 977.2966718177686 4.383935954985354e-11 1
3 118 81 977.5336935611215 4.3739273868670935e-11 1
3 118 82 977.910049254431 4.363951112402572e-11 1
3 118 83 978.2864049477084 4.354019046369892e-11 1
3 118 84 978.6618393957872 4.3442119875225785e-11 1
3 118 85 978.9969889807221 4.334480378038233e-11 1
3 118 86 979.3066587734631 4.3247366496199196e-11 1
3 118 87 979.6163285662284 4.3150590385179314e-11 1
3 118 88 979.9259983589697 4.3058350231876816e-11 1
3 118 89 980.0657929340196 4.296525395324895e-11 1
3 118 90 980.0254467953517 4.287255937226022e-11 1
3 118 91 979.9801425539754 4.278397645812245e-11 1
3 118 92 979.9348383125975 4.26972517140808e-11 1
3 118 93 979.8605169465872 4.261092632355762e-11 1
3 118 94 979.7299737583688 4.252617899776277e-11 1
3 118 95 979.5966075230391 4.244397153059985e-11 1
3 118 96 979.4632412877136 4.236252008191902e-11 1
3 118 97 979.3561725397433 4.228167475372984e-11 1
3 118 98 979.3608124511392 4.220725315908791e-11 1
3 118 99 979.3728075762926 4.2133093088723654e-11 1
3 118 100 979.3848027014471 4.2058475211624305e-11 1
3 118 101 979.4074691405975 4.199286207584898e-11 1
3 118 102 979.7224781208625 4.1931321098853574e-11 1
3 118 103 980.0601522598428 4.186955332397194e-11 1
3 118 104 980.3978263988126 4.180988393334375e-11 1
3 118 105 980.7355005378087 4.1761932438034576e-11 1
3 118 106 981.1215814293345 4.1716068783971946e-11 1
3 118 107 981.5200654745455 4.1671115872245284e-11 1
3 118 108 981.9185495197802 4.164313834948571e-11 1
3 118 109 982.3170335649911 4.161519836911452e-11 1
3 118 110 982.6995699230309 4.158483202581637e-11 1
3 118 111 983.0726957089 4.1566564692907956e-11 1
3 118 112 983.4458214947757 4.1558677462856636e-11 1
3 118 113 983.8189472806447 4.15509150788611e-11 1
3 118 114 984.207875789558 4.1550023428688325e-11 1
3 118 115 984.6152246505992 4.156269605278292e-11 1
3 118 116 985.0225735116087 4.157668152448336e-11 1
3 118 117 985.4299223726217 4.159166157030653e-11 1
3 118 118 985.7434610731724 4.162592940010983e-11 1
3 118 119 985.8323966009592 4.1657275481971446e-11 1
3 118 120 985.9213321287485 4.1688668809256365e-11 1
3 118 121 986.0102676565372 4.173052772716666e-11 1
3 118 122 986.110438115385 4.177668684284264e-11 1
3 118 123 986.2495616171208 4.18239470150886e-11 1
3 118 124 986.3929752490933 4.188640767279093e-11 1
3 118 125 986.5363888810772 4.1954334423643635e-11 1
3 118 126 986.684203811487 4.201831899302214e-11 1
3 118 127 986.8529494583205 4.2084029547121864e-11 1
3 118 128 987.0273243280448 4.217793608142411e-11 1
3 118 129 987.2016991977451 4.2262962581890195e-11 1
3 118 130 987.4030150780034 4.234833258466369e-11 1
3 118 131 987.8225561943907 4.244858641451601e-11 1
3 118 132 988.3399805705551 4.2555216241515656e-11 1
3 118 133 988.8574049467096 4.2664040314745e-11 1
3 118 134 989.3701866992648 4.279158455097513e-11 1
3 118 135 989.7030813631341 4.292173095125781e-11 1
3 118 136 989.9183435918987 4.3048256047514363e-11 1
3 118 137 990.1336058206655 4.317658355077709e-11 1
3 118 138 990.3488680494385 4.332485645394158e-11 1
3 118 139 990.5555563315476 4.346736499578551e-11 1
3 118 140 990.7530263069987 4.361081413884639e-11 1
3 118 141 990.9502161695655 4.376247546141588e-11 1
3 118 142 991.1474060321266 4.391814844519363e-11 1
3 118 143 991.3326739850743 4.407583579266389e-11 1
3 118 144 991.4948603092714 4.424100439465605e-11 1
3 118 145 991.6557241123239 4.440677654632464e-11 1
3 118 146 991.8165879153858 4.4573795675257695e-11 1
3 118 147 992.006093333665 4.474650771032639e-11 1
3 118 148 992.3149026977833 4.4922144579679864e-11 1
3 118 149 992.6327823024334 4.509641224019641e-11 1
3 118 150 992.9506619070897 4.527203724857347e-11 1
3 118 151 993.2626754648737 4.545168970179615e-11 1
3 118 152 993.4349641179998 4.5630507726507546e-11 1
3 118 153 993.5946652598419 4.5810642681220396e-11 1
3 118 154 993.7543664016715 4.599124388058967e-11 1
3 118 155 993.9140675435028 4.6171687025436106e-11 1
3 118 156 994.0989960954482 4.6353551657268107e-11 1
3 118 157 994.2906157884153 4.653891639132121e-11 1
3 118 158 994.4822354813876 4.67224199895819e-11 1
3 118 159 994.6738551743583 4.6903712595255517e-11 1
3 118 160 994.8342892965455 4.7086417586520816e-11 1
3 118 161 994.9758703236814 4.7268278142990134e-11 1
3 119 54 971.5228391543343 5.047679805603366e-11 1
3 119 55 973.6234403900388 4.974133270461875e-11 1
3 119 56 975.1161309757424 4.843494349244549e-11 1
3 119 57 975.7686679345849 4.6982271592989194e-11 1
3 119 58 977.1727473567996 4.596838246760125e-11 1
3 119 59 979.1129802920128 4.560881382306522e-11 1
3 119 60 980.7761213935137 4.576137329103683e-11 1
3 119 61 981.9759801371617 4.5858073737847694e-11 1
3 119 62 983.6114999135559 4.5827148782013514e-11 1
3 119 63 984.7564524181589 4.56947313804617e-11 1
3 119 64 985.356733018051 4.554147147032457e-11 1
3 119 65 985.9407999917601 4.541488090501493e-11 1
3 119 66 986.0004577824513 4.532160975210509e-11 1
3 119 67 986.119773363835 4.5261981359484e-11 1
3 119 68 986.2295840701867 4.520496694425213e-11 1
3 119 69 986.4562605329019 4.5155209856072754e-11 1
3 119 70 986.6829369956309 4.510556218267304e-11 1
3 119 71 986.909613458346 4.5046161771894396e-11 1
3 119 72 987.1056197398832 4.49947503654341e-11 1
3 119 73 987.1999033500388 4.4943790275081975e-11 1
3 119 74 987.2826766854695 4.4890312366316965e-11 1
3 119 75 987.3654500208986 4.483265908785096e-11 1
3 119 76 987.4511004173124 4.4775153709316474e-11 1
3 119 77 987.5500014544095 4.470816752391915e-11 1
3 119 78 987.6524483417882 4.4633192911390235e-11 1
3 119 79 987.7548952291677 4.4565903545696324e-11 1
3 120 48 963.790316346851 4.985848028599116e-11 1
3 120 49 964.7763705928847 5.053262264656096e-11 1
3 120 50 965.8986057841153 5.091163691293989e-11 1
3 120 51 967.363535400743 5.1003720171872945e-11 1
3 120 52 969.1828848398693 5.080144189089031e-11 1
3 120 53 971.226086993089 5.0322989994860605e-11 1
3 120 54 973.4492638260775 4.953672941818419e-11 1
3 120 55 975.0399969500033 4.836684038733715e-11 1
3 120 56 976.3691283969092 4.691968403200014e-11 1
3 120 57 978.2974545764264 4.5763896178979944e-11 1
3 121 48 964.0958311748677 5.002390227690831e-11 1
3 121 49 965.5567093948404 5.071938686424999e-11 1
3 121 50 966.6496564767398 5.100657955784175e-11 1
3 121 51 967.8938217050012 5.089514602766e-11 1
