4 19 27 994.8190226026862 5.1003088278201924e-11 1
4 20 17 918.0522379347262 1.8495888104119484e-11 1
4 20 18 925.9305338331562 1.8255565855051855e-11 1
4 20 19 933.3596109815962 1.843397025261293e-11 1
4 20 20 944.6562418409762 1.9627136506441836e-11 1
4 20 21 949.2410807081562 2.19110703301415e-11 1
4 20 22 968.8633951612862 2.4902343258559568e-11 1
4 20 23 997.8356241651862 2.7745815462468485e-11 1
4 20 24 1009.7430338331562 2.946467908827312e-11 1
4 20 25 1013.7418131300362 3.074488407758902e-11 1
4 20 26 1019.2909464308162 3.518098562398329e-11 1
4 20 27 1029.4352335401861 4.5826023584911396e-11 1
4 21 11 963.4796671339362 1.9074575773860805e-11 1
4 21 12 969.6177286573762 1.91218879265004e-11 1
4 21 13 976.4600748487862 1.8789733029720065e-11 1
4 21 14 981.1276773878462 1.8010091103290164e-11 1
4 21 15 984.3964762159762 1.7607359325968274e-11 1
4 21 16 988.9596476026862 1.718508262664109e-11 1
4 21 17 992.3895182081562 1.696832305820207e-11 1
4 21 18 995.4815592237862 1.6881594372801875e-11 1
