1 98 267 988.269495598967 4.8906941504865306e-11 1
1 98 268 1007.988794915367 4.3456486766929615e-11 1
1 98 269 1030.275782220057 3.4062214759519676e-11 1
1 98 270 1024.438807122397 3.092874486475607e-11 1
1 99 206 967.010462395837 6.799148611694095e-11 1
1 99 207 967.010462395837 6.758101306040419e-11 1
1 99 208 967.010462395837 6.718632950494957e-11 1
1 99 209 967.010462395837 6.679622920841546e-11 1
1 99 210 969.996668450527 6.328029709131783e-11 1
1 99 211 969.996668450527 6.295788031823573e-11 1
1 99 212 969.996668450527 6.263873235458784e-11 1
1 99 213 969.996668450527 6.232616798646495e-11 1
1 99 214 972.804468743497 5.944980704662133e-11 1
1 99 215 972.804468743497 5.918669845663407e-11 1
1 99 216 972.804468743497 5.892590849836615e-11 1
1 99 217 972.804468743497 5.867678488530815e-11 1
1 99 218 972.804468743497 5.844223071992524e-11 1
1 99 219 974.802698723967 5.6564698627447024e-11 1
1 99 220 974.802698723967 5.635385413136067e-11 1
1 99 221 974.802698723967 5.6157326696400596e-11 1
1 99 222 974.802698723967 5.596216523039147e-11 1
1 99 223 981.718714348967 5.0866884051208334e-11 1
1 99 224 981.718714348967 5.072473434318444e-11 1
1 99 225 981.718714348967 5.0580801426161104e-11 1
1 99 226 981.718714348967 5.0437683025645497e-11 1
1 99 227 984.732020013027 4.846766115132367e-11 1
1 99 228 984.732020013027 4.835159353838546e-11 1
1 99 229 984.732020013027 4.823422191115009e-11 1
1 99 230 984.732020013027 4.8118593102462326e-11 1
1 99 231 989.061976067717 4.5642506623134726e-11 1
1 99 232 989.061976067717 4.55491088010597e-11 1
1 99 233 989.061976067717 4.5458649143616616e-11 1
1 99 234 989.061976067717 4.537862904107814e-11 1
1 99 235 993.940210930997 4.2925205699692524e-11 1
1 99 236 993.940210930997 4.285168065521875e-11 1
1 99 237 993.940210930997 4.27820400002041e-11 1
1 99 238 993.940210930997 4.2717480977338646e-11 1
1 99 239 1003.620691888027 3.8662186389183496e-11 1
1 99 240 1003.620691888027 3.861246235739157e-11 1
1 99 241 1003.620691888027 3.8566333430652113e-11 1
1 99 242 1003.620691888027 3.85203145895527e-11 1
1 99 243 1003.620691888027 3.8475796103733485e-11 1
1 99 244 1007.284815423177 3.712985033347534e-11 1
1 99 245 1007.284815423177 3.709297484269809e-11 1
1 99 246 1007.284815423177 3.705617252499644e-11 1
1 99 247 1007.284815423177 3.702256317165426e-11 1
1 99 248 1010.469568841147 3.593351645967267e-11 1
1 99 249 1010.469568841147 3.590400482360898e-11 1
1 99 250 1010.469568841147 3.587501295264701e-11 1
1 99 251 1010.469568841147 3.585060932067136e-11 1
1 99 252 1013.704249016927 3.4817519407108756e-11 1
1 99 253 1013.704249016927 3.479530398812556e-11 1
1 99 254 1013.704249016927 3.4777238405312526e-11 1
1 99 255 1013.704249016927 3.47589224019589e-11 1
1 99 256 1018.686548821617 3.329968015231187e-11 1
1 99 257 1018.686548821617 3.3285196666624586e-11 1
1 99 258 1018.686548821617 3.3269884639758614e-11 1
1 99 259 1020.899378411467 3.264706959341344e-11 1
1 99 260 1020.899378411467 3.2624368922859955e-11 1
1 99 261 1023.155603997397 3.2017623149496786e-11 1
1 99 262 1024.492762200527 3.168173820728337e-11 1
1 99 263 1025.611658684897 3.144589631238691e-11 1
1 99 264 1027.509119622397 3.104955916637985e-11 1
1 99 265 1030.399378411467 3.0450099409905147e-11 1
1 99 266 1033.339136712247 3.057403399537252e-11 1
1 99 267 1035.401819817717 3.217619925519779e-11 1
1 99 268 1040.131250970057 3.366183965939612e-11 1
1 100 43 983.202967278647 6.854436677272719e-11 1
1 100 44 983.400538079427 6.850447624413491e-11 1
1 100 45 983.400538079427 6.870143136489279e-11 1
1 100 46 983.400538079427 6.88995840395918e-11 1
1 100 47 983.400538079427 6.910760703940534e-11 1
1 100 48 985.844202630217 6.651078323728678e-11 1
1 100 49 985.844202630217 6.671445195256589e-11 1
1 100 50 985.844202630217 6.69209483838006e-11 1
1 100 51 985.844202630217 6.714403857249278e-11 1
1 100 52 985.677393548177 6.755842142171107e-11 1
1 100 53 985.677393548177 6.778803187192255e-11 1
1 100 54 985.677393548177 6.8037904748191e-11 1
1 100 55 985.677393548177 6.828601573776704e-11 1
1 100 56 984.378687493497 7.009571349012568e-11 1
1 100 57 984.378687493497 7.03678032557876e-11 1
1 100 58 984.378687493497 7.06537912777293e-11 1
1 100 59 984.378687493497 7.09421134044149e-11 1
1 100 60 982.089502923177 7.427275806923855e-11 1
1 100 61 982.089502923177 7.46185999218983e-11 1
1 100 62 982.089502923177 7.496767758076175e-11 1
1 100 63 982.089502923177 7.532641957046839e-11 1
1 100 64 981.035425774747 7.725544421135225e-11 1
1 100 65 981.035425774747 7.765543756792599e-11 1
1 100 66 981.035425774747 7.805959444663165e-11 1
1 100 67 981.035425774747 7.847785571378178e-11 1
1 100 68 981.035425774747 7.891400991976315e-11 1
1 100 69 983.904932610677 7.508087589901125e-11 1
1 100 70 983.904932610677 7.549325221754723e-11 1
1 100 71 983.904932610677 7.591360400827674e-11 1
1 100 72 983.904932610677 7.633866310688906e-11 1
1 100 73 985.063990227867 7.510518234443423e-11 1
1 100 74 985.063990227867 7.553714570606841e-11 1
1 100 75 985.063990227867 7.596276853456032e-11 1
1 100 76 985.063990227867 7.639321498492023e-11 1
1 100 77 984.891138665367 7.70801059872965e-11 1
1 100 78 984.891138665367 7.751297513805775e-11 1
1 100 79 984.891138665367 7.795073358971023e-11 1
1 100 80 984.891138665367 7.839873440501507e-11 1
1 100 81 984.369593255217 7.964844994072344e-11 1
1 100 82 984.369593255217 8.0093403689405e-11 1
1 100 83 984.369593255217 8.054335680927316e-11 1
1 100 84 984.369593255217 8.096978059621564e-11 1
1 100 85 982.817957513027 8.405548360763689e-11 1
1 100 86 982.817957513027 8.452063816616655e-11 1
1 100 87 982.817957513027 8.497409111550446e-11 1
1 100 88 982.817957513027 8.540957374773671e-11 1
1 100 89 985.929102532557 8.047595468206967e-11 1
1 100 90 985.929102532557 8.084904439747834e-11 1
1 100 91 985.929102532557 8.11957298678944e-11 1
1 100 92 985.929102532557 8.155828476652565e-11 1
1 100 93 985.929102532557 8.192409194504288e-11 1
1 100 94 987.631067864587 7.946852480776499e-11 1
1 100 95 987.631067864587 7.978284657629973e-11 1
1 100 96 987.631067864587 8.009966469172164e-11 1
1 100 97 987.631067864587 8.039684307371705e-11 1
1 100 98 986.827601067717 8.20125587232395e-11 1
1 100 99 986.827601067717 8.231888373003668e-11 1
1 100 100 986.827601067717 8.26255834731091e-11 1
1 100 101 986.827601067717 8.291589475859291e-11 1
1 100 102 982.926111809897 9.055783939542892e-11 1
1 100 103 982.926111809897 9.088466884472106e-11 1
1 100 104 982.926111809897 9.120738541496575e-11 1
1 100 105 982.926111809897 9.153736096554437e-11 1
1 100 106 985.577234856777 8.658908668191848e-11 1
1 100 107 985.577234856777 8.683150063046412e-11 1
1 100 108 985.577234856777 8.710128294969219e-11 1
1 100 109 985.577234856777 8.738958056329494e-11 1
1 100 110 987.990625970057 8.327440925349006e-11 1
1 100 111 987.990625970057 8.353738071323227e-11 1
1 100 112 987.990625970057 8.380201830454626e-11 1
1 100 113 987.990625970057 8.404021903051861e-11 1
1 100 114 991.424402825527 7.860603359699476e-11 1
1 100 115 991.424402825527 7.883982188749822e-11 1
1 100 116 991.424402825527 7.90697503503915e-11 1
1 100 117 991.424402825527 7.928277285770468e-11 1
1 100 118 991.424402825527 7.94964037538366e-11 1
1 100 119 994.352625481777 7.531159634229326e-11 1
1 100 120 994.352625481777 7.549407318116918e-11 1
1 100 121 994.352625481777 7.562338552659971e-11 1
1 100 122 994.352625481777 7.575314162538347e-11 1
1 100 123 994.587793938807 7.554608353529213e-11 1
1 100 124 994.587793938807 7.561825047385237e-11 1
1 100 125 994.587793938807 7.566804281735525e-11 1
1 100 126 994.587793938807 7.571790077758586e-11 1
1 100 127 995.647547356777 7.424552931143888e-11 1
1 100 128 995.647547356777 7.420839059865878e-11 1
1 100 129 995.647547356777 7.416586300263366e-11 1
1 100 130 995.647547356777 7.411553243190533e-11 1
1 100 131 995.487330071617 7.420962035123519e-11 1
1 100 132 995.487330071617 7.408346069410014e-11 1
1 100 133 995.487330071617 7.39644975572194e-11 1
1 100 134 995.487330071617 7.377929020787861e-11 1
1 100 135 996.789820305997 7.185075071893272e-11 1
1 100 136 996.789820305997 7.165593838388446e-11 1
1 100 137 996.789820305997 7.143955026998927e-11 1
1 100 138 996.789820305997 7.117633872169443e-11 1
1 100 139 997.801539055997 6.966266105065072e-11 1
1 100 140 997.801539055997 6.940478816638812e-11 1
1 100 141 997.801539055997 6.910121189946142e-11 1
1 100 142 997.801539055997 6.879637420286781e-11 1
1 100 143 997.801539055997 6.84942142561763e-11 1
1 100 144 999.050379388027 6.674073947105122e-11 1
1 100 145 999.050379388027 6.641428479765533e-11 1
1 100 146 999.050379388027 6.609166350313602e-11 1
1 100 147 999.050379388027 6.575849278680242e-11 1
1 100 148 999.714869134117 6.470321678114304e-11 1
1 100 149 999.714869134117 6.436215552065606e-11 1
1 100 150 999.714869134117 6.402589132913967e-11 1
1 100 151 999.714869134117 6.36668477422405e-11 1
1 100 152 1000.840784661467 6.219991213345254e-11 1
1 100 153 1000.840784661467 6.185766319743543e-11 1
1 100 154 1000.840784661467 6.150275968844064e-11 1
1 100 155 1000.840784661467 6.114680295695648e-11 1
1 100 156 1004.552027337247 5.7549911983723327e-11 1
1 100 157 1004.552027337247 5.723906054407604e-11 1
1 100 158 1004.552027337247 5.691981258336112e-11 1
1 100 159 1004.552027337247 5.660207871743477e-11 1
1 100 160 1006.440027825527 5.483023384741365e-11 1
1 100 161 1006.440027825527 5.452594765498656e-11 1
1 100 162 1006.440027825527 5.4225020160044466e-11 1
1 100 163 1006.440027825527 5.3929148595708756e-11 1
1 100 164 1007.152735345057 5.3120309710222745e-11 1
1 100 165 1007.152735345057 5.282504928840589e-11 1
1 100 166 1007.152735345057 5.253305303531256e-11 1
1 100 167 1007.152735345057 5.223813974075118e-11 1
1 100 168 1007.152735345057 5.194034176823299e-11 1
1 100 169 1007.803309075527 5.121657452656975e-11 1
1 100 170 1007.803309075527 5.0930107250124065e-11 1
1 100 171 1007.803309075527 5.063708279476507e-11 1
1 100 172 1007.803309075527 5.0347410861150985e-11 1
1 100 173 1007.572535149747 5.020509192425617e-11 1
1 100 174 1007.572535149747 4.991461366948326e-11 1
1 100 175 1007.572535149747 4.96262815818924e-11 1
1 100 176 1007.572535149747 4.9341565206388484e-11 1
1 100 177 1006.539698235677 4.9691488087279476e-11 1
1 100 178 1006.539698235677 4.940632685502163e-11 1
1 100 179 1006.539698235677 4.912345596225732e-11 1
1 100 180 1006.539698235677 4.8844057995636324e-11 1
1 100 181 1004.942896477867 4.95305885388594e-11 1
1 100 182 1004.942896477867 4.9249028218637044e-11 1
1 100 183 1004.942896477867 4.897182132180316e-11 1
1 100 184 1004.942896477867 4.869941745230448e-11 1
1 100 185 1002.594324700527 4.984763686742935e-11 1
1 100 186 1002.594324700527 4.9565792562912166e-11 1
1 100 187 1002.594324700527 4.92887234840683e-11 1
1 100 188 1002.594324700527 4.901566074917225e-11 1
1 100 189 1000.352381341147 5.011480464004593e-11 1
1 100 190 1000.352381341147 4.983299621419791e-11 1
1 100 191 1000.352381341147 4.955713923597607e-11 1
1 100 192 1000.352381341147 4.9284204591700516e-11 1
1 100 193 1000.352381341147 4.9014259841448525e-11 1
1 100 194 1001.829737298177 4.7888513836242554e-11 1
1 100 195 1001.829737298177 4.76376845456289e-11 1
1 100 196 1001.829737298177 4.738946913916667e-11 1
1 100 197 1001.829737298177 4.714646119589936e-11 1
1 100 198 1001.130457513027 4.729683549884215e-11 1
1 100 199 1001.130457513027 4.7057623480898776e-11 1
1 100 200 1001.130457513027 4.6821422073693016e-11 1
1 100 201 1001.130457513027 4.6593342247580755e-11 1
1 100 202 1000.039454095057 4.696138345201156e-11 1
1 100 203 1000.039454095057 4.673259686581323e-11 1
1 100 204 1000.039454095057 4.651257275203462e-11 1
1 100 205 1000.039454095057 4.6295361693725957e-11 1
1 100 206 1005.428797356777 4.338649903690421e-11 1
1 100 207 1005.428797356777 4.320049212514964e-11 1
1 100 208 1005.428797356777 4.3020124731551895e-11 1
1 100 209 1005.428797356777 4.284125718821226e-11 1
1 100 210 1007.672510735677 4.166888669847169e-11 1
1 100 211 1007.672510735677 4.150993606015943e-11 1
1 100 212 1007.672510735677 4.135094942436403e-11 1
1 100 213 1007.672510735677 4.119317600689659e-11 1
1 100 214 1010.748560540367 3.994039656396602e-11 1
1 100 215 1010.748560540367 3.994039656396602e-11 1
1 100 216 1010.748560540367 3.927681657374407e-11 1
1 100 217 1010.748560540367 3.927681657374407e-11 1
1 100 218 1010.748560540367 3.927681657374407e-11 1
1 100 219 1012.939966790367 3.8051155626186356e-11 1
1 100 220 1012.939966790367 3.8051155626186356e-11 1
1 100 221 1012.939966790367 3.8051155626186356e-11 1
1 100 222 1012.939966790367 3.768583141318065e-11 1
1 100 223 1018.142908684897 3.592482187239519e-11 1
1 100 224 1018.142908684897 3.592482187239519e-11 1
1 100 225 1018.142908684897 3.562153424365739e-11 1
1 100 226 1018.142908684897 3.562153424365739e-11 1
1 100 227 1019.335047356777 3.524733262411194e-11 1
1 100 228 1019.335047356777 3.524733262411194e-11 1
1 100 229 1019.335047356777 3.4976727901912105e-11 1
1 100 230 1019.335047356777 3.4976727901912105e-11 1
1 100 231 1020.018885247397 3.476882413827276e-11 1
1 100 232 1020.018885247397 3.452663122475002e-11 1
1 100 233 1020.018885247397 3.452663122475002e-11 1
1 100 234 1020.018885247397 3.452663122475002e-11 1
1 100 235 1020.996302239587 3.402314795106338e-11 1
1 100 236 1020.996302239587 3.402314795106338e-11 1
1 100 237 1020.996302239587 3.402314795106338e-11 1
1 100 238 1020.996302239587 3.402314795106338e-11 1
1 100 239 1021.920069329427 3.375789977402536e-11 1
1 100 240 1021.920069329427 3.375789977402536e-11 1
1 100 241 1021.920069329427 3.375789977402536e-11 1
1 100 242 1021.920069329427 3.375789977402536e-11 1
1 100 243 1021.920069329427 3.3301202199011177e-11 1
1 100 244 1023.058619134117 3.2988511706503137e-11 1
1 100 245 1023.058619134117 3.2850075914672475e-11 1
1 100 246 1023.058619134117 3.2850075914672475e-11 1
1 101 24 978.993433587247 4.770294088069093e-11 1
1 101 25 980.299708001307 4.7344283215779755e-11 1
1 101 26 983.352503411467 4.693193993227221e-11 1
1 101 27 986.977625481777 4.749434680231474e-11 1
1 101 28 990.996302239587 4.969114222100192e-11 1
1 101 29 992.566492669277 5.384963390702791e-11 1
1 101 30 994.446619622397 5.538317776326991e-11 1
1 101 31 996.130823723967 5.553993076542046e-11 1
1 101 32 996.380396477867 5.612846436270707e-11 1
1 101 33 996.808252923177 5.626699976112709e-11 1
1 101 34 997.145472161467 5.632747777068023e-11 1
1 101 35 998.044764153647 5.5847079847497745e-11 1
1 101 36 998.044764153647 5.6001897636914115e-11 1
1 101 37 998.044764153647 5.612980306535098e-11 1
1 101 38 998.044764153647 5.626291665505752e-11 1
1 101 39 998.422266595057 5.609808277698206e-11 1
1 101 40 998.422266595057 5.6229845169775005e-11 1
1 101 41 998.422266595057 5.636938272411935e-11 1
1 101 42 998.422266595057 5.6509614542050593e-11 1
1 101 43 998.422266595057 5.665018550477066e-11 1
1 101 44 998.663111321617 5.660032165093942e-11 1
1 101 45 998.663111321617 5.674533213382669e-11 1
1 101 46 998.663111321617 5.689108756133342e-11 1
1 101 47 998.663111321617 5.703749188853937e-11 1
1 101 48 998.891382805997 5.6999507326762085e-11 1
1 101 49 998.891382805997 5.7147798985093126e-11 1
1 101 50 998.891382805997 5.729667939811803e-11 1
1 101 51 998.891382805997 5.744498287864094e-11 1
1 101 52 1000.346094720057 5.641322999342973e-11 1
1 101 53 1000.346094720057 5.655776539025512e-11 1
1 101 54 1000.346094720057 5.6705248647512583e-11 1
1 101 55 1000.346094720057 5.6854201017321373e-11 1
1 101 56 1000.906031243497 5.655226621499648e-11 1
1 101 57 1000.906031243497 5.670108853566766e-11 1
1 101 58 1000.906031243497 5.666307277161434e-11 1
1 101 59 1000.906031243497 5.666307277161434e-11 1
1 101 60 1001.059778802087 5.692777965502576e-11 1
1 101 61 1001.059778802087 5.692777965502576e-11 1
1 101 62 1001.059778802087 5.747914784637585e-11 1
1 101 63 1001.059778802087 5.747914784637585e-11 1
1 101 64 1001.457300774747 5.7152674278766526e-11 1
1 101 65 1001.457300774747 5.7725914651333224e-11 1
1 101 66 1001.457300774747 5.7725914651333224e-11 1
1 101 67 1001.457300774747 5.7725914651333224e-11 1
1 101 68 1001.457300774747 5.7725914651333224e-11 1
1 101 69 1002.707239739587 5.727464756113134e-11 1
1 101 70 1002.707239739587 5.727464756113134e-11 1
1 101 71 1002.707239739587 5.727464756113134e-11 1
1 101 72 1002.707239739587 5.7857040070695855e-11 1
1 101 73 1002.949549309897 5.7654969283703856e-11 1
1 101 74 1002.949549309897 5.7654969283703856e-11 1
1 101 75 1002.949549309897 5.823160247974893e-11 1
1 101 76 1002.949549309897 5.823160247974893e-11 1
1 101 77 1003.297144524747 5.793841921190034e-11 1
1 101 78 1003.297144524747 5.793841921190034e-11 1
1 101 79 1003.297144524747 5.850107074027135e-11 1
1 101 80 1003.297144524747 5.850107074027135e-11 1
1 101 81 1003.822779290367 5.8054771828346127e-11 1
1 101 82 1003.822779290367 5.8054771828346127e-11 1
1 101 83 1003.822779290367 5.8054771828346127e-11 1
1 101 84 1003.822779290367 5.8054771828346127e-11 1
1 101 85 1004.374353997397 5.759371193653503e-11 1
1 101 86 1004.374353997397 5.887198559102295e-11 1
1 102 24 979.915735833337 4.592504244857009e-11 1
1 102 25 982.059778802087 4.520718696043973e-11 1
1 102 26 984.488184563807 4.544323028587353e-11 1
