4 55 104 975.4083986436024 1.8372260423062345e-11 1
4 55 105 996.0101442490724 1.9845640333342327e-11 1
4 55 106 1019.5034303818824 2.0534329000000592e-11 1
4 55 107 1012.4601564561024 2.195271871572142e-11 1
4 56 79 955.0318117295424 1.002048224845866e-11 1
4 56 80 955.0318117295424 1.0185222143759727e-11 1
4 56 81 958.0180177842324 1.0353140904696422e-11 1
4 56 82 960.8258180772024 1.0522515991026294e-11 1
4 56 83 962.8240480576724 1.0694181001144592e-11 1
4 56 84 969.7400636826724 1.0865354169971832e-11 1
4 56 85 969.7400636826724 1.1035238596841455e-11 1
4 56 86 972.7533693467324 1.1204755074438205e-11 1
4 56 87 977.0833254014224 1.1373548368175559e-11 1
4 56 88 981.9615602647024 1.1537502226478173e-11 1
4 56 89 991.6420412217324 1.1700128936264492e-11 1
4 56 90 991.6420412217324 1.1856838229305817e-11 1
4 56 91 995.3061647568824 1.2007093911450899e-11 1
4 56 92 998.4909181748524 1.2152843435368577e-11 1
4 56 93 1001.7255983506324 1.2293584026110095e-11 1
4 56 94 1006.7078981553224 1.2424095230033457e-11 1
4 56 95 1006.7078981553224 1.2547428946740697e-11 1
4 56 96 1008.9207277451724 1.2660942093321015e-11 1
4 56 97 1011.1769533311024 1.2763950635535526e-11 1
4 56 98 1011.5522585068824 1.2878388617573252e-11 1
4 56 99 1012.5141115342324 1.301949906705244e-11 1
4 56 100 1014.0244264756324 1.3180530586286186e-11 1
4 56 101 1015.5304689561024 1.3389455824813516e-11 1
4 56 102 1018.4207277451724 1.3870949959786833e-11 1
4 56 103 1021.3604860459524 1.5018946707444906e-11 1
4 56 104 1023.7604494248524 1.6887979529096187e-11 1
4 56 105 1028.1526003037625 1.880983371769403e-11 1
4 57 32 971.4218874131324 7.847276977952783e-12 1
4 57 33 973.6987428818824 7.821272425048337e-12 1
4 57 34 972.4000368272024 7.803611380741793e-12 1
4 57 35 972.4000368272024 7.78862182919207e-12 1
4 57 36 970.1108522568824 7.774795363989054e-12 1
4 57 37 969.0567751084524 7.762247519389725e-12 1
4 57 38 971.9262819443824 7.750460664094526e-12 1
4 57 39 973.0853395615724 7.740740118502455e-12 1
4 57 40 973.0853395615724 7.733223591696811e-12 1
4 57 41 972.9124879990724 7.728125194439856e-12 1
4 57 42 972.3909425889224 7.725877146482203e-12 1
4 57 43 970.8393068467324 7.726624841508825e-12 1
4 57 44 973.9504518662624 7.730485541544824e-12 1
4 57 45 973.9504518662624 7.737288156448678e-12 1
4 57 46 975.6524171982924 7.746901412735638e-12 1
4 57 47 974.8489504014224 7.758982341305278e-12 1
4 57 48 970.9474611436024 7.772444028004332e-12 1
4 57 49 973.5985841904824 7.78672084418307e-12 1
4 57 50 973.5985841904824 7.801008390035311e-12 1
4 57 51 976.0119753037624 7.807792136805232e-12 1
4 57 52 979.4457521592324 7.807152769620161e-12 1
4 57 53 982.3739748154824 7.796061218945337e-12 1
4 57 54 982.6091432725124 7.780712697657719e-12 1
4 57 55 982.6091432725124 7.766759978827352e-12 1
4 57 56 983.6688966904824 7.759315550083485e-12 1
4 57 57 983.5086794053224 7.759542560253826e-12 1
4 57 58 984.8111696397024 7.764996934507406e-12 1
4 57 59 985.8228883897024 7.777195682073385e-12 1
4 57 60 985.8228883897024 7.798966588574031e-12 1
4 57 61 987.0717287217324 7.830003961627755e-12 1
4 57 62 987.7362184678224 7.869520549271755e-12 1
4 57 63 988.8621339951724 7.9178651297985e-12 1
4 57 64 992.5733766709524 7.97623937063418e-12 1
4 57 65 992.5733766709524 8.04230839420483e-12 1
4 57 66 994.4613771592324 8.117713333465605e-12 1
4 57 67 995.1740846787624 8.198703340563599e-12 1
4 57 68 995.8246584092324 8.286660411352969e-12 1
4 57 69 995.5938844834524 8.381083078369089e-12 1
4 57 70 995.5938844834524 8.479668990358088e-12 1
4 57 71 994.5610475693824 8.584149418603971e-12 1
4 57 72 992.9642458115724 8.697732697749512e-12 1
4 57 73 990.6156740342324 8.820792449625822e-12 1
4 57 74 988.3737306748524 8.95308115971634e-12 1
4 57 75 988.3737306748524 9.093510260538158e-12 1
4 57 76 989.8510866318824 9.242046320070433e-12 1
4 57 77 989.1518068467324 9.398156501977564e-12 1
4 57 78 988.0608034287624 9.561624981948809e-12 1
4 57 79 993.4501466904824 9.729857865341717e-12 1
4 57 80 993.4501466904824 9.905078341989281e-12 1
4 57 81 995.6938600693824 1.0085024307856674e-11 1
4 57 82 998.7699098740724 1.031207171371261e-11 1
4 57 83 1000.9613161240724 1.0502547271559205e-11 1
4 57 84 1006.1642580186024 1.0698480017892103e-11 1
4 57 85 1006.1642580186024 1.089843581104603e-11 1
4 57 86 1007.3563966904824 1.1100477820555986e-11 1
4 57 87 1008.0402345811024 1.1302788875541688e-11 1
4 57 88 1009.0176515732924 1.1504497016179716e-11 1
4 57 89 1009.9414186631324 1.1504497016179716e-11 1
4 57 90 1009.9414186631324 1.1832924223316465e-11 1
4 57 91 1011.0799684678224 1.2014890279977645e-11 1
4 58 24 967.0147829209524 8.396055338460146e-12 1
4 58 25 968.3210573350124 8.366170373170636e-12 1
4 58 26 971.3738527451724 8.333350066139275e-12 1
4 58 27 974.9989748154824 8.254824535017892e-12 1
4 58 28 979.0176515732924 8.131890057293462e-12 1
4 58 29 980.8571901475124 8.016367056711579e-12 1
4 58 30 984.1521730576724 7.936908412684556e-12 1
4 58 31 986.0661134873524 7.863167216582527e-12 1
4 58 32 986.6844606553224 7.805218345762342e-12 1
4 58 33 988.3674440537624 7.765220841284987e-12 1
4 58 34 988.9273805772024 7.738672714637493e-12 1
4 58 35 988.9273805772024 7.693197138763524e-12 1
4 58 36 989.0811281357924 7.673712651451087e-12 1
4 58 37 989.4786501084524 7.655207295435164e-12 1
4 58 38 990.7285890732924 7.637814500729372e-12 1
4 58 39 990.9708986436024 7.621586198434903e-12 1
4 58 40 990.9708986436024 7.606658147246865e-12 1
4 58 41 991.3184938584524 7.606658147246865e-12 1
4 58 42 991.8441286240724 7.571453163070964e-12 1
4 58 43 992.3957033311024 7.562580596769593e-12 1
4 59 24 967.9370851670424 8.78300276680096e-12 1
4 59 25 970.0811281357924 8.698866649278362e-12 1
4 59 26 972.5095338975124 8.682438385237923e-12 1
