1 98 267 957.4584302253536 4.8906941504865306e-11 1
1 98 268 977.1777295417536 4.3456486766929615e-11 1
1 98 269 999.4647168464436 3.4062214759519676e-11 1
1 98 270 993.6277417487836 3.092874486475607e-11 1
1 99 206 936.1993970222236 6.799148611694095e-11 1
1 99 207 936.1993970222236 6.758101306040419e-11 1
1 99 208 936.1993970222236 6.718632950494957e-11 1
1 99 209 936.1993970222236 6.679622920841546e-11 1
1 99 210 939.1856030769136 6.328029709131783e-11 1
1 99 211 939.1856030769136 6.295788031823573e-11 1
1 99 212 939.1856030769136 6.263873235458784e-11 1
1 99 213 939.1856030769136 6.232616798646495e-11 1
1 99 214 941.9934033698836 5.944980704662133e-11 1
1 99 215 941.9934033698836 5.918669845663407e-11 1
1 99 216 941.9934033698836 5.892590849836615e-11 1
1 99 217 941.9934033698836 5.867678488530815e-11 1
1 99 218 941.9934033698836 5.844223071992524e-11 1
1 99 219 943.9916333503536 5.6564698627447024e-11 1
1 99 220 943.9916333503536 5.635385413136067e-11 1
1 99 221 943.9916333503536 5.6157326696400596e-11 1
1 99 222 943.9916333503536 5.596216523039147e-11 1
1 99 223 950.9076489753536 5.0866884051208334e-11 1
1 99 224 950.9076489753536 5.072473434318444e-11 1
1 99 225 950.9076489753536 5.0580801426161104e-11 1
1 99 226 950.9076489753536 5.0437683025645497e-11 1
1 99 227 953.9209546394136 4.846766115132367e-11 1
1 99 228 953.9209546394136 4.835159353838546e-11 1
1 99 229 953.9209546394136 4.823422191115009e-11 1
1 99 230 953.9209546394136 4.8118593102462326e-11 1
1 99 231 958.2509106941036 4.5642506623134726e-11 1
1 99 232 958.2509106941036 4.55491088010597e-11 1
1 99 233 958.2509106941036 4.5458649143616616e-11 1
1 99 234 958.2509106941036 4.537862904107814e-11 1
1 99 235 963.1291455573836 4.2925205699692524e-11 1
1 99 236 963.1291455573836 4.285168065521875e-11 1
1 99 237 963.1291455573836 4.27820400002041e-11 1
1 99 238 963.1291455573836 4.2717480977338646e-11 1
1 99 239 972.8096265144136 3.8662186389183496e-11 1
1 99 240 972.8096265144136 3.861246235739157e-11 1
1 99 241 972.8096265144136 3.8566333430652113e-11 1
1 99 242 972.8096265144136 3.85203145895527e-11 1
1 99 243 972.8096265144136 3.8475796103733485e-11 1
1 99 244 976.4737500495636 3.712985033347534e-11 1
1 99 245 976.4737500495636 3.709297484269809e-11 1
1 99 246 976.4737500495636 3.705617252499644e-11 1
1 99 247 976.4737500495636 3.702256317165426e-11 1
1 99 248 979.6585034675336 3.593351645967267e-11 1
1 99 249 979.6585034675336 3.590400482360898e-11 1
1 99 250 979.6585034675336 3.587501295264701e-11 1
1 99 251 979.6585034675336 3.585060932067136e-11 1
1 99 252 982.8931836433136 3.4817519407108756e-11 1
1 99 253 982.8931836433136 3.479530398812556e-11 1
1 99 254 982.8931836433136 3.4777238405312526e-11 1
1 99 255 982.8931836433136 3.47589224019589e-11 1
1 99 256 987.8754834480036 3.329968015231187e-11 1
1 99 257 987.8754834480036 3.3285196666624586e-11 1
1 99 258 987.8754834480036 3.3269884639758614e-11 1
1 99 259 990.0883130378536 3.264706959341344e-11 1
1 99 260 990.0883130378536 3.2624368922859955e-11 1
1 99 261 992.3445386237836 3.2017623149496786e-11 1
1 99 262 993.6816968269136 3.168173820728337e-11 1
1 99 263 994.8005933112836 3.144589631238691e-11 1
1 99 264 996.6980542487836 3.104955916637985e-11 1
1 99 265 999.5883130378536 3.0450099409905147e-11 1
1 99 266 1002.5280713386336 3.057403399537252e-11 1
1 99 267 1004.5907544441036 3.217619925519779e-11 1
1 99 268 1009.3201855964436 3.366183965939612e-11 1
1 100 43 952.3919019050336 6.854436677272719e-11 1
1 100 44 952.5894727058136 6.850447624413491e-11 1
1 100 45 952.5894727058136 6.870143136489279e-11 1
1 100 46 952.5894727058136 6.88995840395918e-11 1
1 100 47 952.5894727058136 6.910760703940534e-11 1
1 100 48 955.0331372566036 6.651078323728678e-11 1
1 100 49 955.0331372566036 6.671445195256589e-11 1
1 100 50 955.0331372566036 6.69209483838006e-11 1
1 100 51 955.0331372566036 6.714403857249278e-11 1
1 100 52 954.8663281745636 6.755842142171107e-11 1
1 100 53 954.8663281745636 6.778803187192255e-11 1
1 100 54 954.8663281745636 6.8037904748191e-11 1
1 100 55 954.8663281745636 6.828601573776704e-11 1
1 100 56 953.5676221198836 7.009571349012568e-11 1
1 100 57 953.5676221198836 7.03678032557876e-11 1
1 100 58 953.5676221198836 7.06537912777293e-11 1
1 100 59 953.5676221198836 7.09421134044149e-11 1
1 100 60 951.2784375495636 7.427275806923855e-11 1
1 100 61 951.2784375495636 7.46185999218983e-11 1
1 100 62 951.2784375495636 7.496767758076175e-11 1
1 100 63 951.2784375495636 7.532641957046839e-11 1
1 100 64 950.2243604011336 7.725544421135225e-11 1
1 100 65 950.2243604011336 7.765543756792599e-11 1
1 100 66 950.2243604011336 7.805959444663165e-11 1
1 100 67 950.2243604011336 7.847785571378178e-11 1
1 100 68 950.2243604011336 7.891400991976315e-11 1
1 100 69 953.0938672370636 7.508087589901125e-11 1
1 100 70 953.0938672370636 7.549325221754723e-11 1
1 100 71 953.0938672370636 7.591360400827674e-11 1
1 100 72 953.0938672370636 7.633866310688906e-11 1
1 100 73 954.2529248542536 7.510518234443423e-11 1
1 100 74 954.2529248542536 7.553714570606841e-11 1
1 100 75 954.2529248542536 7.596276853456032e-11 1
1 100 76 954.2529248542536 7.639321498492023e-11 1
1 100 77 954.0800732917536 7.70801059872965e-11 1
1 100 78 954.0800732917536 7.751297513805775e-11 1
1 100 79 954.0800732917536 7.795073358971023e-11 1
1 100 80 954.0800732917536 7.839873440501507e-11 1
1 100 81 953.5585278816036 7.964844994072344e-11 1
1 100 82 953.5585278816036 8.0093403689405e-11 1
1 100 83 953.5585278816036 8.054335680927316e-11 1
1 100 84 953.5585278816036 8.096978059621564e-11 1
1 100 85 952.0068921394136 8.405548360763689e-11 1
1 100 86 952.0068921394136 8.452063816616655e-11 1
1 100 87 952.0068921394136 8.497409111550446e-11 1
1 100 88 952.0068921394136 8.540957374773671e-11 1
1 100 89 955.1180371589436 8.047595468206967e-11 1
1 100 90 955.1180371589436 8.084904439747834e-11 1
1 100 91 955.1180371589436 8.11957298678944e-11 1
1 100 92 955.1180371589436 8.155828476652565e-11 1
1 100 93 955.1180371589436 8.192409194504288e-11 1
1 100 94 956.8200024909736 7.946852480776499e-11 1
1 100 95 956.8200024909736 7.978284657629973e-11 1
1 100 96 956.8200024909736 8.009966469172164e-11 1
1 100 97 956.8200024909736 8.039684307371705e-11 1
1 100 98 956.0165356941036 8.20125587232395e-11 1
1 100 99 956.0165356941036 8.231888373003668e-11 1
1 100 100 956.0165356941036 8.26255834731091e-11 1
1 100 101 956.0165356941036 8.291589475859291e-11 1
1 100 102 952.1150464362836 9.055783939542892e-11 1
1 100 103 952.1150464362836 9.088466884472106e-11 1
1 100 104 952.1150464362836 9.120738541496575e-11 1
1 100 105 952.1150464362836 9.153736096554437e-11 1
1 100 106 954.7661694831636 8.658908668191848e-11 1
1 100 107 954.7661694831636 8.683150063046412e-11 1
1 100 108 954.7661694831636 8.710128294969219e-11 1
1 100 109 954.7661694831636 8.738958056329494e-11 1
1 100 110 957.1795605964436 8.327440925349006e-11 1
1 100 111 957.1795605964436 8.353738071323227e-11 1
1 100 112 957.1795605964436 8.380201830454626e-11 1
1 100 113 957.1795605964436 8.404021903051861e-11 1
1 100 114 960.6133374519136 7.860603359699476e-11 1
1 100 115 960.6133374519136 7.883982188749822e-11 1
1 100 116 960.6133374519136 7.90697503503915e-11 1
1 100 117 960.6133374519136 7.928277285770468e-11 1
1 100 118 960.6133374519136 7.94964037538366e-11 1
1 100 119 963.5415601081636 7.531159634229326e-11 1
1 100 120 963.5415601081636 7.549407318116918e-11 1
1 100 121 963.5415601081636 7.562338552659971e-11 1
1 100 122 963.5415601081636 7.575314162538347e-11 1
1 100 123 963.7767285651936 7.554608353529213e-11 1
1 100 124 963.7767285651936 7.561825047385237e-11 1
1 100 125 963.7767285651936 7.566804281735525e-11 1
1 100 126 963.7767285651936 7.571790077758586e-11 1
1 100 127 964.8364819831636 7.424552931143888e-11 1
1 100 128 964.8364819831636 7.420839059865878e-11 1
1 100 129 964.8364819831636 7.416586300263366e-11 1
1 100 130 964.8364819831636 7.411553243190533e-11 1
1 100 131 964.6762646980036 7.420962035123519e-11 1
1 100 132 964.6762646980036 7.408346069410014e-11 1
1 100 133 964.6762646980036 7.39644975572194e-11 1
1 100 134 964.6762646980036 7.377929020787861e-11 1
1 100 135 965.9787549323836 7.185075071893272e-11 1
1 100 136 965.9787549323836 7.165593838388446e-11 1
1 100 137 965.9787549323836 7.143955026998927e-11 1
1 100 138 965.9787549323836 7.117633872169443e-11 1
1 100 139 966.9904736823836 6.966266105065072e-11 1
1 100 140 966.9904736823836 6.940478816638812e-11 1
1 100 141 966.9904736823836 6.910121189946142e-11 1
1 100 142 966.9904736823836 6.879637420286781e-11 1
1 100 143 966.9904736823836 6.84942142561763e-11 1
1 100 144 968.2393140144136 6.674073947105122e-11 1
1 100 145 968.2393140144136 6.641428479765533e-11 1
1 100 146 968.2393140144136 6.609166350313602e-11 1
1 100 147 968.2393140144136 6.575849278680242e-11 1
1 100 148 968.9038037605036 6.470321678114304e-11 1
1 100 149 968.9038037605036 6.436215552065606e-11 1
1 100 150 968.9038037605036 6.402589132913967e-11 1
1 100 151 968.9038037605036 6.36668477422405e-11 1
1 100 152 970.0297192878536 6.219991213345254e-11 1
1 100 153 970.0297192878536 6.185766319743543e-11 1
1 100 154 970.0297192878536 6.150275968844064e-11 1
1 100 155 970.0297192878536 6.114680295695648e-11 1
1 100 156 973.7409619636336 5.7549911983723327e-11 1
1 100 157 973.7409619636336 5.723906054407604e-11 1
1 100 158 973.7409619636336 5.691981258336112e-11 1
1 100 159 973.7409619636336 5.660207871743477e-11 1
1 100 160 975.6289624519136 5.483023384741365e-11 1
1 100 161 975.6289624519136 5.452594765498656e-11 1
1 100 162 975.6289624519136 5.4225020160044466e-11 1
1 100 163 975.6289624519136 5.3929148595708756e-11 1
1 100 164 976.3416699714436 5.3120309710222745e-11 1
1 100 165 976.3416699714436 5.282504928840589e-11 1
1 100 166 976.3416699714436 5.253305303531256e-11 1
1 100 167 976.3416699714436 5.223813974075118e-11 1
1 100 168 976.3416699714436 5.194034176823299e-11 1
1 100 169 976.9922437019136 5.121657452656975e-11 1
1 100 170 976.9922437019136 5.0930107250124065e-11 1
1 100 171 976.9922437019136 5.063708279476507e-11 1
1 100 172 976.9922437019136 5.0347410861150985e-11 1
1 100 173 976.7614697761336 5.020509192425617e-11 1
1 100 174 976.7614697761336 4.991461366948326e-11 1
1 100 175 976.7614697761336 4.96262815818924e-11 1
1 100 176 976.7614697761336 4.9341565206388484e-11 1
1 100 177 975.7286328620636 4.9691488087279476e-11 1
1 100 178 975.7286328620636 4.940632685502163e-11 1
1 100 179 975.7286328620636 4.912345596225732e-11 1
1 100 180 975.7286328620636 4.8844057995636324e-11 1
1 100 181 974.1318311042536 4.95305885388594e-11 1
1 100 182 974.1318311042536 4.9249028218637044e-11 1
1 100 183 974.1318311042536 4.897182132180316e-11 1
1 100 184 974.1318311042536 4.869941745230448e-11 1
1 100 185 971.7832593269136 4.984763686742935e-11 1
1 100 186 971.7832593269136 4.9565792562912166e-11 1
1 100 187 971.7832593269136 4.92887234840683e-11 1
1 100 188 971.7832593269136 4.901566074917225e-11 1
1 100 189 969.5413159675336 5.011480464004593e-11 1
1 100 190 969.5413159675336 4.983299621419791e-11 1
1 100 191 969.5413159675336 4.955713923597607e-11 1
1 100 192 969.5413159675336 4.9284204591700516e-11 1
1 100 193 969.5413159675336 4.9014259841448525e-11 1
1 100 194 971.0186719245636 4.7888513836242554e-11 1
1 100 195 971.0186719245636 4.76376845456289e-11 1
1 100 196 971.0186719245636 4.738946913916667e-11 1
1 100 197 971.0186719245636 4.714646119589936e-11 1
1 100 198 970.3193921394136 4.729683549884215e-11 1
1 100 199 970.3193921394136 4.7057623480898776e-11 1
1 100 200 970.3193921394136 4.6821422073693016e-11 1
1 100 201 970.3193921394136 4.6593342247580755e-11 1
1 100 202 969.2283887214436 4.696138345201156e-11 1
1 100 203 969.2283887214436 4.673259686581323e-11 1
1 100 204 969.2283887214436 4.651257275203462e-11 1
1 100 205 969.2283887214436 4.6295361693725957e-11 1
1 100 206 974.6177319831636 4.338649903690421e-11 1
1 100 207 974.6177319831636 4.320049212514964e-11 1
1 100 208 974.6177319831636 4.3020124731551895e-11 1
1 100 209 974.6177319831636 4.284125718821226e-11 1
1 100 210 976.8614453620636 4.166888669847169e-11 1
1 100 211 976.8614453620636 4.150993606015943e-11 1
1 100 212 976.8614453620636 4.135094942436403e-11 1
1 100 213 976.8614453620636 4.119317600689659e-11 1
1 100 214 979.9374951667536 3.994039656396602e-11 1
1 100 215 979.9374951667536 3.994039656396602e-11 1
1 100 216 979.9374951667536 3.927681657374407e-11 1
1 100 217 979.9374951667536 3.927681657374407e-11 1
1 100 218 979.9374951667536 3.927681657374407e-11 1
1 100 219 982.1289014167536 3.8051155626186356e-11 1
1 100 220 982.1289014167536 3.8051155626186356e-11 1
1 100 221 982.1289014167536 3.8051155626186356e-11 1
1 100 222 982.1289014167536 3.768583141318065e-11 1
1 100 223 987.3318433112836 3.592482187239519e-11 1
1 100 224 987.3318433112836 3.592482187239519e-11 1
1 100 225 987.3318433112836 3.562153424365739e-11 1
1 100 226 987.3318433112836 3.562153424365739e-11 1
1 100 227 988.5239819831636 3.524733262411194e-11 1
1 100 228 988.5239819831636 3.524733262411194e-11 1
1 100 229 988.5239819831636 3.4976727901912105e-11 1
1 100 230 988.5239819831636 3.4976727901912105e-11 1
1 100 231 989.2078198737836 3.476882413827276e-11 1
1 100 232 989.2078198737836 3.452663122475002e-11 1
1 100 233 989.2078198737836 3.452663122475002e-11 1
1 100 234 989.2078198737836 3.452663122475002e-11 1
1 100 235 990.1852368659736 3.402314795106338e-11 1
1 100 236 990.1852368659736 3.402314795106338e-11 1
1 100 237 990.1852368659736 3.402314795106338e-11 1
1 100 238 990.1852368659736 3.402314795106338e-11 1
1 100 239 991.1090039558136 3.375789977402536e-11 1
1 100 240 991.1090039558136 3.375789977402536e-11 1
1 100 241 991.1090039558136 3.375789977402536e-11 1
1 100 242 991.1090039558136 3.375789977402536e-11 1
1 100 243 991.1090039558136 3.3301202199011177e-11 1
1 100 244 992.2475537605036 3.2988511706503137e-11 1
1 100 245 992.2475537605036 3.2850075914672475e-11 1
1 100 246 992.2475537605036 3.2850075914672475e-11 1
1 101 24 948.1823682136336 4.770294088069093e-11 1
1 101 25 949.4886426276936 4.7344283215779755e-11 1
1 101 26 952.5414380378536 4.693193993227221e-11 1
1 101 27 956.1665601081636 4.749434680231474e-11 1
1 101 28 960.1852368659736 4.969114222100192e-11 1
1 101 29 961.7554272956636 5.384963390702791e-11 1
1 101 30 963.6355542487836 5.538317776326991e-11 1
1 101 31 965.3197583503536 5.553993076542046e-11 1
1 101 32 965.5693311042536 5.612846436270707e-11 1
1 101 33 965.9971875495636 5.626699976112709e-11 1
1 101 34 966.3344067878536 5.632747777068023e-11 1
1 101 35 967.2336987800336 5.5847079847497745e-11 1
1 101 36 967.2336987800336 5.6001897636914115e-11 1
1 101 37 967.2336987800336 5.612980306535098e-11 1
1 101 38 967.2336987800336 5.626291665505752e-11 1
1 101 39 967.6112012214436 5.609808277698206e-11 1
1 101 40 967.6112012214436 5.6229845169775005e-11 1
1 101 41 967.6112012214436 5.636938272411935e-11 1
1 101 42 967.6112012214436 5.6509614542050593e-11 1
1 101 43 967.6112012214436 5.665018550477066e-11 1
1 101 44 967.8520459480036 5.660032165093942e-11 1
1 101 45 967.8520459480036 5.674533213382669e-11 1
1 101 46 967.8520459480036 5.689108756133342e-11 1
1 101 47 967.8520459480036 5.703749188853937e-11 1
1 101 48 968.0803174323836 5.6999507326762085e-11 1
1 101 49 968.0803174323836 5.7147798985093126e-11 1
1 101 50 968.0803174323836 5.729667939811803e-11 1
1 101 51 968.0803174323836 5.744498287864094e-11 1
1 101 52 969.5350293464436 5.641322999342973e-11 1
1 101 53 969.5350293464436 5.655776539025512e-11 1
1 101 54 969.5350293464436 5.6705248647512583e-11 1
1 101 55 969.5350293464436 5.6854201017321373e-11 1
1 101 56 970.0949658698836 5.655226621499648e-11 1
1 101 57 970.0949658698836 5.670108853566766e-11 1
1 101 58 970.0949658698836 5.666307277161434e-11 1
1 101 59 970.0949658698836 5.666307277161434e-11 1
1 101 60 970.2487134284736 5.692777965502576e-11 1
1 101 61 970.2487134284736 5.692777965502576e-11 1
1 101 62 970.2487134284736 5.747914784637585e-11 1
1 101 63 970.2487134284736 5.747914784637585e-11 1
1 101 64 970.6462354011336 5.7152674278766526e-11 1
1 101 65 970.6462354011336 5.7725914651333224e-11 1
1 101 66 970.6462354011336 5.7725914651333224e-11 1
1 101 67 970.6462354011336 5.7725914651333224e-11 1
1 101 68 970.6462354011336 5.7725914651333224e-11 1
1 101 69 971.8961743659736 5.727464756113134e-11 1
1 101 70 971.8961743659736 5.727464756113134e-11 1
1 101 71 971.8961743659736 5.727464756113134e-11 1
1 101 72 971.8961743659736 5.7857040070695855e-11 1
1 101 73 972.1384839362836 5.7654969283703856e-11 1
1 101 74 972.1384839362836 5.7654969283703856e-11 1
1 101 75 972.1384839362836 5.823160247974893e-11 1
1 101 76 972.1384839362836 5.823160247974893e-11 1
1 101 77 972.4860791511336 5.793841921190034e-11 1
1 101 78 972.4860791511336 5.793841921190034e-11 1
1 101 79 972.4860791511336 5.850107074027135e-11 1
1 101 80 972.4860791511336 5.850107074027135e-11 1
1 101 81 973.0117139167536 5.8054771828346127e-11 1
1 101 82 973.0117139167536 5.8054771828346127e-11 1
1 101 83 973.0117139167536 5.8054771828346127e-11 1
1 101 84 973.0117139167536 5.8054771828346127e-11 1
1 101 85 973.5632886237836 5.759371193653503e-11 1
1 101 86 973.5632886237836 5.887198559102295e-11 1
1 102 24 949.1046704597236 4.592504244857009e-11 1
1 102 25 951.2487134284736 4.520718696043973e-11 1
1 102 26 953.6771191901936 4.544323028587353e-11 1
