2 98 267 976.2908449326724 1.3008478458616857e-10 1
2 98 268 996.0101442490724 1.1932245759540626e-10 1
2 98 269 1018.2971315537624 1.2705867499591648e-10 1
2 98 270 1012.4601564561024 1.6910120221127004e-10 1
2 99 206 955.0318117295424 1.1546178451676881e-10 1
2 99 207 955.0318117295424 1.1589315955349976e-10 1
2 99 208 955.0318117295424 1.1630712418426384e-10 1
2 99 209 955.0318117295424 1.1672405673865577e-10 1
2 99 210 958.0180177842324 1.171393618417111e-10 1
2 99 211 958.0180177842324 1.1752089963957334e-10 1
2 99 212 958.0180177842324 1.179049309935191e-10 1
2 99 213 958.0180177842324 1.1829172089147072e-10 1
2 99 214 960.8258180772024 1.186507919391163e-10 1
2 99 215 960.8258180772024 1.1900182286706034e-10 1
2 99 216 960.8258180772024 1.1935493702342886e-10 1
2 99 217 960.8258180772024 1.196929472266996e-10 1
2 99 218 960.8258180772024 1.2000968717020987e-10 1
2 99 219 962.8240480576724 1.203281079208776e-10 1
2 99 220 962.8240480576724 1.2064453152284243e-10 1
2 99 221 962.8240480576724 1.2092682696790818e-10 1
2 99 222 962.8240480576724 1.2121044659439415e-10 1
2 99 223 969.7400636826724 1.214953997413402e-10 1
2 99 224 969.7400636826724 1.2175210164589215e-10 1
2 99 225 969.7400636826724 1.2200106788637215e-10 1
2 99 226 969.7400636826724 1.2225105441638987e-10 1
2 99 227 972.7533693467324 1.2248692530820502e-10 1
2 99 228 972.7533693467324 1.2270297995130583e-10 1
2 99 229 972.7533693467324 1.2291963591034491e-10 1
2 99 230 972.7533693467324 1.2313385176632579e-10 1
2 99 231 977.0833254014224 1.233177740309194e-10 1
2 99 232 977.0833254014224 1.235022465585274e-10 1
2 99 233 977.0833254014224 1.2368785020404243e-10 1
2 99 234 977.0833254014224 1.2385263183694656e-10 1
2 99 235 981.9615602647024 1.2400811508832474e-10 1
2 99 236 981.9615602647024 1.241639892143797e-10 1
2 99 237 981.9615602647024 1.2430863462356169e-10 1
2 99 238 981.9615602647024 1.2443800481086845e-10 1
2 99 239 991.6420412217324 1.2456764455437546e-10 1
2 99 240 991.6420412217324 1.2469839100633546e-10 1
2 99 241 991.6420412217324 1.2480518244228448e-10 1
2 99 242 991.6420412217324 1.249121569469293e-10 1
2 99 243 991.6420412217324 1.2502196516147795e-10 1
2 99 244 995.3061647568824 1.2511879056883579e-10 1
2 99 245 995.3061647568824 1.2520222442076652e-10 1
2 99 246 995.3061647568824 1.252857696205245e-10 1
2 99 247 995.3061647568824 1.2536487718396844e-10 1
2 99 248 998.4909181748524 1.254298856313547e-10 1
2 99 249 998.4909181748524 1.2549127532669378e-10 1
2 99 250 998.4909181748524 1.2555078052498293e-10 1
2 99 251 998.4909181748524 1.2559156263133432e-10 1
2 99 252 1001.7255983506324 1.2563237124043753e-10 1
2 99 253 1001.7255983506324 1.256791595778776e-10 1
2 99 254 1001.7255983506324 1.257176906216789e-10 1
2 99 255 1001.7255983506324 1.2574081046233444e-10 1
2 99 256 1006.7078981553224 1.2576393880816205e-10 1
2 99 257 1006.7078981553224 1.2578453829493481e-10 1
2 99 258 1006.7078981553224 1.2579884593003943e-10 1
2 99 259 1008.9207277451724 1.2581579011844608e-10 1
2 99 260 1008.9207277451724 1.2581582563846654e-10 1
2 99 261 1011.1769533311024 1.2578432138541192e-10 1
2 99 262 1012.5141115342324 1.2571675366281353e-10 1
2 99 263 1013.6330080186024 1.257686801686079e-10 1
2 99 264 1015.5304689561024 1.2686519989842164e-10 1
2 99 265 1018.4207277451724 1.3107624407839333e-10 1
2 99 266 1021.3604860459524 1.3268132564080683e-10 1
2 99 267 1023.4231691514224 1.2499022560263224e-10 1
2 99 268 1028.1526003037625 1.1289227896464085e-10 1
2 100 43 971.2243166123524 9.203075056389074e-11 1
2 100 44 971.4218874131324 9.202700789361159e-11 1
2 100 45 971.4218874131324 9.201939063792715e-11 1
2 100 46 971.4218874131324 9.200895915530837e-11 1
2 100 47 971.4218874131324 9.197746396964277e-11 1
2 100 48 973.8655519639224 9.194745238606351e-11 1
2 100 49 973.8655519639224 9.192241974031372e-11 1
2 100 50 973.8655519639224 9.189576359432864e-11 1
2 100 51 973.8655519639224 9.1853337398168e-11 1
2 100 52 973.6987428818824 9.181095035836064e-11 1
2 100 53 973.6987428818824 9.176007439047549e-11 1
2 100 54 973.6987428818824 9.168533053420381e-11 1
2 100 55 973.6987428818824 9.162453315984865e-11 1
2 100 56 972.4000368272024 9.156381636264314e-11 1
2 100 57 972.4000368272024 9.149378993670739e-11 1
2 100 58 972.4000368272024 9.141130410742316e-11 1
2 100 59 972.4000368272024 9.132896687365571e-11 1
2 100 60 970.1108522568824 9.123012778722005e-11 1
2 100 61 970.1108522568824 9.112100849218794e-11 1
2 100 62 970.1108522568824 9.101214991795041e-11 1
2 100 63 970.1108522568824 9.089595926776951e-11 1
2 100 64 969.0567751084524 9.075399593526325e-11 1
2 100 65 969.0567751084524 9.062016037789816e-11 1
2 100 66 969.0567751084524 9.048671897574906e-11 1
2 100 67 969.0567751084524 9.034280638462287e-11 1
2 100 68 969.0567751084524 9.018483693255128e-11 1
2 100 69 971.9262819443824 9.002741895305121e-11 1
2 100 70 971.9262819443824 8.985848547027302e-11 1
2 100 71 971.9262819443824 8.967869146550827e-11 1
2 100 72 971.9262819443824 8.949961550831875e-11 1
2 100 73 973.0853395615724 8.931599796959855e-11 1
2 100 74 973.0853395615724 8.911767160419555e-11 1
2 100 75 973.0853395615724 8.892449870721037e-11 1
2 100 76 973.0853395615724 8.87321614482335e-11 1
2 100 77 972.9124879990724 8.853726622797436e-11 1
2 100 78 972.9124879990724 8.833870323190186e-11 1
2 100 79 972.9124879990724 8.814102887943014e-11 1
2 100 80 972.9124879990724 8.794055289590958e-11 1
2 100 81 972.3909425889224 8.773975580976892e-11 1
2 100 82 972.3909425889224 8.753987360568557e-11 1
2 100 83 972.3909425889224 8.734175651935955e-11 1
2 100 84 972.3909425889224 8.714979327052471e-11 1
2 100 85 970.8393068467324 8.695286391019452e-11 1
2 100 86 970.8393068467324 8.675682253219042e-11 1
2 100 87 970.8393068467324 8.656381734291715e-11 1
2 100 88 970.8393068467324 8.637454436079582e-11 1
2 100 89 973.9504518662624 8.618609726883324e-11 1
2 100 90 973.9504518662624 8.600796033546751e-11 1
2 100 91 973.9504518662624 8.583304791424632e-11 1
2 100 92 973.9504518662624 8.565192363380273e-11 1
2 100 93 973.9504518662624 8.547156215800278e-11 1
2 100 94 975.6524171982924 8.530420116312354e-11 1
2 100 95 975.6524171982924 8.513155281180915e-11 1
2 100 96 975.6524171982924 8.495960189970525e-11 1
2 100 97 975.6524171982924 8.479398959020521e-11 1
2 100 98 974.8489504014224 8.463082680705039e-11 1
2 100 99 974.8489504014224 8.446569127646752e-11 1
2 100 100 974.8489504014224 8.430155022764339e-11 1
2 100 101 974.8489504014224 8.41414227826948e-11 1
2 100 102 970.9474611436024 8.398190249591188e-11 1
2 100 103 970.9474611436024 8.38275986009924e-11 1
2 100 104 970.9474611436024 8.367865429963788e-11 1
2 100 105 970.9474611436024 8.353030334882028e-11 1
2 100 106 973.5985841904824 8.338339279991681e-11 1
2 100 107 973.5985841904824 8.32450919735128e-11 1
2 100 108 973.5985841904824 8.311216787047582e-11 1
2 100 109 973.5985841904824 8.297974645166175e-11 1
2 100 110 976.0119753037624 8.284982488123148e-11 1
2 100 111 976.0119753037624 8.274030940741684e-11 1
2 100 112 976.0119753037624 8.26310830785965e-11 1
2 100 113 976.0119753037624 8.252022557601652e-11 1
2 100 114 979.4457521592324 8.243838522263838e-11 1
2 100 115 979.4457521592324 8.23663352242949e-11 1
2 100 116 979.4457521592324 8.229322143959476e-11 1
2 100 117 979.4457521592324 8.223739041203835e-11 1
2 100 118 979.4457521592324 8.221533452288715e-11 1
2 100 119 982.3739748154824 8.2194562286491e-11 1
2 100 120 982.3739748154824 8.217836499519407e-11 1
2 100 121 982.3739748154824 8.220622802457112e-11 1
2 100 122 982.3739748154824 8.22341099545851e-11 1
2 100 123 982.6091432725124 8.226926012188892e-11 1
2 100 124 982.6091432725124 8.23466775610226e-11 1
2 100 125 982.6091432725124 8.241793133299644e-11 1
2 100 126 982.6091432725124 8.248930852214103e-11 1
2 100 127 983.6688966904824 8.258878015655896e-11 1
2 100 128 983.6688966904824 8.271517519253091e-11 1
2 100 129 983.6688966904824 8.283696700619482e-11 1
2 100 130 983.6688966904824 8.29634313641528e-11 1
2 100 131 983.5086794053224 8.313205526269363e-11 1
2 100 132 983.5086794053224 8.330136601636537e-11 1
2 100 133 983.5086794053224 8.347960629369378e-11 1
2 100 134 983.5086794053224 8.368765066491423e-11 1
2 100 135 984.8111696397024 8.390331183700484e-11 1
2 100 136 984.8111696397024 8.412234868738978e-11 1
2 100 137 984.8111696397024 8.436822662109232e-11 1
2 100 138 984.8111696397024 8.462828564279732e-11 1
2 100 139 985.8228883897024 8.488690957279861e-11 1
2 100 140 985.8228883897024 8.515041161373085e-11 1
2 100 141 985.8228883897024 8.544462807641195e-11 1
2 100 142 985.8228883897024 8.573553659692005e-11 1
2 100 143 985.8228883897024 8.602843276442124e-11 1
2 100 144 987.0717287217324 8.633673911862984e-11 1
2 100 145 987.0717287217324 8.665151359521594e-11 1
2 100 146 987.0717287217324 8.696972932253622e-11 1
2 100 147 987.0717287217324 8.729795154561278e-11 1
2 100 148 987.7362184678224 8.763129808349901e-11 1
2 100 149 987.7362184678224 8.796720014185939e-11 1
2 100 150 987.7362184678224 8.831089430653569e-11 1
2 100 151 987.7362184678224 8.866217007725847e-11 1
2 100 152 988.8621339951724 8.901318171193336e-11 1
2 100 153 988.8621339951724 8.936698368861825e-11 1
2 100 154 988.8621339951724 8.972544528405412e-11 1
2 100 155 988.8621339951724 9.00873767539317e-11 1
2 100 156 992.5733766709524 9.045285677739347e-11 1
2 100 157 992.5733766709524 9.082412948766119e-11 1
2 100 158 992.5733766709524 9.119401238263407e-11 1
2 100 159 992.5733766709524 9.1565053836632e-11 1
2 100 160 994.4613771592324 9.193886170717488e-11 1
2 100 161 994.4613771592324 9.231315382129553e-11 1
2 100 162 994.4613771592324 9.269050595278617e-11 1
2 100 163 994.4613771592324 9.307729750609881e-11 1
2 100 164 995.1740846787624 9.348149477259798e-11 1
2 100 165 995.1740846787624 9.387110095793509e-11 1
2 100 166 995.1740846787624 9.426396828625666e-11 1
2 100 167 995.1740846787624 9.467680642162521e-11 1
2 100 168 995.1740846787624 9.509578205610019e-11 1
2 100 169 995.8246584092324 9.550928135495426e-11 1
2 100 170 995.8246584092324 9.592775102365627e-11 1
2 100 171 995.8246584092324 9.636313221368083e-11 1
2 100 172 995.8246584092324 9.680248349641424e-11 1
2 100 173 995.5938844834524 9.725988070533072e-11 1
2 100 174 995.5938844834524 9.772076919029118e-11 1
2 100 175 995.5938844834524 9.818128661192894e-11 1
2 100 176 995.5938844834524 9.864891349884558e-11 1
2 100 177 994.5610475693824 9.912507614939855e-11 1
2 100 178 994.5610475693824 9.959163087935352e-11 1
2 100 179 994.5610475693824 1.0006213241943492e-10 1
2 100 180 994.5610475693824 1.0053478715057965e-10 1
2 100 181 992.9642458115724 1.0098939708880203e-10 1
2 100 182 992.9642458115724 1.0144813711954996e-10 1
2 100 183 992.9642458115724 1.0191008811643752e-10 1
2 100 184 992.9642458115724 1.0235434219860352e-10 1
2 100 185 990.6156740342324 1.0279583809382575e-10 1
2 100 186 990.6156740342324 1.032416935583287e-10 1
2 100 187 990.6156740342324 1.0368172331415038e-10 1
2 100 188 990.6156740342324 1.0410876494382576e-10 1
2 100 189 988.3737306748524 1.0453933889863127e-10 1
2 100 190 988.3737306748524 1.0497863069209698e-10 1
2 100 191 988.3737306748524 1.0539960721590482e-10 1
2 100 192 988.3737306748524 1.0581826077547716e-10 1
2 100 193 988.3737306748524 1.0624025343222549e-10 1
2 100 194 989.8510866318824 1.0665472895372812e-10 1
2 100 195 989.8510866318824 1.0705937122241767e-10 1
2 100 196 989.8510866318824 1.0746709556606298e-10 1
2 100 197 989.8510866318824 1.078719631703855e-10 1
2 100 198 989.1518068467324 1.0826339753534171e-10 1
2 100 199 989.1518068467324 1.0865382102306439e-10 1
2 100 200 989.1518068467324 1.0904468112112824e-10 1
2 100 201 989.1518068467324 1.09415144314072e-10 1
2 100 202 988.0608034287624 1.0978813327586805e-10 1
2 100 203 988.0608034287624 1.1017073737697592e-10 1
2 100 204 988.0608034287624 1.1054294180920072e-10 1
2 100 205 988.0608034287624 1.1089689758045669e-10 1
2 100 206 993.4501466904824 1.1125312734828e-10 1
2 100 207 993.4501466904824 1.1159988714970262e-10 1
2 100 208 993.4501466904824 1.1193294652676623e-10 1
2 100 209 993.4501466904824 1.1226799982332717e-10 1
2 100 210 995.6938600693824 1.1261146918859107e-10 1
2 100 211 995.6938600693824 1.1292433592296467e-10 1
2 100 212 995.6938600693824 1.132311910500452e-10 1
2 100 213 995.6938600693824 1.1353971838766305e-10 1
2 100 214 998.7699098740724 1.134203854174739e-10 1
2 100 215 998.7699098740724 1.134203854174739e-10 1
2 100 216 998.7699098740724 1.1526542213216281e-10 1
2 100 217 998.7699098740724 1.1526542213216281e-10 1
2 100 218 998.7699098740724 1.1526542213216281e-10 1
2 100 219 1000.9613161240724 1.1612209333744519e-10 1
2 100 220 1000.9613161240724 1.1612209333744519e-10 1
2 100 221 1000.9613161240724 1.1612209333744519e-10 1
2 100 222 1000.9613161240724 1.1685318731439067e-10 1
2 100 223 1006.1642580186024 1.1685318731439067e-10 1
2 100 224 1006.1642580186024 1.1685318731439067e-10 1
2 100 225 1006.1642580186024 1.1746918575837317e-10 1
2 100 226 1006.1642580186024 1.1746918575837317e-10 1
2 100 227 1007.3563966904824 1.1746918575837317e-10 1
2 100 228 1007.3563966904824 1.1746918575837317e-10 1
2 100 229 1007.3563966904824 1.179871113627607e-10 1
2 100 230 1007.3563966904824 1.179871113627607e-10 1
2 100 231 1008.0402345811024 1.179871113627607e-10 1
2 100 232 1008.0402345811024 1.1841679691381569e-10 1
2 100 233 1008.0402345811024 1.1841679691381569e-10 1
2 100 234 1008.0402345811024 1.1841679691381569e-10 1
2 100 235 1009.0176515732924 1.1875959861371993e-10 1
2 100 236 1009.0176515732924 1.1875959861371993e-10 1
2 100 237 1009.0176515732924 1.1875959861371993e-10 1
2 100 238 1009.0176515732924 1.1875959861371993e-10 1
2 100 239 1009.9414186631324 1.1875959861371993e-10 1
2 100 240 1009.9414186631324 1.1875959861371993e-10 1
2 100 241 1009.9414186631324 1.1875959861371993e-10 1
2 100 242 1009.9414186631324 1.1875959861371993e-10 1
2 100 243 1009.9414186631324 1.2076016845541137e-10 1
2 100 244 1011.0799684678224 1.2076016845541137e-10 1
2 100 245 1011.0799684678224 1.2094279872147872e-10 1
2 100 246 1011.0799684678224 1.2094279872147872e-10 1
2 101 24 967.0147829209524 9.849946768491547e-11 1
2 101 25 968.3210573350124 1.0069703659704535e-10 1
2 101 26 971.3738527451724 1.0160733099324526e-10 1
2 101 27 974.9989748154824 1.0079146073551636e-10 1
2 101 28 979.0176515732924 9.708924198997966e-11 1
2 101 29 980.5878420029824 9.272402737842754e-11 1
2 101 30 982.4679689561024 9.107504590515298e-11 1
2 101 31 984.1521730576724 9.072130663203944e-11 1
2 101 32 984.4017458115724 9.078214572023811e-11 1
2 101 33 984.8296022568824 9.091199827793352e-11 1
2 101 34 985.1668214951724 9.099599949874331e-11 1
2 101 35 986.0661134873524 9.104227006436372e-11 1
2 101 36 986.0661134873524 9.106712927581821e-11 1
2 101 37 986.0661134873524 9.108264553100395e-11 1
2 101 38 986.0661134873524 9.109229253168503e-11 1
2 101 39 986.4436159287624 9.110194157610298e-11 1
2 101 40 986.4436159287624 9.111405234901137e-11 1
2 101 41 986.4436159287624 9.11156104777337e-11 1
2 101 42 986.4436159287624 9.111716865974714e-11 1
2 101 43 986.4436159287624 9.11199729612475e-11 1
2 101 44 986.6844606553224 9.112017637819504e-11 1
2 101 45 986.6844606553224 9.111645178580998e-11 1
2 101 46 986.6844606553224 9.111272749790242e-11 1
2 101 47 986.6844606553224 9.11091333876787e-11 1
2 101 48 986.9127321397024 9.110314161522174e-11 1
2 101 49 986.9127321397024 9.109598042440052e-11 1
2 101 50 986.9127321397024 9.108896658434942e-11 1
2 101 51 986.9127321397024 9.108237001691249e-11 1
2 101 52 988.3674440537624 9.107395909514182e-11 1
2 101 53 988.3674440537624 9.106554972662589e-11 1
2 101 54 988.3674440537624 9.105171517582559e-11 1
2 101 55 988.3674440537624 9.10361770951049e-11 1
2 101 56 988.9273805772024 9.102121502654191e-11 1
2 101 57 988.9273805772024 9.100272589153206e-11 1
2 101 58 988.9273805772024 9.093595936078081e-11 1
2 101 59 988.9273805772024 9.093595936078081e-11 1
2 101 60 989.0811281357924 9.119923740872158e-11 1
2 101 61 989.0811281357924 9.119923740872158e-11 1
2 101 62 989.0811281357924 9.104979007532319e-11 1
2 101 63 989.0811281357924 9.104979007532319e-11 1
2 101 64 989.4786501084524 9.104979007532319e-11 1
2 101 65 989.4786501084524 9.08554016098168e-11 1
2 101 66 989.4786501084524 9.08554016098168e-11 1
2 101 67 989.4786501084524 9.08554016098168e-11 1
2 101 68 989.4786501084524 9.08554016098168e-11 1
2 101 69 990.7285890732924 9.062792780023656e-11 1
2 101 70 990.7285890732924 9.062792780023656e-11 1
2 101 71 990.7285890732924 9.062792780023656e-11 1
2 101 72 990.7285890732924 9.037709295935868e-11 1
2 101 73 990.9708986436024 9.037709295935868e-11 1
2 101 74 990.9708986436024 9.037709295935868e-11 1
2 101 75 990.9708986436024 9.011543565098674e-11 1
2 101 76 990.9708986436024 9.011543565098674e-11 1
2 101 77 991.3184938584524 9.011543565098674e-11 1
2 101 78 991.3184938584524 9.011543565098674e-11 1
2 101 79 991.3184938584524 8.944641247357811e-11 1
2 101 80 991.3184938584524 8.944641247357811e-11 1
2 101 81 991.8441286240724 8.944641247357811e-11 1
2 101 82 991.8441286240724 8.944641247357811e-11 1
2 101 83 991.8441286240724 9.020182410396183e-11 1
2 101 84 991.8441286240724 9.020182410396183e-11 1
2 101 85 992.3957033311024 9.052946531310568e-11 1
2 101 86 992.3957033311024 8.901052259863635e-11 1
2 102 24 967.9370851670424 9.942954242019663e-11 1
2 102 25 970.0811281357924 1.0188492395087527e-10 1
2 102 26 972.5095338975124 1.0129407446047214e-10 1
