2 113 272 1010.6286502164593 8.454411023420913e-11 1
2 113 273 1001.1522395609126 9.621629874971682e-11 1
2 113 274 986.2745460681623 9.621629874971682e-11 1
2 114 266 985.1060286001187 6.642782373579309e-11 1
2 114 267 991.2319746028151 6.268341116044766e-11 1
2 114 268 998.3270624584528 5.984726088640311e-11 1
2 114 269 1013.5748111391555 5.835173320064869e-11 1
2 114 270 1018.181963693445 5.973437253905326e-11 1
2 114 271 1019.5677419111964 6.531448132448565e-11 1
2 114 272 1018.0219426428561 7.543363472936246e-11 1
2 114 273 1013.6026444973511 8.080150516474462e-11 1
2 114 274 1002.2215886281053 8.080150516474462e-11 1
2 115 260 1010.2574014201734 6.282302319949792e-11 1
2 115 261 1011.5863085600766 6.359381653386679e-11 1
2 115 262 1012.9887246456701 6.527582018821457e-11 1
2 115 263 1015.1155847673685 6.727919894355275e-11 1
2 115 264 1015.9330757081536 6.834742241129968e-11 1
2 115 265 1016.6021991725981 6.742996592232429e-11 1
2 115 266 1012.5432894042278 6.456387907107484e-11 1
2 115 267 1019.9052027601746 6.099713760662053e-11 1
2 115 268 1020.9582946377714 5.788113116800752e-11 1
2 115 269 1023.8819188114887 5.606064330397174e-11 1
2 116 199 956.6546994684511 5.749030874618514e-11 1
2 116 200 957.1124185983514 5.772327823817095e-11 1
2 116 201 957.5754593210911 5.794109259628406e-11 1
2 116 202 958.1507685015087 5.815880268401228e-11 1
2 116 203 958.7376180185943 5.837830302885134e-11 1
2 116 204 959.3244675356958 5.859185261439688e-11 1
2 116 205 959.9113170527909 5.879441028853523e-11 1
2 116 206 960.6884300143342 5.899837334396478e-11 1
2 116 207 961.5177452206261 5.91977139835103e-11 1
2 116 208 962.3470604268953 5.938280285853853e-11 1
2 116 209 963.1763756332289 5.956905276958562e-11 1
2 116 210 963.9591472467113 5.975368715767722e-11 1
2 116 211 964.7130959931035 5.992474826704133e-11 1
2 116 212 965.467044739537 6.009219389433516e-11 1
2 116 213 966.2209934859294 6.025986365516569e-11 1
2 116 214 966.98258187547 6.04150672500393e-11 1
2 116 215 967.7534915905806 6.056126647477942e-11 1
2 116 216 968.5244013057091 6.071016614003981e-11 1
2 116 217 969.2953110208198 6.08586059504822e-11 1
2 116 218 970.2231935315498 6.098428080631084e-11 1
2 116 219 971.5482172154094 6.11139771231909e-11 1
2 116 220 972.8732408991665 6.124422627055169e-11 1
2 116 221 974.1982645828361 6.13603558343969e-11 1
2 116 222 975.4142351828115 6.147098103258584e-11 1
2 116 223 976.2138475595192 6.158163183698871e-11 1
2 116 224 976.970429796582 6.16830896850713e-11 1
2 116 225 977.727012033636 6.177532759794514e-11 1
2 116 226 978.5559948264628 6.186877138928655e-11 1
2 116 227 979.7552059481801 6.196170838560544e-11 1
2 116 228 981.0544908493013 6.203839374871616e-11 1
2 116 229 982.3537757505231 6.211526916249335e-11 1
2 116 230 983.7195557248157 6.219207102501381e-11 1
2 116 231 985.6416818022602 6.225880534375933e-11 1
2 116 232 987.8226177762573 6.231967532672939e-11 1
2 116 233 990.0035537501376 6.238060794850993e-11 1
2 116 234 992.1650151768713 6.24373438087789e-11 1
2 116 235 993.696126248816 6.24844739760803e-11 1
2 116 236 994.7882939942805 6.253018953530685e-11 1
2 116 237 995.8804617398033 6.25753540809828e-11 1
2 116 238 996.9726294852969 6.260767077850323e-11 1
2 116 239 997.8153790453993 6.264002087283294e-11 1
2 116 240 998.3814644051308 6.267426705066069e-11 1
2 116 241 998.9379145348765 6.269967848558341e-11 1
2 116 242 999.4943646646369 6.272061462772325e-11 1
2 116 243 1000.132100563883 6.2742092398068e-11 1
2 116 244 1000.9275376413414 6.276391115931567e-11 1
2 116 245 1001.7341122604055 6.277741832040752e-11 1
2 116 246 1002.5406868794483 6.278954386845813e-11 1
2 116 247 1003.405777649106 6.280147102878783e-11 1
2 116 248 1004.5062922992378 6.280816925664149e-11 1
2 116 249 1005.629449697224 6.28126118792086e-11 1
2 116 250 1006.7526070952696 6.281705513030173e-11 1
2 116 251 1007.8321083772067 6.281770261619474e-11 1
2 116 252 1008.0839388267598 6.281681750999578e-11 1
2 116 253 1008.2400632254527 6.281624847376856e-11 1
2 116 254 1008.3961876241494 6.281611521304087e-11 1
2 116 255 1008.5523120228423 6.280941808681549e-11 1
2 116 256 1008.7222131765975 6.279721752641975e-11 1
2 116 257 1008.9587748367907 6.277188356404447e-11 1
2 116 258 1009.3827433675498 6.273004571038367e-11 1
2 116 259 1010.6556060001885 6.266927000197749e-11 1
2 116 260 1011.822630149658 6.267584299690933e-11 1
2 116 261 1013.3375578795951 6.304250998430494e-11 1
2 116 262 1014.7462009307404 6.391522549882335e-11 1
2 116 263 1017.3555829595207 6.558131668982339e-11 1
2 117 121 965.4137923141897 4.114911858786033e-11 1
2 117 122 965.3968079912449 4.122383170702647e-11 1
2 117 123 965.1582299443147 4.1298788632818476e-11 1
2 117 124 964.8952464628993 4.1381852808478556e-11 1
2 117 125 964.6322629814633 4.147814340564878e-11 1
2 117 126 964.3917672105224 4.157488316124664e-11 1
2 117 127 964.2582134926224 4.167314936926039e-11 1
2 117 128 964.1534213631745 4.1788352502315764e-11 1
2 117 129 964.0486292337409 4.190511514547248e-11 1
2 117 130 963.9985732916582 4.2022532120027676e-11 1
2 117 131 964.3918866654641 4.2150288080239004e-11 1
2 117 132 964.9840699531795 4.2284180656879315e-11 1
2 117 133 965.5762532408838 4.241896724433293e-11 1
2 117 134 966.1597731202194 4.255935489578789e-11 1
2 117 135 966.4076131241005 4.270849194028686e-11 1
2 117 136 966.4359440934801 4.2858677876263714e-11 1
2 117 137 966.4642750628599 4.3009941567502504e-11 1
2 117 138 966.4926060322407 4.317163339890952e-11 1
2 117 139 966.494893711601 4.333425312111767e-11 1
2 117 140 966.4691808629256 4.349810259364049e-11 1
2 117 141 966.4426171737599 4.3667175144473285e-11 1
2 117 142 966.416053484595 4.383875874112792e-11 1
2 117 143 966.7735753123142 4.401168385251194e-11 1
2 117 144 967.8747128504048 4.418686959898273e-11 1
2 117 145 969.0184577592811 4.436492689539536e-11 1
2 117 146 970.1622026682238 4.454442501236855e-11 1
2 117 147 971.3067028815565 4.472597259647031e-11 1
2 117 148 972.4543492443713 4.4911046025253727e-11 1
2 117 149 973.6022347973545 4.5095744364384036e-11 1
2 117 150 974.7501203503604 4.5281968134417705e-11 1
2 117 151 975.8691939563292 4.547161747251144e-11 1
2 117 152 976.3019882601709 4.5663627985913135e-11 1
2 117 153 976.6729571615535 4.5858056425282536e-11 1
2 117 154 977.0439260629073 4.60639625622806e-11 1
2 117 155 977.414894964265 4.627092918383596e-11 1
2 117 156 978.003624241371 4.6475616938491716e-11 1
2 117 157 978.6501107507235 4.668307927150704e-11 1
2 117 158 979.2965972600942 4.690910004890216e-11 1
2 117 159 979.9430837694589 4.712944801749523e-11 1
2 117 160 980.3651040190076 4.735187585436894e-11 1
2 117 161 980.6514242115126 4.758186867179649e-11 1
2 117 162 980.9377444040093 4.781633104021788e-11 1
2 117 163 981.2240645965283 4.805395973870838e-11 1
2 117 164 981.2710541094548 4.829782111612511e-11 1
2 117 165 981.0326306380015 4.8540111324678963e-11 1
2 117 166 980.7942071665346 4.8784844729429077e-11 1
2 117 167 980.5557836950813 4.902966481732043e-11 1
2 117 168 980.2135143183555 4.9266091189792456e-11 1
2 117 169 979.6157025668755 4.9507737388935566e-11 1
2 117 170 979.0178908154127 4.975176578273964e-11 1
2 117 171 978.4200790639035 4.998752669345271e-11 1
2 117 172 977.8138445747044 5.0223031491211934e-11 1
2 117 173 977.1770062745068 5.0460818893661616e-11 1
2 117 174 976.536897558046 5.0696408649431265e-11 1
2 117 175 975.896788841671 5.092683545596178e-11 1
2 117 176 975.3015119440752 5.115936651217625e-11 1
2 117 177 974.9269901373248 5.139473352224097e-11 1
2 117 178 974.6120381306168 5.162351021070071e-11 1
2 117 179 974.2970861239156 5.1852367402240875e-11 1
2 117 180 973.9681707184827 5.208326276744475e-11 1
2 117 181 973.5245049367801 5.230906639842697e-11 1
2 117 182 973.0283837130896 5.2533922237769384e-11 1
2 117 183 972.5322624893936 5.276126558629413e-11 1
2 117 184 972.0449385661298 5.2989000143108806e-11 1
2 117 185 971.866404668663 5.320935614962373e-11 1
2 117 186 971.8963737336707 5.3431552520635485e-11 1
2 117 187 971.9263427986779 5.36606234177893e-11 1
2 117 188 971.9563118636858 5.3881887852220264e-11 1
2 117 189 972.0004918469452 5.409918931399461e-11 1
2 117 190 972.0601816535776 5.4318250592753127e-11 1
2 117 191 972.1203804962465 5.453146996637571e-11 1
2 117 192 972.1805793389107 5.4743268491201855e-11 1
2 117 193 972.3154153323579 5.495787721454552e-11 1
2 117 194 972.5948163886619 5.517797962623594e-11 1
2 117 195 972.8834850455153 5.538612698742584e-11 1
2 117 196 973.1721537023766 5.559258775746171e-11 1
2 117 197 973.6366646454468 5.5799941818149386e-11 1
2 117 198 974.8204854501423 5.599514841224474e-11 1
2 117 199 976.066270651871 5.6191725595165656e-11 1
2 117 200 977.3120558535658 5.639335568475138e-11 1
2 117 201 978.5255901132696 5.658978679890008e-11 1
2 117 202 979.0587334333022 5.677389991770782e-11 1
2 117 203 979.5219377814878 5.695895320585901e-11 1
2 117 204 979.9851421296863 5.7138627566963245e-11 1
2 117 205 980.4483464778796 5.730857993826531e-11 1
2 117 206 981.2093822722313 5.747954633379778e-11 1
2 117 207 982.0521335536812 5.7659085168459803e-11 1
2 117 208 982.8948848351082 5.7820993486591146e-11 1
2 117 209 983.7376361166005 5.7977873463402253e-11 1
2 117 210 984.592630960745 5.813560705004541e-11 1
2 117 211 985.455207827685 5.828023045403837e-11 1
2 117 212 986.3177846946721 5.841990857921149e-11 1
2 117 213 987.1803615616124 5.856160693231488e-11 1
2 117 214 988.2303419091994 5.870266098032324e-11 1
2 117 215 989.5089780759382 5.882569159235047e-11 1
2 117 216 990.7876142427073 5.894923898918478e-11 1
2 117 217 992.0662504094464 5.908297442241329e-11 1
2 117 218 993.2155977672678 5.919919023496899e-11 1
2 117 219 994.0378444386328 5.930688679594263e-11 1
2 117 220 994.8600911099339 5.941497591931483e-11 1
2 117 221 995.682337781181 5.951172312840605e-11 1
2 117 222 996.5087302680737 5.960403338700972e-11 1
2 117 223 997.3509512333989 5.969793339154983e-11 1
2 117 224 998.1948080536465 5.979520979528857e-11 1
2 117 225 999.0386648738843 5.98757678415812e-11 1
2 117 226 999.8338115314228 5.995303344607584e-11 1
2 117 227 1000.3798733310099 6.00298568542795e-11 1
2 117 228 1000.858606778894 6.009344985045889e-11 1
2 117 229 1001.3373402268152 6.015717772478152e-11 1
2 117 230 1001.8458837696529 6.022447303972698e-11 1
2 117 231 1002.6038402294324 6.028561693532615e-11 1
2 117 232 1003.477822542299 6.033626626791899e-11 1
2 117 233 1004.3518048551188 6.038681937434864e-11 1
2 117 234 1005.2168168564422 6.043278012675113e-11 1
2 117 235 1005.791478638611 6.047113902295309e-11 1
2 117 236 1006.1639555721981 6.050954664567295e-11 1
2 117 237 1006.5364325058054 6.055158924347356e-11 1
2 117 238 1006.9089094394025 6.05823529556758e-11 1
2 117 239 1007.2500909569565 6.060990221949261e-11 1
2 118 61 977.2770278770404 4.6114395748623315e-11 1
2 118 62 977.9034845634429 4.5994549336495706e-11 1
2 118 63 976.6387475781139 4.576177641372486e-11 1
2 118 64 976.5958280462155 4.5511383760917e-11 1
2 118 65 977.9680552825473 4.531245480817762e-11 1
2 118 66 978.3060396402897 4.516483431494836e-11 1
2 118 67 978.9820083557796 4.5061379521696723e-11 1
2 118 68 979.242252901357 4.49696042139822e-11 1
2 118 69 979.3213490167536 4.48827085218999e-11 1
2 118 70 979.400445132155 4.479614800282574e-11 1
2 118 71 979.4795412475517 4.470608148619826e-11 1
2 118 72 979.5036054762242 4.461483281590524e-11 1
2 118 73 979.3451474532285 4.4523265684064016e-11 1
2 118 74 979.1660364014423 4.442529843285812e-11 1
2 118 75 978.986925349659 4.4328129233090265e-11 1
2 118 76 978.8165156938098 4.423313936442577e-11 1
2 118 77 978.6861813340056 4.413830087634169e-11 1
2 118 78 978.5665710594528 4.403857260500142e-11 1
2 118 79 978.4469607848991 4.393929397973687e-11 1
2 118 80 978.3669292656162 4.383935954985354e-11 1
2 118 81 978.6039510089691 4.3739273868670825e-11 1
2 118 82 978.9803067022787 4.363951112402583e-11 1
2 118 83 979.3566623955561 4.354019046369892e-11 1
2 118 84 979.7320968436348 4.3442119875225785e-11 1
2 118 85 980.0672464285698 4.334480378038222e-11 1
2 118 86 980.3769162213108 4.3247366496199196e-11 1
2 118 87 980.686586014076 4.3150590385179314e-11 1
2 118 88 980.9962558068173 4.305835023187671e-11 1
2 118 89 981.1360503818672 4.296525395324895e-11 1
2 118 90 981.0957042431994 4.287255937226022e-11 1
2 118 91 981.050400001823 4.278397645812245e-11 1
2 118 92 981.0050957604452 4.26972517140808e-11 1
2 118 93 980.9307743944348 4.2610926323557726e-11 1
2 118 94 980.8002312062165 4.252617899776277e-11 1
2 118 95 980.6668649708868 4.2443971530599956e-11 1
2 118 96 980.5334987355612 4.236252008191902e-11 1
2 118 97 980.426429987591 4.228167475372984e-11 1
2 118 98 980.4310698989868 4.220725315908791e-11 1
2 118 99 980.4430650241403 4.213309308872355e-11 1
2 118 100 980.4550601492948 4.205847521162421e-11 1
2 118 101 980.4777265884452 4.199286207584908e-11 1
2 118 102 980.7927355687102 4.1931321098853574e-11 1
2 118 103 981.1304097076904 4.1869553323971834e-11 1
2 118 104 981.4680838466603 4.180988393334375e-11 1
2 118 105 981.8057579856563 4.1761932438034576e-11 1
2 118 106 982.1918388771821 4.1716068783971946e-11 1
2 118 107 982.5903229223932 4.1671115872245187e-11 1
2 118 108 982.9888069676279 4.164313834948571e-11 1
2 118 109 983.3872910128388 4.161519836911452e-11 1
2 118 110 983.7698273708786 4.158483202581627e-11 1
2 118 111 984.1429531567477 4.1566564692907956e-11 1
2 118 112 984.5160789426234 4.155867746285654e-11 1
2 118 113 984.8892047284924 4.15509150788611e-11 1
2 118 114 985.2781332374057 4.155002342868842e-11 1
2 118 115 985.6854820984469 4.1562696052782823e-11 1
2 118 116 986.0928309594564 4.157668152448336e-11 1
2 118 117 986.5001798204694 4.159166157030653e-11 1
2 118 118 986.8137185210201 4.162592940010983e-11 1
2 118 119 986.9026540488069 4.165727548197135e-11 1
2 118 120 986.9915895765962 4.1688668809256365e-11 1
2 118 121 987.0805251043848 4.173052772716676e-11 1
2 118 122 987.1806955632327 4.177668684284264e-11 1
2 118 123 987.3198190649684 4.18239470150887e-11 1
2 118 124 987.463232696941 4.188640767279093e-11 1
2 118 125 987.6066463289249 4.195433442364374e-11 1
2 118 126 987.7544612593347 4.201831899302224e-11 1
2 118 127 987.9232069061682 4.208402954712197e-11 1
2 118 128 988.0975817758924 4.2177936081424016e-11 1
2 118 129 988.2719566455928 4.2262962581890195e-11 1
2 118 130 988.473272525851 4.234833258466369e-11 1
2 118 131 988.8928136422384 4.244858641451601e-11 1
2 118 132 989.4102380184028 4.2555216241515656e-11 1
2 118 133 989.9276623945573 4.2664040314745e-11 1
2 118 134 990.4404441471124 4.279158455097513e-11 1
2 118 135 990.7733388109817 4.2921730951257914e-11 1
2 118 136 990.9886010397464 4.3048256047514363e-11 1
2 118 137 991.2038632685131 4.317658355077709e-11 1
2 118 138 991.4191254972861 4.332485645394158e-11 1
2 118 139 991.6258137793952 4.346736499578541e-11 1
2 118 140 991.8232837548463 4.361081413884629e-11 1
2 118 141 992.0204736174131 4.376247546141577e-11 1
2 118 142 992.2176634799742 4.391814844519374e-11 1
2 118 143 992.402931432922 4.4075835792664e-11 1
2 118 144 992.5651177571191 4.424100439465616e-11 1
2 118 145 992.7259815601716 4.440677654632453e-11 1
2 118 146 992.8868453632334 4.4573795675257585e-11 1
2 118 147 993.0763507815127 4.474650771032639e-11 1
2 118 148 993.385160145631 4.4922144579679864e-11 1
2 118 149 993.703039750281 4.509641224019641e-11 1
2 118 150 994.0209193549374 4.527203724857347e-11 1
2 118 151 994.3329329127214 4.545168970179615e-11 1
2 118 152 994.5052215658475 4.5630507726507546e-11 1
2 118 153 994.6649227076896 4.5810642681220396e-11 1
2 118 154 994.8246238495192 4.599124388058967e-11 1
2 118 155 994.9843249913505 4.6171687025435983e-11 1
2 118 156 995.1692535432959 4.6353551657267984e-11 1
2 118 157 995.3608732362629 4.653891639132121e-11 1
2 118 158 995.5524929292353 4.672241998958203e-11 1
2 118 159 995.744112622206 4.6903712595255517e-11 1
2 118 160 995.9045467443932 4.7086417586520946e-11 1
2 118 161 996.0461277715291 4.7268278142990257e-11 1
2 119 54 972.593096602182 5.047679805603366e-11 1
2 119 55 974.6936978378865 4.9741332704618606e-11 1
2 119 56 976.1863884235901 4.8434943492445626e-11 1
2 119 57 976.8389253824325 4.6982271592989194e-11 1
2 119 58 978.2430048046473 4.5968382467601136e-11 1
2 119 59 980.1832377398605 4.56088138230651e-11 1
2 119 60 981.8463788413613 4.576137329103683e-11 1
2 119 61 983.0462375850094 4.5858073737847694e-11 1
2 119 62 984.6817573614036 4.582714878201363e-11 1
2 119 63 985.8267098660066 4.5694731380461584e-11 1
2 119 64 986.4269904658987 4.554147147032457e-11 1
2 119 65 987.0110574396077 4.5414880905015046e-11 1
2 119 66 987.070715230299 4.532160975210509e-11 1
2 119 67 987.1900308116826 4.526198135948412e-11 1
2 119 68 987.2998415180343 4.520496694425213e-11 1
2 119 69 987.5265179807495 4.5155209856072754e-11 1
2 119 70 987.7531944434786 4.510556218267304e-11 1
2 119 71 987.9798709061937 4.504616177189451e-11 1
2 119 72 988.1758771877309 4.4994750365433983e-11 1
2 119 73 988.2701607978864 4.4943790275081975e-11 1
2 119 74 988.3529341333171 4.489031236631685e-11 1
2 119 75 988.4357074687463 4.483265908785107e-11 1
2 119 76 988.5213578651601 4.4775153709316584e-11 1
2 119 77 988.6202589022572 4.470816752391915e-11 1
2 119 78 988.7227057896358 4.4633192911390235e-11 1
2 119 79 988.8251526770154 4.4565903545696324e-11 1
2 120 48 964.8605737946987 4.985848028599102e-11 1
2 120 49 965.8466280407324 5.053262264656096e-11 1
2 120 50 966.9688632319629 5.091163691293989e-11 1
2 120 51 968.4337928485907 5.1003720171872945e-11 1
2 120 52 970.253142287717 5.080144189089031e-11 1
2 120 53 972.2963444409367 5.0322989994860456e-11 1
2 120 54 974.5195212739252 4.9536729418184057e-11 1
2 120 55 976.110254397851 4.836684038733702e-11 1
2 120 56 977.4393858447569 4.691968403200026e-11 1
2 120 57 979.367712024274 4.5763896178979944e-11 1
2 121 48 965.1660886227154 5.002390227690845e-11 1
2 121 49 966.626966842688 5.071938686425014e-11 1
2 121 50 967.7199139245874 5.100657955784175e-11 1
2 121 51 968.9640791528489 5.089514602766015e-11 1
