3 19 27 986.5245273818672 3.135120179325225e-10 1
3 20 17 909.7577427139072 1.8621819129768744e-10 1
3 20 18 917.6360386123372 1.8464022906941621e-10 1
3 20 19 925.0651157607772 1.9766020944635124e-10 1
3 20 20 936.3617466201572 2.243489300394678e-10 1
3 20 21 940.9465854873372 2.554288094682041e-10 1
3 20 22 960.5688999404672 2.767110880162784e-10 1
3 20 23 989.5411289443672 2.8301145954743473e-10 1
3 20 24 1001.4485386123372 2.8269137906288184e-10 1
3 20 25 1005.4473179092172 2.910896859106498e-10 1
3 20 26 1010.9964512099972 2.824191872519056e-10 1
3 20 27 1021.1407383193672 2.6121777980122554e-10 1
3 21 11 955.1851719131172 2.236825768750299e-10 1
3 21 12 961.3232334365572 2.277061364630045e-10 1
3 21 13 968.1655796279672 2.0938762469381843e-10 1
3 21 14 972.8331821670272 2.0328187962949494e-10 1
3 21 15 976.1019809951572 2.048667239538401e-10 1
3 21 16 980.6651523818672 2.0391283755053274e-10 1
3 21 17 984.0950229873372 1.9647858610462982e-10 1
3 21 18 987.1870640029672 1.906819852620189e-10 1
