6 19 27 991.8963964951023 3.5316349092853453e-11 1
6 20 17 915.1296118271423 4.788639325370883e-11 1
6 20 18 923.0079077255723 4.7583550765063536e-11 1
6 20 19 930.4369848740123 4.6713329486355564e-11 1
6 20 20 941.7336157333923 4.519754137531937e-11 1
6 20 21 946.3184546005723 4.350578429900998e-11 1
6 20 22 965.9407690537023 4.2041955030462854e-11 1
6 20 23 994.9129980576023 4.102158416690468e-11 1
6 20 24 1006.8204077255723 4.040635361005011e-11 1
6 20 25 1010.8191870224523 3.949360040836433e-11 1
6 20 26 1016.3683203232323 3.6921717875468634e-11 1
6 20 27 1026.5126074326024 3.4566462308148866e-11 1
6 21 11 960.5570410263523 5.3272066583406884e-11 1
6 21 12 966.6951025497923 5.15707414074902e-11 1
6 21 13 973.5374487412023 4.986673998419241e-11 1
6 21 14 978.2050512802623 4.885648341730387e-11 1
6 21 15 981.4738501083923 4.8180897941686646e-11 1
6 21 16 986.0370214951023 4.765510548171294e-11 1
6 21 17 989.4668921005723 4.7287789247106445e-11 1
6 21 18 992.5589331162023 4.7003036824082835e-11 1
