5 113 272 1013.4072032060636 1.089027005910594e-11 1
5 113 273 1003.9307925505169 1.1176923037567372e-11 1
5 113 274 989.0530990577666 1.1176923037567372e-11 1
5 114 266 987.8845815897231 8.635516283967733e-12 1
5 114 267 994.0105275924194 9.105985659809342e-12 1
5 114 268 1001.1056154480572 9.502402261922767e-12 1
5 114 269 1016.3533641287598 9.813379864656342e-12 1
5 114 270 1020.9605166830494 1.0029157776198447e-11 1
5 114 271 1022.3462949008008 1.0248567111594759e-11 1
5 114 272 1020.8004956324604 1.0603022938525631e-11 1
5 114 273 1016.3811974869554 1.0976359357860777e-11 1
5 114 274 1005.0001416177097 1.0976359357860777e-11 1
5 115 260 1013.0359544097778 6.628902972373803e-12 1
5 115 261 1014.364861549681 6.722462606190182e-12 1
5 115 262 1015.7672776352745 6.8697415715771935e-12 1
5 115 263 1017.8941377569729 7.0941276506090526e-12 1
5 115 264 1018.711628697758 7.392711963664138e-12 1
5 115 265 1019.3807521622025 7.75685851480002e-12 1
5 115 266 1015.3218423938322 8.185295915468105e-12 1
5 115 267 1022.6837557497789 8.656507595616485e-12 1
5 115 268 1023.7368476273757 9.134841748935693e-12 1
5 115 269 1026.660471801093 9.586290182046833e-12 1
5 116 199 959.4332524580554 4.9257212377896635e-12 1
5 116 200 959.8909715879557 4.949141480193886e-12 1
5 116 201 960.3540123106955 4.9727604995058426e-12 1
5 116 202 960.929321491113 4.996431375211549e-12 1
5 116 203 961.5161710081986 5.020323970901147e-12 1
5 116 204 962.1030205253002 5.044366252247936e-12 1
5 116 205 962.6898700423952 5.06850774489583e-12 1
5 116 206 963.4669830039386 5.0928814230315125e-12 1
5 116 207 964.2962982102305 5.117637791648541e-12 1
5 116 208 965.1256134164996 5.1421908648520594e-12 1
5 116 209 965.9549286228332 5.166980672151734e-12 1
5 116 210 966.7377002363156 5.192065359100243e-12 1
5 116 211 967.4916489827078 5.217112821707192e-12 1
5 116 212 968.2455977291413 5.24226092675723e-12 1
5 116 213 968.9995464755337 5.2676550685294695e-12 1
5 116 214 969.7611348650744 5.293083584353225e-12 1
5 116 215 970.5320445801849 5.3184306559715424e-12 1
5 116 216 971.3029542953135 5.344052324468449e-12 1
5 116 217 972.0738640104241 5.3698855396442086e-12 1
5 116 218 973.0017465211541 5.395260627538782e-12 1
5 116 219 974.3267702050138 5.421014890255323e-12 1
5 116 220 975.6517938887708 5.447016208102468e-12 1
5 116 221 976.9768175724405 5.4727543493149314e-12 1
5 116 222 978.1927881724158 5.4985274973124645e-12 1
5 116 223 978.9924005491235 5.5245036351626265e-12 1
5 116 224 979.7489827861864 5.550052974727462e-12 1
5 116 225 980.5055650232404 5.575500065388191e-12 1
5 116 226 981.3345478160671 5.6013344929731735e-12 1
5 116 227 982.5337589377845 5.627363844586631e-12 1
5 116 228 983.8330438389056 5.652675766706339e-12 1
5 116 229 985.1323287401275 5.678216424086042e-12 1
5 116 230 986.49810871442 5.703724842529444e-12 1
5 116 231 988.4202347918646 5.7282633317933815e-12 1
5 116 232 990.6011707658616 5.753455108608617e-12 1
5 116 233 992.782106739742 5.7788922946557375e-12 1
5 116 234 994.9435681664756 5.803759245203201e-12 1
5 116 235 996.4746792384203 5.8281292118312686e-12 1
5 116 236 997.5668469838848 5.853048237637948e-12 1
5 116 237 998.6590147294077 5.878123195597482e-12 1
5 116 238 999.7511824749013 5.9021917086449976e-12 1
5 116 239 1000.5939320350036 5.926458133516618e-12 1
5 116 240 1001.1600173947352 5.950481293775072e-12 1
5 116 241 1001.7164675244809 5.9738141555967924e-12 1
5 116 242 1002.2729176542413 5.997190555845947e-12 1
5 116 243 1002.9106535534874 6.0206340961161914e-12 1
5 116 244 1003.7060906309457 6.042810810375731e-12 1
5 116 245 1004.5126652500098 6.064756634390863e-12 1
5 116 246 1005.3192398690527 6.0871838195291435e-12 1
5 116 247 1006.1843306387103 6.109658497676561e-12 1
5 116 248 1007.2848452888421 6.1300744965568204e-12 1
5 116 249 1008.4080026868284 6.151257440965257e-12 1
5 116 250 1009.5311600848739 6.172587291610277e-12 1
5 116 251 1010.6106613668111 6.1927108794322715e-12 1
5 116 252 1010.8624918163641 6.21241576492738e-12 1
5 116 253 1011.018616215057 6.232149736747062e-12 1
5 116 254 1011.1747406137538 6.25057727865093e-12 1
5 116 255 1011.3308650124467 6.2730869238892585e-12 1
5 116 256 1011.5007661662019 6.30732190233288e-12 1
5 116 257 1011.737327826395 6.354142644867185e-12 1
5 116 258 1012.1612963571541 6.416582155624614e-12 1
5 116 259 1013.4341589897929 6.496782562890267e-12 1
5 116 260 1014.6011831392624 6.588151155411417e-12 1
5 116 261 1016.1161108691995 6.680520602726471e-12 1
5 116 262 1017.5247539203448 6.792508727289686e-12 1
5 116 263 1020.134135949125 6.987875498612423e-12 1
5 117 121 968.192345303794 3.951800153719169e-12 1
5 117 122 968.1753609808493 3.948634323945606e-12 1
5 117 123 967.9367829339191 3.945480009193483e-12 1
5 117 124 967.6737994525037 3.942873943333121e-12 1
5 117 125 967.4108159710677 3.941160320980976e-12 1
5 117 126 967.1703202001268 3.939448187505179e-12 1
5 117 127 967.0367664822268 3.937616970313746e-12 1
5 117 128 966.9319743527789 3.937278522276981e-12 1
5 117 129 966.8271822233453 3.937069191770092e-12 1
5 117 130 966.7771262812626 3.9368598835206556e-12 1
5 117 131 967.1704396550684 3.9376196373989104e-12 1
5 117 132 967.7626229427839 3.9389749302202845e-12 1
5 117 133 968.3548062304882 3.940336939334341e-12 1
5 117 134 968.9383261098237 3.942274212089398e-12 1
5 117 135 969.1861661137049 3.945155492208276e-12 1
5 117 136 969.2144970830844 3.948040987075611e-12 1
5 117 137 969.2428280524642 3.950795475965863e-12 1
5 117 138 969.271159021845 3.954975561059786e-12 1
5 117 139 969.2734467012053 3.959343844370639e-12 1
5 117 140 969.2477338525299 3.963721787917353e-12 1
5 117 141 969.2211701633643 3.96891729718962e-12 1
5 117 142 969.1946064741993 3.974708111764749e-12 1
5 117 143 969.5521283019185 3.9805230910335846e-12 1
5 117 144 970.6532658400091 3.986856189150313e-12 1
5 117 145 971.7970107488854 3.994033196585556e-12 1
5 117 146 972.9407556578282 4.00123609024599e-12 1
5 117 147 974.0852558711608 4.008230887155468e-12 1
5 117 148 975.2329022339757 4.016340389725639e-12 1
5 117 149 976.3807877869589 4.024803473443757e-12 1
5 117 150 977.5286733399647 4.0333022986681725e-12 1
5 117 151 978.6477469459336 4.042552157844465e-12 1
5 117 152 979.0805412497753 4.052134632794744e-12 1
5 117 153 979.4515101511579 4.061690372800159e-12 1
5 117 154 979.8224790525117 4.071023079494316e-12 1
5 117 155 980.1934479538694 4.081296391502073e-12 1
5 117 156 980.7821772309753 4.091879759889876e-12 1
5 117 157 981.4286637403278 4.10251819449602e-12 1
5 117 158 982.0751502496986 4.113410799830884e-12 1
5 117 159 982.7216367590632 4.124813385708294e-12 1
5 117 160 983.143657008612 4.136279364420604e-12 1
5 117 161 983.4299772011169 4.148240753347612e-12 1
5 117 162 983.7162973936137 4.160446763613302e-12 1
5 117 163 984.0026175861326 4.1726766236770006e-12 1
5 117 164 984.0496070990591 4.185062884061666e-12 1
5 117 165 983.8111836276058 4.198253217970419e-12 1
5 117 166 983.572760156139 4.2115269604236924e-12 1
5 117 167 983.3343366846857 4.224984177484573e-12 1
5 117 168 982.9920673079598 4.239673222741612e-12 1
5 117 169 982.3942555564798 4.2543238352528405e-12 1
5 117 170 981.796443805017 4.269076052165623e-12 1
5 117 171 981.1986320535078 4.284824040474208e-12 1
5 117 172 980.5923975643087 4.3009424771199454e-12 1
5 117 173 979.9555592641111 4.317179508909524e-12 1
5 117 174 979.3154505476504 4.333913721377415e-12 1
5 117 175 978.6753418312753 4.3513959446160804e-12 1
5 117 176 978.0800649336795 4.369019779336127e-12 1
5 117 177 977.7055431269291 4.3868205782201685e-12 1
5 117 178 977.3905911202212 4.405511603942429e-12 1
5 117 179 977.07563911352 4.424414220358e-12 1
5 117 180 976.7467237080871 4.443479745712252e-12 1
5 117 181 976.3030579263844 4.4631890027685524e-12 1
5 117 182 975.806936702694 4.4832689036250935e-12 1
5 117 183 975.3108154789979 4.503508640523002e-12 1
5 117 184 974.8234915557341 4.524042919407193e-12 1
5 117 185 974.6449576582673 4.545216255070272e-12 1
5 117 186 974.674926723275 4.566588712708702e-12 1
5 117 187 974.7048957882822 4.587873562263361e-12 1
5 117 188 974.7348648532901 4.609594205622595e-12 1
5 117 189 974.7790448365496 4.631901922951764e-12 1
5 117 190 974.838734643182 4.654426602641451e-12 1
5 117 191 974.8989334858509 4.677252039560352e-12 1
5 117 192 974.959132328515 4.700335321350704e-12 1
5 117 193 975.0939683219623 4.723571956926199e-12 1
5 117 194 975.3733693782663 4.746480553052143e-12 1
5 117 195 975.6620380351196 4.7700381116846655e-12 1
5 117 196 975.9507066919809 4.794067605604381e-12 1
5 117 197 976.4152176350511 4.818340329574203e-12 1
5 117 198 977.5990384397467 4.842858044535806e-12 1
5 117 199 978.8448236414754 4.867626548229199e-12 1
5 117 200 980.0906088431701 4.892349831037888e-12 1
5 117 201 981.3041431028739 4.916894187778012e-12 1
5 117 202 981.8372864229066 4.942371799680973e-12 1
5 117 203 982.3004907710922 4.968135231152928e-12 1
5 117 204 982.7636951192907 4.994140536799995e-12 1
5 117 205 983.2268994674839 5.020372952869393e-12 1
5 117 206 983.9879352618357 5.046882402908036e-12 1
5 117 207 984.8306865432855 5.072858306829839e-12 1
5 117 208 985.6734378247126 5.0989269209234825e-12 1
5 117 209 986.5161891062048 5.125880174601995e-12 1
5 117 210 987.3711839503494 5.153119895810303e-12 1
5 117 211 988.2337608172893 5.180464256378662e-12 1
5 117 212 989.0963376842765 5.208024299880445e-12 1
5 117 213 989.9589145512167 5.235742030477018e-12 1
5 117 214 991.0088948988038 5.2629831501591204e-12 1
5 117 215 992.2875310655426 5.290926935814388e-12 1
5 117 216 993.5661672323116 5.319169040203258e-12 1
5 117 217 994.8448033990508 5.346606093454561e-12 1
5 117 218 995.9941507568722 5.3738255444946225e-12 1
5 117 219 996.8163974282371 5.402326011605525e-12 1
5 117 220 997.6386440995383 5.431130399100607e-12 1
5 117 221 998.4608907707853 5.4596554397683384e-12 1
5 117 222 999.287283257678 5.488241766111612e-12 1
5 117 223 1000.1295042230032 5.516968647077161e-12 1
5 117 224 1000.9733610432509 5.544474825409238e-12 1
5 117 225 1001.8172178634886 5.572554825375506e-12 1
5 117 226 1002.6123645210272 5.601396518051898e-12 1
5 117 227 1003.1584263206142 5.630486092898201e-12 1
5 117 228 1003.6371597684983 5.65877830131984e-12 1
5 117 229 1004.1158932164195 5.687356272452974e-12 1
5 117 230 1004.6244367592573 5.715693259992322e-12 1
5 117 231 1005.3823932190368 5.742835423662398e-12 1
5 117 232 1006.2563755319034 5.770968799630517e-12 1
5 117 233 1007.1303578447231 5.799409835557141e-12 1
5 117 234 1007.9953698460465 5.8276204553019616e-12 1
5 117 235 1008.5700316282154 5.8552599008791235e-12 1
5 117 236 1008.9425085618025 5.883162774543542e-12 1
5 117 237 1009.3149854954097 5.910424873468697e-12 1
5 117 238 1009.6874624290068 5.93667712289615e-12 1
5 117 239 1010.0286439465608 5.96386661486063e-12 1
5 118 61 980.0555808666447 3.887665885589919e-12 1
5 118 62 980.6820375530473 3.861256159022476e-12 1
5 118 63 979.4173005677183 3.845609397319801e-12 1
5 118 64 979.3743810358199 3.836693735550905e-12 1
5 118 65 980.7466082721517 3.83152153463872e-12 1
5 118 66 981.084592629894 3.828550140863829e-12 1
5 118 67 981.760561345384 3.826674232581317e-12 1
5 118 68 982.0208058909614 3.825520857927873e-12 1
5 118 69 982.099902006358 3.824291950960872e-12 1
5 118 70 982.1789981217594 3.823063833286312e-12 1
5 118 71 982.258094237156 3.822117556389116e-12 1
5 118 72 982.2821584658285 3.821285171543149e-12 1
5 118 73 982.1237004428328 3.820464839812401e-12 1
5 118 74 981.9445893910466 3.819897438492517e-12 1
5 118 75 981.7654783392634 3.8195040627758384e-12 1
5 118 76 981.5950686834142 3.819055344740421e-12 1
5 118 77 981.46473432361 3.818624769565179e-12 1
5 118 78 981.3451240490572 3.818570702329742e-12 1
5 118 79 981.2255137745035 3.8185166366253315e-12 1
5 118 80 981.1454822552206 3.818546510342358e-12 1
5 118 81 981.3825039985735 3.8189581204692885e-12 1
5 118 82 981.758859691883 3.819258918727073e-12 1
5 118 83 982.1352153851604 3.8195534094392546e-12 1
5 118 84 982.5106498332392 3.820076584886796e-12 1
5 118 85 982.8457994181741 3.820778996433739e-12 1
5 118 86 983.1554692109152 3.821371166139527e-12 1
5 118 87 983.4651390036804 3.821991005422606e-12 1
5 118 88 983.7748087964217 3.823067758454122e-12 1
5 118 89 983.9146033714716 3.823878831672992e-12 1
5 118 90 983.8742572328038 3.824690249107241e-12 1
5 118 91 983.8289529914274 3.82552539582157e-12 1
5 118 92 983.7836487500496 3.8263703526167776e-12 1
5 118 93 983.7093273840392 3.827279771016633e-12 1
5 118 94 983.5787841958208 3.828677228961276e-12 1
5 118 95 983.4454179604911 3.829688456737786e-12 1
5 118 96 983.3120517251656 3.830469430575336e-12 1
5 118 97 983.2049829771953 3.831237174421557e-12 1
5 118 98 983.2096228885912 3.8317223641446765e-12 1
5 118 99 983.2216180137447 3.8322076767726894e-12 1
5 118 100 983.2336131388992 3.8330265257574756e-12 1
5 118 101 983.2562795780495 3.833370071901546e-12 1
5 118 102 983.5712885583146 3.833358636525588e-12 1
5 118 103 983.9089626972948 3.83343383418967e-12 1
5 118 104 984.2466368362647 3.8338453304889835e-12 1
5 118 105 984.5843109752607 3.833384003812486e-12 1
5 118 106 984.9703918667865 3.832712118204558e-12 1
5 118 107 985.3688759119975 3.832012745153175e-12 1
5 118 108 985.7673599572322 3.830735328620062e-12 1
5 118 109 986.1658440024431 3.829458763466806e-12 1
5 118 110 986.548380360483 3.828287444470116e-12 1
5 118 111 986.921506146352 3.826758378846357e-12 1
5 118 112 987.2946319322277 3.825173083516606e-12 1
5 118 113 987.6677577180967 3.8235930144250944e-12 1
5 118 114 988.05668622701 3.821935675519028e-12 1
5 118 115 988.4640350880512 3.820431265016833e-12 1
5 118 116 988.8713839490607 3.8190861090842835e-12 1
5 118 117 989.2787328100737 3.817761820741935e-12 1
5 118 118 989.5922715106244 3.817011186006924e-12 1
5 118 119 989.6812070384112 3.816617730677764e-12 1
5 118 120 989.7701425662005 3.8162243564545365e-12 1
5 118 121 989.8590780939892 3.816788083589303e-12 1
5 118 122 989.959248552837 3.817738601763879e-12 1
5 118 123 990.0983720545728 3.818614192644599e-12 1
5 118 124 990.2417856865453 3.81929234615924e-12 1
5 118 125 990.3851993185292 3.821107717102857e-12 1
5 118 126 990.533014248939 3.823233661854065e-12 1
5 118 127 990.7017598957725 3.825362494218841e-12 1
5 118 128 990.8761347654968 3.827790016471854e-12 1
5 118 129 991.0505096351972 3.830869729303546e-12 1
5 118 130 991.2518255154554 3.833954401795129e-12 1
5 118 131 991.6713666318427 3.837641411880323e-12 1
5 118 132 992.1887910080071 3.841577209852395e-12 1
5 118 133 992.7062153841616 3.845420775806604e-12 1
5 118 134 993.2189971367168 3.848915596839021e-12 1
5 118 135 993.5518918005861 3.853508267253933e-12 1
5 118 136 993.7671540293508 3.858369899793643e-12 1
5 118 137 993.9824162581175 3.863260214706704e-12 1
5 118 138 994.1976784868905 3.868687940648814e-12 1
5 118 139 994.4043667689996 3.874545006950826e-12 1
5 118 140 994.6018367444507 3.880419834954941e-12 1
5 118 141 994.7990266070175 3.887047502116259e-12 1
5 118 142 994.9962164695786 3.8939956805491065e-12 1
5 118 143 995.1814844225263 3.900914351801696e-12 1
5 118 144 995.3436707467234 3.9080437812348175e-12 1
5 118 145 995.5045345497759 3.916169893487239e-12 1
5 118 146 995.6653983528378 3.924329869890631e-12 1
5 118 147 995.854903771117 3.932325930373321e-12 1
5 118 148 996.1637131352353 3.94155613687449e-12 1
5 118 149 996.4815927398854 3.951016799726423e-12 1
5 118 150 996.7994723445418 3.960522987485992e-12 1
5 118 151 997.1114859023257 3.970732019983682e-12 1
5 118 152 997.2837745554518 3.981515223506949e-12 1
5 118 153 997.4434756972939 3.992364418741258e-12 1
5 118 154 997.6031768391235 4.003710374617328e-12 1
5 118 155 997.7628779809548 4.0158419401116155e-12 1
5 118 156 997.9478065329002 4.028047248296911e-12 1
5 118 157 998.1394262258673 4.040090636465973e-12 1
5 118 158 998.3310459188397 4.053166724852948e-12 1
5 118 159 998.5226656118103 4.066628857511333e-12 1
5 118 160 998.6830997339976 4.080180714064907e-12 1
5 118 161 998.8246807611334 4.0944321237871836e-12 1
5 119 54 975.3716495917863 4.05984452873977e-12 1
5 119 55 977.4722508274908 4.030435905456666e-12 1
5 119 56 978.9649414131944 4.005081429143031e-12 1
5 119 57 979.6174783720369 3.986263777006939e-12 1
5 119 58 981.0215577942516 3.970831107202489e-12 1
5 119 59 982.9617907294648 3.9482024827293585e-12 1
5 119 60 984.6249318309657 3.913765646685762e-12 1
5 119 61 985.8247905746138 3.87534828784213e-12 1
5 119 62 987.4603103510079 3.8457151511251505e-12 1
5 119 63 988.6052628556109 3.8274756671673925e-12 1
5 119 64 989.2055434555031 3.816516278396594e-12 1
5 119 65 989.7896104292121 3.80980276003326e-12 1
5 119 66 989.8492682199034 3.805697539798726e-12 1
5 119 67 989.968583801287 3.8029229275579435e-12 1
5 119 68 990.0783945076387 3.801061507616673e-12 1
5 119 69 990.3050709703539 3.7990367794885765e-12 1
5 119 70 990.531747433083 3.797014207253725e-12 1
5 119 71 990.758423895798 3.795354988279313e-12 1
5 119 72 990.9544301773352 3.793580269319219e-12 1
5 119 73 991.0487137874908 3.791799766421887e-12 1
5 119 74 991.1314871229215 3.790106676656991e-12 1
5 119 75 991.2142604583506 3.7885554387544e-12 1
5 119 76 991.2999108547644 3.78700547013246e-12 1
5 119 77 991.3988118918616 3.785705619649353e-12 1
5 119 78 991.5012587792402 3.784611709681691e-12 1
5 119 79 991.6037056666197 3.7832805163910175e-12 1
5 120 48 967.639126784303 4.21396783258732e-12 1
5 120 49 968.6251810303368 4.20740696185661e-12 1
5 120 50 969.7474162215673 4.209199158021821e-12 1
5 120 51 971.212345838195 4.212823641540734e-12 1
5 120 52 973.0316952773213 4.213295831630439e-12 1
5 120 53 975.074897430541 4.20567580185376e-12 1
5 120 54 977.2980742635295 4.186335971918213e-12 1
5 120 55 978.8888073874554 4.15373734885939e-12 1
5 120 56 980.2179388343612 4.113833729468626e-12 1
5 120 57 982.1462650138784 4.073655867036927e-12 1
5 121 48 967.9446416123197 4.334674611926342e-12 1
5 121 49 969.4055198322924 4.332978856300813e-12 1
5 121 50 970.4984669141918 4.3457052362619765e-12 1
5 121 51 971.7426321424532 4.331254812156252e-12 1
