4 19 27 1009.1234250306496 5.1003088278201924e-11 1
4 20 17 932.3566403626896 1.8495888104119484e-11 1
4 20 18 940.2349362611196 1.8255565855051855e-11 1
4 20 19 947.6640134095596 1.843397025261293e-11 1
4 20 20 958.9606442689396 1.9627136506441836e-11 1
4 20 21 963.5454831361196 2.19110703301415e-11 1
4 20 22 983.1677975892496 2.4902343258559568e-11 1
4 20 23 1012.1400265931496 2.7745815462468485e-11 1
4 20 24 1024.0474362611196 2.946467908827312e-11 1
4 20 25 1028.0462155579996 3.074488407758902e-11 1
4 20 26 1033.5953488587797 3.518098562398329e-11 1
4 20 27 1043.7396359681497 4.5826023584911396e-11 1
4 21 11 977.7840695618996 1.9074575773860805e-11 1
4 21 12 983.9221310853396 1.91218879265004e-11 1
4 21 13 990.7644772767496 1.8789733029720065e-11 1
4 21 14 995.4320798158096 1.8010091103290164e-11 1
4 21 15 998.7008786439396 1.7607359325968274e-11 1
4 21 16 1003.2640500306496 1.718508262664109e-11 1
4 21 17 1006.6939206361196 1.696832305820207e-11 1
4 21 18 1009.7859616517496 1.6881594372801875e-11 1
