6 55 104 956.39074707031 1.5948830593746977e-11 1
6 55 105 976.99249267578 1.5515957230795964e-11 1
6 55 106 1000.48577880859 1.5391139532506605e-11 1
6 55 107 993.44250488281 1.537143009935029e-11 1
6 56 79 936.01416015625 1.9224198535674538e-11 1
6 56 80 936.01416015625 1.9136398023699248e-11 1
6 56 81 939.00036621094 1.9050903394055262e-11 1
6 56 82 941.80816650391 1.8967817993001293e-11 1
6 56 83 943.80639648438 1.888767451398516e-11 1
6 56 84 950.72241210938 1.8810338331618962e-11 1
6 56 85 950.72241210938 1.873598161632089e-11 1
6 56 86 953.73571777344 1.8664827624221123e-11 1
6 56 87 958.06567382813 1.8596995626555464e-11 1
6 56 88 962.94390869141 1.8532434661406764e-11 1
6 56 89 972.62438964844 1.8471394744736877e-11 1
6 56 90 972.62438964844 1.8413750150456002e-11 1
6 56 91 976.28851318359 1.835953363943053e-11 1
6 56 92 979.47326660156 1.8308789383961913e-11 1
6 56 93 982.70794677734 1.826142405662627e-11 1
6 56 94 987.69024658203 1.8217226313569886e-11 1
6 56 95 987.69024658203 1.8175988725707517e-11 1
6 56 96 989.90307617188 1.8137613248881056e-11 1
6 56 97 992.15930175781 1.8101826364244083e-11 1
6 56 98 992.53460693359 1.8060144434593378e-11 1
6 56 99 993.49645996094 1.80027735851613e-11 1
6 56 100 995.00677490234 1.79200698744298e-11 1
6 56 101 996.51281738281 1.7770977948788172e-11 1
6 56 102 999.40307617188 1.741711457506789e-11 1
6 56 103 1002.34283447266 1.6764812720956176e-11 1
6 56 104 1004.74279785156 1.6047177762356847e-11 1
6 56 105 1009.13494873047 1.5558752118567038e-11 1
6 57 32 952.40423583984 2.1578257337981045e-11 1
6 57 33 954.68109130859 2.150449745694189e-11 1
6 57 34 953.38238525391 2.145783283946e-11 1
6 57 35 953.38238525391 2.142228225029523e-11 1
6 57 36 951.09320068359 2.1388170124577808e-11 1
6 57 37 950.03912353516 2.1355348534898063e-11 1
6 57 38 952.90863037109 2.132438497095449e-11 1
6 57 39 954.06768798828 2.1294870730530583e-11 1
6 57 40 954.06768798828 2.1266808368320424e-11 1
6 57 41 953.89483642578 2.124070358892106e-11 1
6 57 42 953.37329101563 2.121614644603715e-11 1
6 57 43 951.82165527344 2.119319629358966e-11 1
6 57 44 954.93280029297 2.117209075845474e-11 1
6 57 45 954.93280029297 2.11524383402279e-11 1
6 57 46 956.634765625 2.113421584946514e-11 1
6 57 47 955.83129882813 2.111712353222825e-11 1
6 57 48 951.92980957031 2.110081554842719e-11 1
6 57 49 954.58093261719 2.108505049487258e-11 1
6 57 50 954.58093261719 2.1069430000893793e-11 1
6 57 51 956.99432373047 2.105305373956626e-11 1
6 57 52 960.42810058594 2.1035800696031858e-11 1
6 57 53 963.35632324219 2.101711131375225e-11 1
6 57 54 963.59149169922 2.0995105759224197e-11 1
6 57 55 963.59149169922 2.096823567679889e-11 1
6 57 56 964.65124511719 2.093526639953873e-11 1
6 57 57 964.49102783203 2.0896368757282708e-11 1
6 57 58 965.79351806641 2.0851611266942135e-11 1
6 57 59 966.80523681641 2.080138544706949e-11 1
6 57 60 966.80523681641 2.0745978711045157e-11 1
6 57 61 968.05407714844 2.068585599964501e-11 1
6 57 62 968.71856689453 2.0621287280447957e-11 1
6 57 63 969.84448242188 2.0552445141949216e-11 1
6 57 64 973.55572509766 2.0480248789995575e-11 1
6 57 65 973.55572509766 2.0404524010683544e-11 1
6 57 66 975.44372558594 2.032630593691193e-11 1
6 57 67 976.15643310547 2.02452669273457e-11 1
6 57 68 976.80700683594 2.016239662265706e-11 1
6 57 69 976.57623291016 2.0078130565728625e-11 1
6 57 70 976.57623291016 1.999227832496595e-11 1
6 57 71 975.54339599609 1.9905319391323423e-11 1
6 57 72 973.94659423828 1.9818284302608948e-11 1
6 57 73 971.59802246094 1.9730884895454555e-11 1
6 57 74 969.35607910156 1.964354158648789e-11 1
6 57 75 969.35607910156 1.9556342392062637e-11 1
6 57 76 970.83343505859 1.9470186750969176e-11 1
6 57 77 970.13415527344 1.938502667521068e-11 1
6 57 78 969.04315185547 1.9301436631039005e-11 1
6 57 79 974.43249511719 1.921887970069212e-11 1
6 57 80 974.43249511719 1.9138538028456012e-11 1
6 57 81 976.67620849609 1.9059647352308046e-11 1
6 57 82 979.75225830078 1.8963906768507707e-11 1
6 57 83 981.94366455078 1.888957456087118e-11 1
6 57 84 987.14660644531 1.8817859623521877e-11 1
6 57 85 987.14660644531 1.874880023527558e-11 1
6 57 86 988.33874511719 1.8682509093811647e-11 1
6 57 87 989.02258300781 1.861911277382051e-11 1
6 57 88 990.0 1.8558730611823738e-11 1
6 57 89 990.92376708984 1.8558730611823738e-11 1
6 57 90 990.92376708984 1.8437172779287678e-11 1
6 57 91 992.06231689453 1.8385227406938076e-11 1
6 58 24 947.99713134766 2.386018331587628e-11 1
6 58 25 949.30340576172 2.3564554038835564e-11 1
6 58 26 952.35620117188 2.320291744451702e-11 1
6 58 27 955.98132324219 2.279514694740835e-11 1
6 58 28 960.0 2.2368287455648365e-11 1
6 58 29 961.83953857422 2.196721571016403e-11 1
6 58 30 965.13452148438 2.1673768315776346e-11 1
6 58 31 967.04846191406 2.14994500310011e-11 1
6 58 32 967.66680908203 2.1394503475326868e-11 1
6 58 33 969.34979248047 2.132976523913669e-11 1
6 58 34 969.90972900391 2.128899671677164e-11 1
6 58 35 969.90972900391 2.1266301563139222e-11 1
6 58 36 970.0634765625 2.1236270030112594e-11 1
6 58 37 970.46099853516 2.1207558428706692e-11 1
6 58 38 971.7109375 2.1180046880761307e-11 1
6 58 39 971.95324707031 2.1153726352715395e-11 1
6 58 40 971.95324707031 2.1128697223795288e-11 1
6 58 41 972.30084228516 2.1128697223795288e-11 1
6 58 42 972.82647705078 2.109971851373463e-11 1
6 58 43 973.37805175781 2.107781288102103e-11 1
6 59 24 948.91943359375 2.3491138131591726e-11 1
6 59 25 951.0634765625 2.324284008382704e-11 1
6 59 26 953.49188232422 2.294209550361443e-11 1
