4 55 104 987.387049309897 1.8372260423062345e-11 1
4 55 105 1007.988794915367 1.9845640333342327e-11 1
4 55 106 1031.482081048177 2.0534329000000592e-11 1
4 55 107 1024.438807122397 2.195271871572142e-11 1
4 56 79 967.010462395837 1.002048224845866e-11 1
4 56 80 967.010462395837 1.0185222143759727e-11 1
4 56 81 969.996668450527 1.0353140904696422e-11 1
4 56 82 972.804468743497 1.0522515991026294e-11 1
4 56 83 974.802698723967 1.0694181001144592e-11 1
4 56 84 981.718714348967 1.0865354169971832e-11 1
4 56 85 981.718714348967 1.1035238596841455e-11 1
4 56 86 984.732020013027 1.1204755074438205e-11 1
4 56 87 989.061976067717 1.1373548368175559e-11 1
4 56 88 993.940210930997 1.1537502226478173e-11 1
4 56 89 1003.620691888027 1.1700128936264492e-11 1
4 56 90 1003.620691888027 1.1856838229305817e-11 1
4 56 91 1007.284815423177 1.2007093911450899e-11 1
4 56 92 1010.469568841147 1.2152843435368577e-11 1
4 56 93 1013.704249016927 1.2293584026110095e-11 1
4 56 94 1018.686548821617 1.2424095230033457e-11 1
4 56 95 1018.686548821617 1.2547428946740697e-11 1
4 56 96 1020.899378411467 1.2660942093321015e-11 1
4 56 97 1023.155603997397 1.2763950635535526e-11 1
4 56 98 1023.530909173177 1.2878388617573252e-11 1
4 56 99 1024.492762200527 1.301949906705244e-11 1
4 56 100 1026.003077141927 1.3180530586286186e-11 1
4 56 101 1027.509119622397 1.3389455824813516e-11 1
4 56 102 1030.399378411467 1.3870949959786833e-11 1
4 56 103 1033.339136712247 1.5018946707444906e-11 1
4 56 104 1035.739100091147 1.6887979529096187e-11 1
4 56 105 1040.131250970057 1.880983371769403e-11 1
4 57 32 983.400538079427 7.847276977952783e-12 1
4 57 33 985.677393548177 7.821272425048337e-12 1
4 57 34 984.378687493497 7.803611380741793e-12 1
4 57 35 984.378687493497 7.78862182919207e-12 1
4 57 36 982.089502923177 7.774795363989054e-12 1
4 57 37 981.035425774747 7.762247519389725e-12 1
4 57 38 983.904932610677 7.750460664094526e-12 1
4 57 39 985.063990227867 7.740740118502455e-12 1
4 57 40 985.063990227867 7.733223591696811e-12 1
4 57 41 984.891138665367 7.728125194439856e-12 1
4 57 42 984.369593255217 7.725877146482203e-12 1
4 57 43 982.817957513027 7.726624841508825e-12 1
4 57 44 985.929102532557 7.730485541544824e-12 1
4 57 45 985.929102532557 7.737288156448678e-12 1
4 57 46 987.631067864587 7.746901412735638e-12 1
4 57 47 986.827601067717 7.758982341305278e-12 1
4 57 48 982.926111809897 7.772444028004332e-12 1
4 57 49 985.577234856777 7.78672084418307e-12 1
4 57 50 985.577234856777 7.801008390035311e-12 1
4 57 51 987.990625970057 7.807792136805232e-12 1
4 57 52 991.424402825527 7.807152769620161e-12 1
4 57 53 994.352625481777 7.796061218945337e-12 1
4 57 54 994.587793938807 7.780712697657719e-12 1
4 57 55 994.587793938807 7.766759978827352e-12 1
4 57 56 995.647547356777 7.759315550083485e-12 1
4 57 57 995.487330071617 7.759542560253826e-12 1
4 57 58 996.789820305997 7.764996934507406e-12 1
4 57 59 997.801539055997 7.777195682073385e-12 1
4 57 60 997.801539055997 7.798966588574031e-12 1
4 57 61 999.050379388027 7.830003961627755e-12 1
4 57 62 999.714869134117 7.869520549271755e-12 1
4 57 63 1000.840784661467 7.9178651297985e-12 1
4 57 64 1004.552027337247 7.97623937063418e-12 1
4 57 65 1004.552027337247 8.04230839420483e-12 1
4 57 66 1006.440027825527 8.117713333465605e-12 1
4 57 67 1007.152735345057 8.198703340563599e-12 1
4 57 68 1007.803309075527 8.286660411352969e-12 1
4 57 69 1007.572535149747 8.381083078369089e-12 1
4 57 70 1007.572535149747 8.479668990358088e-12 1
4 57 71 1006.539698235677 8.584149418603971e-12 1
4 57 72 1004.942896477867 8.697732697749512e-12 1
4 57 73 1002.594324700527 8.820792449625822e-12 1
4 57 74 1000.352381341147 8.95308115971634e-12 1
4 57 75 1000.352381341147 9.093510260538158e-12 1
4 57 76 1001.829737298177 9.242046320070433e-12 1
4 57 77 1001.130457513027 9.398156501977564e-12 1
4 57 78 1000.039454095057 9.561624981948809e-12 1
4 57 79 1005.428797356777 9.729857865341717e-12 1
4 57 80 1005.428797356777 9.905078341989281e-12 1
4 57 81 1007.672510735677 1.0085024307856674e-11 1
4 57 82 1010.748560540367 1.031207171371261e-11 1
4 57 83 1012.939966790367 1.0502547271559205e-11 1
4 57 84 1018.142908684897 1.0698480017892103e-11 1
4 57 85 1018.142908684897 1.089843581104603e-11 1
4 57 86 1019.335047356777 1.1100477820555986e-11 1
4 57 87 1020.018885247397 1.1302788875541688e-11 1
4 57 88 1020.996302239587 1.1504497016179716e-11 1
4 57 89 1021.920069329427 1.1504497016179716e-11 1
4 57 90 1021.920069329427 1.1832924223316465e-11 1
4 57 91 1023.058619134117 1.2014890279977645e-11 1
4 58 24 978.993433587247 8.396055338460146e-12 1
4 58 25 980.299708001307 8.366170373170636e-12 1
4 58 26 983.352503411467 8.333350066139275e-12 1
4 58 27 986.977625481777 8.254824535017892e-12 1
4 58 28 990.996302239587 8.131890057293462e-12 1
4 58 29 992.835840813807 8.016367056711579e-12 1
4 58 30 996.130823723967 7.936908412684556e-12 1
4 58 31 998.044764153647 7.863167216582527e-12 1
4 58 32 998.663111321617 7.805218345762342e-12 1
4 58 33 1000.346094720057 7.765220841284987e-12 1
4 58 34 1000.906031243497 7.738672714637493e-12 1
4 58 35 1000.906031243497 7.693197138763524e-12 1
4 58 36 1001.059778802087 7.673712651451087e-12 1
4 58 37 1001.457300774747 7.655207295435164e-12 1
4 58 38 1002.707239739587 7.637814500729372e-12 1
4 58 39 1002.949549309897 7.621586198434903e-12 1
4 58 40 1002.949549309897 7.606658147246865e-12 1
4 58 41 1003.297144524747 7.606658147246865e-12 1
4 58 42 1003.822779290367 7.571453163070964e-12 1
4 58 43 1004.374353997397 7.562580596769593e-12 1
4 59 24 979.915735833337 8.78300276680096e-12 1
4 59 25 982.059778802087 8.698866649278362e-12 1
4 59 26 984.488184563807 8.682438385237923e-12 1
