1 98 267 968.9636977897156 4.8906941504865306e-11 1
1 98 268 988.6829971061156 4.3456486766929615e-11 1
1 98 269 1010.9699844108056 3.4062214759519676e-11 1
1 98 270 1005.1330093131456 3.092874486475607e-11 1
1 99 206 947.7046645865856 6.799148611694095e-11 1
1 99 207 947.7046645865856 6.758101306040419e-11 1
1 99 208 947.7046645865856 6.718632950494957e-11 1
1 99 209 947.7046645865856 6.679622920841546e-11 1
1 99 210 950.6908706412756 6.328029709131783e-11 1
1 99 211 950.6908706412756 6.295788031823573e-11 1
1 99 212 950.6908706412756 6.263873235458784e-11 1
1 99 213 950.6908706412756 6.232616798646495e-11 1
1 99 214 953.4986709342456 5.944980704662133e-11 1
1 99 215 953.4986709342456 5.918669845663407e-11 1
1 99 216 953.4986709342456 5.892590849836615e-11 1
1 99 217 953.4986709342456 5.867678488530815e-11 1
1 99 218 953.4986709342456 5.844223071992524e-11 1
1 99 219 955.4969009147156 5.6564698627447024e-11 1
1 99 220 955.4969009147156 5.635385413136067e-11 1
1 99 221 955.4969009147156 5.6157326696400596e-11 1
1 99 222 955.4969009147156 5.596216523039147e-11 1
1 99 223 962.4129165397156 5.0866884051208334e-11 1
1 99 224 962.4129165397156 5.072473434318444e-11 1
1 99 225 962.4129165397156 5.0580801426161104e-11 1
1 99 226 962.4129165397156 5.0437683025645497e-11 1
1 99 227 965.4262222037756 4.846766115132367e-11 1
1 99 228 965.4262222037756 4.835159353838546e-11 1
1 99 229 965.4262222037756 4.823422191115009e-11 1
1 99 230 965.4262222037756 4.8118593102462326e-11 1
1 99 231 969.7561782584656 4.5642506623134726e-11 1
1 99 232 969.7561782584656 4.55491088010597e-11 1
1 99 233 969.7561782584656 4.5458649143616616e-11 1
1 99 234 969.7561782584656 4.537862904107814e-11 1
1 99 235 974.6344131217456 4.2925205699692524e-11 1
1 99 236 974.6344131217456 4.285168065521875e-11 1
1 99 237 974.6344131217456 4.27820400002041e-11 1
1 99 238 974.6344131217456 4.2717480977338646e-11 1
1 99 239 984.3148940787756 3.8662186389183496e-11 1
1 99 240 984.3148940787756 3.861246235739157e-11 1
1 99 241 984.3148940787756 3.8566333430652113e-11 1
1 99 242 984.3148940787756 3.85203145895527e-11 1
1 99 243 984.3148940787756 3.8475796103733485e-11 1
1 99 244 987.9790176139256 3.712985033347534e-11 1
1 99 245 987.9790176139256 3.709297484269809e-11 1
1 99 246 987.9790176139256 3.705617252499644e-11 1
1 99 247 987.9790176139256 3.702256317165426e-11 1
1 99 248 991.1637710318956 3.593351645967267e-11 1
1 99 249 991.1637710318956 3.590400482360898e-11 1
1 99 250 991.1637710318956 3.587501295264701e-11 1
1 99 251 991.1637710318956 3.585060932067136e-11 1
1 99 252 994.3984512076756 3.4817519407108756e-11 1
1 99 253 994.3984512076756 3.479530398812556e-11 1
1 99 254 994.3984512076756 3.4777238405312526e-11 1
1 99 255 994.3984512076756 3.47589224019589e-11 1
1 99 256 999.3807510123656 3.329968015231187e-11 1
1 99 257 999.3807510123656 3.3285196666624586e-11 1
1 99 258 999.3807510123656 3.3269884639758614e-11 1
1 99 259 1001.5935806022156 3.264706959341344e-11 1
1 99 260 1001.5935806022156 3.2624368922859955e-11 1
1 99 261 1003.8498061881456 3.2017623149496786e-11 1
1 99 262 1005.1869643912756 3.168173820728337e-11 1
1 99 263 1006.3058608756456 3.144589631238691e-11 1
1 99 264 1008.2033218131456 3.104955916637985e-11 1
1 99 265 1011.0935806022156 3.0450099409905147e-11 1
1 99 266 1014.0333389029956 3.057403399537252e-11 1
1 99 267 1016.0960220084656 3.217619925519779e-11 1
1 99 268 1020.8254531608056 3.366183965939612e-11 1
1 100 43 963.8971694693956 6.854436677272719e-11 1
1 100 44 964.0947402701756 6.850447624413491e-11 1
1 100 45 964.0947402701756 6.870143136489279e-11 1
1 100 46 964.0947402701756 6.88995840395918e-11 1
1 100 47 964.0947402701756 6.910760703940534e-11 1
1 100 48 966.5384048209656 6.651078323728678e-11 1
1 100 49 966.5384048209656 6.671445195256589e-11 1
1 100 50 966.5384048209656 6.69209483838006e-11 1
1 100 51 966.5384048209656 6.714403857249278e-11 1
1 100 52 966.3715957389256 6.755842142171107e-11 1
1 100 53 966.3715957389256 6.778803187192255e-11 1
1 100 54 966.3715957389256 6.8037904748191e-11 1
1 100 55 966.3715957389256 6.828601573776704e-11 1
1 100 56 965.0728896842456 7.009571349012568e-11 1
1 100 57 965.0728896842456 7.03678032557876e-11 1
1 100 58 965.0728896842456 7.06537912777293e-11 1
1 100 59 965.0728896842456 7.09421134044149e-11 1
1 100 60 962.7837051139256 7.427275806923855e-11 1
1 100 61 962.7837051139256 7.46185999218983e-11 1
1 100 62 962.7837051139256 7.496767758076175e-11 1
1 100 63 962.7837051139256 7.532641957046839e-11 1
1 100 64 961.7296279654956 7.725544421135225e-11 1
1 100 65 961.7296279654956 7.765543756792599e-11 1
1 100 66 961.7296279654956 7.805959444663165e-11 1
1 100 67 961.7296279654956 7.847785571378178e-11 1
1 100 68 961.7296279654956 7.891400991976315e-11 1
1 100 69 964.5991348014256 7.508087589901125e-11 1
1 100 70 964.5991348014256 7.549325221754723e-11 1
1 100 71 964.5991348014256 7.591360400827674e-11 1
1 100 72 964.5991348014256 7.633866310688906e-11 1
1 100 73 965.7581924186156 7.510518234443423e-11 1
1 100 74 965.7581924186156 7.553714570606841e-11 1
1 100 75 965.7581924186156 7.596276853456032e-11 1
1 100 76 965.7581924186156 7.639321498492023e-11 1
1 100 77 965.5853408561156 7.70801059872965e-11 1
1 100 78 965.5853408561156 7.751297513805775e-11 1
1 100 79 965.5853408561156 7.795073358971023e-11 1
1 100 80 965.5853408561156 7.839873440501507e-11 1
1 100 81 965.0637954459656 7.964844994072344e-11 1
1 100 82 965.0637954459656 8.0093403689405e-11 1
1 100 83 965.0637954459656 8.054335680927316e-11 1
1 100 84 965.0637954459656 8.096978059621564e-11 1
1 100 85 963.5121597037756 8.405548360763689e-11 1
1 100 86 963.5121597037756 8.452063816616655e-11 1
1 100 87 963.5121597037756 8.497409111550446e-11 1
1 100 88 963.5121597037756 8.540957374773671e-11 1
1 100 89 966.6233047233056 8.047595468206967e-11 1
1 100 90 966.6233047233056 8.084904439747834e-11 1
1 100 91 966.6233047233056 8.11957298678944e-11 1
1 100 92 966.6233047233056 8.155828476652565e-11 1
1 100 93 966.6233047233056 8.192409194504288e-11 1
1 100 94 968.3252700553356 7.946852480776499e-11 1
1 100 95 968.3252700553356 7.978284657629973e-11 1
1 100 96 968.3252700553356 8.009966469172164e-11 1
1 100 97 968.3252700553356 8.039684307371705e-11 1
1 100 98 967.5218032584656 8.20125587232395e-11 1
1 100 99 967.5218032584656 8.231888373003668e-11 1
1 100 100 967.5218032584656 8.26255834731091e-11 1
1 100 101 967.5218032584656 8.291589475859291e-11 1
1 100 102 963.6203140006456 9.055783939542892e-11 1
1 100 103 963.6203140006456 9.088466884472106e-11 1
1 100 104 963.6203140006456 9.120738541496575e-11 1
1 100 105 963.6203140006456 9.153736096554437e-11 1
1 100 106 966.2714370475256 8.658908668191848e-11 1
1 100 107 966.2714370475256 8.683150063046412e-11 1
1 100 108 966.2714370475256 8.710128294969219e-11 1
1 100 109 966.2714370475256 8.738958056329494e-11 1
1 100 110 968.6848281608056 8.327440925349006e-11 1
1 100 111 968.6848281608056 8.353738071323227e-11 1
1 100 112 968.6848281608056 8.380201830454626e-11 1
1 100 113 968.6848281608056 8.404021903051861e-11 1
1 100 114 972.1186050162756 7.860603359699476e-11 1
1 100 115 972.1186050162756 7.883982188749822e-11 1
1 100 116 972.1186050162756 7.90697503503915e-11 1
1 100 117 972.1186050162756 7.928277285770468e-11 1
1 100 118 972.1186050162756 7.94964037538366e-11 1
1 100 119 975.0468276725256 7.531159634229326e-11 1
1 100 120 975.0468276725256 7.549407318116918e-11 1
1 100 121 975.0468276725256 7.562338552659971e-11 1
1 100 122 975.0468276725256 7.575314162538347e-11 1
1 100 123 975.2819961295556 7.554608353529213e-11 1
1 100 124 975.2819961295556 7.561825047385237e-11 1
1 100 125 975.2819961295556 7.566804281735525e-11 1
1 100 126 975.2819961295556 7.571790077758586e-11 1
1 100 127 976.3417495475256 7.424552931143888e-11 1
1 100 128 976.3417495475256 7.420839059865878e-11 1
1 100 129 976.3417495475256 7.416586300263366e-11 1
1 100 130 976.3417495475256 7.411553243190533e-11 1
1 100 131 976.1815322623656 7.420962035123519e-11 1
1 100 132 976.1815322623656 7.408346069410014e-11 1
1 100 133 976.1815322623656 7.39644975572194e-11 1
1 100 134 976.1815322623656 7.377929020787861e-11 1
1 100 135 977.4840224967456 7.185075071893272e-11 1
1 100 136 977.4840224967456 7.165593838388446e-11 1
1 100 137 977.4840224967456 7.143955026998927e-11 1
1 100 138 977.4840224967456 7.117633872169443e-11 1
1 100 139 978.4957412467456 6.966266105065072e-11 1
1 100 140 978.4957412467456 6.940478816638812e-11 1
1 100 141 978.4957412467456 6.910121189946142e-11 1
1 100 142 978.4957412467456 6.879637420286781e-11 1
1 100 143 978.4957412467456 6.84942142561763e-11 1
1 100 144 979.7445815787756 6.674073947105122e-11 1
1 100 145 979.7445815787756 6.641428479765533e-11 1
1 100 146 979.7445815787756 6.609166350313602e-11 1
1 100 147 979.7445815787756 6.575849278680242e-11 1
1 100 148 980.4090713248656 6.470321678114304e-11 1
1 100 149 980.4090713248656 6.436215552065606e-11 1
1 100 150 980.4090713248656 6.402589132913967e-11 1
1 100 151 980.4090713248656 6.36668477422405e-11 1
1 100 152 981.5349868522156 6.219991213345254e-11 1
1 100 153 981.5349868522156 6.185766319743543e-11 1
1 100 154 981.5349868522156 6.150275968844064e-11 1
1 100 155 981.5349868522156 6.114680295695648e-11 1
1 100 156 985.2462295279956 5.7549911983723327e-11 1
1 100 157 985.2462295279956 5.723906054407604e-11 1
1 100 158 985.2462295279956 5.691981258336112e-11 1
1 100 159 985.2462295279956 5.660207871743477e-11 1
1 100 160 987.1342300162756 5.483023384741365e-11 1
1 100 161 987.1342300162756 5.452594765498656e-11 1
1 100 162 987.1342300162756 5.4225020160044466e-11 1
1 100 163 987.1342300162756 5.3929148595708756e-11 1
1 100 164 987.8469375358056 5.3120309710222745e-11 1
1 100 165 987.8469375358056 5.282504928840589e-11 1
1 100 166 987.8469375358056 5.253305303531256e-11 1
1 100 167 987.8469375358056 5.223813974075118e-11 1
1 100 168 987.8469375358056 5.194034176823299e-11 1
1 100 169 988.4975112662756 5.121657452656975e-11 1
1 100 170 988.4975112662756 5.0930107250124065e-11 1
1 100 171 988.4975112662756 5.063708279476507e-11 1
1 100 172 988.4975112662756 5.0347410861150985e-11 1
1 100 173 988.2667373404956 5.020509192425617e-11 1
1 100 174 988.2667373404956 4.991461366948326e-11 1
1 100 175 988.2667373404956 4.96262815818924e-11 1
1 100 176 988.2667373404956 4.9341565206388484e-11 1
1 100 177 987.2339004264256 4.9691488087279476e-11 1
1 100 178 987.2339004264256 4.940632685502163e-11 1
1 100 179 987.2339004264256 4.912345596225732e-11 1
1 100 180 987.2339004264256 4.8844057995636324e-11 1
1 100 181 985.6370986686156 4.95305885388594e-11 1
1 100 182 985.6370986686156 4.9249028218637044e-11 1
1 100 183 985.6370986686156 4.897182132180316e-11 1
1 100 184 985.6370986686156 4.869941745230448e-11 1
1 100 185 983.2885268912756 4.984763686742935e-11 1
1 100 186 983.2885268912756 4.9565792562912166e-11 1
1 100 187 983.2885268912756 4.92887234840683e-11 1
1 100 188 983.2885268912756 4.901566074917225e-11 1
1 100 189 981.0465835318956 5.011480464004593e-11 1
1 100 190 981.0465835318956 4.983299621419791e-11 1
1 100 191 981.0465835318956 4.955713923597607e-11 1
1 100 192 981.0465835318956 4.9284204591700516e-11 1
1 100 193 981.0465835318956 4.9014259841448525e-11 1
1 100 194 982.5239394889256 4.7888513836242554e-11 1
1 100 195 982.5239394889256 4.76376845456289e-11 1
1 100 196 982.5239394889256 4.738946913916667e-11 1
1 100 197 982.5239394889256 4.714646119589936e-11 1
1 100 198 981.8246597037756 4.729683549884215e-11 1
1 100 199 981.8246597037756 4.7057623480898776e-11 1
1 100 200 981.8246597037756 4.6821422073693016e-11 1
1 100 201 981.8246597037756 4.6593342247580755e-11 1
1 100 202 980.7336562858056 4.696138345201156e-11 1
1 100 203 980.7336562858056 4.673259686581323e-11 1
1 100 204 980.7336562858056 4.651257275203462e-11 1
1 100 205 980.7336562858056 4.6295361693725957e-11 1
1 100 206 986.1229995475256 4.338649903690421e-11 1
1 100 207 986.1229995475256 4.320049212514964e-11 1
1 100 208 986.1229995475256 4.3020124731551895e-11 1
1 100 209 986.1229995475256 4.284125718821226e-11 1
1 100 210 988.3667129264256 4.166888669847169e-11 1
1 100 211 988.3667129264256 4.150993606015943e-11 1
1 100 212 988.3667129264256 4.135094942436403e-11 1
1 100 213 988.3667129264256 4.119317600689659e-11 1
1 100 214 991.4427627311156 3.994039656396602e-11 1
1 100 215 991.4427627311156 3.994039656396602e-11 1
1 100 216 991.4427627311156 3.927681657374407e-11 1
1 100 217 991.4427627311156 3.927681657374407e-11 1
1 100 218 991.4427627311156 3.927681657374407e-11 1
1 100 219 993.6341689811156 3.8051155626186356e-11 1
1 100 220 993.6341689811156 3.8051155626186356e-11 1
1 100 221 993.6341689811156 3.8051155626186356e-11 1
1 100 222 993.6341689811156 3.768583141318065e-11 1
1 100 223 998.8371108756456 3.592482187239519e-11 1
1 100 224 998.8371108756456 3.592482187239519e-11 1
1 100 225 998.8371108756456 3.562153424365739e-11 1
1 100 226 998.8371108756456 3.562153424365739e-11 1
1 100 227 1000.0292495475256 3.524733262411194e-11 1
1 100 228 1000.0292495475256 3.524733262411194e-11 1
1 100 229 1000.0292495475256 3.4976727901912105e-11 1
1 100 230 1000.0292495475256 3.4976727901912105e-11 1
1 100 231 1000.7130874381456 3.476882413827276e-11 1
1 100 232 1000.7130874381456 3.452663122475002e-11 1
1 100 233 1000.7130874381456 3.452663122475002e-11 1
1 100 234 1000.7130874381456 3.452663122475002e-11 1
1 100 235 1001.6905044303356 3.402314795106338e-11 1
1 100 236 1001.6905044303356 3.402314795106338e-11 1
1 100 237 1001.6905044303356 3.402314795106338e-11 1
1 100 238 1001.6905044303356 3.402314795106338e-11 1
1 100 239 1002.6142715201756 3.375789977402536e-11 1
1 100 240 1002.6142715201756 3.375789977402536e-11 1
1 100 241 1002.6142715201756 3.375789977402536e-11 1
1 100 242 1002.6142715201756 3.375789977402536e-11 1
1 100 243 1002.6142715201756 3.3301202199011177e-11 1
1 100 244 1003.7528213248656 3.2988511706503137e-11 1
1 100 245 1003.7528213248656 3.2850075914672475e-11 1
1 100 246 1003.7528213248656 3.2850075914672475e-11 1
1 101 24 959.6876357779956 4.770294088069093e-11 1
1 101 25 960.9939101920556 4.7344283215779755e-11 1
1 101 26 964.0467056022156 4.693193993227221e-11 1
1 101 27 967.6718276725256 4.749434680231474e-11 1
1 101 28 971.6905044303356 4.969114222100192e-11 1
1 101 29 973.2606948600256 5.384963390702791e-11 1
1 101 30 975.1408218131456 5.538317776326991e-11 1
1 101 31 976.8250259147156 5.553993076542046e-11 1
1 101 32 977.0745986686156 5.612846436270707e-11 1
1 101 33 977.5024551139256 5.626699976112709e-11 1
1 101 34 977.8396743522156 5.632747777068023e-11 1
1 101 35 978.7389663443956 5.5847079847497745e-11 1
1 101 36 978.7389663443956 5.6001897636914115e-11 1
1 101 37 978.7389663443956 5.612980306535098e-11 1
1 101 38 978.7389663443956 5.626291665505752e-11 1
1 101 39 979.1164687858056 5.609808277698206e-11 1
1 101 40 979.1164687858056 5.6229845169775005e-11 1
1 101 41 979.1164687858056 5.636938272411935e-11 1
1 101 42 979.1164687858056 5.6509614542050593e-11 1
1 101 43 979.1164687858056 5.665018550477066e-11 1
1 101 44 979.3573135123656 5.660032165093942e-11 1
1 101 45 979.3573135123656 5.674533213382669e-11 1
1 101 46 979.3573135123656 5.689108756133342e-11 1
1 101 47 979.3573135123656 5.703749188853937e-11 1
1 101 48 979.5855849967456 5.6999507326762085e-11 1
1 101 49 979.5855849967456 5.7147798985093126e-11 1
1 101 50 979.5855849967456 5.729667939811803e-11 1
1 101 51 979.5855849967456 5.744498287864094e-11 1
1 101 52 981.0402969108056 5.641322999342973e-11 1
1 101 53 981.0402969108056 5.655776539025512e-11 1
1 101 54 981.0402969108056 5.6705248647512583e-11 1
1 101 55 981.0402969108056 5.6854201017321373e-11 1
1 101 56 981.6002334342456 5.655226621499648e-11 1
1 101 57 981.6002334342456 5.670108853566766e-11 1
1 101 58 981.6002334342456 5.666307277161434e-11 1
1 101 59 981.6002334342456 5.666307277161434e-11 1
1 101 60 981.7539809928356 5.692777965502576e-11 1
1 101 61 981.7539809928356 5.692777965502576e-11 1
1 101 62 981.7539809928356 5.747914784637585e-11 1
1 101 63 981.7539809928356 5.747914784637585e-11 1
1 101 64 982.1515029654956 5.7152674278766526e-11 1
1 101 65 982.1515029654956 5.7725914651333224e-11 1
1 101 66 982.1515029654956 5.7725914651333224e-11 1
1 101 67 982.1515029654956 5.7725914651333224e-11 1
1 101 68 982.1515029654956 5.7725914651333224e-11 1
1 101 69 983.4014419303356 5.727464756113134e-11 1
1 101 70 983.4014419303356 5.727464756113134e-11 1
1 101 71 983.4014419303356 5.727464756113134e-11 1
1 101 72 983.4014419303356 5.7857040070695855e-11 1
1 101 73 983.6437515006456 5.7654969283703856e-11 1
1 101 74 983.6437515006456 5.7654969283703856e-11 1
1 101 75 983.6437515006456 5.823160247974893e-11 1
1 101 76 983.6437515006456 5.823160247974893e-11 1
1 101 77 983.9913467154956 5.793841921190034e-11 1
1 101 78 983.9913467154956 5.793841921190034e-11 1
1 101 79 983.9913467154956 5.850107074027135e-11 1
1 101 80 983.9913467154956 5.850107074027135e-11 1
1 101 81 984.5169814811156 5.8054771828346127e-11 1
1 101 82 984.5169814811156 5.8054771828346127e-11 1
1 101 83 984.5169814811156 5.8054771828346127e-11 1
1 101 84 984.5169814811156 5.8054771828346127e-11 1
1 101 85 985.0685561881456 5.759371193653503e-11 1
1 101 86 985.0685561881456 5.887198559102295e-11 1
1 102 24 960.6099380240856 4.592504244857009e-11 1
1 102 25 962.7539809928356 4.520718696043973e-11 1
1 102 26 965.1823867545556 4.544323028587353e-11 1
