5 55 104 988.1897423957827 1.8372260423062438e-11 1
5 55 105 1008.7914880012527 1.984564033334244e-11 1
5 55 106 1032.2847741340627 2.0534329000000472e-11 1
5 55 107 1025.2415002082828 2.1952718715721555e-11 1
5 56 79 967.8131554817227 1.0020482248458632e-11 1
5 56 80 967.8131554817227 1.0185222143759698e-11 1
5 56 81 970.7993615364127 1.0353140904696391e-11 1
5 56 82 973.6071618293827 1.0522515991026294e-11 1
5 56 83 975.6053918098527 1.0694181001144625e-11 1
5 56 84 982.5214074348527 1.0865354169971832e-11 1
5 56 85 982.5214074348527 1.1035238596841421e-11 1
5 56 86 985.5347130989127 1.1204755074438205e-11 1
5 56 87 989.8646691536027 1.1373548368175522e-11 1
5 56 88 994.7429040168827 1.1537502226478173e-11 1
5 56 89 1004.4233849739127 1.1700128936264492e-11 1
5 56 90 1004.4233849739127 1.1856838229305778e-11 1
5 56 91 1008.0875085090627 1.2007093911450899e-11 1
5 56 92 1011.2722619270327 1.2152843435368535e-11 1
5 56 93 1014.5069421028127 1.2293584026110095e-11 1
5 56 94 1019.4892419075027 1.2424095230033501e-11 1
5 56 95 1019.4892419075027 1.2547428946740697e-11 1
5 56 96 1021.7020714973527 1.2660942093321015e-11 1
5 56 97 1023.9582970832827 1.2763950635535481e-11 1
5 56 98 1024.3336022590627 1.2878388617573299e-11 1
5 56 99 1025.2954552864128 1.301949906705244e-11 1
5 56 100 1026.8057702278127 1.3180530586286235e-11 1
5 56 101 1028.3118127082828 1.3389455824813566e-11 1
5 56 102 1031.2020714973528 1.3870949959786778e-11 1
5 56 103 1034.1418297981327 1.5018946707444842e-11 1
5 56 104 1036.5417931770328 1.6887979529096187e-11 1
5 56 105 1040.9339440559427 1.8809833717694135e-11 1
5 57 32 984.2032311653127 7.8472769779528e-12 1
5 57 33 986.4800866340627 7.821272425048337e-12 1
5 57 34 985.1813805793827 7.803611380741793e-12 1
5 57 35 985.1813805793827 7.788621829192087e-12 1
5 57 36 982.8921960090627 7.774795363989072e-12 1
5 57 37 981.8381188606327 7.762247519389707e-12 1
5 57 38 984.7076256965627 7.750460664094542e-12 1
5 57 39 985.8666833137527 7.740740118502473e-12 1
5 57 40 985.8666833137527 7.733223591696811e-12 1
5 57 41 985.6938317512527 7.728125194439856e-12 1
5 57 42 985.1722863411027 7.725877146482185e-12 1
5 57 43 983.6206505989127 7.726624841508825e-12 1
5 57 44 986.7317956184427 7.730485541544824e-12 1
5 57 45 986.7317956184427 7.737288156448678e-12 1
5 57 46 988.4337609504727 7.746901412735656e-12 1
5 57 47 987.6302941536027 7.758982341305278e-12 1
5 57 48 983.7288048957827 7.772444028004332e-12 1
5 57 49 986.3799279426627 7.78672084418307e-12 1
5 57 50 986.3799279426627 7.801008390035311e-12 1
5 57 51 988.7933190559427 7.807792136805232e-12 1
5 57 52 992.2270959114127 7.807152769620161e-12 1
5 57 53 995.1553185676627 7.796061218945337e-12 1
5 57 54 995.3904870246927 7.780712697657719e-12 1
5 57 55 995.3904870246927 7.766759978827352e-12 1
5 57 56 996.4502404426627 7.759315550083503e-12 1
5 57 57 996.2900231575027 7.759542560253826e-12 1
5 57 58 997.5925133918827 7.764996934507424e-12 1
5 57 59 998.6042321418827 7.777195682073385e-12 1
5 57 60 998.6042321418827 7.798966588574049e-12 1
5 57 61 999.8530724739127 7.830003961627755e-12 1
5 57 62 1000.5175622200027 7.869520549271755e-12 1
5 57 63 1001.6434777473527 7.9178651297985e-12 1
5 57 64 1005.3547204231327 7.97623937063418e-12 1
5 57 65 1005.3547204231327 8.042308394204849e-12 1
5 57 66 1007.2427209114127 8.117713333465624e-12 1
5 57 67 1007.9554284309427 8.198703340563599e-12 1
5 57 68 1008.6060021614127 8.28666041135295e-12 1
5 57 69 1008.3752282356327 8.381083078369089e-12 1
5 57 70 1008.3752282356327 8.479668990358088e-12 1
5 57 71 1007.3423913215627 8.58414941860395e-12 1
5 57 72 1005.7455895637527 8.697732697749533e-12 1
5 57 73 1003.3970177864127 8.820792449625822e-12 1
5 57 74 1001.1550744270327 8.95308115971634e-12 1
5 57 75 1001.1550744270327 9.093510260538158e-12 1
5 57 76 1002.6324303840627 9.242046320070433e-12 1
5 57 77 1001.9331505989127 9.398156501977538e-12 1
5 57 78 1000.8421471809427 9.561624981948835e-12 1
5 57 79 1006.2314904426627 9.72985786534169e-12 1
5 57 80 1006.2314904426627 9.90507834198931e-12 1
5 57 81 1008.4752038215627 1.0085024307856674e-11 1
5 57 82 1011.5512536262527 1.031207171371261e-11 1
5 57 83 1013.7426598762527 1.0502547271559205e-11 1
5 57 84 1018.9456017707827 1.0698480017892103e-11 1
5 57 85 1018.9456017707827 1.089843581104603e-11 1
5 57 86 1020.1377404426627 1.1100477820555986e-11 1
5 57 87 1020.8215783332827 1.1302788875541652e-11 1
5 57 88 1021.7989953254727 1.1504497016179679e-11 1
5 57 89 1022.7227624153127 1.1504497016179679e-11 1
5 57 90 1022.7227624153127 1.1832924223316503e-11 1
5 57 91 1023.8613122200027 1.2014890279977605e-11 1
5 58 24 979.7961266731327 8.396055338460146e-12 1
5 58 25 981.1024010871927 8.366170373170636e-12 1
5 58 26 984.1551964973527 8.333350066139275e-12 1
5 58 27 987.7803185676627 8.254824535017892e-12 1
5 58 28 991.7989953254727 8.131890057293443e-12 1
5 58 29 993.6385338996927 8.016367056711579e-12 1
5 58 30 996.9335168098527 7.936908412684573e-12 1
5 58 31 998.8474572395327 7.863167216582545e-12 1
5 58 32 999.4658044075027 7.805218345762342e-12 1
5 58 33 1001.1487878059427 7.765220841284987e-12 1
5 58 34 1001.7087243293827 7.738672714637476e-12 1
5 58 35 1001.7087243293827 7.693197138763542e-12 1
5 58 36 1001.8624718879727 7.67371265145107e-12 1
5 58 37 1002.2599938606327 7.655207295435164e-12 1
5 58 38 1003.5099328254727 7.637814500729356e-12 1
5 58 39 1003.7522423957827 7.621586198434921e-12 1
5 58 40 1003.7522423957827 7.606658147246865e-12 1
5 58 41 1004.0998376106327 7.606658147246865e-12 1
5 58 42 1004.6254723762527 7.571453163070964e-12 1
5 58 43 1005.1770470832827 7.562580596769575e-12 1
5 59 24 980.7184289192227 8.783002766800983e-12 1
5 59 25 982.8624718879727 8.698866649278383e-12 1
5 59 26 985.2908776496927 8.682438385237923e-12 1
