3 55 104 959.3339550518909 1.288220385880811e-10 1
3 55 105 979.9357006573609 1.1898291960161562e-10 1
3 55 106 1003.4289867901709 1.292073155228986e-10 1
3 55 107 996.3857128643909 1.6860563836846748e-10 1
3 56 79 938.9573681378309 1.1541024505989828e-10 1
3 56 80 938.9573681378309 1.168150609367819e-10 1
3 56 81 941.9435741925209 1.1811754666156431e-10 1
3 56 82 944.7513744854909 1.1931390892623914e-10 1
3 56 83 946.7496044659609 1.2039757164077703e-10 1
3 56 84 953.6656200909609 1.2136722787339726e-10 1
3 56 85 953.6656200909609 1.2222203215407405e-10 1
3 56 86 956.6789257550209 1.2296684860873398e-10 1
3 56 87 961.0088818097109 1.236041456871767e-10 1
3 56 88 965.8871166729909 1.241459056051941e-10 1
3 56 89 975.5675976300209 1.2459607990951078e-10 1
3 56 90 975.5675976300209 1.2497142635638727e-10 1
3 56 91 979.2317211651709 1.2527608223894307e-10 1
3 56 92 982.4164745831409 1.255046323430792e-10 1
3 56 93 985.6511547589209 1.2565546935426987e-10 1
3 56 94 990.6334545636109 1.2576125813431568e-10 1
3 56 95 990.6334545636109 1.2580806272237224e-10 1
3 56 96 992.8462841534609 1.2581628801164814e-10 1
3 56 97 995.1025097393909 1.2579696783469923e-10 1
3 56 98 995.4778149151709 1.2575319259457552e-10 1
3 56 99 996.4396679425209 1.2569882898176527e-10 1
3 56 100 997.9499828839209 1.2585847129815047e-10 1
3 56 101 999.4560253643909 1.2721117947159413e-10 1
3 56 102 1002.3462841534609 1.3160907972955489e-10 1
3 56 103 1005.2860424542409 1.3266557893416811e-10 1
3 56 104 1007.6860058331409 1.2326466278831854e-10 1
3 56 105 1012.0781567120509 1.119193530345604e-10 1
3 57 32 955.3474438214209 9.201583040010168e-11 1
3 57 33 957.6242992901709 9.182292293909261e-11 1
3 57 34 956.3255932354909 9.157084843133434e-11 1
3 57 35 956.3255932354909 9.131010309773213e-11 1
3 57 36 954.0364086651709 9.095152438669302e-11 1
3 57 37 952.9823315167409 9.050216275248696e-11 1
3 57 38 955.8518383526709 8.999257653028161e-11 1
3 57 39 957.0108959698609 8.940074910865597e-11 1
3 57 40 957.0108959698609 8.875440789806736e-11 1
3 57 41 956.8380444073609 8.809793778098304e-11 1
3 57 42 956.3164989972109 8.743025867901864e-11 1
3 57 43 954.7648632550209 8.677949557269574e-11 1
3 57 44 957.8760082745509 8.61457856381387e-11 1
3 57 45 957.8760082745509 8.555248985611803e-11 1
3 57 46 959.5779736065809 8.497949291038883e-11 1
3 57 47 958.7745068097109 8.442986816498019e-11 1
3 57 48 954.8730175518909 8.389477347311403e-11 1
3 57 49 957.5241405987709 8.339986258133116e-11 1
3 57 50 957.5241405987709 8.295100752508871e-11 1
3 57 51 959.9375317120509 8.257084932673986e-11 1
3 57 52 963.3713085675209 8.230237438203943e-11 1
3 57 53 966.2995312237709 8.219004679626044e-11 1
3 57 54 966.5346996808009 8.225021785492947e-11 1
3 57 55 966.5346996808009 8.248103061410693e-11 1
3 57 56 967.5944530987709 8.286349787163746e-11 1
3 57 57 967.4342358136109 8.339575712307635e-11 1
3 57 58 968.7367260479909 8.409560252077812e-11 1
3 57 59 969.7484447979909 8.494335617842267e-11 1
3 57 60 969.7484447979909 8.589661112039088e-11 1
3 57 61 970.9972851300209 8.693207703502944e-11 1
3 57 62 971.6617748761109 8.80408656386844e-11 1
3 57 63 972.7876904034609 8.92077018879704e-11 1
3 57 64 976.4989330792409 9.040999543287011e-11 1
3 57 65 976.4989330792409 9.164613603571873e-11 1
3 57 66 978.3869335675209 9.29003127095801e-11 1
3 57 67 979.0996410870509 9.421827231370469e-11 1
3 57 68 979.7502148175209 9.559967235225166e-11 1
3 57 69 979.5194408917409 9.704761672304224e-11 1
3 57 70 979.5194408917409 9.859290964369965e-11 1
3 57 71 978.4866039776709 1.0016503104790974e-10 1
3 57 72 976.8898022198609 1.0170248723120288e-10 1
3 57 73 974.5412304425209 1.0318951926017055e-10 1
3 57 74 972.2992870831409 1.0463388053823188e-10 1
3 57 75 972.2992870831409 1.060502707865501e-10 1
3 57 76 973.7766430401709 1.0741968723967701e-10 1
3 57 77 973.0773632550209 1.0873909082090059e-10 1
3 57 78 971.9863598370509 1.099953786252491e-10 1
3 57 79 977.3757030987709 1.1121172831614568e-10 1
3 57 80 977.3757030987709 1.1234170622069179e-10 1
3 57 81 979.6194164776709 1.1340091437943294e-10 1
3 57 82 982.6954662823609 1.1526542213216281e-10 1
3 57 83 984.8868725323609 1.1612209333744557e-10 1
3 57 84 990.0898144268909 1.1685318731439028e-10 1
3 57 85 990.0898144268909 1.1746918575837356e-10 1
3 57 86 991.2819530987709 1.1798711136276108e-10 1
3 57 87 991.9657909893909 1.1841679691381569e-10 1
3 57 88 992.9432079815809 1.1875959861372035e-10 1
3 57 89 993.8669750714209 1.1875959861372035e-10 1
3 57 90 993.8669750714209 1.2076016845541178e-10 1
3 57 91 995.0055248761109 1.2094279872147872e-10 1
3 58 24 950.9403393292409 9.849946768491547e-11 1
3 58 25 952.2466137433009 1.0069703659704535e-10 1
3 58 26 955.2994091534609 1.0160733099324496e-10 1
3 58 27 958.9245312237709 1.0079146073551606e-10 1
3 58 28 962.9432079815809 9.697546725219969e-11 1
3 58 29 964.7827465558009 9.196729661597917e-11 1
3 58 30 968.0777294659609 9.072648573170657e-11 1
3 58 31 969.9916698956409 9.106896836082179e-11 1
3 58 32 970.6100170636109 9.111471083729061e-11 1
3 58 33 972.2930004620509 9.107633546115708e-11 1
3 58 34 972.8529369854909 9.102261923935008e-11 1
3 58 35 972.8529369854909 9.119923740872182e-11 1
3 58 36 973.0066845440809 9.104979007532319e-11 1
3 58 37 973.4042065167409 9.08554016098168e-11 1
3 58 38 974.6541454815809 9.06279278002368e-11 1
3 58 39 974.8964550518909 9.037709295935844e-11 1
3 58 40 974.8964550518909 9.011543565098674e-11 1
3 58 41 975.2440502667409 8.944641247357788e-11 1
3 58 42 975.7696850323609 9.02018241039616e-11 1
3 58 43 976.3212597393909 8.901052259863657e-11 1
3 59 24 951.8626415753309 9.942954242019663e-11 1
3 59 25 954.0066845440809 1.0188492395087497e-10 1
3 59 26 956.4350903058009 1.0129407446047244e-10 1
