2 55 104 959.3339550518909 1.2882203858808065e-10 1
2 55 105 979.9357006573609 1.1898291960161562e-10 1
2 55 106 1003.4289867901709 1.292073155228986e-10 1
2 55 107 996.3857128643909 1.6860563836846748e-10 1
2 56 79 938.9573681378309 1.1541024505989865e-10 1
2 56 80 938.9573681378309 1.168150609367819e-10 1
2 56 81 941.9435741925209 1.1811754666156431e-10 1
2 56 82 944.7513744854909 1.1931390892623914e-10 1
2 56 83 946.7496044659609 1.2039757164077744e-10 1
2 56 84 953.6656200909609 1.2136722787339685e-10 1
2 56 85 953.6656200909609 1.2222203215407405e-10 1
2 56 86 956.6789257550209 1.2296684860873398e-10 1
2 56 87 961.0088818097109 1.236041456871767e-10 1
2 56 88 965.8871166729909 1.241459056051941e-10 1
2 56 89 975.5675976300209 1.2459607990951078e-10 1
2 56 90 975.5675976300209 1.2497142635638727e-10 1
2 56 91 979.2317211651709 1.2527608223894353e-10 1
2 56 92 982.4164745831409 1.255046323430792e-10 1
2 56 93 985.6511547589209 1.2565546935426987e-10 1
2 56 94 990.6334545636109 1.2576125813431524e-10 1
2 56 95 990.6334545636109 1.2580806272237224e-10 1
2 56 96 992.8462841534609 1.2581628801164767e-10 1
2 56 97 995.1025097393909 1.2579696783469923e-10 1
2 56 98 995.4778149151709 1.2575319259457552e-10 1
2 56 99 996.4396679425209 1.2569882898176574e-10 1
2 56 100 997.9499828839209 1.2585847129815094e-10 1
2 56 101 999.4560253643909 1.2721117947159413e-10 1
2 56 102 1002.3462841534609 1.3160907972955489e-10 1
2 56 103 1005.2860424542409 1.3266557893416811e-10 1
2 56 104 1007.6860058331409 1.2326466278831854e-10 1
2 56 105 1012.0781567120509 1.1191935303456004e-10 1
2 57 32 955.3474438214209 9.201583040010145e-11 1
2 57 33 957.6242992901709 9.182292293909261e-11 1
2 57 34 956.3255932354909 9.157084843133458e-11 1
2 57 35 956.3255932354909 9.131010309773213e-11 1
2 57 36 954.0364086651709 9.095152438669302e-11 1
2 57 37 952.9823315167409 9.050216275248719e-11 1
2 57 38 955.8518383526709 8.999257653028161e-11 1
2 57 39 957.0108959698609 8.940074910865597e-11 1
2 57 40 957.0108959698609 8.875440789806736e-11 1
2 57 41 956.8380444073609 8.809793778098304e-11 1
2 57 42 956.3164989972109 8.743025867901864e-11 1
2 57 43 954.7648632550209 8.677949557269574e-11 1
2 57 44 957.8760082745509 8.61457856381387e-11 1
2 57 45 957.8760082745509 8.555248985611782e-11 1
2 57 46 959.5779736065809 8.497949291038863e-11 1
2 57 47 958.7745068097109 8.442986816498e-11 1
2 57 48 954.8730175518909 8.389477347311403e-11 1
2 57 49 957.5241405987709 8.339986258133116e-11 1
2 57 50 957.5241405987709 8.295100752508871e-11 1
2 57 51 959.9375317120509 8.257084932673986e-11 1
2 57 52 963.3713085675209 8.230237438203943e-11 1
2 57 53 966.2995312237709 8.219004679626044e-11 1
2 57 54 966.5346996808009 8.225021785492928e-11 1
2 57 55 966.5346996808009 8.248103061410713e-11 1
2 57 56 967.5944530987709 8.286349787163746e-11 1
2 57 57 967.4342358136109 8.339575712307654e-11 1
2 57 58 968.7367260479909 8.409560252077812e-11 1
2 57 59 969.7484447979909 8.494335617842267e-11 1
2 57 60 969.7484447979909 8.589661112039067e-11 1
2 57 61 970.9972851300209 8.693207703502966e-11 1
2 57 62 971.6617748761109 8.80408656386844e-11 1
2 57 63 972.7876904034609 8.920770188797063e-11 1
2 57 64 976.4989330792409 9.040999543286987e-11 1
2 57 65 976.4989330792409 9.164613603571849e-11 1
2 57 66 978.3869335675209 9.29003127095801e-11 1
2 57 67 979.0996410870509 9.421827231370469e-11 1
2 57 68 979.7502148175209 9.559967235225166e-11 1
2 57 69 979.5194408917409 9.704761672304198e-11 1
2 57 70 979.5194408917409 9.859290964369992e-11 1
2 57 71 978.4866039776709 1.0016503104790974e-10 1
2 57 72 976.8898022198609 1.0170248723120288e-10 1
2 57 73 974.5412304425209 1.0318951926017026e-10 1
2 57 74 972.2992870831409 1.0463388053823188e-10 1
2 57 75 972.2992870831409 1.0605027078655042e-10 1
2 57 76 973.7766430401709 1.0741968723967701e-10 1
2 57 77 973.0773632550209 1.0873909082090025e-10 1
2 57 78 971.9863598370509 1.099953786252491e-10 1
2 57 79 977.3757030987709 1.1121172831614568e-10 1
2 57 80 977.3757030987709 1.1234170622069179e-10 1
2 57 81 979.6194164776709 1.1340091437943332e-10 1
2 57 82 982.6954662823609 1.1526542213216281e-10 1
2 57 83 984.8868725323609 1.1612209333744519e-10 1
2 57 84 990.0898144268909 1.1685318731439067e-10 1
2 57 85 990.0898144268909 1.1746918575837317e-10 1
2 57 86 991.2819530987709 1.179871113627607e-10 1
2 57 87 991.9657909893909 1.1841679691381569e-10 1
2 57 88 992.9432079815809 1.1875959861371993e-10 1
2 57 89 993.8669750714209 1.1875959861371993e-10 1
2 57 90 993.8669750714209 1.2076016845541137e-10 1
2 57 91 995.0055248761109 1.2094279872147872e-10 1
2 58 24 950.9403393292409 9.849946768491547e-11 1
2 58 25 952.2466137433009 1.0069703659704535e-10 1
2 58 26 955.2994091534609 1.0160733099324526e-10 1
2 58 27 958.9245312237709 1.0079146073551636e-10 1
2 58 28 962.9432079815809 9.697546725219942e-11 1
2 58 29 964.7827465558009 9.196729661597941e-11 1
2 58 30 968.0777294659609 9.072648573170657e-11 1
2 58 31 969.9916698956409 9.106896836082203e-11 1
2 58 32 970.6100170636109 9.111471083729038e-11 1
2 58 33 972.2930004620509 9.107633546115684e-11 1
2 58 34 972.8529369854909 9.102261923935008e-11 1
2 58 35 972.8529369854909 9.119923740872158e-11 1
2 58 36 973.0066845440809 9.104979007532319e-11 1
2 58 37 973.4042065167409 9.08554016098168e-11 1
2 58 38 974.6541454815809 9.062792780023656e-11 1
2 58 39 974.8964550518909 9.037709295935868e-11 1
2 58 40 974.8964550518909 9.011543565098674e-11 1
2 58 41 975.2440502667409 8.944641247357811e-11 1
2 58 42 975.7696850323609 9.020182410396183e-11 1
2 58 43 976.3212597393909 8.901052259863635e-11 1
2 59 24 951.8626415753309 9.942954242019663e-11 1
2 59 25 954.0066845440809 1.0188492395087527e-10 1
2 59 26 956.4350903058009 1.0129407446047214e-10 1
