5 19 27 1003.2164271934906 5.1003088278201924e-11 1
5 20 17 926.4496425255306 1.8495888104119526e-11 1
5 20 18 934.3279384239606 1.8255565855051855e-11 1
5 20 19 941.7570155724006 1.8433970252612886e-11 1
5 20 20 953.0536464317806 1.9627136506441836e-11 1
5 20 21 957.6384852989606 2.191107033014144e-11 1
5 20 22 977.2607997520906 2.4902343258559568e-11 1
5 20 23 1006.2330287559906 2.7745815462468582e-11 1
5 20 24 1018.1404384239606 2.946467908827323e-11 1
5 20 25 1022.1392177208406 3.07448840775889e-11 1
5 20 26 1027.6883510216207 3.5180985623983445e-11 1
5 20 27 1037.8326381309907 4.582602358491166e-11 1
5 21 11 971.8770717247406 1.9074575773860805e-11 1
5 21 12 978.0151332481806 1.91218879265004e-11 1
5 21 13 984.8574794395906 1.8789733029720065e-11 1
5 21 14 989.5250819786506 1.8010091103290164e-11 1
5 21 15 992.7938808067806 1.7607359325968274e-11 1
5 21 16 997.3570521934906 1.718508262664105e-11 1
5 21 17 1000.7869227989606 1.6968323058202036e-11 1
5 21 18 1003.8789638145906 1.6881594372801875e-11 1
