4 19 27 1001.261149163769 5.1003088278201924e-11 1
4 20 17 924.494364495809 1.8495888104119484e-11 1
4 20 18 932.372660394239 1.8255565855051855e-11 1
4 20 19 939.801737542679 1.843397025261293e-11 1
4 20 20 951.098368402059 1.9627136506441836e-11 1
4 20 21 955.683207269239 2.19110703301415e-11 1
4 20 22 975.305521722369 2.4902343258559568e-11 1
4 20 23 1004.277750726269 2.7745815462468485e-11 1
4 20 24 1016.185160394239 2.946467908827312e-11 1
4 20 25 1020.183939691119 3.074488407758902e-11 1
4 20 26 1025.733072991899 3.518098562398329e-11 1
4 20 27 1035.877360101269 4.5826023584911396e-11 1
4 21 11 969.921793695019 1.9074575773860805e-11 1
4 21 12 976.059855218459 1.91218879265004e-11 1
4 21 13 982.902201409869 1.8789733029720065e-11 1
4 21 14 987.569803948929 1.8010091103290164e-11 1
4 21 15 990.838602777059 1.7607359325968274e-11 1
4 21 16 995.401774163769 1.718508262664109e-11 1
4 21 17 998.831644769239 1.696832305820207e-11 1
4 21 18 1001.923685784869 1.6881594372801875e-11 1
