5 113 272 1010.6286502164593 1.089027005910594e-11 1
5 113 273 1001.1522395609126 1.1176923037567372e-11 1
5 113 274 986.2745460681623 1.1176923037567372e-11 1
5 114 266 985.1060286001187 8.635516283967733e-12 1
5 114 267 991.2319746028151 9.105985659809342e-12 1
5 114 268 998.3270624584528 9.502402261922767e-12 1
5 114 269 1013.5748111391555 9.813379864656342e-12 1
5 114 270 1018.181963693445 1.0029157776198447e-11 1
5 114 271 1019.5677419111964 1.0248567111594759e-11 1
5 114 272 1018.0219426428561 1.0603022938525631e-11 1
5 114 273 1013.6026444973511 1.0976359357860777e-11 1
5 114 274 1002.2215886281053 1.0976359357860777e-11 1
5 115 260 1010.2574014201734 6.628902972373803e-12 1
5 115 261 1011.5863085600766 6.722462606190182e-12 1
5 115 262 1012.9887246456701 6.8697415715771935e-12 1
5 115 263 1015.1155847673685 7.0941276506090526e-12 1
5 115 264 1015.9330757081536 7.392711963664138e-12 1
5 115 265 1016.6021991725981 7.75685851480002e-12 1
5 115 266 1012.5432894042278 8.185295915468105e-12 1
5 115 267 1019.9052027601746 8.656507595616485e-12 1
5 115 268 1020.9582946377714 9.134841748935693e-12 1
5 115 269 1023.8819188114887 9.586290182046833e-12 1
5 116 199 956.6546994684511 4.9257212377896635e-12 1
5 116 200 957.1124185983514 4.949141480193886e-12 1
5 116 201 957.5754593210911 4.9727604995058426e-12 1
5 116 202 958.1507685015087 4.996431375211549e-12 1
5 116 203 958.7376180185943 5.020323970901147e-12 1
5 116 204 959.3244675356958 5.044366252247936e-12 1
5 116 205 959.9113170527909 5.06850774489583e-12 1
5 116 206 960.6884300143342 5.0928814230315125e-12 1
5 116 207 961.5177452206261 5.117637791648541e-12 1
5 116 208 962.3470604268953 5.1421908648520594e-12 1
5 116 209 963.1763756332289 5.166980672151734e-12 1
5 116 210 963.9591472467113 5.192065359100243e-12 1
5 116 211 964.7130959931035 5.217112821707192e-12 1
5 116 212 965.467044739537 5.24226092675723e-12 1
5 116 213 966.2209934859294 5.2676550685294695e-12 1
5 116 214 966.98258187547 5.293083584353225e-12 1
5 116 215 967.7534915905806 5.3184306559715424e-12 1
5 116 216 968.5244013057091 5.344052324468449e-12 1
5 116 217 969.2953110208198 5.3698855396442086e-12 1
5 116 218 970.2231935315498 5.395260627538782e-12 1
5 116 219 971.5482172154094 5.421014890255323e-12 1
5 116 220 972.8732408991665 5.447016208102468e-12 1
5 116 221 974.1982645828361 5.4727543493149314e-12 1
5 116 222 975.4142351828115 5.4985274973124645e-12 1
5 116 223 976.2138475595192 5.5245036351626265e-12 1
5 116 224 976.970429796582 5.550052974727462e-12 1
5 116 225 977.727012033636 5.575500065388191e-12 1
5 116 226 978.5559948264628 5.6013344929731735e-12 1
5 116 227 979.7552059481801 5.627363844586631e-12 1
5 116 228 981.0544908493013 5.652675766706339e-12 1
5 116 229 982.3537757505231 5.678216424086042e-12 1
5 116 230 983.7195557248157 5.703724842529444e-12 1
5 116 231 985.6416818022602 5.7282633317933815e-12 1
5 116 232 987.8226177762573 5.753455108608617e-12 1
5 116 233 990.0035537501376 5.7788922946557375e-12 1
5 116 234 992.1650151768713 5.803759245203201e-12 1
5 116 235 993.696126248816 5.8281292118312686e-12 1
5 116 236 994.7882939942805 5.853048237637948e-12 1
5 116 237 995.8804617398033 5.878123195597482e-12 1
5 116 238 996.9726294852969 5.9021917086449976e-12 1
5 116 239 997.8153790453993 5.926458133516618e-12 1
5 116 240 998.3814644051308 5.950481293775072e-12 1
5 116 241 998.9379145348765 5.9738141555967924e-12 1
5 116 242 999.4943646646369 5.997190555845947e-12 1
5 116 243 1000.132100563883 6.0206340961161914e-12 1
5 116 244 1000.9275376413414 6.042810810375731e-12 1
5 116 245 1001.7341122604055 6.064756634390863e-12 1
5 116 246 1002.5406868794483 6.0871838195291435e-12 1
5 116 247 1003.405777649106 6.109658497676561e-12 1
5 116 248 1004.5062922992378 6.1300744965568204e-12 1
5 116 249 1005.629449697224 6.151257440965257e-12 1
5 116 250 1006.7526070952696 6.172587291610277e-12 1
5 116 251 1007.8321083772067 6.1927108794322715e-12 1
5 116 252 1008.0839388267598 6.21241576492738e-12 1
5 116 253 1008.2400632254527 6.232149736747062e-12 1
5 116 254 1008.3961876241494 6.25057727865093e-12 1
5 116 255 1008.5523120228423 6.2730869238892585e-12 1
5 116 256 1008.7222131765975 6.30732190233288e-12 1
5 116 257 1008.9587748367907 6.354142644867185e-12 1
5 116 258 1009.3827433675498 6.416582155624614e-12 1
5 116 259 1010.6556060001885 6.496782562890267e-12 1
5 116 260 1011.822630149658 6.588151155411417e-12 1
5 116 261 1013.3375578795951 6.680520602726471e-12 1
5 116 262 1014.7462009307404 6.792508727289686e-12 1
5 116 263 1017.3555829595207 6.987875498612423e-12 1
5 117 121 965.4137923141897 3.951800153719169e-12 1
5 117 122 965.3968079912449 3.948634323945606e-12 1
5 117 123 965.1582299443147 3.945480009193483e-12 1
5 117 124 964.8952464628993 3.942873943333121e-12 1
5 117 125 964.6322629814633 3.941160320980976e-12 1
5 117 126 964.3917672105224 3.939448187505179e-12 1
5 117 127 964.2582134926224 3.937616970313746e-12 1
5 117 128 964.1534213631745 3.937278522276981e-12 1
5 117 129 964.0486292337409 3.937069191770092e-12 1
5 117 130 963.9985732916582 3.9368598835206556e-12 1
5 117 131 964.3918866654641 3.9376196373989104e-12 1
5 117 132 964.9840699531795 3.9389749302202845e-12 1
5 117 133 965.5762532408838 3.940336939334341e-12 1
5 117 134 966.1597731202194 3.942274212089398e-12 1
5 117 135 966.4076131241005 3.945155492208276e-12 1
5 117 136 966.4359440934801 3.948040987075611e-12 1
5 117 137 966.4642750628599 3.950795475965863e-12 1
5 117 138 966.4926060322407 3.954975561059786e-12 1
5 117 139 966.494893711601 3.959343844370639e-12 1
5 117 140 966.4691808629256 3.963721787917353e-12 1
5 117 141 966.4426171737599 3.96891729718962e-12 1
5 117 142 966.416053484595 3.974708111764749e-12 1
5 117 143 966.7735753123142 3.9805230910335846e-12 1
5 117 144 967.8747128504048 3.986856189150313e-12 1
5 117 145 969.0184577592811 3.994033196585556e-12 1
5 117 146 970.1622026682238 4.00123609024599e-12 1
5 117 147 971.3067028815565 4.008230887155468e-12 1
5 117 148 972.4543492443713 4.016340389725639e-12 1
5 117 149 973.6022347973545 4.024803473443757e-12 1
5 117 150 974.7501203503604 4.0333022986681725e-12 1
5 117 151 975.8691939563292 4.042552157844465e-12 1
5 117 152 976.3019882601709 4.052134632794744e-12 1
5 117 153 976.6729571615535 4.061690372800159e-12 1
5 117 154 977.0439260629073 4.071023079494316e-12 1
5 117 155 977.414894964265 4.081296391502073e-12 1
5 117 156 978.003624241371 4.091879759889876e-12 1
5 117 157 978.6501107507235 4.10251819449602e-12 1
5 117 158 979.2965972600942 4.113410799830884e-12 1
5 117 159 979.9430837694589 4.124813385708294e-12 1
5 117 160 980.3651040190076 4.136279364420604e-12 1
5 117 161 980.6514242115126 4.148240753347612e-12 1
5 117 162 980.9377444040093 4.160446763613302e-12 1
5 117 163 981.2240645965283 4.1726766236770006e-12 1
5 117 164 981.2710541094548 4.185062884061666e-12 1
5 117 165 981.0326306380015 4.198253217970419e-12 1
5 117 166 980.7942071665346 4.2115269604236924e-12 1
5 117 167 980.5557836950813 4.224984177484573e-12 1
5 117 168 980.2135143183555 4.239673222741612e-12 1
5 117 169 979.6157025668755 4.2543238352528405e-12 1
5 117 170 979.0178908154127 4.269076052165623e-12 1
5 117 171 978.4200790639035 4.284824040474208e-12 1
5 117 172 977.8138445747044 4.3009424771199454e-12 1
5 117 173 977.1770062745068 4.317179508909524e-12 1
5 117 174 976.536897558046 4.333913721377415e-12 1
5 117 175 975.896788841671 4.3513959446160804e-12 1
5 117 176 975.3015119440752 4.369019779336127e-12 1
5 117 177 974.9269901373248 4.3868205782201685e-12 1
5 117 178 974.6120381306168 4.405511603942429e-12 1
5 117 179 974.2970861239156 4.424414220358e-12 1
5 117 180 973.9681707184827 4.443479745712252e-12 1
5 117 181 973.5245049367801 4.4631890027685524e-12 1
5 117 182 973.0283837130896 4.4832689036250935e-12 1
5 117 183 972.5322624893936 4.503508640523002e-12 1
5 117 184 972.0449385661298 4.524042919407193e-12 1
5 117 185 971.866404668663 4.545216255070272e-12 1
5 117 186 971.8963737336707 4.566588712708702e-12 1
5 117 187 971.9263427986779 4.587873562263361e-12 1
5 117 188 971.9563118636858 4.609594205622595e-12 1
5 117 189 972.0004918469452 4.631901922951764e-12 1
5 117 190 972.0601816535776 4.654426602641451e-12 1
5 117 191 972.1203804962465 4.677252039560352e-12 1
5 117 192 972.1805793389107 4.700335321350704e-12 1
5 117 193 972.3154153323579 4.723571956926199e-12 1
5 117 194 972.5948163886619 4.746480553052143e-12 1
5 117 195 972.8834850455153 4.7700381116846655e-12 1
5 117 196 973.1721537023766 4.794067605604381e-12 1
5 117 197 973.6366646454468 4.818340329574203e-12 1
5 117 198 974.8204854501423 4.842858044535806e-12 1
5 117 199 976.066270651871 4.867626548229199e-12 1
5 117 200 977.3120558535658 4.892349831037888e-12 1
5 117 201 978.5255901132696 4.916894187778012e-12 1
5 117 202 979.0587334333022 4.942371799680973e-12 1
5 117 203 979.5219377814878 4.968135231152928e-12 1
5 117 204 979.9851421296863 4.994140536799995e-12 1
5 117 205 980.4483464778796 5.020372952869393e-12 1
5 117 206 981.2093822722313 5.046882402908036e-12 1
5 117 207 982.0521335536812 5.072858306829839e-12 1
5 117 208 982.8948848351082 5.0989269209234825e-12 1
5 117 209 983.7376361166005 5.125880174601995e-12 1
5 117 210 984.592630960745 5.153119895810303e-12 1
5 117 211 985.455207827685 5.180464256378662e-12 1
5 117 212 986.3177846946721 5.208024299880445e-12 1
5 117 213 987.1803615616124 5.235742030477018e-12 1
5 117 214 988.2303419091994 5.2629831501591204e-12 1
5 117 215 989.5089780759382 5.290926935814388e-12 1
5 117 216 990.7876142427073 5.319169040203258e-12 1
5 117 217 992.0662504094464 5.346606093454561e-12 1
5 117 218 993.2155977672678 5.3738255444946225e-12 1
5 117 219 994.0378444386328 5.402326011605525e-12 1
5 117 220 994.8600911099339 5.431130399100607e-12 1
5 117 221 995.682337781181 5.4596554397683384e-12 1
5 117 222 996.5087302680737 5.488241766111612e-12 1
5 117 223 997.3509512333989 5.516968647077161e-12 1
5 117 224 998.1948080536465 5.544474825409238e-12 1
5 117 225 999.0386648738843 5.572554825375506e-12 1
5 117 226 999.8338115314228 5.601396518051898e-12 1
5 117 227 1000.3798733310099 5.630486092898201e-12 1
5 117 228 1000.858606778894 5.65877830131984e-12 1
5 117 229 1001.3373402268152 5.687356272452974e-12 1
5 117 230 1001.8458837696529 5.715693259992322e-12 1
5 117 231 1002.6038402294324 5.742835423662398e-12 1
5 117 232 1003.477822542299 5.770968799630517e-12 1
5 117 233 1004.3518048551188 5.799409835557141e-12 1
5 117 234 1005.2168168564422 5.8276204553019616e-12 1
5 117 235 1005.791478638611 5.8552599008791235e-12 1
5 117 236 1006.1639555721981 5.883162774543542e-12 1
5 117 237 1006.5364325058054 5.910424873468697e-12 1
5 117 238 1006.9089094394025 5.93667712289615e-12 1
5 117 239 1007.2500909569565 5.96386661486063e-12 1
5 118 61 977.2770278770404 3.887665885589919e-12 1
5 118 62 977.9034845634429 3.861256159022476e-12 1
5 118 63 976.6387475781139 3.845609397319801e-12 1
5 118 64 976.5958280462155 3.836693735550905e-12 1
5 118 65 977.9680552825473 3.83152153463872e-12 1
5 118 66 978.3060396402897 3.828550140863829e-12 1
5 118 67 978.9820083557796 3.826674232581317e-12 1
5 118 68 979.242252901357 3.825520857927873e-12 1
5 118 69 979.3213490167536 3.824291950960872e-12 1
5 118 70 979.400445132155 3.823063833286312e-12 1
5 118 71 979.4795412475517 3.822117556389116e-12 1
5 118 72 979.5036054762242 3.821285171543149e-12 1
5 118 73 979.3451474532285 3.820464839812401e-12 1
5 118 74 979.1660364014423 3.819897438492517e-12 1
5 118 75 978.986925349659 3.8195040627758384e-12 1
5 118 76 978.8165156938098 3.819055344740421e-12 1
5 118 77 978.6861813340056 3.818624769565179e-12 1
5 118 78 978.5665710594528 3.818570702329742e-12 1
5 118 79 978.4469607848991 3.8185166366253315e-12 1
5 118 80 978.3669292656162 3.818546510342358e-12 1
5 118 81 978.6039510089691 3.8189581204692885e-12 1
5 118 82 978.9803067022787 3.819258918727073e-12 1
5 118 83 979.3566623955561 3.8195534094392546e-12 1
5 118 84 979.7320968436348 3.820076584886796e-12 1
5 118 85 980.0672464285698 3.820778996433739e-12 1
5 118 86 980.3769162213108 3.821371166139527e-12 1
5 118 87 980.686586014076 3.821991005422606e-12 1
5 118 88 980.9962558068173 3.823067758454122e-12 1
5 118 89 981.1360503818672 3.823878831672992e-12 1
5 118 90 981.0957042431994 3.824690249107241e-12 1
5 118 91 981.050400001823 3.82552539582157e-12 1
5 118 92 981.0050957604452 3.8263703526167776e-12 1
5 118 93 980.9307743944348 3.827279771016633e-12 1
5 118 94 980.8002312062165 3.828677228961276e-12 1
5 118 95 980.6668649708868 3.829688456737786e-12 1
5 118 96 980.5334987355612 3.830469430575336e-12 1
5 118 97 980.426429987591 3.831237174421557e-12 1
5 118 98 980.4310698989868 3.8317223641446765e-12 1
5 118 99 980.4430650241403 3.8322076767726894e-12 1
5 118 100 980.4550601492948 3.8330265257574756e-12 1
5 118 101 980.4777265884452 3.833370071901546e-12 1
5 118 102 980.7927355687102 3.833358636525588e-12 1
5 118 103 981.1304097076904 3.83343383418967e-12 1
5 118 104 981.4680838466603 3.8338453304889835e-12 1
5 118 105 981.8057579856563 3.833384003812486e-12 1
5 118 106 982.1918388771821 3.832712118204558e-12 1
5 118 107 982.5903229223932 3.832012745153175e-12 1
5 118 108 982.9888069676279 3.830735328620062e-12 1
5 118 109 983.3872910128388 3.829458763466806e-12 1
5 118 110 983.7698273708786 3.828287444470116e-12 1
5 118 111 984.1429531567477 3.826758378846357e-12 1
5 118 112 984.5160789426234 3.825173083516606e-12 1
5 118 113 984.8892047284924 3.8235930144250944e-12 1
5 118 114 985.2781332374057 3.821935675519028e-12 1
5 118 115 985.6854820984469 3.820431265016833e-12 1
5 118 116 986.0928309594564 3.8190861090842835e-12 1
5 118 117 986.5001798204694 3.817761820741935e-12 1
5 118 118 986.8137185210201 3.817011186006924e-12 1
5 118 119 986.9026540488069 3.816617730677764e-12 1
5 118 120 986.9915895765962 3.8162243564545365e-12 1
5 118 121 987.0805251043848 3.816788083589303e-12 1
5 118 122 987.1806955632327 3.817738601763879e-12 1
5 118 123 987.3198190649684 3.818614192644599e-12 1
5 118 124 987.463232696941 3.81929234615924e-12 1
5 118 125 987.6066463289249 3.821107717102857e-12 1
5 118 126 987.7544612593347 3.823233661854065e-12 1
5 118 127 987.9232069061682 3.825362494218841e-12 1
5 118 128 988.0975817758924 3.827790016471854e-12 1
5 118 129 988.2719566455928 3.830869729303546e-12 1
5 118 130 988.473272525851 3.833954401795129e-12 1
5 118 131 988.8928136422384 3.837641411880323e-12 1
5 118 132 989.4102380184028 3.841577209852395e-12 1
5 118 133 989.9276623945573 3.845420775806604e-12 1
5 118 134 990.4404441471124 3.848915596839021e-12 1
5 118 135 990.7733388109817 3.853508267253933e-12 1
5 118 136 990.9886010397464 3.858369899793643e-12 1
5 118 137 991.2038632685131 3.863260214706704e-12 1
5 118 138 991.4191254972861 3.868687940648814e-12 1
5 118 139 991.6258137793952 3.874545006950826e-12 1
5 118 140 991.8232837548463 3.880419834954941e-12 1
5 118 141 992.0204736174131 3.887047502116259e-12 1
5 118 142 992.2176634799742 3.8939956805491065e-12 1
5 118 143 992.402931432922 3.900914351801696e-12 1
5 118 144 992.5651177571191 3.9080437812348175e-12 1
5 118 145 992.7259815601716 3.916169893487239e-12 1
5 118 146 992.8868453632334 3.924329869890631e-12 1
5 118 147 993.0763507815127 3.932325930373321e-12 1
5 118 148 993.385160145631 3.94155613687449e-12 1
5 118 149 993.703039750281 3.951016799726423e-12 1
5 118 150 994.0209193549374 3.960522987485992e-12 1
5 118 151 994.3329329127214 3.970732019983682e-12 1
5 118 152 994.5052215658475 3.981515223506949e-12 1
5 118 153 994.6649227076896 3.992364418741258e-12 1
5 118 154 994.8246238495192 4.003710374617328e-12 1
5 118 155 994.9843249913505 4.0158419401116155e-12 1
5 118 156 995.1692535432959 4.028047248296911e-12 1
5 118 157 995.3608732362629 4.040090636465973e-12 1
5 118 158 995.5524929292353 4.053166724852948e-12 1
5 118 159 995.744112622206 4.066628857511333e-12 1
5 118 160 995.9045467443932 4.080180714064907e-12 1
5 118 161 996.0461277715291 4.0944321237871836e-12 1
5 119 54 972.593096602182 4.05984452873977e-12 1
5 119 55 974.6936978378865 4.030435905456666e-12 1
5 119 56 976.1863884235901 4.005081429143031e-12 1
5 119 57 976.8389253824325 3.986263777006939e-12 1
5 119 58 978.2430048046473 3.970831107202489e-12 1
5 119 59 980.1832377398605 3.9482024827293585e-12 1
5 119 60 981.8463788413613 3.913765646685762e-12 1
5 119 61 983.0462375850094 3.87534828784213e-12 1
5 119 62 984.6817573614036 3.8457151511251505e-12 1
5 119 63 985.8267098660066 3.8274756671673925e-12 1
5 119 64 986.4269904658987 3.816516278396594e-12 1
5 119 65 987.0110574396077 3.80980276003326e-12 1
5 119 66 987.070715230299 3.805697539798726e-12 1
5 119 67 987.1900308116826 3.8029229275579435e-12 1
5 119 68 987.2998415180343 3.801061507616673e-12 1
5 119 69 987.5265179807495 3.7990367794885765e-12 1
5 119 70 987.7531944434786 3.797014207253725e-12 1
5 119 71 987.9798709061937 3.795354988279313e-12 1
5 119 72 988.1758771877309 3.793580269319219e-12 1
5 119 73 988.2701607978864 3.791799766421887e-12 1
5 119 74 988.3529341333171 3.790106676656991e-12 1
5 119 75 988.4357074687463 3.7885554387544e-12 1
5 119 76 988.5213578651601 3.78700547013246e-12 1
5 119 77 988.6202589022572 3.785705619649353e-12 1
5 119 78 988.7227057896358 3.784611709681691e-12 1
5 119 79 988.8251526770154 3.7832805163910175e-12 1
5 120 48 964.8605737946987 4.21396783258732e-12 1
5 120 49 965.8466280407324 4.20740696185661e-12 1
5 120 50 966.9688632319629 4.209199158021821e-12 1
5 120 51 968.4337928485907 4.212823641540734e-12 1
5 120 52 970.253142287717 4.213295831630439e-12 1
5 120 53 972.2963444409367 4.20567580185376e-12 1
5 120 54 974.5195212739252 4.186335971918213e-12 1
5 120 55 976.110254397851 4.15373734885939e-12 1
5 120 56 977.4393858447569 4.113833729468626e-12 1
5 120 57 979.367712024274 4.073655867036927e-12 1
5 121 48 965.1660886227154 4.334674611926342e-12 1
5 121 49 966.626966842688 4.332978856300813e-12 1
5 121 50 967.7199139245874 4.3457052362619765e-12 1
5 121 51 968.9640791528489 4.331254812156252e-12 1
