6 98 267 962.7891355905947 1.5996094636741515e-11 1
6 98 268 982.5084349069947 1.5538083346748116e-11 1
6 98 269 1004.7954222116847 1.5395303726389805e-11 1
6 98 270 998.9584471140247 1.5375778331896145e-11 1
6 99 206 941.5301023874647 1.9221076948181546e-11 1
6 99 207 941.5301023874647 1.91944415525882e-11 1
6 99 208 941.5301023874647 1.916822667302816e-11 1
6 99 209 941.5301023874647 1.914208330194264e-11 1
6 99 210 944.5163084421547 1.9115912623885506e-11 1
6 99 211 944.5163084421547 1.9090377102869932e-11 1
6 99 212 944.5163084421547 1.906490971283678e-11 1
6 99 213 944.5163084421547 1.9039428783364787e-11 1
6 99 214 947.3241087351247 1.9014349814195503e-11 1
6 99 215 947.3241087351247 1.898962450433085e-11 1
6 99 216 947.3241087351247 1.8964963414071836e-11 1
6 99 217 947.3241087351247 1.8940631498180368e-11 1
6 99 218 947.3241087351247 1.8916716582945202e-11 1
6 99 219 949.3223387155947 1.889286198269551e-11 1
6 99 220 949.3223387155947 1.886901311541745e-11 1
6 99 221 949.3223387155947 1.884596955671507e-11 1
6 99 222 949.3223387155947 1.882298221270722e-11 1
6 99 223 956.2383543405947 1.8799984471691133e-11 1
6 99 224 956.2383543405947 1.877754293381004e-11 1
6 99 225 956.2383543405947 1.875546119384302e-11 1
6 99 226 956.2383543405947 1.8733431327596716e-11 1
6 99 227 959.2516600046547 1.8711733897404322e-11 1
6 99 228 959.2516600046547 1.8690533627117798e-11 1
6 99 229 959.2516600046547 1.8669413775673154e-11 1
6 99 230 959.2516600046547 1.864841992884103e-11 1
6 99 231 963.5816160593447 1.8628227422944803e-11 1
6 99 232 963.5816160593447 1.8608078598633966e-11 1
6 99 233 963.5816160593447 1.858793452270656e-11 1
6 99 234 963.5816160593447 1.856846562007394e-11 1
6 99 235 968.4598509226247 1.8549324641776987e-11 1
6 99 236 968.4598509226247 1.85302230851289e-11 1
6 99 237 968.4598509226247 1.8511544833949592e-11 1
6 99 238 968.4598509226247 1.8493418001983325e-11 1
6 99 239 978.1403318796547 1.8475326635517265e-11 1
6 99 240 978.1403318796547 1.8457318799610094e-11 1
6 99 241 978.1403318796547 1.8440214742485984e-11 1
6 99 242 978.1403318796547 1.8423142356042188e-11 1
6 99 243 978.1403318796547 1.840607671239473e-11 1
6 99 244 981.8044554148047 1.8389733598378683e-11 1
6 99 245 981.8044554148047 1.8373692509678242e-11 1
6 99 246 981.8044554148047 1.8357679381390342e-11 1
6 99 247 981.8044554148047 1.8342081674507093e-11 1
6 99 248 984.9892088327747 1.832704815890397e-11 1
6 99 249 984.9892088327747 1.8312047907710928e-11 1
6 99 250 984.9892088327747 1.8297159252942256e-11 1
6 99 251 984.9892088327747 1.82831335807777e-11 1
6 99 252 988.2238890085547 1.8269129394877465e-11 1
6 99 253 988.2238890085547 1.8255134428783752e-11 1
6 99 254 988.2238890085547 1.824183223572155e-11 1
6 99 255 988.2238890085547 1.822876429035316e-11 1
6 99 256 993.2061888132447 1.821571505461281e-11 1
6 99 257 993.2061888132447 1.8203045433467607e-11 1
6 99 258 993.2061888132447 1.818779018789482e-11 1
6 99 259 995.4190184030947 1.8165115987689383e-11 1
6 99 260 995.4190184030947 1.8133234323417424e-11 1
6 99 261 997.6752439890247 1.8088751521226575e-11 1
6 99 262 999.0124021921547 1.8028056035182363e-11 1
6 99 263 1000.1312986765247 1.794411094915903e-11 1
6 99 264 1002.0287596140247 1.780127105231944e-11 1
6 99 265 1004.9190184030947 1.746391031278558e-11 1
6 99 266 1007.8587767038747 1.6884189904884824e-11 1
6 99 267 1009.9214598093447 1.612630169885234e-11 1
6 99 268 1014.6508909616847 1.560342315333144e-11 1
6 100 43 957.7226072702747 2.1608536463087907e-11 1
6 100 44 957.9201780710547 2.1596210103325865e-11 1
6 100 45 957.9201780710547 2.1583972857722816e-11 1
6 100 46 957.9201780710547 2.1571726321231734e-11 1
6 100 47 957.9201780710547 2.1559527578701246e-11 1
6 100 48 960.3638426218447 2.154766204570341e-11 1
6 100 49 960.3638426218447 2.153586401138424e-11 1
6 100 50 960.3638426218447 2.152411154843404e-11 1
6 100 51 960.3638426218447 2.151268671239652e-11 1
6 100 52 960.1970335398047 2.1501273998358317e-11 1
6 100 53 960.1970335398047 2.148980354951421e-11 1
6 100 54 960.1970335398047 2.1478542693002015e-11 1
6 100 55 960.1970335398047 2.146754589471709e-11 1
6 100 56 958.8983274851247 2.1456560351170544e-11 1
6 100 57 958.8983274851247 2.1445747949289436e-11 1
6 100 58 958.8983274851247 2.1435163279773623e-11 1
6 100 59 958.8983274851247 2.1424589053349894e-11 1
6 100 60 956.6091429148047 2.1413939868956054e-11 1
6 100 61 956.6091429148047 2.140383324497437e-11 1
6 100 62 956.6091429148047 2.1393736156432063e-11 1
6 100 63 956.6091429148047 2.1383562677745022e-11 1
6 100 64 955.5550657663747 2.137360304298005e-11 1
6 100 65 955.5550657663747 2.136391051843325e-11 1
6 100 66 955.5550657663747 2.1354226780654775e-11 1
6 100 67 955.5550657663747 2.1344756751018345e-11 1
6 100 68 955.5550657663747 2.1335569621760122e-11 1
6 100 69 958.4245726023047 2.1326390397678045e-11 1
6 100 70 958.4245726023047 2.131710982497083e-11 1
6 100 71 958.4245726023047 2.1308389178254384e-11 1
6 100 72 958.4245726023047 2.12996756637037e-11 1
6 100 73 959.5836302194947 2.1290884103568678e-11 1
6 100 74 959.5836302194947 2.1282352692489666e-11 1
6 100 75 959.5836302194947 2.127409966284069e-11 1
6 100 76 959.5836302194947 2.1265853031553452e-11 1
6 100 77 959.4107786569947 2.125783108271794e-11 1
6 100 78 959.4107786569947 2.1250107620686742e-11 1
6 100 79 959.4107786569947 2.124238976884227e-11 1
6 100 80 959.4107786569947 2.123459666081276e-11 1
6 100 81 958.8892332468447 2.1227362414580845e-11 1
6 100 82 958.8892332468447 2.1220133095826087e-11 1
6 100 83 958.8892332468447 2.1212840650542776e-11 1
6 100 84 958.8892332468447 2.1205898472192874e-11 1
6 100 85 957.3375975046547 2.119915485373736e-11 1
6 100 86 957.3375975046547 2.119241552295046e-11 1
6 100 87 957.3375975046547 2.1185896414628275e-11 1
6 100 88 957.3375975046547 2.117967064126169e-11 1
6 100 89 960.4487425241847 2.1173448525882132e-11 1
6 100 90 960.4487425241847 2.116719212095237e-11 1
6 100 91 960.4487425241847 2.116139276186087e-11 1
6 100 92 960.4487425241847 2.1155617758087823e-11 1
6 100 93 960.4487425241847 2.1149845905484464e-11 1
6 100 94 962.1507078562147 2.1144383124795968e-11 1
6 100 95 962.1507078562147 2.113898559215403e-11 1
6 100 96 962.1507078562147 2.1133590814468204e-11 1
6 100 97 962.1507078562147 2.112836990578771e-11 1
6 100 98 961.3472410593447 2.112331349257622e-11 1
6 100 99 961.3472410593447 2.111822885260071e-11 1
6 100 100 961.3472410593447 2.11131685032077e-11 1
6 100 101 961.3472410593447 2.1108321259343943e-11 1
6 100 102 957.4457518015247 2.1103476240667747e-11 1
6 100 103 957.4457518015247 2.1098700763857965e-11 1
6 100 104 957.4457518015247 2.109396825561308e-11 1
6 100 105 957.4457518015247 2.1089229582944343e-11 1
6 100 106 960.0968748484047 2.108452128083724e-11 1
6 100 107 960.0968748484047 2.1079940909529536e-11 1
6 100 108 960.0968748484047 2.107522814593245e-11 1
6 100 109 960.0968748484047 2.1070465371373242e-11 1
6 100 110 962.5102659616847 2.1065686055752967e-11 1
6 100 111 962.5102659616847 2.1060728608490718e-11 1
6 100 112 962.5102659616847 2.1055773493979562e-11 1
6 100 113 962.5102659616847 2.105090295441116e-11 1
6 100 114 965.9440428171547 2.1045738880785237e-11 1
6 100 115 965.9440428171547 2.1040458461262203e-11 1
6 100 116 965.9440428171547 2.1035208462178503e-11 1
6 100 117 965.9440428171547 2.102990126410412e-11 1
6 100 118 965.9440428171547 2.1024171421372272e-11 1
6 100 119 968.8722654734047 2.101837196908763e-11 1
6 100 120 968.8722654734047 2.1012479304272398e-11 1
6 100 121 968.8722654734047 2.100566017795599e-11 1
6 100 122 968.8722654734047 2.0998845476191026e-11 1
6 100 123 969.1074339304347 2.0992150299864472e-11 1
6 100 124 969.1074339304347 2.0984216108825186e-11 1
6 100 125 969.1074339304347 2.0975731410039397e-11 1
6 100 126 969.1074339304347 2.0967253569838802e-11 1
6 100 127 970.1671873484047 2.0958023171999843e-11 1
6 100 128 970.1671873484047 2.0947760317439377e-11 1
6 100 129 970.1671873484047 2.093749684018501e-11 1
6 100 130 970.1671873484047 2.0927073804947302e-11 1
6 100 131 970.0069700632447 2.0915026235246064e-11 1
6 100 132 970.0069700632447 2.0902992528966588e-11 1
6 100 133 970.0069700632447 2.0890955662367086e-11 1
6 100 134 970.0069700632447 2.0877574119706287e-11 1
6 100 135 971.3094602976247 2.0863787941330514e-11 1
6 100 136 971.3094602976247 2.0850009310280485e-11 1
6 100 137 971.3094602976247 2.083545723944915e-11 1
6 100 138 971.3094602976247 2.082004983494985e-11 1
6 100 139 972.3211790476247 2.0804716631298935e-11 1
6 100 140 972.3211790476247 2.0789235639887142e-11 1
6 100 141 972.3211790476247 2.0772193012275175e-11 1
6 100 142 972.3211790476247 2.0755281500034604e-11 1
6 100 143 972.3211790476247 2.0738397502134132e-11 1
6 100 144 973.5700193796547 2.0720389914371477e-11 1
6 100 145 973.5700193796547 2.070205187015494e-11 1
6 100 146 973.5700193796547 2.0683713838678857e-11 1
6 100 147 973.5700193796547 2.0664741810399725e-11 1
6 100 148 974.2345091257447 2.06451284341669e-11 1
6 100 149 974.2345091257447 2.0625552253633327e-11 1
6 100 150 974.2345091257447 2.060567509251673e-11 1
6 100 151 974.2345091257447 2.0584673601161437e-11 1
6 100 152 975.3604246530947 2.0563879959090017e-11 1
6 100 153 975.3604246530947 2.0543128284089353e-11 1
6 100 154 975.3604246530947 2.0521480032336718e-11 1
6 100 155 975.3604246530947 2.0499582575407263e-11 1
6 100 156 979.0716673288747 2.047769007503755e-11 1
6 100 157 979.0716673288747 2.0455153285342188e-11 1
6 100 158 979.0716673288747 2.0432235846373214e-11 1
6 100 159 979.0716673288747 2.0409468095916048e-11 1
6 100 160 980.9596678171547 2.0386654201579987e-11 1
6 100 161 980.9596678171547 2.0362959033534287e-11 1
6 100 162 980.9596678171547 2.033931888277208e-11 1
6 100 163 980.9596678171547 2.0315579413442762e-11 1
6 100 164 981.6723753366847 2.0291067909967305e-11 1
6 100 165 981.6723753366847 2.026673311308108e-11 1
6 100 166 981.6723753366847 2.0242456615047998e-11 1
6 100 167 981.6723753366847 2.0217753749525747e-11 1
6 100 168 981.6723753366847 2.019269413594135e-11 1
6 100 169 982.3229490671547 2.016780137916909e-11 1
6 100 170 982.3229490671547 2.014290713554827e-11 1
6 100 171 982.3229490671547 2.0117469935141625e-11 1
6 100 172 982.3229490671547 2.0092096899760512e-11 1
6 100 173 982.0921751413747 2.006660602764641e-11 1
6 100 174 982.0921751413747 2.0040815665614892e-11 1
6 100 175 982.0921751413747 2.0015033993021047e-11 1
6 100 176 982.0921751413747 1.998926351925193e-11 1
6 100 177 981.0593382273047 1.9963068388948982e-11 1
6 100 178 981.0593382273047 1.9936917414988027e-11 1
6 100 179 981.0593382273047 1.9910955753315718e-11 1
6 100 180 981.0593382273047 1.9885025415164017e-11 1
6 100 181 979.4625364694947 1.9858814101525738e-11 1
6 100 182 979.4625364694947 1.9832671797459488e-11 1
6 100 183 979.4625364694947 1.9806421154376355e-11 1
6 100 184 979.4625364694947 1.9780153589024118e-11 1
6 100 185 977.1139646921547 1.9753983832152697e-11 1
6 100 186 977.1139646921547 1.972781978089329e-11 1
6 100 187 977.1139646921547 1.9701484916369586e-11 1
6 100 188 977.1139646921547 1.9675320751172647e-11 1
6 100 189 974.8720213327747 1.964922598740691e-11 1
6 100 190 974.8720213327747 1.962287899543068e-11 1
6 100 191 974.8720213327747 1.9596593241090717e-11 1
6 100 192 974.8720213327747 1.9570619085607547e-11 1
6 100 193 974.8720213327747 1.9544713693476254e-11 1
6 100 194 976.3493772898047 1.951862446321926e-11 1
6 100 195 976.3493772898047 1.9492886016281503e-11 1
6 100 196 976.3493772898047 1.9467215360517487e-11 1
6 100 197 976.3493772898047 1.944149099787363e-11 1
6 100 198 975.6500975046547 1.9415923861046105e-11 1
6 100 199 975.6500975046547 1.9390537994651755e-11 1
6 100 200 975.6500975046547 1.9365237123080285e-11 1
6 100 201 975.6500975046547 1.9340182157727232e-11 1
6 100 202 974.5590940866847 1.93151919414028e-11 1
6 100 203 974.5590940866847 1.9290083764686056e-11 1
6 100 204 974.5590940866847 1.9265077996639715e-11 1
6 100 205 974.5590940866847 1.9240530476844797e-11 1
6 100 206 979.9484373484047 1.9216045434232492e-11 1
6 100 207 979.9484373484047 1.9191763815774348e-11 1
6 100 208 979.9484373484047 1.916773228942597e-11 1
6 100 209 979.9484373484047 1.9143760871363344e-11 1
6 100 210 982.1921507273047 1.911958682071684e-11 1
6 100 211 982.1921507273047 1.9095881524269487e-11 1
6 100 212 982.1921507273047 1.9072500659109012e-11 1
6 100 213 982.1921507273047 1.9049176978670897e-11 1
6 100 214 985.2682005319947 1.9044447408515658e-11 1
6 100 215 985.2682005319947 1.9044447408515658e-11 1
6 100 216 985.2682005319947 1.8963906768507707e-11 1
6 100 217 985.2682005319947 1.8963906768507707e-11 1
6 100 218 985.2682005319947 1.8963906768507707e-11 1
6 100 219 987.4596067819947 1.888957456087118e-11 1
6 100 220 987.4596067819947 1.888957456087118e-11 1
6 100 221 987.4596067819947 1.888957456087118e-11 1
6 100 222 987.4596067819947 1.8817859623521877e-11 1
6 100 223 992.6625486765247 1.8817859623521877e-11 1
6 100 224 992.6625486765247 1.8817859623521877e-11 1
6 100 225 992.6625486765247 1.874880023527558e-11 1
6 100 226 992.6625486765247 1.874880023527558e-11 1
6 100 227 993.8546873484047 1.874880023527558e-11 1
6 100 228 993.8546873484047 1.874880023527558e-11 1
6 100 229 993.8546873484047 1.8682509093811647e-11 1
6 100 230 993.8546873484047 1.8682509093811647e-11 1
6 100 231 994.5385252390247 1.8682509093811647e-11 1
6 100 232 994.5385252390247 1.861911277382051e-11 1
6 100 233 994.5385252390247 1.861911277382051e-11 1
6 100 234 994.5385252390247 1.861911277382051e-11 1
6 100 235 995.5159422312147 1.8558730611823738e-11 1
6 100 236 995.5159422312147 1.8558730611823738e-11 1
6 100 237 995.5159422312147 1.8558730611823738e-11 1
6 100 238 995.5159422312147 1.8558730611823738e-11 1
6 100 239 996.4397093210547 1.8558730611823738e-11 1
6 100 240 996.4397093210547 1.8558730611823738e-11 1
6 100 241 996.4397093210547 1.8558730611823738e-11 1
6 100 242 996.4397093210547 1.8558730611823738e-11 1
6 100 243 996.4397093210547 1.8437172779287678e-11 1
6 100 244 997.5782591257447 1.8437172779287678e-11 1
6 100 245 997.5782591257447 1.8385227406938076e-11 1
6 100 246 997.5782591257447 1.8385227406938076e-11 1
6 101 24 953.5130735788747 2.386018331587628e-11 1
6 101 25 954.8193479929347 2.3564554038835564e-11 1
6 101 26 957.8721434030947 2.320291744451702e-11 1
6 101 27 961.4972654734047 2.279514694740835e-11 1
6 101 28 965.5159422312147 2.2376565561785754e-11 1
6 101 29 967.0861326609047 2.2043946435912207e-11 1
6 101 30 968.9662596140247 2.1836410272737375e-11 1
6 101 31 970.6504637155947 2.1706689302702328e-11 1
6 101 32 970.9000364694947 2.1624544784266933e-11 1
6 101 33 971.3278929148047 2.1571770451919846e-11 1
6 101 34 971.6651121530947 2.1537693466325885e-11 1
6 101 35 972.5644041452747 2.151528321950758e-11 1
6 101 36 972.5644041452747 2.150053963919088e-11 1
6 101 37 972.5644041452747 2.1488906519616414e-11 1
6 101 38 972.5644041452747 2.1477483119289662e-11 1
6 101 39 972.9419065866847 2.1466071857760334e-11 1
6 101 40 972.9419065866847 2.145457234068494e-11 1
6 101 41 972.9419065866847 2.1443461143413735e-11 1
6 101 42 972.9419065866847 2.1432361449033112e-11 1
6 101 43 972.9419065866847 2.142120489872248e-11 1
6 101 44 973.1827513132447 2.141023002482277e-11 1
6 101 45 973.1827513132447 2.139951057787709e-11 1
6 101 46 973.1827513132447 2.1388801859358083e-11 1
6 101 47 973.1827513132447 2.1378176251962732e-11 1
6 101 48 973.4110227976247 2.136775152862877e-11 1
6 101 49 973.4110227976247 2.1357379412638613e-11 1
6 101 50 973.4110227976247 2.134703675296842e-11 1
6 101 51 973.4110227976247 2.1336939730982093e-11 1
6 101 52 974.8657347116847 2.1326941037378464e-11 1
6 101 53 974.8657347116847 2.1316951710352086e-11 1
6 101 54 974.8657347116847 2.130720408754027e-11 1
6 101 55 974.8657347116847 2.1297538455601896e-11 1
6 101 56 975.4256712351247 2.1287870142568582e-11 1
6 101 57 975.4256712351247 2.1278298862910003e-11 1
6 101 58 975.4256712351247 2.1277956620059307e-11 1
6 101 59 975.4256712351247 2.1277956620059307e-11 1
6 101 60 975.5794187937147 2.1266301563139222e-11 1
6 101 61 975.5794187937147 2.1266301563139222e-11 1
6 101 62 975.5794187937147 2.1236270030112594e-11 1
6 101 63 975.5794187937147 2.1236270030112594e-11 1
6 101 64 975.9769407663747 2.1236270030112594e-11 1
6 101 65 975.9769407663747 2.1207558428706692e-11 1
6 101 66 975.9769407663747 2.1207558428706692e-11 1
6 101 67 975.9769407663747 2.1207558428706692e-11 1
6 101 68 975.9769407663747 2.1207558428706692e-11 1
6 101 69 977.2268797312147 2.1180046880761307e-11 1
6 101 70 977.2268797312147 2.1180046880761307e-11 1
6 101 71 977.2268797312147 2.1180046880761307e-11 1
6 101 72 977.2268797312147 2.1153726352715395e-11 1
6 101 73 977.4691893015247 2.1153726352715395e-11 1
6 101 74 977.4691893015247 2.1153726352715395e-11 1
6 101 75 977.4691893015247 2.1128697223795288e-11 1
6 101 76 977.4691893015247 2.1128697223795288e-11 1
6 101 77 977.8167845163747 2.1128697223795288e-11 1
6 101 78 977.8167845163747 2.1128697223795288e-11 1
6 101 79 977.8167845163747 2.1128697223795288e-11 1
6 101 80 977.8167845163747 2.1128697223795288e-11 1
6 101 81 978.3424192819947 2.1128697223795288e-11 1
6 101 82 978.3424192819947 2.1128697223795288e-11 1
6 101 83 978.3424192819947 2.109971851373463e-11 1
6 101 84 978.3424192819947 2.109971851373463e-11 1
6 101 85 978.8939939890247 2.107781288102103e-11 1
6 101 86 978.8939939890247 2.107781288102103e-11 1
6 102 24 954.4353758249647 2.3491138131591726e-11 1
6 102 25 956.5794187937147 2.324284008382704e-11 1
6 102 26 959.0078245554347 2.294209550361443e-11 1
