1 113 272 1016.2269199436622 1.527067235830073e-11 1
1 113 273 1006.7505092881155 1.5618640525435177e-11 1
1 113 274 991.8728157953652 1.7671837150601038e-11 1
1 114 266 990.7042983273217 2.111102719650229e-11 1
1 114 267 996.830244330018 2.108147879603878e-11 1
1 114 268 1003.9253321856557 2.0636284286491045e-11 1
1 114 269 1019.1730808663584 1.8305580023115162e-11 1
1 114 270 1023.780233420648 1.737847094233314e-11 1
1 114 271 1025.1660116383994 1.6322740893232148e-11 1
1 114 272 1023.620212370059 1.5342754599044593e-11 1
1 114 273 1019.200914224554 1.524453690386873e-11 1
1 114 274 1007.8198583553083 1.6692612035736417e-11 1
1 115 260 1015.8556711473764 1.5780288829238933e-11 1
1 115 261 1017.1845782872796 1.5634256893169114e-11 1
1 115 262 1018.586994372873 1.5446114925966355e-11 1
1 115 263 1020.7138544945715 1.5204321712639698e-11 1
1 115 264 1021.5313454353566 1.5267856492501733e-11 1
1 115 265 1022.2004688998011 1.5588618678393065e-11 1
1 115 266 1018.1415591314308 1.6793146925052934e-11 1
1 115 267 1025.5034724873774 1.6578060933410055e-11 1
1 115 268 1026.5565643649743 1.7161729395985733e-11 1
1 115 269 1029.4801885386917 1.718289347125047e-11 1
1 116 199 962.252969195654 3.242906177652327e-11 1
1 116 200 962.7106883255543 3.199457742915531e-11 1
1 116 201 963.173729048294 3.1578298807516606e-11 1
1 116 202 963.7490382287116 3.111911614282981e-11 1
1 116 203 964.3358877457972 3.0667590606836545e-11 1
1 116 204 964.9227372628987 3.0232773787751905e-11 1
1 116 205 965.5095867799938 2.981615783437879e-11 1
1 116 206 966.2866997415372 2.932880870449494e-11 1
1 116 207 967.1160149478291 2.8837978765681104e-11 1
1 116 208 967.9453301540982 2.8370116747799072e-11 1
1 116 209 968.7746453604318 2.7917193381158972e-11 1
1 116 210 969.5574169739142 2.749737128363755e-11 1
1 116 211 970.3113657203064 2.71063192246291e-11 1
1 116 212 971.0653144667399 2.6727898491408278e-11 1
1 116 213 971.8192632131323 2.6360245806550815e-11 1
1 116 214 972.580851602673 2.6005604754111023e-11 1
1 116 215 973.3517613177835 2.56603862767172e-11 1
1 116 216 974.1226710329121 2.5323172689758146e-11 1
1 116 217 974.8935807480227 2.4995178067284502e-11 1
1 116 218 975.8214632587527 2.4636502802314092e-11 1
1 116 219 977.1464869426123 2.4169391163917793e-11 1
1 116 220 978.4715106263694 2.3719662941252543e-11 1
1 116 221 979.7965343100391 2.3290772985282213e-11 1
1 116 222 981.0125049100144 2.2907411929437303e-11 1
1 116 223 981.8121172867221 2.264299088113359e-11 1
1 116 224 982.568699523785 2.23995949344653e-11 1
1 116 225 983.325281760839 2.21632068508871e-11 1
1 116 226 984.1542645536657 2.1913525915354642e-11 1
1 116 227 985.353475675383 2.1583052917582357e-11 1
1 116 228 986.6527605765042 2.1244260916107135e-11 1
1 116 229 987.9520454777261 2.0915940662830555e-11 1
1 116 230 989.3178254520186 2.0584407692416372e-11 1
1 116 231 991.2399515294632 2.0153454252893534e-11 1
1 116 232 993.4208875034602 1.968925100067523e-11 1
1 116 233 995.6018234773405 1.924590465285937e-11 1
1 116 234 997.7632849040742 1.8827348989102906e-11 1
1 116 235 999.2943959760189 1.8536275325827868e-11 1
1 116 236 1000.3865637214834 1.8327016422978928e-11 1
1 116 237 1001.4787314670062 1.8122562434075056e-11 1
1 116 238 1002.5708992124999 1.792533403959184e-11 1
1 116 239 1003.4136487726022 1.777165228903672e-11 1
1 116 240 1003.9797341323338 1.7664188760586238e-11 1
1 116 241 1004.5361842620795 1.756121488394926e-11 1
1 116 242 1005.0926343918399 1.7459855235635992e-11 1
1 116 243 1005.7303702910859 1.7347543145771484e-11 1
1 116 244 1006.5258073685443 1.7215065477683738e-11 1
1 116 245 1007.3323819876084 1.7083823270513358e-11 1
1 116 246 1008.1389566066513 1.695424028277286e-11 1
1 116 247 1009.0040473763089 1.6818473923451395e-11 1
1 116 248 1010.1045620264407 1.665488296041666e-11 1
1 116 249 1011.2277194244269 1.649079723219929e-11 1
1 116 250 1012.3508768224725 1.6329913142160383e-11 1
1 116 251 1013.4303781044097 1.6179248624967386e-11 1
1 116 252 1013.6822085539627 1.6138968823483937e-11 1
1 116 253 1013.8383329526556 1.6111393415450842e-11 1
1 116 254 1013.9944573513524 1.6085315382393596e-11 1
1 116 255 1014.1505817500453 1.6058683491709954e-11 1
1 116 256 1014.3204829038004 1.6027051911879606e-11 1
1 116 257 1014.5570445639936 1.5986855351698396e-11 1
1 116 258 1014.9810130947527 1.5925610996759116e-11 1
1 116 259 1016.2538757273915 1.5766326556297357e-11 1
1 116 260 1017.420899876861 1.5641070470506007e-11 1
1 116 261 1018.9358276067981 1.549318240727905e-11 1
1 116 262 1020.3444706579434 1.5376991631912878e-11 1
1 116 263 1022.9538526867236 1.5153641872140385e-11 1
1 117 121 971.0120620413926 4.9668072594613284e-11 1
1 117 122 970.9950777184479 4.968695712308476e-11 1
1 117 123 970.7564996715176 4.998094874841643e-11 1
1 117 124 970.4935161901022 5.027695986523798e-11 1
1 117 125 970.2305327086663 5.052296793573872e-11 1
1 117 126 969.9900369377253 5.0742428169295505e-11 1
1 117 127 969.8564832198253 5.082804243048331e-11 1
1 117 128 969.7516910903774 5.079916747823264e-11 1
1 117 129 969.6468989609439 5.076252797450562e-11 1
1 117 130 969.5968430188611 5.065561749478072e-11 1
1 117 131 969.990156392667 4.994602375879247e-11 1
1 117 132 970.5823396803825 4.898810695693489e-11 1
1 117 133 971.1745229680868 4.8065937431280716e-11 1
1 117 134 971.7580428474223 4.716571492267038e-11 1
1 117 135 972.0058828513035 4.6626319117659113e-11 1
1 117 136 972.034213820683 4.633354969183298e-11 1
1 117 137 972.0625447900628 4.605028898126401e-11 1
1 117 138 972.0908757594436 4.572598303065084e-11 1
1 117 139 972.0931634388039 4.542792032738174e-11 1
1 117 140 972.0674505901285 4.516225557994178e-11 1
1 117 141 972.0408869009628 4.4882438820292256e-11 1
1 117 142 972.0143232117979 4.459189670677626e-11 1
1 117 143 972.3718450395171 4.393111219168705e-11 1
1 117 144 973.4729825776077 4.259512488403916e-11 1
1 117 145 974.616727486484 4.128812022398996e-11 1
1 117 146 975.7604723954267 4.0058936899623496e-11 1
1 117 147 976.9049726087594 3.890543777472317e-11 1
1 117 148 978.0526189715742 3.780009698615696e-11 1
1 117 149 979.2005045245575 3.675187207731702e-11 1
1 117 150 980.3483900775633 3.576021462908466e-11 1
1 117 151 981.4674636835322 3.483010098514661e-11 1
1 117 152 981.9002579873738 3.434408665604347e-11 1
1 117 153 982.2712268887565 3.390725996622958e-11 1
1 117 154 982.6421957901102 3.3477954449167123e-11 1
1 117 155 983.013164691468 3.305094785278105e-11 1
1 117 156 983.6018939685739 3.25194899547082e-11 1
1 117 157 984.2483804779264 3.197467628636183e-11 1
1 117 158 984.8948669872972 3.1435595387068873e-11 1
1 117 159 985.5413534966618 3.091518627822446e-11 1
1 117 160 985.9633737462106 3.051588399207573e-11 1
1 117 161 986.2496939387155 3.018204338851951e-11 1
1 117 162 986.5360141312123 2.985288881084051e-11 1
1 117 163 986.8223343237312 2.953083606744435e-11 1
1 117 164 986.8693238366577 2.931630173628652e-11 1
1 117 165 986.6309003652044 2.92232318012824e-11 1
1 117 166 986.3924768937376 2.9130750931082666e-11 1
1 117 167 986.1540534222843 2.9040705521592226e-11 1
1 117 168 985.8117840455584 2.899389998593031e-11 1
1 117 169 985.2139722940784 2.9053124747787688e-11 1
1 117 170 984.6161605426156 2.9112591957316266e-11 1
1 117 171 984.0183487911064 2.9173757403909926e-11 1
1 117 172 983.4121143019073 2.9237748967606716e-11 1
1 117 173 982.7752760017097 2.931511989102231e-11 1
1 117 174 982.1351672852489 2.939450908602815e-11 1
1 117 175 981.4950585688739 2.947465045946548e-11 1
1 117 176 980.8997816712781 2.953566242978304e-11 1
1 117 177 980.5252598645277 2.950106773943656e-11 1
1 117 178 980.2103078578198 2.9440782060143304e-11 1
1 117 179 979.8953558511186 2.938056120670557e-11 1
1 117 180 979.5664404456857 2.932658958615709e-11 1
1 117 181 979.122774663983 2.932288761640734e-11 1
1 117 182 978.6266534402926 2.9342082916185336e-11 1
1 117 183 978.1305322165965 2.9361334365272907e-11 1
1 117 184 977.6432082933327 2.937782897970545e-11 1
1 117 185 977.4646743958659 2.92628186856445e-11 1
1 117 186 977.4946434608736 2.9060396770912757e-11 1
1 117 187 977.5246125258808 2.8861322664313873e-11 1
1 117 188 977.5545815908887 2.8668447266021645e-11 1
1 117 189 977.5987615741482 2.8471783878271906e-11 1
1 117 190 977.6584513807805 2.8271600567852756e-11 1
1 117 191 977.7186502234495 2.8077127391249668e-11 1
1 117 192 977.7788490661136 2.7886552248663336e-11 1
1 117 193 977.9136850595609 2.7670027742344904e-11 1
1 117 194 978.1930861158648 2.7405145207641156e-11 1
1 117 195 978.4817547727182 2.7144450738938836e-11 1
1 117 196 978.7704234295795 2.6888236903177324e-11 1
1 117 197 979.2349343726497 2.65748307176474e-11 1
1 117 198 980.4187551773452 2.6027839843486096e-11 1
1 117 199 981.664540379074 2.5482777444317768e-11 1
1 117 200 982.9103255807687 2.4960666518217497e-11 1
1 117 201 984.1238598404725 2.4473698986299954e-11 1
1 117 202 984.6570031605052 2.4203261696660397e-11 1
1 117 203 985.1202075086908 2.3958756811344262e-11 1
1 117 204 985.5834118568893 2.3721124438869514e-11 1
1 117 205 986.0466162050825 2.3491343439166896e-11 1
1 117 206 986.8076519994343 2.3185640830812123e-11 1
1 117 207 987.6504032808841 2.2867769999215865e-11 1
1 117 208 988.4931545623111 2.25634053190388e-11 1
1 117 209 989.3359058438034 2.2265949065582532e-11 1
1 117 210 990.190900687948 2.1973277426008647e-11 1
1 117 211 991.0534775548879 2.168993569776408e-11 1
1 117 212 991.9160544218751 2.1415193248318537e-11 1
1 117 213 992.7786312888153 2.114749940580527e-11 1
1 117 214 993.8286116364023 2.0848115647460168e-11 1
1 117 215 995.1072478031411 2.051084781611318e-11 1
1 117 216 996.3858839699102 2.018431848191066e-11 1
1 117 217 997.6645201366493 1.9869293806469688e-11 1
1 117 218 998.8138674944707 1.959261881876188e-11 1
1 117 219 999.6361141658357 1.9383789063914338e-11 1
1 117 220 1000.4583608371369 1.9179364023849523e-11 1
1 117 221 1001.2806075083839 1.898197841451798e-11 1
1 117 222 1002.1069999952766 1.8788979326908976e-11 1
1 117 223 1002.9492209606018 1.859729438821924e-11 1
1 117 224 1003.7930777808494 1.8411799041087272e-11 1
1 117 225 1004.6369346010872 1.823133563165955e-11 1
1 117 226 1005.4320812586258 1.806184132965122e-11 1
1 117 227 1005.9781430582128 1.7935595227499385e-11 1
1 117 228 1006.4568765060969 1.7824923779218036e-11 1
1 117 229 1006.9356099540181 1.7715609749579807e-11 1
1 117 230 1007.4441534968558 1.7603598879724607e-11 1
1 117 231 1008.2021099566354 1.745783265292572e-11 1
1 117 232 1009.0760922695019 1.7296785877910762e-11 1
1 117 233 1009.9500745823217 1.71386504399417e-11 1
1 117 234 1010.8150865836451 1.6985773389356622e-11 1
1 117 235 1011.389748365814 1.6878626524457905e-11 1
1 117 236 1011.762225299401 1.6801311351643158e-11 1
1 117 237 1012.1347022330083 1.6725711605364537e-11 1
1 117 238 1012.5071791666054 1.6653213910290023e-11 1
1 117 239 1012.8483606841594 1.6584928467684352e-11 1
1 118 61 982.8752976042433 3.057176916065255e-11 1
1 118 62 983.5017542906459 3.1148028646319254e-11 1
1 118 63 982.2370173053168 3.250597963097311e-11 1
1 118 64 982.1940977734184 3.310257043929521e-11 1
1 118 65 983.5663250097502 3.2762951996912274e-11 1
1 118 66 983.9043093674926 3.285501898908887e-11 1
1 118 67 984.5802780829825 3.267911491155571e-11 1
1 118 68 984.8405226285599 3.269164617166314e-11 1
1 118 69 984.9196187439566 3.2797212907795676e-11 1
1 118 70 984.998714859358 3.2903463637580024e-11 1
1 118 71 985.0778109747546 3.300888418733251e-11 1
1 118 72 985.1018752034271 3.314456494377484e-11 1
1 118 73 984.9434171804314 3.338341600782109e-11 1
1 118 74 984.7643061286452 3.364087577568446e-11 1
1 118 75 984.585195076862 3.389744704205172e-11 1
1 118 76 984.4147854210128 3.4151491358790516e-11 1
1 118 77 984.2844510612085 3.438557537522855e-11 1
1 118 78 984.1648407866558 3.461459009341336e-11 1
1 118 79 984.0452305121021 3.484667583163924e-11 1
1 118 80 983.9651989928192 3.5057718992138373e-11 1
1 118 81 984.2022207361721 3.506804571697568e-11 1
1 118 82 984.5785764294816 3.4994198120383227e-11 1
1 118 83 984.954932122759 3.4920782219601763e-11 1
1 118 84 985.3303665708378 3.4842574059412686e-11 1
1 118 85 985.6655161557727 3.4784474935183303e-11 1
1 118 86 985.9751859485137 3.4744552041895113e-11 1
1 118 87 986.284855741279 3.470389435860387e-11 1
1 118 88 986.5945255340202 3.464888695343746e-11 1
1 118 89 986.7343201090702 3.470226986101349e-11 1
1 118 90 986.6939739704023 3.486496119078826e-11 1
1 118 91 986.648669729026 3.5025809047224993e-11 1
1 118 92 986.6033654876481 3.518553327699008e-11 1
1 118 93 986.5290441216378 3.5363629158901656e-11 1
1 118 94 986.3985009334194 3.5568089466146605e-11 1
1 118 95 986.2651346980897 3.5780379249756255e-11 1
1 118 96 986.1317684627642 3.599900763876042e-11 1
1 118 97 986.0246997147939 3.6202875595667306e-11 1
1 118 98 986.0293396261898 3.6330826419194065e-11 1
1 118 99 986.0413347513432 3.6454796857548394e-11 1
1 118 100 986.0533298764977 3.657416965441289e-11 1
1 118 101 986.0759963156481 3.668310040554732e-11 1
1 118 102 986.3910052959131 3.659690851174585e-11 1
1 118 103 986.7286794348934 3.649492554292592e-11 1
1 118 104 987.0663535738632 3.638395408417535e-11 1
1 118 105 987.4040277128593 3.627360373182045e-11 1
1 118 106 987.7901086043851 3.613363619345864e-11 1
1 118 107 988.1885926495961 3.598609845424253e-11 1
1 118 108 988.5870766948308 3.5827072885797646e-11 1
1 118 109 988.9855607400417 3.5669446628179674e-11 1
1 118 110 989.3680970980815 3.552420138582574e-11 1
1 118 111 989.7412228839506 3.5376328586269065e-11 1
1 118 112 990.1143486698263 3.5218821378832836e-11 1
1 118 113 990.4874744556953 3.506252703062641e-11 1
1 118 114 990.8764029646086 3.48911343233376e-11 1
1 118 115 991.2837518256498 3.4692518955746844e-11 1
1 118 116 991.6911006866593 3.44924208957833e-11 1
1 118 117 992.0984495476723 3.429323049975909e-11 1
1 118 118 992.411988248223 3.412193236049995e-11 1
1 118 119 992.5009237760098 3.408155850463647e-11 1
1 118 120 992.5898593037991 3.404128007840827e-11 1
1 118 121 992.6787948315878 3.3977881683256724e-11 1
1 118 122 992.7789652904356 3.389893375055121e-11 1
1 118 123 992.9180887921714 3.379790595733701e-11 1
1 118 124 993.0615024241439 3.368156673782798e-11 1
1 118 125 993.2049160561278 3.3547178860039673e-11 1
1 118 126 993.3527309865376 3.341188921703571e-11 1
1 118 127 993.5214766333711 3.326457518475924e-11 1
1 118 128 993.6958515030954 3.308459068108683e-11 1
1 118 129 993.8702263727957 3.2908009432169255e-11 1
1 118 130 994.071542253054 3.2718876229098865e-11 1
1 118 131 994.4910833694413 3.239674680474354e-11 1
1 118 132 995.0085077456057 3.202268596035847e-11 1
1 118 133 995.5259321217602 3.16567888366633e-11 1
1 118 134 996.0387138743154 3.1290027898177394e-11 1
1 118 135 996.3716085381847 3.100564849047539e-11 1
1 118 136 996.5868707669493 3.078294491788324e-11 1
1 118 137 996.8021329957161 3.05624828235119e-11 1
1 118 138 997.0173952244891 3.032631118786562e-11 1
1 118 139 997.2240835065982 3.0098490938318337e-11 1
1 118 140 997.4215534820493 2.987818212445892e-11 1
1 118 141 997.6187433446161 2.965001320956465e-11 1
1 118 142 997.8159332071772 2.942085761762483e-11 1
1 118 143 998.0012011601249 2.9200237444990904e-11 1
1 118 144 998.163387484322 2.8987467640876067e-11 1
1 118 145 998.3242512873745 2.87707643974079e-11 1
1 118 146 998.4851150904364 2.8557277153178978e-11 1
1 118 147 998.6746205087156 2.8334997206009664e-11 1
1 118 148 998.9834298728339 2.805980290798004e-11 1
1 118 149 999.301309477484 2.778584129358362e-11 1
1 118 150 999.6191890821403 2.7517177596170343e-11 1
1 118 151 999.9312026399243 2.725130885145975e-11 1
1 118 152 1000.1034912930504 2.7038442751776844e-11 1
1 118 153 1000.2631924348925 2.6833371668702653e-11 1
1 118 154 1000.4228935767221 2.6629450969955345e-11 1
1 118 155 1000.5825947185534 2.642548168562052e-11 1
1 118 156 1000.7675232704988 2.6215941311825064e-11 1
1 118 157 1000.9591429634659 2.6009038127716395e-11 1
1 118 158 1001.1507626564382 2.580224124214636e-11 1
1 118 159 1001.3423823494089 2.5597682318475092e-11 1
1 118 160 1001.5028164715961 2.5406402277258527e-11 1
1 118 161 1001.644397498732 2.5222258821437238e-11 1
1 119 54 978.1913663293849 2.411878059295927e-11 1
1 119 55 980.2919675650894 2.4564627847258954e-11 1
1 119 56 981.784658150793 2.5518456972834908e-11 1
1 119 57 982.4371951096355 2.6922759792801647e-11 1
1 119 58 983.8412745318502 2.7870050949715468e-11 1
1 119 59 985.7815074670634 2.8223930032740165e-11 1
1 119 60 987.4446485685643 2.838437850325448e-11 1
1 119 61 988.6445073122123 2.8736029696626772e-11 1
1 119 62 990.2800270886065 2.876671974107512e-11 1
1 119 63 991.4249795932095 2.8818785136814016e-11 1
1 119 64 992.0252601931016 2.8951976670528277e-11 1
1 119 65 992.6093271668107 2.8974229007966983e-11 1
1 119 66 992.668984957502 2.912948623871607e-11 1
1 119 67 992.7883005388856 2.919839050758722e-11 1
1 119 68 992.8981112452373 2.9250093945341054e-11 1
1 119 69 993.1247877079525 2.9247708555711107e-11 1
1 119 70 993.3514641706815 2.9245323555107814e-11 1
1 119 71 993.5781406333966 2.924604587916398e-11 1
1 119 72 993.7741469149338 2.925428066809045e-11 1
1 119 73 993.8684305250894 2.930594191941402e-11 1
1 119 74 993.9512038605201 2.936353096554531e-11 1
1 119 75 994.0339771959492 2.9422636138084785e-11 1
1 119 76 994.119627592363 2.948072943424775e-11 1
1 119 77 994.2185286294601 2.953849101600888e-11 1
1 119 78 994.3209755168388 2.959849979422081e-11 1
1 119 79 994.4234224042183 2.9655186239371746e-11 1
1 120 48 970.4588435219016 2.3629557583325758e-11 1
1 120 49 971.4448977679353 2.339383724288371e-11 1
1 120 50 972.5671329591659 2.3240326351372388e-11 1
1 120 51 974.0320625757936 2.31390574869761e-11 1
1 120 52 975.8514120149199 2.3113899247904485e-11 1
1 120 53 977.8946141681396 2.3220159053466476e-11 1
1 120 54 980.1177910011281 2.3512019126528264e-11 1
1 120 55 981.7085241250539 2.4297996456608732e-11 1
1 120 56 983.0376555719598 2.547915262276329e-11 1
1 120 57 984.965981751477 2.642970230185086e-11 1
1 121 48 970.7643583499183 2.313513497989822e-11 1
1 121 49 972.225236569891 2.275153451387258e-11 1
1 121 50 973.3181836517904 2.25894725553831e-11 1
1 121 51 974.5623488800518 2.2697093491066568e-11 1
