1 19 27 989.2619166234774 8.025265765914338e-09 1
1 20 17 912.4951319555174 9.000000000000001e-07 1
1 20 18 920.3734278539474 1.6143736820163768e-07 1
1 20 19 927.8025050023874 5.339263459249444e-08 1
1 20 20 939.0991358617674 2.340047091986865e-08 1
1 20 21 943.6839747289474 1.6476161909824505e-08 1
1 20 22 963.3062891820774 1.093139158965714e-08 1
1 20 23 992.2785181859774 7.837335980624142e-09 1
1 20 24 1004.1859278539474 7.080239920902328e-09 1
1 20 25 1008.1847071508274 6.904690488359578e-09 1
1 20 26 1013.7338404516074 7.171014814144638e-09 1
1 20 27 1023.8781275609774 7.156911756854627e-09 1
1 21 11 957.9225611547274 1.0642035279192093e-08 1
1 21 12 964.0606226781674 1.036982568711014e-08 1
1 21 13 970.9029688695774 1.1379525096831459e-08 1
1 21 14 975.5705714086374 1.2278974953409665e-08 1
1 21 15 978.8393702367674 1.2434236988851996e-08 1
1 21 16 983.4025416234774 1.2506955093842877e-08 1
1 21 17 986.8324122289474 1.2997363612564518e-08 1
1 21 18 989.9244532445774 1.326379531499846e-08 1
