6 19 27 992.4726889670203 3.5316349092853453e-11 1
6 20 17 915.7059042990603 4.788639325370883e-11 1
6 20 18 923.5842001974903 4.7583550765063536e-11 1
6 20 19 931.0132773459303 4.6713329486355564e-11 1
6 20 20 942.3099082053103 4.519754137531937e-11 1
6 20 21 946.8947470724903 4.350578429900998e-11 1
6 20 22 966.5170615256203 4.2041955030462854e-11 1
6 20 23 995.4892905295203 4.102158416690468e-11 1
6 20 24 1007.3967001974903 4.040635361005011e-11 1
6 20 25 1011.3954794943703 3.949360040836433e-11 1
6 20 26 1016.9446127951503 3.6921717875468634e-11 1
6 20 27 1027.0888999045203 3.4566462308148866e-11 1
6 21 11 961.1333334982703 5.3272066583406884e-11 1
6 21 12 967.2713950217103 5.15707414074902e-11 1
6 21 13 974.1137412131203 4.986673998419241e-11 1
6 21 14 978.7813437521803 4.885648341730387e-11 1
6 21 15 982.0501425803103 4.8180897941686646e-11 1
6 21 16 986.6133139670203 4.765510548171294e-11 1
6 21 17 990.0431845724903 4.7287789247106445e-11 1
6 21 18 993.1352255881203 4.7003036824082835e-11 1
