4 113 272 1008.3646440767816 1.089027005910594e-11 1
4 113 273 998.8882334212349 1.1176923037567443e-11 1
4 113 274 984.0105399284846 1.1176923037567443e-11 1
4 114 266 982.8420224604411 8.635516283967733e-12 1
4 114 267 988.9679684631374 9.105985659809389e-12 1
4 114 268 996.0630563187751 9.502402261922715e-12 1
4 114 269 1011.3108049994778 9.813379864656342e-12 1
4 114 270 1015.9179575537673 1.0029157776198447e-11 1
4 114 271 1017.3037357715187 1.0248567111594699e-11 1
4 114 272 1015.7579365031784 1.0603022938525631e-11 1
4 114 273 1011.3386383576734 1.097635935786071e-11 1
4 114 274 999.9575824884276 1.097635935786071e-11 1
4 115 260 1007.9933952804957 6.628902972373803e-12 1
4 115 261 1009.322302420399 6.722462606190182e-12 1
4 115 262 1010.7247185059924 6.8697415715771935e-12 1
4 115 263 1012.8515786276909 7.094127650609024e-12 1
4 115 264 1013.669069568476 7.392711963664138e-12 1
4 115 265 1014.3381930329205 7.75685851480002e-12 1
4 115 266 1010.2792832645501 8.185295915468066e-12 1
4 115 267 1017.6411966204969 8.656507595616443e-12 1
4 115 268 1018.6942884980937 9.134841748935693e-12 1
4 115 269 1021.617912671811 9.586290182046833e-12 1
4 116 199 954.3906933287734 4.9257212377896635e-12 1
4 116 200 954.8484124586737 4.949141480193886e-12 1
4 116 201 955.3114531814134 4.9727604995058426e-12 1
4 116 202 955.886762361831 4.996431375211549e-12 1
4 116 203 956.4736118789166 5.020323970901161e-12 1
4 116 204 957.0604613960181 5.044366252247936e-12 1
4 116 205 957.6473109131132 5.068507744895845e-12 1
4 116 206 958.4244238746566 5.0928814230315125e-12 1
4 116 207 959.2537390809484 5.117637791648527e-12 1
4 116 208 960.0830542872176 5.1421908648520594e-12 1
4 116 209 960.9123694935512 5.166980672151749e-12 1
4 116 210 961.6951411070336 5.192065359100243e-12 1
4 116 211 962.4490898534258 5.217112821707207e-12 1
4 116 212 963.2030385998593 5.242260926757214e-12 1
4 116 213 963.9569873462517 5.2676550685294695e-12 1
4 116 214 964.7185757357923 5.293083584353209e-12 1
4 116 215 965.4894854509029 5.3184306559715424e-12 1
4 116 216 966.2603951660315 5.3440523244684655e-12 1
4 116 217 967.0313048811421 5.3698855396442086e-12 1
4 116 218 967.9591873918721 5.395260627538782e-12 1
4 116 219 969.2842110757317 5.421014890255323e-12 1
4 116 220 970.6092347594888 5.447016208102468e-12 1
4 116 221 971.9342584431585 5.4727543493149145e-12 1
4 116 222 973.1502290431338 5.4985274973124475e-12 1
4 116 223 973.9498414198415 5.5245036351626095e-12 1
4 116 224 974.7064236569043 5.550052974727462e-12 1
4 116 225 975.4630058939583 5.575500065388173e-12 1
4 116 226 976.2919886867851 5.6013344929731735e-12 1
4 116 227 977.4911998085024 5.627363844586613e-12 1
4 116 228 978.7904847096236 5.652675766706339e-12 1
4 116 229 980.0897696108455 5.678216424086024e-12 1
4 116 230 981.455549585138 5.703724842529444e-12 1
4 116 231 983.3776756625825 5.7282633317933815e-12 1
4 116 232 985.5586116365796 5.753455108608617e-12 1
4 116 233 987.7395476104599 5.778892294655719e-12 1
4 116 234 989.9010090371936 5.803759245203201e-12 1
4 116 235 991.4321201091383 5.828129211831249e-12 1
4 116 236 992.5242878546028 5.853048237637948e-12 1
4 116 237 993.6164556001256 5.878123195597482e-12 1
4 116 238 994.7086233456192 5.9021917086449976e-12 1
4 116 239 995.5513729057216 5.926458133516618e-12 1
4 116 240 996.1174582654531 5.950481293775072e-12 1
4 116 241 996.6739083951989 5.9738141555967924e-12 1
4 116 242 997.2303585249592 5.997190555845947e-12 1
4 116 243 997.8680944242053 6.0206340961162124e-12 1
4 116 244 998.6635315016637 6.042810810375752e-12 1
4 116 245 999.4701061207278 6.064756634390863e-12 1
4 116 246 1000.2766807397707 6.0871838195291435e-12 1
4 116 247 1001.1417715094283 6.109658497676561e-12 1
4 116 248 1002.2422861595601 6.130074496556842e-12 1
4 116 249 1003.3654435575463 6.151257440965257e-12 1
4 116 250 1004.4886009555919 6.172587291610277e-12 1
4 116 251 1005.568102237529 6.192710879432293e-12 1
4 116 252 1005.8199326870821 6.21241576492738e-12 1
4 116 253 1005.976057085775 6.23214973674704e-12 1
4 116 254 1006.1321814844717 6.250577278650952e-12 1
4 116 255 1006.2883058831646 6.2730869238892585e-12 1
4 116 256 1006.4582070369198 6.3073219023328574e-12 1
4 116 257 1006.694768697113 6.354142644867185e-12 1
4 116 258 1007.1187372278721 6.416582155624591e-12 1
4 116 259 1008.3915998605108 6.4967825628902915e-12 1
4 116 260 1009.5586240099803 6.588151155411417e-12 1
4 116 261 1011.0735517399174 6.680520602726497e-12 1
4 116 262 1012.4821947910627 6.792508727289686e-12 1
4 116 263 1015.091576819843 6.9878754986123946e-12 1
4 117 121 963.149786174512 3.951800153719169e-12 1
4 117 122 963.1328018515673 3.9486343239456145e-12 1
4 117 123 962.894223804637 3.945480009193474e-12 1
4 117 124 962.6312403232216 3.942873943333112e-12 1
4 117 125 962.3682568417856 3.941160320980976e-12 1
4 117 126 962.1277610708447 3.93944818750517e-12 1
4 117 127 961.9942073529447 3.937616970313746e-12 1
4 117 128 961.8894152234968 3.93727852227699e-12 1
4 117 129 961.7846230940632 3.937069191770092e-12 1
4 117 130 961.7345671519805 3.9368598835206645e-12 1
4 117 131 962.1278805257864 3.9376196373989104e-12 1
4 117 132 962.7200638135018 3.9389749302202845e-12 1
4 117 133 963.3122471012061 3.94033693933435e-12 1
4 117 134 963.8957669805417 3.942274212089398e-12 1
4 117 135 964.1436069844228 3.945155492208276e-12 1
4 117 136 964.1719379538024 3.9480409870756196e-12 1
4 117 137 964.2002689231822 3.950795475965863e-12 1
4 117 138 964.228599892563 3.954975561059777e-12 1
4 117 139 964.2308875719233 3.95934384437063e-12 1
4 117 140 964.2051747232479 3.963721787917362e-12 1
4 117 141 964.1786110340822 3.96891729718962e-12 1
4 117 142 964.1520473449173 3.974708111764749e-12 1
4 117 143 964.5095691726365 3.9805230910335935e-12 1
4 117 144 965.6107067107271 3.986856189150322e-12 1
4 117 145 966.7544516196034 3.994033196585565e-12 1
4 117 146 967.8981965285461 4.00123609024599e-12 1
4 117 147 969.0426967418788 4.008230887155468e-12 1
4 117 148 970.1903431046936 4.016340389725639e-12 1
4 117 149 971.3382286576768 4.024803473443757e-12 1
4 117 150 972.4861142106827 4.0333022986681725e-12 1
4 117 151 973.6051878166516 4.042552157844465e-12 1
4 117 152 974.0379821204932 4.052134632794735e-12 1
4 117 153 974.4089510218759 4.06169037280015e-12 1
4 117 154 974.7799199232296 4.071023079494306e-12 1
4 117 155 975.1508888245874 4.081296391502063e-12 1
4 117 156 975.7396181016933 4.091879759889876e-12 1
4 117 157 976.3861046110458 4.10251819449602e-12 1
4 117 158 977.0325911204166 4.113410799830894e-12 1
4 117 159 977.6790776297812 4.124813385708304e-12 1
4 117 160 978.1010978793299 4.136279364420594e-12 1
4 117 161 978.3874180718349 4.1482407533476215e-12 1
4 117 162 978.6737382643316 4.160446763613302e-12 1
4 117 163 978.9600584568506 4.172676623676991e-12 1
4 117 164 979.0070479697771 4.1850628840616566e-12 1
4 117 165 978.7686244983238 4.19825321797043e-12 1
4 117 166 978.530201026857 4.211526960423683e-12 1
4 117 167 978.2917775554037 4.224984177484583e-12 1
4 117 168 977.9495081786778 4.2396732227416225e-12 1
4 117 169 977.3516964271978 4.25432383525283e-12 1
4 117 170 976.753884675735 4.269076052165623e-12 1
4 117 171 976.1560729242258 4.284824040474208e-12 1
4 117 172 975.5498384350267 4.3009424771199454e-12 1
4 117 173 974.9130001348291 4.317179508909524e-12 1
4 117 174 974.2728914183683 4.3339137213774265e-12 1
4 117 175 973.6327827019933 4.3513959446160804e-12 1
4 117 176 973.0375058043975 4.369019779336116e-12 1
4 117 177 972.6629839976471 4.3868205782201685e-12 1
4 117 178 972.3480319909391 4.405511603942429e-12 1
4 117 179 972.0330799842379 4.424414220357989e-12 1
4 117 180 971.704164578805 4.443479745712263e-12 1
4 117 181 971.2604987971024 4.463189002768564e-12 1
4 117 182 970.7643775734119 4.483268903625081e-12 1
4 117 183 970.2682563497159 4.503508640522991e-12 1
4 117 184 969.7809324264521 4.524042919407181e-12 1
4 117 185 969.6023985289853 4.5452162550702845e-12 1
4 117 186 969.632367593993 4.566588712708702e-12 1
4 117 187 969.6623366590002 4.587873562263361e-12 1
4 117 188 969.6923057240081 4.609594205622583e-12 1
4 117 189 969.7364857072675 4.631901922951764e-12 1
4 117 190 969.7961755138999 4.654426602641451e-12 1
4 117 191 969.8563743565688 4.677252039560352e-12 1
4 117 192 969.916573199233 4.700335321350704e-12 1
4 117 193 970.0514091926802 4.723571956926199e-12 1
4 117 194 970.3308102489842 4.746480553052156e-12 1
4 117 195 970.6194789058376 4.7700381116846655e-12 1
4 117 196 970.9081475626989 4.794067605604394e-12 1
4 117 197 971.3726585057691 4.818340329574203e-12 1
4 117 198 972.5564793104646 4.84285804453582e-12 1
4 117 199 973.8022645121933 4.867626548229199e-12 1
4 117 200 975.0480497138881 4.892349831037888e-12 1
4 117 201 976.2615839735919 4.916894187778012e-12 1
4 117 202 976.7947272936245 4.942371799680973e-12 1
4 117 203 977.2579316418102 4.968135231152928e-12 1
4 117 204 977.7211359900086 4.994140536799995e-12 1
4 117 205 978.1843403382019 5.0203729528693785e-12 1
4 117 206 978.9453761325536 5.046882402908036e-12 1
4 117 207 979.7881274140035 5.072858306829855e-12 1
4 117 208 980.6308786954305 5.0989269209234825e-12 1
4 117 209 981.4736299769228 5.125880174601995e-12 1
4 117 210 982.3286248210674 5.153119895810303e-12 1
4 117 211 983.1912016880073 5.180464256378677e-12 1
4 117 212 984.0537785549944 5.20802429988046e-12 1
4 117 213 984.9163554219347 5.235742030477034e-12 1
4 117 214 985.9663357695217 5.262983150159137e-12 1
4 117 215 987.2449719362605 5.290926935814388e-12 1
4 117 216 988.5236081030296 5.319169040203258e-12 1
4 117 217 989.8022442697687 5.346606093454561e-12 1
4 117 218 990.9515916275901 5.3738255444946055e-12 1
4 117 219 991.7738382989551 5.402326011605525e-12 1
4 117 220 992.5960849702562 5.431130399100607e-12 1
4 117 221 993.4183316415033 5.4596554397683384e-12 1
4 117 222 994.244724128396 5.488241766111612e-12 1
4 117 223 995.0869450937212 5.516968647077161e-12 1
4 117 224 995.9308019139688 5.544474825409238e-12 1
4 117 225 996.7746587342066 5.572554825375506e-12 1
4 117 226 997.5698053917451 5.601396518051898e-12 1
4 117 227 998.1158671913322 5.630486092898201e-12 1
4 117 228 998.5946006392163 5.65877830131984e-12 1
4 117 229 999.0733340871375 5.687356272452956e-12 1
4 117 230 999.5818776299752 5.715693259992322e-12 1
4 117 231 1000.3398340897547 5.742835423662398e-12 1
4 117 232 1001.2138164026213 5.770968799630517e-12 1
4 117 233 1002.0877987154411 5.799409835557141e-12 1
4 117 234 1002.9528107167645 5.827620455301981e-12 1
4 117 235 1003.5274724989333 5.855259900879104e-12 1
4 117 236 1003.8999494325204 5.883162774543542e-12 1
4 117 237 1004.2724263661277 5.910424873468697e-12 1
4 117 238 1004.6449032997248 5.93667712289617e-12 1
4 117 239 1004.9860848172788 5.96386661486065e-12 1
4 118 61 975.0130217373627 3.887665885589919e-12 1
4 118 62 975.6394784237652 3.861256159022476e-12 1
4 118 63 974.3747414384362 3.84560939731981e-12 1
4 118 64 974.3318219065378 3.836693735550905e-12 1
4 118 65 975.7040491428696 3.83152153463872e-12 1
4 118 66 976.042033500612 3.828550140863838e-12 1
4 118 67 976.7180022161019 3.826674232581317e-12 1
4 118 68 976.9782467616793 3.825520857927881e-12 1
4 118 69 977.0573428770759 3.8242919509608805e-12 1
4 118 70 977.1364389924773 3.823063833286304e-12 1
4 118 71 977.215535107874 3.822117556389108e-12 1
4 118 72 977.2395993365465 3.821285171543141e-12 1
4 118 73 977.0811413135508 3.820464839812393e-12 1
4 118 74 976.9020302617646 3.819897438492525e-12 1
4 118 75 976.7229192099813 3.8195040627758384e-12 1
4 118 76 976.5525095541321 3.819055344740421e-12 1
4 118 77 976.4221751943279 3.818624769565179e-12 1
4 118 78 976.3025649197751 3.818570702329734e-12 1
4 118 79 976.1829546452215 3.8185166366253315e-12 1
4 118 80 976.1029231259386 3.818546510342358e-12 1
4 118 81 976.3399448692915 3.8189581204692885e-12 1
4 118 82 976.716300562601 3.819258918727081e-12 1
4 118 83 977.0926562558784 3.8195534094392546e-12 1
4 118 84 977.4680907039572 3.8200765848868044e-12 1
4 118 85 977.8032402888921 3.820778996433748e-12 1
4 118 86 978.1129100816331 3.821371166139535e-12 1
4 118 87 978.4225798743984 3.821991005422597e-12 1
4 118 88 978.7322496671396 3.823067758454122e-12 1
4 118 89 978.8720442421895 3.823878831672992e-12 1
4 118 90 978.8316981035217 3.82469024910725e-12 1
4 118 91 978.7863938621454 3.82552539582157e-12 1
4 118 92 978.7410896207675 3.8263703526167776e-12 1
4 118 93 978.6667682547571 3.827279771016633e-12 1
4 118 94 978.5362250665388 3.828677228961284e-12 1
4 118 95 978.4028588312091 3.829688456737777e-12 1
4 118 96 978.2694925958835 3.830469430575336e-12 1
4 118 97 978.1624238479133 3.831237174421549e-12 1
4 118 98 978.1670637593091 3.8317223641446765e-12 1
4 118 99 978.1790588844626 3.832207676772681e-12 1
4 118 100 978.1910540096171 3.8330265257574675e-12 1
4 118 101 978.2137204487675 3.833370071901546e-12 1
4 118 102 978.5287294290325 3.833358636525596e-12 1
4 118 103 978.8664035680127 3.833433834189678e-12 1
4 118 104 979.2040777069826 3.8338453304889835e-12 1
4 118 105 979.5417518459786 3.833384003812486e-12 1
4 118 106 979.9278327375044 3.832712118204558e-12 1
4 118 107 980.3263167827155 3.832012745153167e-12 1
4 118 108 980.7248008279502 3.830735328620062e-12 1
4 118 109 981.1232848731611 3.829458763466806e-12 1
4 118 110 981.5058212312009 3.828287444470116e-12 1
4 118 111 981.87894701707 3.826758378846348e-12 1
4 118 112 982.2520728029457 3.825173083516614e-12 1
4 118 113 982.6251985888147 3.8235930144251025e-12 1
4 118 114 983.014127097728 3.82193567551902e-12 1
4 118 115 983.4214759587692 3.820431265016825e-12 1
4 118 116 983.8288248197787 3.8190861090842835e-12 1
4 118 117 984.2361736807917 3.817761820741943e-12 1
4 118 118 984.5497123813424 3.817011186006915e-12 1
4 118 119 984.6386479091292 3.816617730677756e-12 1
4 118 120 984.7275834369185 3.8162243564545284e-12 1
4 118 121 984.8165189647071 3.816788083589303e-12 1
4 118 122 984.916689423555 3.817738601763871e-12 1
4 118 123 985.0558129252908 3.818614192644599e-12 1
4 118 124 985.1992265572633 3.819292346159232e-12 1
4 118 125 985.3426401892472 3.821107717102857e-12 1
4 118 126 985.490455119657 3.823233661854057e-12 1
4 118 127 985.6592007664905 3.825362494218841e-12 1
4 118 128 985.8335756362147 3.827790016471854e-12 1
4 118 129 986.0079505059151 3.830869729303546e-12 1
4 118 130 986.2092663861733 3.833954401795129e-12 1
4 118 131 986.6288075025607 3.837641411880332e-12 1
4 118 132 987.1462318787251 3.8415772098523866e-12 1
4 118 133 987.6636562548796 3.845420775806604e-12 1
4 118 134 988.1764380074347 3.84891559683903e-12 1
4 118 135 988.509332671304 3.853508267253933e-12 1
4 118 136 988.7245949000687 3.858369899793643e-12 1
4 118 137 988.9398571288355 3.863260214706712e-12 1
4 118 138 989.1551193576084 3.868687940648823e-12 1
4 118 139 989.3618076397175 3.874545006950826e-12 1
4 118 140 989.5592776151686 3.88041983495495e-12 1
4 118 141 989.7564674777354 3.88704750211625e-12 1
4 118 142 989.9536573402966 3.8939956805491065e-12 1
4 118 143 990.1389252932443 3.900914351801696e-12 1
4 118 144 990.3011116174414 3.9080437812348086e-12 1
4 118 145 990.4619754204939 3.916169893487239e-12 1
4 118 146 990.6228392235557 3.924329869890622e-12 1
4 118 147 990.812344641835 3.9323259303733125e-12 1
4 118 148 991.1211540059533 3.94155613687449e-12 1
4 118 149 991.4390336106034 3.951016799726432e-12 1
4 118 150 991.7569132152597 3.9605229874859834e-12 1
4 118 151 992.0689267730437 3.970732019983682e-12 1
4 118 152 992.2412154261698 3.981515223506958e-12 1
4 118 153 992.4009165680119 3.992364418741258e-12 1
4 118 154 992.5606177098415 4.0037103746173194e-12 1
4 118 155 992.7203188516728 4.015841940111624e-12 1
4 118 156 992.9052474036182 4.028047248296911e-12 1
4 118 157 993.0968670965852 4.040090636465973e-12 1
4 118 158 993.2884867895576 4.053166724852948e-12 1
4 118 159 993.4801064825283 4.066628857511333e-12 1
4 118 160 993.6405406047155 4.080180714064907e-12 1
4 118 161 993.7821216318514 4.094432123787193e-12 1
4 119 54 970.3290904625043 4.05984452873977e-12 1
4 119 55 972.4296916982088 4.030435905456666e-12 1
4 119 56 973.9223822839124 4.005081429143031e-12 1
4 119 57 974.5749192427548 3.986263777006939e-12 1
4 119 58 975.9789986649696 3.970831107202489e-12 1
4 119 59 977.9192316001828 3.9482024827293585e-12 1
4 119 60 979.5823727016837 3.913765646685771e-12 1
4 119 61 980.7822314453317 3.875348287842139e-12 1
4 119 62 982.4177512217259 3.8457151511251594e-12 1
4 119 63 983.5627037263289 3.827475667167401e-12 1
4 119 64 984.162984326221 3.816516278396594e-12 1
4 119 65 984.74705129993 3.80980276003326e-12 1
4 119 66 984.8067090906213 3.805697539798717e-12 1
4 119 67 984.9260246720049 3.802922927557952e-12 1
4 119 68 985.0358353783566 3.801061507616673e-12 1
4 119 69 985.2625118410718 3.7990367794885765e-12 1
4 119 70 985.4891883038009 3.797014207253725e-12 1
4 119 71 985.715864766516 3.795354988279321e-12 1
4 119 72 985.9118710480532 3.793580269319219e-12 1
4 119 73 986.0061546582087 3.791799766421887e-12 1
4 119 74 986.0889279936395 3.790106676656991e-12 1
4 119 75 986.1717013290686 3.788555438754392e-12 1
4 119 76 986.2573517254824 3.78700547013246e-12 1
4 119 77 986.3562527625795 3.785705619649353e-12 1
4 119 78 986.4586996499581 3.784611709681691e-12 1
4 119 79 986.5611465373377 3.7832805163910175e-12 1
4 120 48 962.596567655021 4.21396783258732e-12 1
4 120 49 963.5826219010547 4.20740696185661e-12 1
4 120 50 964.7048570922852 4.209199158021821e-12 1
4 120 51 966.169786708913 4.212823641540734e-12 1
4 120 52 967.9891361480393 4.213295831630439e-12 1
4 120 53 970.032338301259 4.20567580185376e-12 1
4 120 54 972.2555151342475 4.186335971918213e-12 1
4 120 55 973.8462482581733 4.15373734885939e-12 1
4 120 56 975.1753797050792 4.1138337294686354e-12 1
4 120 57 977.1037058845964 4.073655867036927e-12 1
4 121 48 962.9020824830377 4.334674611926331e-12 1
4 121 49 964.3629607030103 4.332978856300825e-12 1
4 121 50 965.4559077849098 4.3457052362619765e-12 1
4 121 51 966.7000730131712 4.3312548121562415e-12 1
