6 55 104 979.0719722150808 1.5948830593746977e-11 1
6 55 105 999.6737178205508 1.5515957230795964e-11 1
6 55 106 1023.1670039533608 1.5391139532506605e-11 1
6 55 107 1016.1237300275808 1.537143009935029e-11 1
6 56 79 958.6953853010208 1.9224198535674538e-11 1
6 56 80 958.6953853010208 1.9136398023699248e-11 1
6 56 81 961.6815913557108 1.9050903394055262e-11 1
6 56 82 964.4893916486808 1.8967817993001293e-11 1
6 56 83 966.4876216291508 1.888767451398516e-11 1
6 56 84 973.4036372541508 1.8810338331618962e-11 1
6 56 85 973.4036372541508 1.873598161632089e-11 1
6 56 86 976.4169429182108 1.8664827624221123e-11 1
6 56 87 980.7468989729008 1.8596995626555464e-11 1
6 56 88 985.6251338361808 1.8532434661406764e-11 1
6 56 89 995.3056147932108 1.8471394744736877e-11 1
6 56 90 995.3056147932108 1.8413750150456002e-11 1
6 56 91 998.9697383283608 1.835953363943053e-11 1
6 56 92 1002.1544917463308 1.8308789383961913e-11 1
6 56 93 1005.3891719221108 1.826142405662627e-11 1
6 56 94 1010.3714717268008 1.8217226313569886e-11 1
6 56 95 1010.3714717268008 1.8175988725707517e-11 1
6 56 96 1012.5843013166508 1.8137613248881056e-11 1
6 56 97 1014.8405269025808 1.8101826364244083e-11 1
6 56 98 1015.2158320783608 1.8060144434593378e-11 1
6 56 99 1016.1776851057108 1.80027735851613e-11 1
6 56 100 1017.6880000471108 1.79200698744298e-11 1
6 56 101 1019.1940425275808 1.7770977948788172e-11 1
6 56 102 1022.0843013166508 1.741711457506789e-11 1
6 56 103 1025.0240596174308 1.6764812720956176e-11 1
6 56 104 1027.424022996331 1.6047177762356847e-11 1
6 56 105 1031.8161738752408 1.5558752118567038e-11 1
6 57 32 975.0854609846108 2.1578257337981045e-11 1
6 57 33 977.3623164533608 2.150449745694189e-11 1
6 57 34 976.0636103986808 2.145783283946e-11 1
6 57 35 976.0636103986808 2.142228225029523e-11 1
6 57 36 973.7744258283608 2.1388170124577808e-11 1
6 57 37 972.7203486799308 2.1355348534898063e-11 1
6 57 38 975.5898555158608 2.132438497095449e-11 1
6 57 39 976.7489131330508 2.1294870730530583e-11 1
6 57 40 976.7489131330508 2.1266808368320424e-11 1
6 57 41 976.5760615705508 2.124070358892106e-11 1
6 57 42 976.0545161604008 2.121614644603715e-11 1
6 57 43 974.5028804182108 2.119319629358966e-11 1
6 57 44 977.6140254377408 2.117209075845474e-11 1
6 57 45 977.6140254377408 2.11524383402279e-11 1
6 57 46 979.3159907697708 2.113421584946514e-11 1
6 57 47 978.5125239729008 2.111712353222825e-11 1
6 57 48 974.6110347150808 2.110081554842719e-11 1
6 57 49 977.2621577619608 2.108505049487258e-11 1
6 57 50 977.2621577619608 2.1069430000893793e-11 1
6 57 51 979.6755488752408 2.105305373956626e-11 1
6 57 52 983.1093257307108 2.1035800696031858e-11 1
6 57 53 986.0375483869608 2.101711131375225e-11 1
6 57 54 986.2727168439908 2.0995105759224197e-11 1
6 57 55 986.2727168439908 2.096823567679889e-11 1
6 57 56 987.3324702619608 2.093526639953873e-11 1
6 57 57 987.1722529768008 2.0896368757282708e-11 1
6 57 58 988.4747432111808 2.0851611266942135e-11 1
6 57 59 989.4864619611808 2.080138544706949e-11 1
6 57 60 989.4864619611808 2.0745978711045157e-11 1
6 57 61 990.7353022932108 2.068585599964501e-11 1
6 57 62 991.3997920393008 2.0621287280447957e-11 1
6 57 63 992.5257075666508 2.0552445141949216e-11 1
6 57 64 996.2369502424308 2.0480248789995575e-11 1
6 57 65 996.2369502424308 2.0404524010683544e-11 1
6 57 66 998.1249507307108 2.032630593691193e-11 1
6 57 67 998.8376582502408 2.02452669273457e-11 1
6 57 68 999.4882319807108 2.016239662265706e-11 1
6 57 69 999.2574580549308 2.0078130565728625e-11 1
6 57 70 999.2574580549308 1.999227832496595e-11 1
6 57 71 998.2246211408608 1.9905319391323423e-11 1
6 57 72 996.6278193830508 1.9818284302608948e-11 1
6 57 73 994.2792476057108 1.9730884895454555e-11 1
6 57 74 992.0373042463308 1.964354158648789e-11 1
6 57 75 992.0373042463308 1.9556342392062637e-11 1
6 57 76 993.5146602033608 1.9470186750969176e-11 1
6 57 77 992.8153804182108 1.938502667521068e-11 1
6 57 78 991.7243770002408 1.9301436631039005e-11 1
6 57 79 997.1137202619608 1.921887970069212e-11 1
6 57 80 997.1137202619608 1.9138538028456012e-11 1
6 57 81 999.3574336408608 1.9059647352308046e-11 1
6 57 82 1002.4334834455508 1.8963906768507707e-11 1
6 57 83 1004.6248896955508 1.888957456087118e-11 1
6 57 84 1009.8278315900808 1.8817859623521877e-11 1
6 57 85 1009.8278315900808 1.874880023527558e-11 1
6 57 86 1011.0199702619608 1.8682509093811647e-11 1
6 57 87 1011.7038081525808 1.861911277382051e-11 1
6 57 88 1012.6812251447708 1.8558730611823738e-11 1
6 57 89 1013.6049922346108 1.8558730611823738e-11 1
6 57 90 1013.6049922346108 1.8437172779287678e-11 1
6 57 91 1014.7435420393008 1.8385227406938076e-11 1
6 58 24 970.6783564924308 2.386018331587628e-11 1
6 58 25 971.9846309064908 2.3564554038835564e-11 1
6 58 26 975.0374263166508 2.320291744451702e-11 1
6 58 27 978.6625483869608 2.279514694740835e-11 1
6 58 28 982.6812251447708 2.2368287455648365e-11 1
6 58 29 984.5207637189908 2.196721571016403e-11 1
6 58 30 987.8157466291508 2.1673768315776346e-11 1
6 58 31 989.7296870588308 2.14994500310011e-11 1
6 58 32 990.3480342268008 2.1394503475326868e-11 1
6 58 33 992.0310176252408 2.132976523913669e-11 1
6 58 34 992.5909541486808 2.128899671677164e-11 1
6 58 35 992.5909541486808 2.1266301563139222e-11 1
6 58 36 992.7447017072708 2.1236270030112594e-11 1
6 58 37 993.1422236799308 2.1207558428706692e-11 1
6 58 38 994.3921626447708 2.1180046880761307e-11 1
6 58 39 994.6344722150808 2.1153726352715395e-11 1
6 58 40 994.6344722150808 2.1128697223795288e-11 1
6 58 41 994.9820674299308 2.1128697223795288e-11 1
6 58 42 995.5077021955508 2.109971851373463e-11 1
6 58 43 996.0592769025808 2.107781288102103e-11 1
6 59 24 971.6006587385208 2.3491138131591726e-11 1
6 59 25 973.7447017072708 2.324284008382704e-11 1
6 59 26 976.1731074689908 2.294209550361443e-11 1
