6 113 272 1022.4426458907773 7.710785887119746e-12 1
6 113 273 1012.9662352352306 7.707129094412332e-12 1
6 113 274 998.0885417424803 7.707129094412332e-12 1
6 114 266 996.9200242744367 8.077751732291227e-12 1
6 114 267 1003.045970277133 7.924464504275776e-12 1
6 114 268 1010.1410581327708 7.805186813360916e-12 1
6 114 269 1025.3888068134734 7.72890324741193e-12 1
6 114 270 1029.995959367763 7.69197892401517e-12 1
6 114 271 1031.3817375855144 7.676712323788558e-12 1
6 114 272 1029.835938317174 7.67235010006591e-12 1
6 114 273 1025.416640171669 7.685715049675145e-12 1
6 114 274 1014.0355843024233 7.685715049675145e-12 1
6 115 260 1022.0713970944914 8.957957694331327e-12 1
6 115 261 1023.4003042343946 8.88802789615072e-12 1
6 115 262 1024.802720319988 8.781079040212386e-12 1
6 115 263 1026.9295804416865 8.639438140590547e-12 1
6 115 264 1027.7470713824716 8.472136652234491e-12 1
6 115 265 1028.4161948469161 8.292688985135013e-12 1
6 115 266 1024.3572850785458 8.117353337638305e-12 1
6 115 267 1031.7191984344925 7.96051982457988e-12 1
6 115 268 1032.7722903120894 7.834372405193931e-12 1
6 115 269 1035.6959144858067 7.746820638160683e-12 1
6 116 199 968.4686951427691 9.61727114567997e-12 1
6 116 200 968.9264142726694 9.604095406973806e-12 1
6 116 201 969.3894549954091 9.591043913587318e-12 1
6 116 202 969.9647641758266 9.578170347568526e-12 1
6 116 203 970.5516136929123 9.565334320965932e-12 1
6 116 204 971.1384632100138 9.552615938221363e-12 1
6 116 205 971.7253127271089 9.54006740639121e-12 1
6 116 206 972.5024256886522 9.52755179937935e-12 1
6 116 207 973.3317408949441 9.515000418742327e-12 1
6 116 208 974.1610561012133 9.502820794055162e-12 1
6 116 209 974.9903713075469 9.490672310431112e-12 1
6 116 210 975.7731429210293 9.47850610584893e-12 1
6 116 211 976.5270916674215 9.466589819841992e-12 1
6 116 212 977.281040413855 9.454815265669195e-12 1
6 116 213 978.0349891602474 9.443058887790548e-12 1
6 116 214 978.796577549788 9.431381116042716e-12 1
6 116 215 979.5674872648985 9.419997978927384e-12 1
6 116 216 980.3383969800271 9.408671244174918e-12 1
6 116 217 981.1093066951378 9.39738443233786e-12 1
6 116 218 982.0371892058678 9.386413619493036e-12 1
6 116 219 983.3622128897274 9.37552314426173e-12 1
6 116 220 984.6872365734845 9.364657910833721e-12 1
6 116 221 986.0122602571541 9.354088896217974e-12 1
6 116 222 987.2282308571295 9.343652904985701e-12 1
6 116 223 988.0278432338372 9.333230871129276e-12 1
6 116 224 988.7844254709 9.322921716570602e-12 1
6 116 225 989.541007707954 9.312935767985898e-12 1
6 116 226 990.3699905007808 9.302994638338587e-12 1
6 116 227 991.5692016224981 9.29309423121943e-12 1
6 116 228 992.8684865236193 9.283621462843982e-12 1
6 116 229 994.1677714248411 9.274167986636094e-12 1
6 116 230 995.5335513991337 9.264704593959277e-12 1
6 116 231 997.4556774765782 9.255536472385688e-12 1
6 116 232 999.6366134505753 9.246561349354498e-12 1
6 116 233 1001.8175494244556 9.237605016516146e-12 1
6 116 234 1003.9790108511893 9.228821191503283e-12 1
6 116 235 1005.510121923134 9.220332152905941e-12 1
6 116 236 1006.6022896685985 9.211872456472808e-12 1
6 116 237 1007.6944574141213 9.20344918924154e-12 1
6 116 238 1008.7866251596149 9.195477150958943e-12 1
6 116 239 1009.6293747197172 9.187518911501262e-12 1
6 116 240 1010.1954600794488 9.17955698605842e-12 1
6 116 241 1010.7519102091945 9.171938896136117e-12 1
6 116 242 1011.3083603389549 9.164474975351745e-12 1
6 116 243 1011.946096238201 9.157020177255261e-12 1
6 116 244 1012.7415333156594 9.149721976846782e-12 1
6 116 245 1013.5481079347235 9.142723805843618e-12 1
6 116 246 1014.3546825537663 9.135745156757762e-12 1
6 116 247 1015.219773323424 9.128795990756221e-12 1
6 116 248 1016.3202879735558 9.122246238503373e-12 1
6 116 249 1017.443445371542 9.115697427598336e-12 1
6 116 250 1018.5666027695876 9.109158012659369e-12 1
6 116 251 1019.6461040515247 9.102929531630166e-12 1
6 116 252 1019.8979345010778 9.096831148631343e-12 1
6 116 253 1020.0540588997707 9.090739400246527e-12 1
6 116 254 1020.2101832984674 9.084794857678105e-12 1
6 116 255 1020.3663076971603 9.077671117663213e-12 1
6 116 256 1020.5362088509155 9.067060539671043e-12 1
6 116 257 1020.7727705111087 9.0521066394126e-12 1
6 116 258 1021.1967390418678 9.031139954954249e-12 1
6 116 259 1022.4696016745065 9.002204499361862e-12 1
6 116 260 1023.636625823976 8.961394836249116e-12 1
6 116 261 1025.1515535539131 8.901366682794104e-12 1
6 116 262 1026.5601966050583 8.811684899880476e-12 1
6 116 263 1029.1695786338387 8.661757421097163e-12 1
6 117 121 977.2277879885077 1.049977592756935e-11 1
6 117 122 977.2108036655629 1.0494633113858676e-11 1
6 117 123 976.9722256186327 1.0489497141608682e-11 1
6 117 124 976.7092421372173 1.0483997707680049e-11 1
6 117 125 976.4462586557813 1.0477901096981707e-11 1
6 117 126 976.2057628848404 1.0471811572713838e-11 1
6 117 127 976.0722091669404 1.0465647692283286e-11 1
6 117 128 975.9674170374925 1.0458602910371982e-11 1
6 117 129 975.8626249080589 1.0451601627213603e-11 1
6 117 130 975.8125689659762 1.0444609711496405e-11 1
6 117 131 976.2058823397821 1.0436952168985853e-11 1
6 117 132 976.7980656274975 1.0429081212338926e-11 1
6 117 133 977.3902489152018 1.0421223462186928e-11 1
6 117 134 977.9737687945374 1.0413069346274211e-11 1
6 117 135 978.2216087984185 1.0404423941298385e-11 1
6 117 136 978.2499397677981 1.0395792880032583e-11 1
6 117 137 978.2782707371779 1.0387063071522123e-11 1
6 117 138 978.3066017065587 1.0377597064545355e-11 1
6 117 139 978.308889385919 1.036820432308355e-11 1
6 117 140 978.2831765372435 1.0358828568947985e-11 1
6 117 141 978.2566128480779 1.0348885764136266e-11 1
6 117 142 978.230049158913 1.0338803806593651e-11 1
6 117 143 978.5875709866322 1.0328743655867444e-11 1
6 117 144 979.6887085247228 1.0318449217556032e-11 1
6 117 145 980.8324534335991 1.0307760300036731e-11 1
6 117 146 981.9761983425418 1.0297093504974548e-11 1
6 117 147 983.1206985558745 1.028633217941365e-11 1
6 117 148 984.2683449186893 1.0274998373141683e-11 1
6 117 149 985.4162304716725 1.026376651593256e-11 1
6 117 150 986.5641160246784 1.0252559187557345e-11 1
6 117 151 987.6831896306472 1.0240962457360476e-11 1
6 117 152 988.1159839344889 1.0229225236304212e-11 1
6 117 153 988.4869528358715 1.0217499985378233e-11 1
6 117 154 988.8579217372253 1.0205495625323387e-11 1
6 117 155 989.228890638583 1.0193278925573184e-11 1
6 117 156 989.817619915689 1.0181136307539372e-11 1
6 117 157 990.4641064250415 1.0168994923844105e-11 1
6 117 158 991.1105929344122 1.0156349303452196e-11 1
6 117 159 991.7570794437769 1.0143831888738468e-11 1
6 117 160 992.1790996933256 1.0131345290766754e-11 1
6 117 161 992.4654198858306 1.0118604915713844e-11 1
6 117 162 992.7517400783273 1.0105781983708949e-11 1
6 117 163 993.0380602708462 1.0092973416125802e-11 1
6 117 164 993.0850497837728 1.0079982591235773e-11 1
6 117 165 992.8466263123195 1.0066892654951813e-11 1
6 117 166 992.6082028408526 1.0053836671942528e-11 1
6 117 167 992.3697793693993 1.0040681735241159e-11 1
6 117 168 992.0275099926735 1.0027286847799329e-11 1
6 117 169 991.4296982411935 1.0014032182592141e-11 1
6 117 170 990.8318864897307 1.0000812512738442e-11 1
6 117 171 990.2340747382215 9.987339492656499e-12 1
6 117 172 989.6278402490224 9.973946984731641e-12 1
6 117 173 988.9910019488248 9.960594880697297e-12 1
6 117 174 988.350893232364 9.947205336897234e-12 1
6 117 175 987.710784515989 9.933732252123522e-12 1
6 117 176 987.1155076183932 9.920295615472243e-12 1
6 117 177 986.7409858116428 9.906750826246864e-12 1
6 117 178 986.4260338049348 9.893128095572818e-12 1
6 117 179 986.1110817982336 9.879654448806036e-12 1
6 117 180 985.7821663928007 9.866217452176595e-12 1
6 117 181 985.3385006110981 9.8527650379486e-12 1
6 117 182 984.8423793874076 9.839328354408168e-12 1
6 117 183 984.3462581637116 9.825907542640845e-12 1
6 117 184 983.8589342404478 9.812414412056701e-12 1
6 117 185 983.680400342981 9.79903034312037e-12 1
6 117 186 983.7103694079887 9.785682736014938e-12 1
6 117 187 983.7403384729959 9.772236794304313e-12 1
6 117 188 983.7703075380037 9.758852805734251e-12 1
6 117 189 983.8144875212632 9.74561348526214e-12 1
6 117 190 983.8741773278956 9.732410038296808e-12 1
6 117 191 983.9343761705645 9.71928359834409e-12 1
6 117 192 983.9945750132287 9.706209139568915e-12 1
6 117 193 984.1294110066759 9.693151276978632e-12 1
6 117 194 984.4088120629799 9.680023574407996e-12 1
6 117 195 984.6974807198333 9.667090615015893e-12 1
6 117 196 984.9861493766946 9.65425253008134e-12 1
6 117 197 985.4506603197648 9.64145429635676e-12 1
6 117 198 986.6344811244603 9.628810640037524e-12 1
6 117 199 987.880266326189 9.616200101684544e-12 1
6 117 200 989.1260515278838 9.603553415666979e-12 1
6 117 201 990.3395857875876 9.59095486440725e-12 1
6 117 202 990.8727291076202 9.57861599390797e-12 1
6 117 203 991.3359334558058 9.566314122814758e-12 1
6 117 204 991.7991378040043 9.554111283247108e-12 1
6 117 205 992.2623421521976 9.542049786764927e-12 1
6 117 206 993.0233779465493 9.530018705726997e-12 1
6 117 207 993.8661292279992 9.517944390791514e-12 1
6 117 208 994.7088805094262 9.50616521067722e-12 1
6 117 209 995.5516317909185 9.494509115826031e-12 1
6 117 210 996.406626635063 9.482881570480627e-12 1
6 117 211 997.2692035020029 9.471473791037304e-12 1
6 117 212 998.1317803689901 9.460170483479446e-12 1
6 117 213 998.9943572359304 9.448878166586828e-12 1
6 117 214 1000.0443375835174 9.437667129987536e-12 1
6 117 215 1001.3229737502562 9.426764044114416e-12 1
6 117 216 1002.6016099170253 9.415886121261485e-12 1
6 117 217 1003.8802460837644 9.404944107300491e-12 1
6 117 218 1005.0295934415858 9.394351776664825e-12 1
6 117 219 1005.8518401129508 9.38386611228515e-12 1
6 117 220 1006.6740867842519 9.373403829310673e-12 1
6 117 221 1007.496333455499 9.363217003685375e-12 1
6 117 222 1008.3227259423917 9.353153879837447e-12 1
6 117 223 1009.1649469077169 9.343098474970732e-12 1
6 117 224 1010.0088037279645 9.333110518751473e-12 1
6 117 225 1010.8526605482023 9.323445011961668e-12 1
6 117 226 1011.6478072057408 9.313832467170317e-12 1
6 117 227 1012.1938690053279 9.304258132253212e-12 1
6 117 228 1012.672602453212 9.295086902331769e-12 1
6 117 229 1013.1513359011332 9.28593373481356e-12 1
6 117 230 1013.6598794439709 9.27675153018474e-12 1
6 117 231 1014.4178359037504 9.267833684636536e-12 1
6 117 232 1015.291818216617 9.259142101685994e-12 1
6 117 233 1016.1658005294368 9.250469269147535e-12 1
6 117 234 1017.0308125307602 9.241963542635761e-12 1
6 117 235 1017.605474312929 9.233720151594154e-12 1
6 117 236 1017.9779512465161 9.225491452871604e-12 1
6 117 237 1018.3504281801233 9.21724593059328e-12 1
6 117 238 1018.7229051137205 9.209405417612154e-12 1
6 117 239 1019.0640866312744 9.201613750786806e-12 1
6 118 61 989.0910235513584 1.0753394195060379e-11 1
6 118 62 989.7174802377609 1.0701206874477358e-11 1
6 118 63 988.4527432524319 1.0669592149162899e-11 1
6 118 64 988.4098237205335 1.0650084908055313e-11 1
6 118 65 989.7820509568653 1.0637659750846058e-11 1
6 118 66 990.1200353146077 1.062977315644879e-11 1
6 118 67 990.7960040300976 1.0624479198046471e-11 1
6 118 68 991.056248575675 1.0620471853475498e-11 1
6 118 69 991.1353446910716 1.0616514095968616e-11 1
6 118 70 991.214440806473 1.0612559287108403e-11 1
6 118 71 991.2935369218696 1.0608763771359156e-11 1
6 118 72 991.3176011505421 1.0605034047397635e-11 1
6 118 73 991.1591431275465 1.0601300943883297e-11 1
6 118 74 990.9800320757603 1.0597609099209872e-11 1
6 118 75 990.800921023977 1.0594087903250183e-11 1
6 118 76 990.6305113681278 1.0590587206280122e-11 1
6 118 77 990.5001770083236 1.0587098816061551e-11 1
6 118 78 990.3805667337708 1.0583821173109694e-11 1
6 118 79 990.2609564592171 1.0580545558970188e-11 1
6 118 80 990.1809249399342 1.0577256681415035e-11 1
6 118 81 990.4179466832871 1.0574106676493972e-11 1
6 118 82 990.7943023765966 1.0571022215979187e-11 1
6 118 83 991.1706580698741 1.0567939582611969e-11 1
6 118 84 991.5460925179528 1.056493466752782e-11 1
6 118 85 991.8812421028878 1.0562044664673177e-11 1
6 118 86 992.1909118956288 1.0559149979469443e-11 1
6 118 87 992.500581688394 1.0556264577284728e-11 1
6 118 88 992.8102514811353 1.0553531016581783e-11 1
6 118 89 992.9500460561852 1.0550775522139476e-11 1
6 118 90 992.9096999175174 1.054802146622379e-11 1
6 118 91 992.864395676141 1.054536385991831e-11 1
6 118 92 992.8190914347632 1.0542745932545727e-11 1
6 118 93 992.7447700687528 1.0540135236765697e-11 1
6 118 94 992.6142268805345 1.0537600931372729e-11 1
6 118 95 992.4808606452048 1.0535066351288284e-11 1
6 118 96 992.3474944098792 1.0532503299099802e-11 1
6 118 97 992.240425661909 1.0529942979003275e-11 1
6 118 98 992.2450655733048 1.0527414887403422e-11 1
6 118 99 992.2570606984583 1.0524888009430863e-11 1
6 118 100 992.2690558236128 1.0522400403687113e-11 1
6 118 101 992.2917222627632 1.051986547285919e-11 1
6 118 102 992.6067312430282 1.0517293607642165e-11 1
6 118 103 992.9444053820084 1.051473480670934e-11 1
6 118 104 993.2820795209783 1.051222663111337e-11 1
6 118 105 993.6197536599743 1.0509572828597766e-11 1
6 118 106 994.0058345515001 1.0506872580073798e-11 1
6 118 107 994.4043185967112 1.0504164665911977e-11 1
6 118 108 994.8028026419458 1.0501269307512532e-11 1
6 118 109 995.2012866871568 1.0498375544821163e-11 1
6 118 110 995.5838230451966 1.04955581949269e-11 1
6 118 111 995.9569488310657 1.049259736066819e-11 1
6 118 112 996.3300746169414 1.0489366844677888e-11 1
6 118 113 996.7032004028104 1.048613331929446e-11 1
6 118 114 997.0921289117236 1.0482764116800342e-11 1
6 118 115 997.4994777727649 1.0479066338251141e-11 1
6 118 116 997.9068266337744 1.047531170318673e-11 1
6 118 117 998.3141754947874 1.0471534236466012e-11 1
6 118 118 998.6277141953381 1.0467186771749507e-11 1
6 118 119 998.7166497231249 1.046275107033433e-11 1
6 118 120 998.8055852509142 1.0458319126779429e-11 1
6 118 121 998.8945207787028 1.045334285070444e-11 1
6 118 122 998.9946912375507 1.0448150258144231e-11 1
6 118 123 999.1338147392864 1.0442968526142682e-11 1
6 118 124 999.277228371259 1.0437505937823712e-11 1
6 118 125 999.4206420032428 1.0431522265757328e-11 1
6 118 126 999.5684569336527 1.0425551196846697e-11 1
6 118 127 999.7372025804862 1.04195482389634e-11 1
6 118 128 999.9115774502104 1.0412755064574944e-11 1
6 118 129 1000.0859523199108 1.0405993454808346e-11 1
6 118 130 1000.287268200169 1.0399240620759095e-11 1
6 118 131 1000.7068093165564 1.0391942904557078e-11 1
6 118 132 1001.2242336927208 1.0384432234332143e-11 1
6 118 133 1001.7416580688753 1.037692279065574e-11 1
6 118 134 1002.2544398214304 1.0369059802033807e-11 1
6 118 135 1002.5873344852997 1.0360790597382857e-11 1
6 118 136 1002.8025967140644 1.0352569276845552e-11 1
6 118 137 1003.0178589428311 1.0344323546205829e-11 1
6 118 138 1003.2331211716041 1.0335345080077395e-11 1
6 118 139 1003.4398094537132 1.0326460130550444e-11 1
6 118 140 1003.6372794291643 1.0317590444088578e-11 1
6 118 141 1003.8344692917311 1.0308247364743818e-11 1
6 118 142 1004.0316591542922 1.0298724293828437e-11 1
6 118 143 1004.2169271072399 1.0289203688915114e-11 1
6 118 144 1004.3791134314371 1.0279403099486205e-11 1
6 118 145 1004.5399772344896 1.0269317194896448e-11 1
6 118 146 1004.7008410375514 1.0259251063003154e-11 1
6 118 147 1004.8903464558307 1.0249065464165478e-11 1
6 118 148 1005.1991558199489 1.02383477962177e-11 1
6 118 149 1005.517035424599 1.022776089558417e-11 1
6 118 150 1005.8349150292554 1.0217195866973116e-11 1
6 118 151 1006.1469285870394 1.0206151914822286e-11 1
6 118 152 1006.3192172401655 1.0195111471659306e-11 1
6 118 153 1006.4789183820076 1.0184100021857743e-11 1
6 118 154 1006.6386195238372 1.0172924138624452e-11 1
6 118 155 1006.7983206656685 1.0161465161025073e-11 1
6 118 156 1006.9832492176139 1.0150031969605585e-11 1
6 118 157 1007.1748689105809 1.013848277789772e-11 1
6 118 158 1007.3664886035533 1.0126557813338801e-11 1
6 118 159 1007.558108296524 1.0114788971716803e-11 1
6 118 160 1007.7185424187112 1.0103047453269093e-11 1
6 118 161 1007.8601234458471 1.0091072146848743e-11 1
6 119 54 984.4070922765 1.138557970057825e-11 1
6 119 55 986.5076935122045 1.127549225881073e-11 1
6 119 56 988.0003840979081 1.1166040856219055e-11 1
6 119 57 988.6529210567505 1.1060102450899321e-11 1
6 119 58 990.0570004789653 1.095942199193282e-11 1
6 119 59 991.9972334141785 1.0865548963671218e-11 1
6 119 60 993.6603745156793 1.0779773031103998e-11 1
6 119 61 994.8602332593274 1.0708591296472148e-11 1
6 119 62 996.4957530357216 1.0659758845903422e-11 1
6 119 63 997.6407055403246 1.0630185775492689e-11 1
6 119 64 998.2409861402167 1.061186280399358e-11 1
6 119 65 998.8250531139257 1.0600186203404314e-11 1
6 119 66 998.884710904617 1.0592716592537556e-11 1
6 119 67 999.0040264860006 1.0587760281624443e-11 1
6 119 68 999.1138371923523 1.0583954836034466e-11 1
6 119 69 999.3405136550675 1.058017489276308e-11 1
6 119 70 999.5671901177966 1.057639764845827e-11 1
6 119 71 999.7938665805117 1.057274266497996e-11 1
6 119 72 999.9898728620489 1.0569139440146909e-11 1
6 119 73 1000.0841564722044 1.0565538698647436e-11 1
6 119 74 1000.1669298076351 1.0561997318897858e-11 1
6 119 75 1000.2497031430643 1.0558551475856412e-11 1
6 119 76 1000.3353535394781 1.0555107880488653e-11 1
6 119 77 1000.4342545765752 1.0551686242484143e-11 1
6 119 78 1000.5367014639538 1.0548408891970636e-11 1
6 119 79 1000.6391483513333 1.0545121561293786e-11 1
6 120 48 976.6745694690167 1.184607937015121e-11 1
6 120 49 977.6606237150504 1.1772481987303479e-11 1
6 120 50 978.7828589062809 1.1690778861171886e-11 1
6 120 51 980.2477885229086 1.1601809411707585e-11 1
6 120 52 982.067137962035 1.1506781743828891e-11 1
6 120 53 984.1103401152546 1.1407119998289978e-11 1
6 120 54 986.3335169482432 1.1304516832435836e-11 1
6 120 55 987.924250072169 1.1200733426835944e-11 1
6 120 56 989.2533815190749 1.1097561534075478e-11 1
6 120 57 991.181707698592 1.099752302929308e-11 1
6 121 48 976.9800842970334 1.1748293712020087e-11 1
6 121 49 978.440962517006 1.1675344231799142e-11 1
6 121 50 979.5339095989054 1.1595692270086926e-11 1
6 121 51 980.7780748271668 1.1516556279753315e-11 1
