1 98 267 980.7982753380306 4.8906941504865306e-11 1
1 98 268 1000.5175746544306 4.3456486766929615e-11 1
1 98 269 1022.8045619591206 3.4062214759519676e-11 1
1 98 270 1016.9675868614606 3.092874486475607e-11 1
1 99 206 959.5392421349006 6.799148611694095e-11 1
1 99 207 959.5392421349006 6.758101306040419e-11 1
1 99 208 959.5392421349006 6.718632950494957e-11 1
1 99 209 959.5392421349006 6.679622920841546e-11 1
1 99 210 962.5254481895906 6.328029709131783e-11 1
1 99 211 962.5254481895906 6.295788031823573e-11 1
1 99 212 962.5254481895906 6.263873235458784e-11 1
1 99 213 962.5254481895906 6.232616798646495e-11 1
1 99 214 965.3332484825606 5.944980704662133e-11 1
1 99 215 965.3332484825606 5.918669845663407e-11 1
1 99 216 965.3332484825606 5.892590849836615e-11 1
1 99 217 965.3332484825606 5.867678488530815e-11 1
1 99 218 965.3332484825606 5.844223071992524e-11 1
1 99 219 967.3314784630306 5.6564698627447024e-11 1
1 99 220 967.3314784630306 5.635385413136067e-11 1
1 99 221 967.3314784630306 5.6157326696400596e-11 1
1 99 222 967.3314784630306 5.596216523039147e-11 1
1 99 223 974.2474940880306 5.0866884051208334e-11 1
1 99 224 974.2474940880306 5.072473434318444e-11 1
1 99 225 974.2474940880306 5.0580801426161104e-11 1
1 99 226 974.2474940880306 5.0437683025645497e-11 1
1 99 227 977.2607997520906 4.846766115132367e-11 1
1 99 228 977.2607997520906 4.835159353838546e-11 1
1 99 229 977.2607997520906 4.823422191115009e-11 1
1 99 230 977.2607997520906 4.8118593102462326e-11 1
1 99 231 981.5907558067806 4.5642506623134726e-11 1
1 99 232 981.5907558067806 4.55491088010597e-11 1
1 99 233 981.5907558067806 4.5458649143616616e-11 1
1 99 234 981.5907558067806 4.537862904107814e-11 1
1 99 235 986.4689906700606 4.2925205699692524e-11 1
1 99 236 986.4689906700606 4.285168065521875e-11 1
1 99 237 986.4689906700606 4.27820400002041e-11 1
1 99 238 986.4689906700606 4.2717480977338646e-11 1
1 99 239 996.1494716270906 3.8662186389183496e-11 1
1 99 240 996.1494716270906 3.861246235739157e-11 1
1 99 241 996.1494716270906 3.8566333430652113e-11 1
1 99 242 996.1494716270906 3.85203145895527e-11 1
1 99 243 996.1494716270906 3.8475796103733485e-11 1
1 99 244 999.8135951622406 3.712985033347534e-11 1
1 99 245 999.8135951622406 3.709297484269809e-11 1
1 99 246 999.8135951622406 3.705617252499644e-11 1
1 99 247 999.8135951622406 3.702256317165426e-11 1
1 99 248 1002.9983485802106 3.593351645967267e-11 1
1 99 249 1002.9983485802106 3.590400482360898e-11 1
1 99 250 1002.9983485802106 3.587501295264701e-11 1
1 99 251 1002.9983485802106 3.585060932067136e-11 1
1 99 252 1006.2330287559906 3.4817519407108756e-11 1
1 99 253 1006.2330287559906 3.479530398812556e-11 1
1 99 254 1006.2330287559906 3.4777238405312526e-11 1
1 99 255 1006.2330287559906 3.47589224019589e-11 1
1 99 256 1011.2153285606806 3.329968015231187e-11 1
1 99 257 1011.2153285606806 3.3285196666624586e-11 1
1 99 258 1011.2153285606806 3.3269884639758614e-11 1
1 99 259 1013.4281581505306 3.264706959341344e-11 1
1 99 260 1013.4281581505306 3.2624368922859955e-11 1
1 99 261 1015.6843837364606 3.2017623149496786e-11 1
1 99 262 1017.0215419395906 3.168173820728337e-11 1
1 99 263 1018.1404384239606 3.144589631238691e-11 1
1 99 264 1020.0378993614606 3.104955916637985e-11 1
1 99 265 1022.9281581505306 3.0450099409905147e-11 1
1 99 266 1025.8679164513107 3.057403399537252e-11 1
1 99 267 1027.9305995567806 3.217619925519779e-11 1
1 99 268 1032.6600307091207 3.366183965939612e-11 1
1 100 43 975.7317470177106 6.854436677272719e-11 1
1 100 44 975.9293178184906 6.850447624413491e-11 1
1 100 45 975.9293178184906 6.870143136489279e-11 1
1 100 46 975.9293178184906 6.88995840395918e-11 1
1 100 47 975.9293178184906 6.910760703940534e-11 1
1 100 48 978.3729823692806 6.651078323728678e-11 1
1 100 49 978.3729823692806 6.671445195256589e-11 1
1 100 50 978.3729823692806 6.69209483838006e-11 1
1 100 51 978.3729823692806 6.714403857249278e-11 1
1 100 52 978.2061732872406 6.755842142171107e-11 1
1 100 53 978.2061732872406 6.778803187192255e-11 1
1 100 54 978.2061732872406 6.8037904748191e-11 1
1 100 55 978.2061732872406 6.828601573776704e-11 1
1 100 56 976.9074672325606 7.009571349012568e-11 1
1 100 57 976.9074672325606 7.03678032557876e-11 1
1 100 58 976.9074672325606 7.06537912777293e-11 1
1 100 59 976.9074672325606 7.09421134044149e-11 1
1 100 60 974.6182826622406 7.427275806923855e-11 1
1 100 61 974.6182826622406 7.46185999218983e-11 1
1 100 62 974.6182826622406 7.496767758076175e-11 1
1 100 63 974.6182826622406 7.532641957046839e-11 1
1 100 64 973.5642055138106 7.725544421135225e-11 1
1 100 65 973.5642055138106 7.765543756792599e-11 1
1 100 66 973.5642055138106 7.805959444663165e-11 1
1 100 67 973.5642055138106 7.847785571378178e-11 1
1 100 68 973.5642055138106 7.891400991976315e-11 1
1 100 69 976.4337123497406 7.508087589901125e-11 1
1 100 70 976.4337123497406 7.549325221754723e-11 1
1 100 71 976.4337123497406 7.591360400827674e-11 1
1 100 72 976.4337123497406 7.633866310688906e-11 1
1 100 73 977.5927699669306 7.510518234443423e-11 1
1 100 74 977.5927699669306 7.553714570606841e-11 1
1 100 75 977.5927699669306 7.596276853456032e-11 1
1 100 76 977.5927699669306 7.639321498492023e-11 1
1 100 77 977.4199184044306 7.70801059872965e-11 1
1 100 78 977.4199184044306 7.751297513805775e-11 1
1 100 79 977.4199184044306 7.795073358971023e-11 1
1 100 80 977.4199184044306 7.839873440501507e-11 1
1 100 81 976.8983729942806 7.964844994072344e-11 1
1 100 82 976.8983729942806 8.0093403689405e-11 1
1 100 83 976.8983729942806 8.054335680927316e-11 1
1 100 84 976.8983729942806 8.096978059621564e-11 1
1 100 85 975.3467372520906 8.405548360763689e-11 1
1 100 86 975.3467372520906 8.452063816616655e-11 1
1 100 87 975.3467372520906 8.497409111550446e-11 1
1 100 88 975.3467372520906 8.540957374773671e-11 1
1 100 89 978.4578822716206 8.047595468206967e-11 1
1 100 90 978.4578822716206 8.084904439747834e-11 1
1 100 91 978.4578822716206 8.11957298678944e-11 1
1 100 92 978.4578822716206 8.155828476652565e-11 1
1 100 93 978.4578822716206 8.192409194504288e-11 1
1 100 94 980.1598476036506 7.946852480776499e-11 1
1 100 95 980.1598476036506 7.978284657629973e-11 1
1 100 96 980.1598476036506 8.009966469172164e-11 1
1 100 97 980.1598476036506 8.039684307371705e-11 1
1 100 98 979.3563808067806 8.20125587232395e-11 1
1 100 99 979.3563808067806 8.231888373003668e-11 1
1 100 100 979.3563808067806 8.26255834731091e-11 1
1 100 101 979.3563808067806 8.291589475859291e-11 1
1 100 102 975.4548915489606 9.055783939542892e-11 1
1 100 103 975.4548915489606 9.088466884472106e-11 1
1 100 104 975.4548915489606 9.120738541496575e-11 1
1 100 105 975.4548915489606 9.153736096554437e-11 1
1 100 106 978.1060145958406 8.658908668191848e-11 1
1 100 107 978.1060145958406 8.683150063046412e-11 1
1 100 108 978.1060145958406 8.710128294969219e-11 1
1 100 109 978.1060145958406 8.738958056329494e-11 1
1 100 110 980.5194057091206 8.327440925349006e-11 1
1 100 111 980.5194057091206 8.353738071323227e-11 1
1 100 112 980.5194057091206 8.380201830454626e-11 1
1 100 113 980.5194057091206 8.404021903051861e-11 1
1 100 114 983.9531825645906 7.860603359699476e-11 1
1 100 115 983.9531825645906 7.883982188749822e-11 1
1 100 116 983.9531825645906 7.90697503503915e-11 1
1 100 117 983.9531825645906 7.928277285770468e-11 1
1 100 118 983.9531825645906 7.94964037538366e-11 1
1 100 119 986.8814052208406 7.531159634229326e-11 1
1 100 120 986.8814052208406 7.549407318116918e-11 1
1 100 121 986.8814052208406 7.562338552659971e-11 1
1 100 122 986.8814052208406 7.575314162538347e-11 1
1 100 123 987.1165736778706 7.554608353529213e-11 1
1 100 124 987.1165736778706 7.561825047385237e-11 1
1 100 125 987.1165736778706 7.566804281735525e-11 1
1 100 126 987.1165736778706 7.571790077758586e-11 1
1 100 127 988.1763270958406 7.424552931143888e-11 1
1 100 128 988.1763270958406 7.420839059865878e-11 1
1 100 129 988.1763270958406 7.416586300263366e-11 1
1 100 130 988.1763270958406 7.411553243190533e-11 1
1 100 131 988.0161098106806 7.420962035123519e-11 1
1 100 132 988.0161098106806 7.408346069410014e-11 1
1 100 133 988.0161098106806 7.39644975572194e-11 1
1 100 134 988.0161098106806 7.377929020787861e-11 1
1 100 135 989.3186000450606 7.185075071893272e-11 1
1 100 136 989.3186000450606 7.165593838388446e-11 1
1 100 137 989.3186000450606 7.143955026998927e-11 1
1 100 138 989.3186000450606 7.117633872169443e-11 1
1 100 139 990.3303187950606 6.966266105065072e-11 1
1 100 140 990.3303187950606 6.940478816638812e-11 1
1 100 141 990.3303187950606 6.910121189946142e-11 1
1 100 142 990.3303187950606 6.879637420286781e-11 1
1 100 143 990.3303187950606 6.84942142561763e-11 1
1 100 144 991.5791591270906 6.674073947105122e-11 1
1 100 145 991.5791591270906 6.641428479765533e-11 1
1 100 146 991.5791591270906 6.609166350313602e-11 1
1 100 147 991.5791591270906 6.575849278680242e-11 1
1 100 148 992.2436488731806 6.470321678114304e-11 1
1 100 149 992.2436488731806 6.436215552065606e-11 1
1 100 150 992.2436488731806 6.402589132913967e-11 1
1 100 151 992.2436488731806 6.36668477422405e-11 1
1 100 152 993.3695644005306 6.219991213345254e-11 1
1 100 153 993.3695644005306 6.185766319743543e-11 1
1 100 154 993.3695644005306 6.150275968844064e-11 1
1 100 155 993.3695644005306 6.114680295695648e-11 1
1 100 156 997.0808070763106 5.7549911983723327e-11 1
1 100 157 997.0808070763106 5.723906054407604e-11 1
1 100 158 997.0808070763106 5.691981258336112e-11 1
1 100 159 997.0808070763106 5.660207871743477e-11 1
1 100 160 998.9688075645906 5.483023384741365e-11 1
1 100 161 998.9688075645906 5.452594765498656e-11 1
1 100 162 998.9688075645906 5.4225020160044466e-11 1
1 100 163 998.9688075645906 5.3929148595708756e-11 1
1 100 164 999.6815150841206 5.3120309710222745e-11 1
1 100 165 999.6815150841206 5.282504928840589e-11 1
1 100 166 999.6815150841206 5.253305303531256e-11 1
1 100 167 999.6815150841206 5.223813974075118e-11 1
1 100 168 999.6815150841206 5.194034176823299e-11 1
1 100 169 1000.3320888145906 5.121657452656975e-11 1
1 100 170 1000.3320888145906 5.0930107250124065e-11 1
1 100 171 1000.3320888145906 5.063708279476507e-11 1
1 100 172 1000.3320888145906 5.0347410861150985e-11 1
1 100 173 1000.1013148888106 5.020509192425617e-11 1
1 100 174 1000.1013148888106 4.991461366948326e-11 1
1 100 175 1000.1013148888106 4.96262815818924e-11 1
1 100 176 1000.1013148888106 4.9341565206388484e-11 1
1 100 177 999.0684779747406 4.9691488087279476e-11 1
1 100 178 999.0684779747406 4.940632685502163e-11 1
1 100 179 999.0684779747406 4.912345596225732e-11 1
1 100 180 999.0684779747406 4.8844057995636324e-11 1
1 100 181 997.4716762169306 4.95305885388594e-11 1
1 100 182 997.4716762169306 4.9249028218637044e-11 1
1 100 183 997.4716762169306 4.897182132180316e-11 1
1 100 184 997.4716762169306 4.869941745230448e-11 1
1 100 185 995.1231044395906 4.984763686742935e-11 1
1 100 186 995.1231044395906 4.9565792562912166e-11 1
1 100 187 995.1231044395906 4.92887234840683e-11 1
1 100 188 995.1231044395906 4.901566074917225e-11 1
1 100 189 992.8811610802106 5.011480464004593e-11 1
1 100 190 992.8811610802106 4.983299621419791e-11 1
1 100 191 992.8811610802106 4.955713923597607e-11 1
1 100 192 992.8811610802106 4.9284204591700516e-11 1
1 100 193 992.8811610802106 4.9014259841448525e-11 1
1 100 194 994.3585170372406 4.7888513836242554e-11 1
1 100 195 994.3585170372406 4.76376845456289e-11 1
1 100 196 994.3585170372406 4.738946913916667e-11 1
1 100 197 994.3585170372406 4.714646119589936e-11 1
1 100 198 993.6592372520906 4.729683549884215e-11 1
1 100 199 993.6592372520906 4.7057623480898776e-11 1
1 100 200 993.6592372520906 4.6821422073693016e-11 1
1 100 201 993.6592372520906 4.6593342247580755e-11 1
1 100 202 992.5682338341206 4.696138345201156e-11 1
1 100 203 992.5682338341206 4.673259686581323e-11 1
1 100 204 992.5682338341206 4.651257275203462e-11 1
1 100 205 992.5682338341206 4.6295361693725957e-11 1
1 100 206 997.9575770958406 4.338649903690421e-11 1
1 100 207 997.9575770958406 4.320049212514964e-11 1
1 100 208 997.9575770958406 4.3020124731551895e-11 1
1 100 209 997.9575770958406 4.284125718821226e-11 1
1 100 210 1000.2012904747406 4.166888669847169e-11 1
1 100 211 1000.2012904747406 4.150993606015943e-11 1
1 100 212 1000.2012904747406 4.135094942436403e-11 1
1 100 213 1000.2012904747406 4.119317600689659e-11 1
1 100 214 1003.2773402794306 3.994039656396602e-11 1
1 100 215 1003.2773402794306 3.994039656396602e-11 1
1 100 216 1003.2773402794306 3.927681657374407e-11 1
1 100 217 1003.2773402794306 3.927681657374407e-11 1
1 100 218 1003.2773402794306 3.927681657374407e-11 1
1 100 219 1005.4687465294306 3.8051155626186356e-11 1
1 100 220 1005.4687465294306 3.8051155626186356e-11 1
1 100 221 1005.4687465294306 3.8051155626186356e-11 1
1 100 222 1005.4687465294306 3.768583141318065e-11 1
1 100 223 1010.6716884239606 3.592482187239519e-11 1
1 100 224 1010.6716884239606 3.592482187239519e-11 1
1 100 225 1010.6716884239606 3.562153424365739e-11 1
1 100 226 1010.6716884239606 3.562153424365739e-11 1
1 100 227 1011.8638270958406 3.524733262411194e-11 1
1 100 228 1011.8638270958406 3.524733262411194e-11 1
1 100 229 1011.8638270958406 3.4976727901912105e-11 1
1 100 230 1011.8638270958406 3.4976727901912105e-11 1
1 100 231 1012.5476649864606 3.476882413827276e-11 1
1 100 232 1012.5476649864606 3.452663122475002e-11 1
1 100 233 1012.5476649864606 3.452663122475002e-11 1
1 100 234 1012.5476649864606 3.452663122475002e-11 1
1 100 235 1013.5250819786506 3.402314795106338e-11 1
1 100 236 1013.5250819786506 3.402314795106338e-11 1
1 100 237 1013.5250819786506 3.402314795106338e-11 1
1 100 238 1013.5250819786506 3.402314795106338e-11 1
1 100 239 1014.4488490684906 3.375789977402536e-11 1
1 100 240 1014.4488490684906 3.375789977402536e-11 1
1 100 241 1014.4488490684906 3.375789977402536e-11 1
1 100 242 1014.4488490684906 3.375789977402536e-11 1
1 100 243 1014.4488490684906 3.3301202199011177e-11 1
1 100 244 1015.5873988731806 3.2988511706503137e-11 1
1 100 245 1015.5873988731806 3.2850075914672475e-11 1
1 100 246 1015.5873988731806 3.2850075914672475e-11 1
1 101 24 971.5222133263106 4.770294088069093e-11 1
1 101 25 972.8284877403706 4.7344283215779755e-11 1
1 101 26 975.8812831505306 4.693193993227221e-11 1
1 101 27 979.5064052208406 4.749434680231474e-11 1
1 101 28 983.5250819786506 4.969114222100192e-11 1
1 101 29 985.0952724083406 5.384963390702791e-11 1
1 101 30 986.9753993614606 5.538317776326991e-11 1
1 101 31 988.6596034630306 5.553993076542046e-11 1
1 101 32 988.9091762169306 5.612846436270707e-11 1
1 101 33 989.3370326622406 5.626699976112709e-11 1
1 101 34 989.6742519005306 5.632747777068023e-11 1
1 101 35 990.5735438927106 5.5847079847497745e-11 1
1 101 36 990.5735438927106 5.6001897636914115e-11 1
1 101 37 990.5735438927106 5.612980306535098e-11 1
1 101 38 990.5735438927106 5.626291665505752e-11 1
1 101 39 990.9510463341206 5.609808277698206e-11 1
1 101 40 990.9510463341206 5.6229845169775005e-11 1
1 101 41 990.9510463341206 5.636938272411935e-11 1
1 101 42 990.9510463341206 5.6509614542050593e-11 1
1 101 43 990.9510463341206 5.665018550477066e-11 1
1 101 44 991.1918910606806 5.660032165093942e-11 1
1 101 45 991.1918910606806 5.674533213382669e-11 1
1 101 46 991.1918910606806 5.689108756133342e-11 1
1 101 47 991.1918910606806 5.703749188853937e-11 1
1 101 48 991.4201625450606 5.6999507326762085e-11 1
1 101 49 991.4201625450606 5.7147798985093126e-11 1
1 101 50 991.4201625450606 5.729667939811803e-11 1
1 101 51 991.4201625450606 5.744498287864094e-11 1
1 101 52 992.8748744591206 5.641322999342973e-11 1
1 101 53 992.8748744591206 5.655776539025512e-11 1
1 101 54 992.8748744591206 5.6705248647512583e-11 1
1 101 55 992.8748744591206 5.6854201017321373e-11 1
1 101 56 993.4348109825606 5.655226621499648e-11 1
1 101 57 993.4348109825606 5.670108853566766e-11 1
1 101 58 993.4348109825606 5.666307277161434e-11 1
1 101 59 993.4348109825606 5.666307277161434e-11 1
1 101 60 993.5885585411506 5.692777965502576e-11 1
1 101 61 993.5885585411506 5.692777965502576e-11 1
1 101 62 993.5885585411506 5.747914784637585e-11 1
1 101 63 993.5885585411506 5.747914784637585e-11 1
1 101 64 993.9860805138106 5.7152674278766526e-11 1
1 101 65 993.9860805138106 5.7725914651333224e-11 1
1 101 66 993.9860805138106 5.7725914651333224e-11 1
1 101 67 993.9860805138106 5.7725914651333224e-11 1
1 101 68 993.9860805138106 5.7725914651333224e-11 1
1 101 69 995.2360194786506 5.727464756113134e-11 1
1 101 70 995.2360194786506 5.727464756113134e-11 1
1 101 71 995.2360194786506 5.727464756113134e-11 1
1 101 72 995.2360194786506 5.7857040070695855e-11 1
1 101 73 995.4783290489606 5.7654969283703856e-11 1
1 101 74 995.4783290489606 5.7654969283703856e-11 1
1 101 75 995.4783290489606 5.823160247974893e-11 1
1 101 76 995.4783290489606 5.823160247974893e-11 1
1 101 77 995.8259242638106 5.793841921190034e-11 1
1 101 78 995.8259242638106 5.793841921190034e-11 1
1 101 79 995.8259242638106 5.850107074027135e-11 1
1 101 80 995.8259242638106 5.850107074027135e-11 1
1 101 81 996.3515590294306 5.8054771828346127e-11 1
1 101 82 996.3515590294306 5.8054771828346127e-11 1
1 101 83 996.3515590294306 5.8054771828346127e-11 1
1 101 84 996.3515590294306 5.8054771828346127e-11 1
1 101 85 996.9031337364606 5.759371193653503e-11 1
1 101 86 996.9031337364606 5.887198559102295e-11 1
1 102 24 972.4445155724006 4.592504244857009e-11 1
1 102 25 974.5885585411506 4.520718696043973e-11 1
1 102 26 977.0169643028706 4.544323028587353e-11 1
