3 98 267 994.0324203181465 1.3008478458616857e-10 1
3 98 268 1013.7517196345465 1.1932245759540626e-10 1
3 98 269 1036.0387069392366 1.2705867499591648e-10 1
3 98 270 1030.2017318415765 1.6910120221127004e-10 1
3 99 206 972.7733871150165 1.1546178451676919e-10 1
3 99 207 972.7733871150165 1.1589315955349976e-10 1
3 99 208 972.7733871150165 1.1630712418426423e-10 1
3 99 209 972.7733871150165 1.1672405673865577e-10 1
3 99 210 975.7595931697065 1.171393618417115e-10 1
3 99 211 975.7595931697065 1.1752089963957373e-10 1
3 99 212 975.7595931697065 1.179049309935191e-10 1
3 99 213 975.7595931697065 1.182917208914703e-10 1
3 99 214 978.5673934626765 1.186507919391163e-10 1
3 99 215 978.5673934626765 1.1900182286706076e-10 1
3 99 216 978.5673934626765 1.1935493702342845e-10 1
3 99 217 978.5673934626765 1.196929472266992e-10 1
3 99 218 978.5673934626765 1.200096871702103e-10 1
3 99 219 980.5656234431465 1.203281079208776e-10 1
3 99 220 980.5656234431465 1.2064453152284202e-10 1
3 99 221 980.5656234431465 1.209268269679086e-10 1
3 99 222 980.5656234431465 1.2121044659439415e-10 1
3 99 223 987.4816390681465 1.214953997413402e-10 1
3 99 224 987.4816390681465 1.2175210164589174e-10 1
3 99 225 987.4816390681465 1.220010678863726e-10 1
3 99 226 987.4816390681465 1.2225105441639028e-10 1
3 99 227 990.4949447322065 1.2248692530820459e-10 1
3 99 228 990.4949447322065 1.2270297995130627e-10 1
3 99 229 990.4949447322065 1.2291963591034491e-10 1
3 99 230 990.4949447322065 1.2313385176632579e-10 1
3 99 231 994.8249007868965 1.233177740309194e-10 1
3 99 232 994.8249007868965 1.235022465585274e-10 1
3 99 233 994.8249007868965 1.2368785020404243e-10 1
3 99 234 994.8249007868965 1.2385263183694656e-10 1
3 99 235 999.7031356501765 1.2400811508832518e-10 1
3 99 236 999.7031356501765 1.241639892143797e-10 1
3 99 237 999.7031356501765 1.2430863462356169e-10 1
3 99 238 999.7031356501765 1.2443800481086801e-10 1
3 99 239 1009.3836166072065 1.2456764455437546e-10 1
3 99 240 1009.3836166072065 1.246983910063359e-10 1
3 99 241 1009.3836166072065 1.2480518244228492e-10 1
3 99 242 1009.3836166072065 1.249121569469293e-10 1
3 99 243 1009.3836166072065 1.2502196516147748e-10 1
3 99 244 1013.0477401423565 1.2511879056883623e-10 1
3 99 245 1013.0477401423565 1.2520222442076652e-10 1
3 99 246 1013.0477401423565 1.252857696205245e-10 1
3 99 247 1013.0477401423565 1.2536487718396844e-10 1
3 99 248 1016.2324935603265 1.254298856313547e-10 1
3 99 249 1016.2324935603265 1.2549127532669332e-10 1
3 99 250 1016.2324935603265 1.255507805249834e-10 1
3 99 251 1016.2324935603265 1.2559156263133385e-10 1
3 99 252 1019.4671737361065 1.2563237124043707e-10 1
3 99 253 1019.4671737361065 1.2567915957787715e-10 1
3 99 254 1019.4671737361065 1.257176906216789e-10 1
3 99 255 1019.4671737361065 1.2574081046233398e-10 1
3 99 256 1024.4494735407966 1.257639388081625e-10 1
3 99 257 1024.4494735407966 1.2578453829493481e-10 1
3 99 258 1024.4494735407966 1.2579884593003943e-10 1
3 99 259 1026.6623031306465 1.2581579011844608e-10 1
3 99 260 1026.6623031306465 1.2581582563846654e-10 1
3 99 261 1028.9185287165765 1.2578432138541148e-10 1
3 99 262 1030.2556869197065 1.2571675366281306e-10 1
3 99 263 1031.3745834040765 1.2576868016860837e-10 1
3 99 264 1033.2720443415765 1.2686519989842164e-10 1
3 99 265 1036.1623031306465 1.3107624407839333e-10 1
3 99 266 1039.1020614314266 1.3268132564080683e-10 1
3 99 267 1041.1647445368965 1.2499022560263224e-10 1
3 99 268 1045.8941756892366 1.1289227896464085e-10 1
3 100 43 988.9658919978265 9.20307505638905e-11 1
3 100 44 989.1634627986065 9.202700789361159e-11 1
3 100 45 989.1634627986065 9.201939063792692e-11 1
3 100 46 989.1634627986065 9.200895915530837e-11 1
3 100 47 989.1634627986065 9.197746396964252e-11 1
3 100 48 991.6071273493965 9.194745238606351e-11 1
3 100 49 991.6071273493965 9.192241974031348e-11 1
3 100 50 991.6071273493965 9.189576359432864e-11 1
3 100 51 991.6071273493965 9.1853337398168e-11 1
3 100 52 991.4403182673565 9.18109503583604e-11 1
3 100 53 991.4403182673565 9.176007439047549e-11 1
3 100 54 991.4403182673565 9.168533053420357e-11 1
3 100 55 991.4403182673565 9.162453315984865e-11 1
3 100 56 990.1416122126765 9.156381636264314e-11 1
3 100 57 990.1416122126765 9.149378993670739e-11 1
3 100 58 990.1416122126765 9.141130410742316e-11 1
3 100 59 990.1416122126765 9.132896687365594e-11 1
3 100 60 987.8524276423565 9.123012778722029e-11 1
3 100 61 987.8524276423565 9.112100849218794e-11 1
3 100 62 987.8524276423565 9.101214991795041e-11 1
3 100 63 987.8524276423565 9.089595926776974e-11 1
3 100 64 986.7983504939265 9.075399593526325e-11 1
3 100 65 986.7983504939265 9.062016037789816e-11 1
3 100 66 986.7983504939265 9.048671897574906e-11 1
3 100 67 986.7983504939265 9.034280638462287e-11 1
3 100 68 986.7983504939265 9.018483693255128e-11 1
3 100 69 989.6678573298565 9.002741895305121e-11 1
3 100 70 989.6678573298565 8.985848547027302e-11 1
3 100 71 989.6678573298565 8.967869146550803e-11 1
3 100 72 989.6678573298565 8.949961550831875e-11 1
3 100 73 990.8269149470465 8.931599796959878e-11 1
3 100 74 990.8269149470465 8.911767160419555e-11 1
3 100 75 990.8269149470465 8.892449870721015e-11 1
3 100 76 990.8269149470465 8.87321614482335e-11 1
3 100 77 990.6540633845465 8.853726622797459e-11 1
3 100 78 990.6540633845465 8.833870323190186e-11 1
3 100 79 990.6540633845465 8.814102887943014e-11 1
3 100 80 990.6540633845465 8.794055289590936e-11 1
3 100 81 990.1325179743965 8.77397558097687e-11 1
3 100 82 990.1325179743965 8.753987360568557e-11 1
3 100 83 990.1325179743965 8.734175651935977e-11 1
3 100 84 990.1325179743965 8.714979327052493e-11 1
3 100 85 988.5808822322065 8.695286391019452e-11 1
3 100 86 988.5808822322065 8.675682253219042e-11 1
3 100 87 988.5808822322065 8.656381734291715e-11 1
3 100 88 988.5808822322065 8.637454436079603e-11 1
3 100 89 991.6920272517365 8.618609726883344e-11 1
3 100 90 991.6920272517365 8.600796033546751e-11 1
3 100 91 991.6920272517365 8.583304791424611e-11 1
3 100 92 991.6920272517365 8.565192363380295e-11 1
3 100 93 991.6920272517365 8.547156215800278e-11 1
3 100 94 993.3939925837665 8.530420116312333e-11 1
3 100 95 993.3939925837665 8.513155281180936e-11 1
3 100 96 993.3939925837665 8.495960189970546e-11 1
3 100 97 993.3939925837665 8.479398959020542e-11 1
3 100 98 992.5905257868965 8.46308268070506e-11 1
3 100 99 992.5905257868965 8.446569127646752e-11 1
3 100 100 992.5905257868965 8.430155022764318e-11 1
3 100 101 992.5905257868965 8.41414227826948e-11 1
3 100 102 988.6890365290765 8.398190249591188e-11 1
3 100 103 988.6890365290765 8.38275986009926e-11 1
3 100 104 988.6890365290765 8.367865429963788e-11 1
3 100 105 988.6890365290765 8.353030334882028e-11 1
3 100 106 991.3401595759565 8.338339279991681e-11 1
3 100 107 991.3401595759565 8.3245091973513e-11 1
3 100 108 991.3401595759565 8.311216787047582e-11 1
3 100 109 991.3401595759565 8.297974645166156e-11 1
3 100 110 993.7535506892365 8.284982488123168e-11 1
3 100 111 993.7535506892365 8.274030940741684e-11 1
3 100 112 993.7535506892365 8.26310830785965e-11 1
3 100 113 993.7535506892365 8.252022557601672e-11 1
3 100 114 997.1873275447065 8.243838522263838e-11 1
3 100 115 997.1873275447065 8.236633522429471e-11 1
3 100 116 997.1873275447065 8.229322143959495e-11 1
3 100 117 997.1873275447065 8.223739041203815e-11 1
3 100 118 997.1873275447065 8.221533452288715e-11 1
3 100 119 1000.1155502009565 8.2194562286491e-11 1
3 100 120 1000.1155502009565 8.217836499519407e-11 1
3 100 121 1000.1155502009565 8.220622802457092e-11 1
3 100 122 1000.1155502009565 8.22341099545851e-11 1
3 100 123 1000.3507186579865 8.226926012188892e-11 1
3 100 124 1000.3507186579865 8.23466775610226e-11 1
3 100 125 1000.3507186579865 8.241793133299625e-11 1
3 100 126 1000.3507186579865 8.248930852214103e-11 1
3 100 127 1001.4104720759565 8.258878015655877e-11 1
3 100 128 1001.4104720759565 8.271517519253091e-11 1
3 100 129 1001.4104720759565 8.283696700619482e-11 1
3 100 130 1001.4104720759565 8.296343136415299e-11 1
3 100 131 1001.2502547907965 8.313205526269363e-11 1
3 100 132 1001.2502547907965 8.330136601636516e-11 1
3 100 133 1001.2502547907965 8.347960629369358e-11 1
3 100 134 1001.2502547907965 8.368765066491402e-11 1
3 100 135 1002.5527450251765 8.390331183700484e-11 1
3 100 136 1002.5527450251765 8.412234868738978e-11 1
3 100 137 1002.5527450251765 8.436822662109232e-11 1
3 100 138 1002.5527450251765 8.462828564279711e-11 1
3 100 139 1003.5644637751765 8.488690957279861e-11 1
3 100 140 1003.5644637751765 8.515041161373065e-11 1
3 100 141 1003.5644637751765 8.544462807641195e-11 1
3 100 142 1003.5644637751765 8.573553659692026e-11 1
3 100 143 1003.5644637751765 8.602843276442124e-11 1
3 100 144 1004.8133041072065 8.633673911862984e-11 1
3 100 145 1004.8133041072065 8.665151359521594e-11 1
3 100 146 1004.8133041072065 8.696972932253643e-11 1
3 100 147 1004.8133041072065 8.7297951545613e-11 1
3 100 148 1005.4777938532965 8.763129808349901e-11 1
3 100 149 1005.4777938532965 8.796720014185939e-11 1
3 100 150 1005.4777938532965 8.831089430653569e-11 1
3 100 151 1005.4777938532965 8.866217007725847e-11 1
3 100 152 1006.6037093806465 8.901318171193336e-11 1
3 100 153 1006.6037093806465 8.936698368861802e-11 1
3 100 154 1006.6037093806465 8.972544528405388e-11 1
3 100 155 1006.6037093806465 9.00873767539317e-11 1
3 100 156 1010.3149520564265 9.04528567773937e-11 1
3 100 157 1010.3149520564265 9.082412948766096e-11 1
3 100 158 1010.3149520564265 9.119401238263407e-11 1
3 100 159 1010.3149520564265 9.1565053836632e-11 1
3 100 160 1012.2029525447065 9.193886170717465e-11 1
3 100 161 1012.2029525447065 9.231315382129577e-11 1
3 100 162 1012.2029525447065 9.269050595278617e-11 1
3 100 163 1012.2029525447065 9.307729750609857e-11 1
3 100 164 1012.9156600642365 9.348149477259774e-11 1
3 100 165 1012.9156600642365 9.387110095793535e-11 1
3 100 166 1012.9156600642365 9.426396828625666e-11 1
3 100 167 1012.9156600642365 9.467680642162521e-11 1
3 100 168 1012.9156600642365 9.509578205609993e-11 1
3 100 169 1013.5662337947065 9.550928135495399e-11 1
3 100 170 1013.5662337947065 9.592775102365627e-11 1
3 100 171 1013.5662337947065 9.636313221368083e-11 1
3 100 172 1013.5662337947065 9.680248349641424e-11 1
3 100 173 1013.3354598689265 9.725988070533072e-11 1
3 100 174 1013.3354598689265 9.772076919029145e-11 1
3 100 175 1013.3354598689265 9.818128661192894e-11 1
3 100 176 1013.3354598689265 9.864891349884558e-11 1
3 100 177 1012.3026229548565 9.912507614939855e-11 1
3 100 178 1012.3026229548565 9.959163087935352e-11 1
3 100 179 1012.3026229548565 1.0006213241943464e-10 1
3 100 180 1012.3026229548565 1.0053478715057936e-10 1
3 100 181 1010.7058211970465 1.0098939708880203e-10 1
3 100 182 1010.7058211970465 1.0144813711954996e-10 1
3 100 183 1010.7058211970465 1.0191008811643781e-10 1
3 100 184 1010.7058211970465 1.0235434219860352e-10 1
3 100 185 1008.3572494197065 1.0279583809382575e-10 1
3 100 186 1008.3572494197065 1.032416935583287e-10 1
3 100 187 1008.3572494197065 1.0368172331415069e-10 1
3 100 188 1008.3572494197065 1.0410876494382545e-10 1
3 100 189 1006.1153060603265 1.0453933889863127e-10 1
3 100 190 1006.1153060603265 1.0497863069209667e-10 1
3 100 191 1006.1153060603265 1.0539960721590482e-10 1
3 100 192 1006.1153060603265 1.0581826077547749e-10 1
3 100 193 1006.1153060603265 1.0624025343222549e-10 1
3 100 194 1007.5926620173565 1.0665472895372812e-10 1
3 100 195 1007.5926620173565 1.0705937122241767e-10 1
3 100 196 1007.5926620173565 1.0746709556606298e-10 1
3 100 197 1007.5926620173565 1.0787196317038584e-10 1
3 100 198 1006.8933822322065 1.0826339753534171e-10 1
3 100 199 1006.8933822322065 1.0865382102306439e-10 1
3 100 200 1006.8933822322065 1.0904468112112824e-10 1
3 100 201 1006.8933822322065 1.09415144314072e-10 1
3 100 202 1005.8023788142365 1.0978813327586805e-10 1
3 100 203 1005.8023788142365 1.1017073737697592e-10 1
3 100 204 1005.8023788142365 1.1054294180920038e-10 1
3 100 205 1005.8023788142365 1.1089689758045634e-10 1
3 100 206 1011.1917220759565 1.1125312734828034e-10 1
3 100 207 1011.1917220759565 1.1159988714970227e-10 1
3 100 208 1011.1917220759565 1.1193294652676623e-10 1
3 100 209 1011.1917220759565 1.1226799982332717e-10 1
3 100 210 1013.4354354548565 1.1261146918859143e-10 1
3 100 211 1013.4354354548565 1.1292433592296504e-10 1
3 100 212 1013.4354354548565 1.132311910500452e-10 1
3 100 213 1013.4354354548565 1.1353971838766267e-10 1
3 100 214 1016.5114852595465 1.134203854174739e-10 1
3 100 215 1016.5114852595465 1.134203854174739e-10 1
3 100 216 1016.5114852595465 1.1526542213216281e-10 1
3 100 217 1016.5114852595465 1.1526542213216281e-10 1
3 100 218 1016.5114852595465 1.1526542213216281e-10 1
3 100 219 1018.7028915095465 1.1612209333744557e-10 1
3 100 220 1018.7028915095465 1.1612209333744557e-10 1
3 100 221 1018.7028915095465 1.1612209333744557e-10 1
3 100 222 1018.7028915095465 1.1685318731439028e-10 1
3 100 223 1023.9058334040765 1.1685318731439028e-10 1
3 100 224 1023.9058334040765 1.1685318731439028e-10 1
3 100 225 1023.9058334040765 1.1746918575837356e-10 1
3 100 226 1023.9058334040765 1.1746918575837356e-10 1
3 100 227 1025.0979720759565 1.1746918575837356e-10 1
3 100 228 1025.0979720759565 1.1746918575837356e-10 1
3 100 229 1025.0979720759565 1.1798711136276108e-10 1
3 100 230 1025.0979720759565 1.1798711136276108e-10 1
3 100 231 1025.7818099665765 1.1798711136276108e-10 1
3 100 232 1025.7818099665765 1.1841679691381569e-10 1
3 100 233 1025.7818099665765 1.1841679691381569e-10 1
3 100 234 1025.7818099665765 1.1841679691381569e-10 1
3 100 235 1026.7592269587665 1.1875959861372035e-10 1
3 100 236 1026.7592269587665 1.1875959861372035e-10 1
3 100 237 1026.7592269587665 1.1875959861372035e-10 1
3 100 238 1026.7592269587665 1.1875959861372035e-10 1
3 100 239 1027.6829940486066 1.1875959861372035e-10 1
3 100 240 1027.6829940486066 1.1875959861372035e-10 1
3 100 241 1027.6829940486066 1.1875959861372035e-10 1
3 100 242 1027.6829940486066 1.1875959861372035e-10 1
3 100 243 1027.6829940486066 1.2076016845541178e-10 1
3 100 244 1028.8215438532966 1.2076016845541178e-10 1
3 100 245 1028.8215438532966 1.2094279872147872e-10 1
3 100 246 1028.8215438532966 1.2094279872147872e-10 1
3 101 24 984.7563583064265 9.849946768491547e-11 1
3 101 25 986.0626327204865 1.0069703659704535e-10 1
3 101 26 989.1154281306465 1.0160733099324496e-10 1
3 101 27 992.7405502009565 1.0079146073551606e-10 1
3 101 28 996.7592269587665 9.708924198997966e-11 1
3 101 29 998.3294173884565 9.272402737842754e-11 1
3 101 30 1000.2095443415765 9.107504590515298e-11 1
3 101 31 1001.8937484431465 9.072130663203921e-11 1
3 101 32 1002.1433211970465 9.078214572023811e-11 1
3 101 33 1002.5711776423565 9.091199827793327e-11 1
3 101 34 1002.9083968806465 9.099599949874331e-11 1
3 101 35 1003.8076888728265 9.104227006436372e-11 1
3 101 36 1003.8076888728265 9.106712927581821e-11 1
3 101 37 1003.8076888728265 9.108264553100395e-11 1
3 101 38 1003.8076888728265 9.109229253168503e-11 1
3 101 39 1004.1851913142365 9.110194157610275e-11 1
3 101 40 1004.1851913142365 9.111405234901137e-11 1
3 101 41 1004.1851913142365 9.11156104777337e-11 1
3 101 42 1004.1851913142365 9.111716865974738e-11 1
3 101 43 1004.1851913142365 9.11199729612475e-11 1
3 101 44 1004.4260360407965 9.11201763781948e-11 1
3 101 45 1004.4260360407965 9.111645178580998e-11 1
3 101 46 1004.4260360407965 9.111272749790242e-11 1
3 101 47 1004.4260360407965 9.11091333876787e-11 1
3 101 48 1004.6543075251765 9.110314161522174e-11 1
3 101 49 1004.6543075251765 9.109598042440075e-11 1
3 101 50 1004.6543075251765 9.108896658434942e-11 1
3 101 51 1004.6543075251765 9.108237001691249e-11 1
3 101 52 1006.1090194392365 9.107395909514158e-11 1
3 101 53 1006.1090194392365 9.106554972662589e-11 1
3 101 54 1006.1090194392365 9.105171517582559e-11 1
3 101 55 1006.1090194392365 9.10361770951049e-11 1
3 101 56 1006.6689559626765 9.102121502654168e-11 1
3 101 57 1006.6689559626765 9.100272589153181e-11 1
3 101 58 1006.6689559626765 9.093595936078081e-11 1
3 101 59 1006.6689559626765 9.093595936078081e-11 1
3 101 60 1006.8227035212665 9.119923740872182e-11 1
3 101 61 1006.8227035212665 9.119923740872182e-11 1
3 101 62 1006.8227035212665 9.104979007532319e-11 1
3 101 63 1006.8227035212665 9.104979007532319e-11 1
3 101 64 1007.2202254939265 9.104979007532319e-11 1
3 101 65 1007.2202254939265 9.08554016098168e-11 1
3 101 66 1007.2202254939265 9.08554016098168e-11 1
3 101 67 1007.2202254939265 9.08554016098168e-11 1
3 101 68 1007.2202254939265 9.08554016098168e-11 1
3 101 69 1008.4701644587665 9.06279278002368e-11 1
3 101 70 1008.4701644587665 9.06279278002368e-11 1
3 101 71 1008.4701644587665 9.06279278002368e-11 1
3 101 72 1008.4701644587665 9.037709295935844e-11 1
3 101 73 1008.7124740290765 9.037709295935844e-11 1
3 101 74 1008.7124740290765 9.037709295935844e-11 1
3 101 75 1008.7124740290765 9.011543565098674e-11 1
3 101 76 1008.7124740290765 9.011543565098674e-11 1
3 101 77 1009.0600692439265 9.011543565098674e-11 1
3 101 78 1009.0600692439265 9.011543565098674e-11 1
3 101 79 1009.0600692439265 8.944641247357788e-11 1
3 101 80 1009.0600692439265 8.944641247357788e-11 1
3 101 81 1009.5857040095465 8.944641247357788e-11 1
3 101 82 1009.5857040095465 8.944641247357788e-11 1
3 101 83 1009.5857040095465 9.02018241039616e-11 1
3 101 84 1009.5857040095465 9.02018241039616e-11 1
3 101 85 1010.1372787165765 9.052946531310568e-11 1
3 101 86 1010.1372787165765 8.901052259863657e-11 1
3 102 24 985.6786605525165 9.942954242019663e-11 1
3 102 25 987.8227035212665 1.0188492395087497e-10 1
3 102 26 990.2511092829865 1.0129407446047244e-10 1
