1 55 104 979.9158290489606 5.003528887733262e-11 1
1 55 105 1000.5175746544306 4.364633795739214e-11 1
1 55 106 1024.0108607872407 3.341105817578202e-11 1
1 55 107 1016.9675868614606 3.092874486475607e-11 1
1 56 79 959.5392421349006 6.804033975770371e-11 1
1 56 80 959.5392421349006 6.6712344508914e-11 1
1 56 81 962.5254481895906 6.246467613491871e-11 1
1 56 82 965.3332484825606 5.895601245907813e-11 1
1 56 83 967.3314784630306 5.651751920138212e-11 1
1 56 84 974.2474940880306 5.093645689102921e-11 1
1 56 85 974.2474940880306 5.0454226857594435e-11 1
1 56 86 977.2607997520906 4.820877508154395e-11 1
1 56 87 981.5907558067806 4.549809269474973e-11 1
1 56 88 986.4689906700606 4.286018822992719e-11 1
1 56 89 996.1494716270906 3.865087448819795e-11 1
1 56 90 996.1494716270906 3.8495157877008866e-11 1
1 56 91 999.8135951622406 3.706043363541583e-11 1
1 56 92 1002.9983485802106 3.589759399509956e-11 1
1 56 93 1006.2330287559906 3.480493417740161e-11 1
1 56 94 1011.2153285606806 3.330162732120486e-11 1
1 56 95 1011.2153285606806 3.32577615610879e-11 1
1 56 96 1013.4281581505306 3.2627579869768866e-11 1
1 56 97 1015.6843837364606 3.2021501388601526e-11 1
1 56 98 1016.0596889122406 3.191926014654935e-11 1
1 56 99 1017.0215419395906 3.169120370473025e-11 1
1 56 100 1018.5318568809906 3.136410779232521e-11 1
1 56 101 1020.0378993614606 3.1058152311063874e-11 1
1 56 102 1022.9281581505306 3.0468451273472673e-11 1
1 56 103 1025.8679164513107 3.072673107452424e-11 1
1 56 104 1028.2678798302106 3.246600125631509e-11 1
1 56 105 1032.6600307091207 3.388855909503504e-11 1
1 57 32 975.9293178184906 6.87938865773912e-11 1
1 57 33 978.2061732872406 6.749445426878218e-11 1
1 57 34 976.9074672325606 7.006531957469707e-11 1
1 57 35 976.9074672325606 7.100576216133952e-11 1
1 57 36 974.6182826622406 7.516199308613712e-11 1
1 57 37 973.5642055138106 7.801254317924067e-11 1
1 57 38 976.4337123497406 7.516810785945479e-11 1
1 57 39 977.5927699669306 7.491334241863496e-11 1
1 57 40 977.5927699669306 7.634308277773833e-11 1
1 57 41 977.4199184044306 7.804704790562029e-11 1
1 57 42 976.8983729942806 8.034060558120399e-11 1
1 57 43 975.3467372520906 8.446646997152407e-11 1
1 57 44 978.4578822716206 8.055969595451032e-11 1
1 57 45 978.4578822716206 8.175935936706659e-11 1
1 57 46 980.1598476036506 8.006282125320897e-11 1
1 57 47 979.3563808067806 8.238579660445531e-11 1
1 57 48 975.4548915489606 9.074739519003257e-11 1
1 57 49 978.1060145958406 8.656016492700535e-11 1
1 57 50 978.1060145958406 8.745252307805675e-11 1
1 57 51 980.5194057091206 8.394561740418799e-11 1
1 57 52 983.9531825645906 7.90460670951744e-11 1
1 57 53 986.8814052208406 7.53524088631208e-11 1
1 57 54 987.1165736778706 7.54882572152884e-11 1
1 57 55 987.1165736778706 7.571211960150445e-11 1
1 57 56 988.1763270958406 7.415662191667217e-11 1
1 57 57 988.0161098106806 7.401485228882573e-11 1
1 57 58 989.3186000450606 7.167745465515695e-11 1
1 57 59 990.3303187950606 6.960746263849314e-11 1
1 57 60 990.3303187950606 6.862962116436678e-11 1
1 57 61 991.5791591270906 6.61285112912212e-11 1
1 57 62 992.2436488731806 6.428870669754727e-11 1
1 57 63 993.3695644005306 6.201094074052568e-11 1
1 57 64 997.0808070763106 5.7585513991909424e-11 1
1 57 65 997.0808070763106 5.6533457117314415e-11 1
1 57 66 998.9688075645906 5.4060869776699624e-11 1
1 57 67 999.6815150841206 5.2566725668574283e-11 1
1 57 68 1000.3320888145906 5.1154233000519954e-11 1
1 57 69 1000.1013148888106 5.0334928117086935e-11 1
1 57 70 1000.1013148888106 4.937421666250664e-11 1
1 57 71 999.0684779747406 4.906237448834775e-11 1
1 57 72 997.4716762169306 4.9095433513136605e-11 1
1 57 73 995.1231044395906 4.9598184324459715e-11 1
1 57 74 992.8811610802106 5.0053164692274694e-11 1
1 57 75 992.8811610802106 4.913515735260925e-11 1
1 57 76 994.3585170372406 4.7418101096277715e-11 1
1 57 77 993.6592372520906 4.7005927261270395e-11 1
1 57 78 992.5682338341206 4.68348005790822e-11 1
1 57 79 997.9575770958406 4.340851473230615e-11 1
1 57 80 997.9575770958406 4.280265118713331e-11 1
1 57 81 1000.2012904747406 4.126390158585803e-11 1
1 57 82 1003.2773402794306 3.927681657374407e-11 1
1 57 83 1005.4687465294306 3.8051155626186356e-11 1
1 57 84 1010.6716884239606 3.592482187239519e-11 1
1 57 85 1010.6716884239606 3.562153424365739e-11 1
1 57 86 1011.8638270958406 3.4976727901912105e-11 1
1 57 87 1012.5476649864606 3.452663122475002e-11 1
1 57 88 1013.5250819786506 3.402314795106338e-11 1
1 57 89 1014.4488490684906 3.375789977402536e-11 1
1 57 90 1014.4488490684906 3.3301202199011177e-11 1
1 57 91 1015.5873988731806 3.2850075914672475e-11 1
1 58 24 971.5222133263106 4.770294088069093e-11 1
1 58 25 972.8284877403706 4.7344283215779755e-11 1
1 58 26 975.8812831505306 4.693193993227221e-11 1
1 58 27 979.5064052208406 4.749434680231474e-11 1
1 58 28 983.5250819786506 4.9811836799052155e-11 1
1 58 29 985.3646205528706 5.4819500932797037e-11 1
1 58 30 988.6596034630306 5.5859995115651946e-11 1
1 58 31 990.5735438927106 5.601338179870128e-11 1
1 58 32 991.1918910606806 5.6813372132343854e-11 1
1 58 33 992.8748744591206 5.637252497285574e-11 1
1 58 34 993.4348109825606 5.6535426051492305e-11 1
1 58 35 993.4348109825606 5.7052618016632513e-11 1
1 58 36 993.5885585411506 5.747914784637585e-11 1
1 58 37 993.9860805138106 5.7725914651333224e-11 1
1 58 38 995.2360194786506 5.727464756113134e-11 1
1 58 39 995.4783290489606 5.7654969283703856e-11 1
1 58 40 995.4783290489606 5.823160247974893e-11 1
1 58 41 995.8259242638106 5.850107074027135e-11 1
1 58 42 996.3515590294306 5.8054771828346127e-11 1
1 58 43 996.9031337364606 5.887198559102295e-11 1
1 59 24 972.4445155724006 4.592504244857009e-11 1
1 59 25 974.5885585411506 4.520718696043973e-11 1
1 59 26 977.0169643028706 4.544323028587353e-11 1
