4 19 27 997.3094293563316 5.1003088278201924e-11 1
4 20 17 920.5426446883716 1.8495888104119484e-11 1
4 20 18 928.4209405868016 1.8255565855051855e-11 1
4 20 19 935.8500177352416 1.843397025261293e-11 1
4 20 20 947.1466485946216 1.9627136506441836e-11 1
4 20 21 951.7314874618016 2.19110703301415e-11 1
4 20 22 971.3538019149316 2.4902343258559568e-11 1
4 20 23 1000.3260309188316 2.7745815462468485e-11 1
4 20 24 1012.2334405868016 2.946467908827312e-11 1
4 20 25 1016.2322198836816 3.074488407758902e-11 1
4 20 26 1021.7813531844616 3.518098562398329e-11 1
4 20 27 1031.9256402938317 4.5826023584911396e-11 1
4 21 11 965.9700738875816 1.9074575773860805e-11 1
4 21 12 972.1081354110216 1.91218879265004e-11 1
4 21 13 978.9504816024316 1.8789733029720065e-11 1
4 21 14 983.6180841414916 1.8010091103290164e-11 1
4 21 15 986.8868829696216 1.7607359325968274e-11 1
4 21 16 991.4500543563316 1.718508262664109e-11 1
4 21 17 994.8799249618016 1.696832305820207e-11 1
4 21 18 997.9719659774316 1.6881594372801875e-11 1
