3 55 104 970.3658395143203 1.288220385880811e-10 1
3 55 105 990.9675851197903 1.1898291960161562e-10 1
3 55 106 1014.4608712526003 1.292073155228986e-10 1
3 55 107 1007.4175973268203 1.6860563836846748e-10 1
3 56 79 949.9892526002603 1.1541024505989828e-10 1
3 56 80 949.9892526002603 1.168150609367819e-10 1
3 56 81 952.9754586549503 1.1811754666156431e-10 1
3 56 82 955.7832589479203 1.1931390892623914e-10 1
3 56 83 957.7814889283903 1.2039757164077703e-10 1
3 56 84 964.6975045533903 1.2136722787339726e-10 1
3 56 85 964.6975045533903 1.2222203215407405e-10 1
3 56 86 967.7108102174503 1.2296684860873398e-10 1
3 56 87 972.0407662721403 1.236041456871767e-10 1
3 56 88 976.9190011354203 1.241459056051941e-10 1
3 56 89 986.5994820924503 1.2459607990951078e-10 1
3 56 90 986.5994820924503 1.2497142635638727e-10 1
3 56 91 990.2636056276003 1.2527608223894307e-10 1
3 56 92 993.4483590455703 1.255046323430792e-10 1
3 56 93 996.6830392213503 1.2565546935426987e-10 1
3 56 94 1001.6653390260403 1.2576125813431568e-10 1
3 56 95 1001.6653390260403 1.2580806272237224e-10 1
3 56 96 1003.8781686158903 1.2581628801164814e-10 1
3 56 97 1006.1343942018203 1.2579696783469923e-10 1
3 56 98 1006.5096993776003 1.2575319259457552e-10 1
3 56 99 1007.4715524049503 1.2569882898176527e-10 1
3 56 100 1008.9818673463503 1.2585847129815047e-10 1
3 56 101 1010.4879098268203 1.2721117947159413e-10 1
3 56 102 1013.3781686158903 1.3160907972955489e-10 1
3 56 103 1016.3179269166703 1.3266557893416811e-10 1
3 56 104 1018.7178902955703 1.2326466278831854e-10 1
3 56 105 1023.1100411744803 1.119193530345604e-10 1
3 57 32 966.3793282838503 9.201583040010168e-11 1
3 57 33 968.6561837526003 9.182292293909261e-11 1
3 57 34 967.3574776979203 9.157084843133434e-11 1
3 57 35 967.3574776979203 9.131010309773213e-11 1
3 57 36 965.0682931276003 9.095152438669302e-11 1
3 57 37 964.0142159791703 9.050216275248696e-11 1
3 57 38 966.8837228151003 8.999257653028161e-11 1
3 57 39 968.0427804322903 8.940074910865597e-11 1
3 57 40 968.0427804322903 8.875440789806736e-11 1
3 57 41 967.8699288697903 8.809793778098304e-11 1
3 57 42 967.3483834596403 8.743025867901864e-11 1
3 57 43 965.7967477174503 8.677949557269574e-11 1
3 57 44 968.9078927369803 8.61457856381387e-11 1
3 57 45 968.9078927369803 8.555248985611803e-11 1
3 57 46 970.6098580690103 8.497949291038883e-11 1
3 57 47 969.8063912721403 8.442986816498019e-11 1
3 57 48 965.9049020143203 8.389477347311403e-11 1
3 57 49 968.5560250612003 8.339986258133116e-11 1
3 57 50 968.5560250612003 8.295100752508871e-11 1
3 57 51 970.9694161744803 8.257084932673986e-11 1
3 57 52 974.4031930299503 8.230237438203943e-11 1
3 57 53 977.3314156862003 8.219004679626044e-11 1
3 57 54 977.5665841432303 8.225021785492947e-11 1
3 57 55 977.5665841432303 8.248103061410693e-11 1
3 57 56 978.6263375612003 8.286349787163746e-11 1
3 57 57 978.4661202760403 8.339575712307635e-11 1
3 57 58 979.7686105104203 8.409560252077812e-11 1
3 57 59 980.7803292604203 8.494335617842267e-11 1
3 57 60 980.7803292604203 8.589661112039088e-11 1
3 57 61 982.0291695924503 8.693207703502944e-11 1
3 57 62 982.6936593385403 8.80408656386844e-11 1
3 57 63 983.8195748658903 8.92077018879704e-11 1
3 57 64 987.5308175416703 9.040999543287011e-11 1
3 57 65 987.5308175416703 9.164613603571873e-11 1
3 57 66 989.4188180299503 9.29003127095801e-11 1
3 57 67 990.1315255494803 9.421827231370469e-11 1
3 57 68 990.7820992799503 9.559967235225166e-11 1
3 57 69 990.5513253541703 9.704761672304224e-11 1
3 57 70 990.5513253541703 9.859290964369965e-11 1
3 57 71 989.5184884401003 1.0016503104790974e-10 1
3 57 72 987.9216866822903 1.0170248723120288e-10 1
3 57 73 985.5731149049503 1.0318951926017055e-10 1
3 57 74 983.3311715455703 1.0463388053823188e-10 1
3 57 75 983.3311715455703 1.060502707865501e-10 1
3 57 76 984.8085275026003 1.0741968723967701e-10 1
3 57 77 984.1092477174503 1.0873909082090059e-10 1
3 57 78 983.0182442994803 1.099953786252491e-10 1
3 57 79 988.4075875612003 1.1121172831614568e-10 1
3 57 80 988.4075875612003 1.1234170622069179e-10 1
3 57 81 990.6513009401003 1.1340091437943294e-10 1
3 57 82 993.7273507447903 1.1526542213216281e-10 1
3 57 83 995.9187569947903 1.1612209333744557e-10 1
3 57 84 1001.1216988893203 1.1685318731439028e-10 1
3 57 85 1001.1216988893203 1.1746918575837356e-10 1
3 57 86 1002.3138375612003 1.1798711136276108e-10 1
3 57 87 1002.9976754518203 1.1841679691381569e-10 1
3 57 88 1003.9750924440103 1.1875959861372035e-10 1
3 57 89 1004.8988595338503 1.1875959861372035e-10 1
3 57 90 1004.8988595338503 1.2076016845541178e-10 1
3 57 91 1006.0374093385403 1.2094279872147872e-10 1
3 58 24 961.9722237916703 9.849946768491547e-11 1
3 58 25 963.2784982057303 1.0069703659704535e-10 1
3 58 26 966.3312936158903 1.0160733099324496e-10 1
3 58 27 969.9564156862003 1.0079146073551606e-10 1
3 58 28 973.9750924440103 9.697546725219969e-11 1
3 58 29 975.8146310182303 9.196729661597917e-11 1
3 58 30 979.1096139283903 9.072648573170657e-11 1
3 58 31 981.0235543580703 9.106896836082179e-11 1
3 58 32 981.6419015260403 9.111471083729061e-11 1
3 58 33 983.3248849244803 9.107633546115708e-11 1
3 58 34 983.8848214479203 9.102261923935008e-11 1
3 58 35 983.8848214479203 9.119923740872182e-11 1
3 58 36 984.0385690065103 9.104979007532319e-11 1
3 58 37 984.4360909791703 9.08554016098168e-11 1
3 58 38 985.6860299440103 9.06279278002368e-11 1
3 58 39 985.9283395143203 9.037709295935844e-11 1
3 58 40 985.9283395143203 9.011543565098674e-11 1
3 58 41 986.2759347291703 8.944641247357788e-11 1
3 58 42 986.8015694947903 9.02018241039616e-11 1
3 58 43 987.3531442018203 8.901052259863657e-11 1
3 59 24 962.8945260377603 9.942954242019663e-11 1
3 59 25 965.0385690065103 1.0188492395087497e-10 1
3 59 26 967.4669747682303 1.0129407446047244e-10 1
