6 55 104 979.9158290489606 1.5948830593746977e-11 1
6 55 105 1000.5175746544306 1.5515957230795964e-11 1
6 55 106 1024.0108607872407 1.5391139532506605e-11 1
6 55 107 1016.9675868614606 1.537143009935029e-11 1
6 56 79 959.5392421349006 1.9224198535674538e-11 1
6 56 80 959.5392421349006 1.9136398023699248e-11 1
6 56 81 962.5254481895906 1.9050903394055262e-11 1
6 56 82 965.3332484825606 1.8967817993001293e-11 1
6 56 83 967.3314784630306 1.888767451398516e-11 1
6 56 84 974.2474940880306 1.8810338331618962e-11 1
6 56 85 974.2474940880306 1.873598161632089e-11 1
6 56 86 977.2607997520906 1.8664827624221123e-11 1
6 56 87 981.5907558067806 1.8596995626555464e-11 1
6 56 88 986.4689906700606 1.8532434661406764e-11 1
6 56 89 996.1494716270906 1.8471394744736877e-11 1
6 56 90 996.1494716270906 1.8413750150456002e-11 1
6 56 91 999.8135951622406 1.835953363943053e-11 1
6 56 92 1002.9983485802106 1.8308789383961913e-11 1
6 56 93 1006.2330287559906 1.826142405662627e-11 1
6 56 94 1011.2153285606806 1.8217226313569886e-11 1
6 56 95 1011.2153285606806 1.8175988725707517e-11 1
6 56 96 1013.4281581505306 1.8137613248881056e-11 1
6 56 97 1015.6843837364606 1.8101826364244083e-11 1
6 56 98 1016.0596889122406 1.8060144434593378e-11 1
6 56 99 1017.0215419395906 1.80027735851613e-11 1
6 56 100 1018.5318568809906 1.79200698744298e-11 1
6 56 101 1020.0378993614606 1.7770977948788172e-11 1
6 56 102 1022.9281581505306 1.741711457506789e-11 1
6 56 103 1025.8679164513107 1.6764812720956176e-11 1
6 56 104 1028.2678798302106 1.6047177762356847e-11 1
6 56 105 1032.6600307091207 1.5558752118567038e-11 1
6 57 32 975.9293178184906 2.1578257337981045e-11 1
6 57 33 978.2061732872406 2.150449745694189e-11 1
6 57 34 976.9074672325606 2.145783283946e-11 1
6 57 35 976.9074672325606 2.142228225029523e-11 1
6 57 36 974.6182826622406 2.1388170124577808e-11 1
6 57 37 973.5642055138106 2.1355348534898063e-11 1
6 57 38 976.4337123497406 2.132438497095449e-11 1
6 57 39 977.5927699669306 2.1294870730530583e-11 1
6 57 40 977.5927699669306 2.1266808368320424e-11 1
6 57 41 977.4199184044306 2.124070358892106e-11 1
6 57 42 976.8983729942806 2.121614644603715e-11 1
6 57 43 975.3467372520906 2.119319629358966e-11 1
6 57 44 978.4578822716206 2.117209075845474e-11 1
6 57 45 978.4578822716206 2.11524383402279e-11 1
6 57 46 980.1598476036506 2.113421584946514e-11 1
6 57 47 979.3563808067806 2.111712353222825e-11 1
6 57 48 975.4548915489606 2.110081554842719e-11 1
6 57 49 978.1060145958406 2.108505049487258e-11 1
6 57 50 978.1060145958406 2.1069430000893793e-11 1
6 57 51 980.5194057091206 2.105305373956626e-11 1
6 57 52 983.9531825645906 2.1035800696031858e-11 1
6 57 53 986.8814052208406 2.101711131375225e-11 1
6 57 54 987.1165736778706 2.0995105759224197e-11 1
6 57 55 987.1165736778706 2.096823567679889e-11 1
6 57 56 988.1763270958406 2.093526639953873e-11 1
6 57 57 988.0161098106806 2.0896368757282708e-11 1
6 57 58 989.3186000450606 2.0851611266942135e-11 1
6 57 59 990.3303187950606 2.080138544706949e-11 1
6 57 60 990.3303187950606 2.0745978711045157e-11 1
6 57 61 991.5791591270906 2.068585599964501e-11 1
6 57 62 992.2436488731806 2.0621287280447957e-11 1
6 57 63 993.3695644005306 2.0552445141949216e-11 1
6 57 64 997.0808070763106 2.0480248789995575e-11 1
6 57 65 997.0808070763106 2.0404524010683544e-11 1
6 57 66 998.9688075645906 2.032630593691193e-11 1
6 57 67 999.6815150841206 2.02452669273457e-11 1
6 57 68 1000.3320888145906 2.016239662265706e-11 1
6 57 69 1000.1013148888106 2.0078130565728625e-11 1
6 57 70 1000.1013148888106 1.999227832496595e-11 1
6 57 71 999.0684779747406 1.9905319391323423e-11 1
6 57 72 997.4716762169306 1.9818284302608948e-11 1
6 57 73 995.1231044395906 1.9730884895454555e-11 1
6 57 74 992.8811610802106 1.964354158648789e-11 1
6 57 75 992.8811610802106 1.9556342392062637e-11 1
6 57 76 994.3585170372406 1.9470186750969176e-11 1
6 57 77 993.6592372520906 1.938502667521068e-11 1
6 57 78 992.5682338341206 1.9301436631039005e-11 1
6 57 79 997.9575770958406 1.921887970069212e-11 1
6 57 80 997.9575770958406 1.9138538028456012e-11 1
6 57 81 1000.2012904747406 1.9059647352308046e-11 1
6 57 82 1003.2773402794306 1.8963906768507707e-11 1
6 57 83 1005.4687465294306 1.888957456087118e-11 1
6 57 84 1010.6716884239606 1.8817859623521877e-11 1
6 57 85 1010.6716884239606 1.874880023527558e-11 1
6 57 86 1011.8638270958406 1.8682509093811647e-11 1
6 57 87 1012.5476649864606 1.861911277382051e-11 1
6 57 88 1013.5250819786506 1.8558730611823738e-11 1
6 57 89 1014.4488490684906 1.8558730611823738e-11 1
6 57 90 1014.4488490684906 1.8437172779287678e-11 1
6 57 91 1015.5873988731806 1.8385227406938076e-11 1
6 58 24 971.5222133263106 2.386018331587628e-11 1
6 58 25 972.8284877403706 2.3564554038835564e-11 1
6 58 26 975.8812831505306 2.320291744451702e-11 1
6 58 27 979.5064052208406 2.279514694740835e-11 1
6 58 28 983.5250819786506 2.2368287455648365e-11 1
6 58 29 985.3646205528706 2.196721571016403e-11 1
6 58 30 988.6596034630306 2.1673768315776346e-11 1
6 58 31 990.5735438927106 2.14994500310011e-11 1
6 58 32 991.1918910606806 2.1394503475326868e-11 1
6 58 33 992.8748744591206 2.132976523913669e-11 1
6 58 34 993.4348109825606 2.128899671677164e-11 1
6 58 35 993.4348109825606 2.1266301563139222e-11 1
6 58 36 993.5885585411506 2.1236270030112594e-11 1
6 58 37 993.9860805138106 2.1207558428706692e-11 1
6 58 38 995.2360194786506 2.1180046880761307e-11 1
6 58 39 995.4783290489606 2.1153726352715395e-11 1
6 58 40 995.4783290489606 2.1128697223795288e-11 1
6 58 41 995.8259242638106 2.1128697223795288e-11 1
6 58 42 996.3515590294306 2.109971851373463e-11 1
6 58 43 996.9031337364606 2.107781288102103e-11 1
6 59 24 972.4445155724006 2.3491138131591726e-11 1
6 59 25 974.5885585411506 2.324284008382704e-11 1
6 59 26 977.0169643028706 2.294209550361443e-11 1
