2 55 104 958.5518438400023 1.2882203858808065e-10 1
2 55 105 979.1535894454723 1.1898291960161562e-10 1
2 55 106 1002.6468755782823 1.292073155228986e-10 1
2 55 107 995.6036016525023 1.6860563836846748e-10 1
2 56 79 938.1752569259423 1.1541024505989865e-10 1
2 56 80 938.1752569259423 1.168150609367819e-10 1
2 56 81 941.1614629806323 1.1811754666156431e-10 1
2 56 82 943.9692632736023 1.1931390892623914e-10 1
2 56 83 945.9674932540723 1.2039757164077744e-10 1
2 56 84 952.8835088790723 1.2136722787339685e-10 1
2 56 85 952.8835088790723 1.2222203215407405e-10 1
2 56 86 955.8968145431323 1.2296684860873398e-10 1
2 56 87 960.2267705978223 1.236041456871767e-10 1
2 56 88 965.1050054611023 1.241459056051941e-10 1
2 56 89 974.7854864181323 1.2459607990951078e-10 1
2 56 90 974.7854864181323 1.2497142635638727e-10 1
2 56 91 978.4496099532823 1.2527608223894353e-10 1
2 56 92 981.6343633712523 1.255046323430792e-10 1
2 56 93 984.8690435470323 1.2565546935426987e-10 1
2 56 94 989.8513433517223 1.2576125813431524e-10 1
2 56 95 989.8513433517223 1.2580806272237224e-10 1
2 56 96 992.0641729415723 1.2581628801164767e-10 1
2 56 97 994.3203985275023 1.2579696783469923e-10 1
2 56 98 994.6957037032823 1.2575319259457552e-10 1
2 56 99 995.6575567306323 1.2569882898176574e-10 1
2 56 100 997.1678716720323 1.2585847129815094e-10 1
2 56 101 998.6739141525023 1.2721117947159413e-10 1
2 56 102 1001.5641729415723 1.3160907972955489e-10 1
2 56 103 1004.5039312423523 1.3266557893416811e-10 1
2 56 104 1006.9038946212523 1.2326466278831854e-10 1
2 56 105 1011.2960455001623 1.1191935303456004e-10 1
2 57 32 954.5653326095323 9.201583040010145e-11 1
2 57 33 956.8421880782823 9.182292293909261e-11 1
2 57 34 955.5434820236023 9.157084843133458e-11 1
2 57 35 955.5434820236023 9.131010309773213e-11 1
2 57 36 953.2542974532823 9.095152438669302e-11 1
2 57 37 952.2002203048523 9.050216275248719e-11 1
2 57 38 955.0697271407823 8.999257653028161e-11 1
2 57 39 956.2287847579723 8.940074910865597e-11 1
2 57 40 956.2287847579723 8.875440789806736e-11 1
2 57 41 956.0559331954723 8.809793778098304e-11 1
2 57 42 955.5343877853223 8.743025867901864e-11 1
2 57 43 953.9827520431323 8.677949557269574e-11 1
2 57 44 957.0938970626623 8.61457856381387e-11 1
2 57 45 957.0938970626623 8.555248985611782e-11 1
2 57 46 958.7958623946923 8.497949291038863e-11 1
2 57 47 957.9923955978223 8.442986816498e-11 1
2 57 48 954.0909063400023 8.389477347311403e-11 1
2 57 49 956.7420293868823 8.339986258133116e-11 1
2 57 50 956.7420293868823 8.295100752508871e-11 1
2 57 51 959.1554205001623 8.257084932673986e-11 1
2 57 52 962.5891973556323 8.230237438203943e-11 1
2 57 53 965.5174200118823 8.219004679626044e-11 1
2 57 54 965.7525884689123 8.225021785492928e-11 1
2 57 55 965.7525884689123 8.248103061410713e-11 1
2 57 56 966.8123418868823 8.286349787163746e-11 1
2 57 57 966.6521246017223 8.339575712307654e-11 1
2 57 58 967.9546148361023 8.409560252077812e-11 1
2 57 59 968.9663335861023 8.494335617842267e-11 1
2 57 60 968.9663335861023 8.589661112039067e-11 1
2 57 61 970.2151739181323 8.693207703502966e-11 1
2 57 62 970.8796636642223 8.80408656386844e-11 1
2 57 63 972.0055791915723 8.920770188797063e-11 1
2 57 64 975.7168218673523 9.040999543286987e-11 1
2 57 65 975.7168218673523 9.164613603571849e-11 1
2 57 66 977.6048223556323 9.29003127095801e-11 1
2 57 67 978.3175298751623 9.421827231370469e-11 1
2 57 68 978.9681036056323 9.559967235225166e-11 1
2 57 69 978.7373296798523 9.704761672304198e-11 1
2 57 70 978.7373296798523 9.859290964369992e-11 1
2 57 71 977.7044927657823 1.0016503104790974e-10 1
2 57 72 976.1076910079723 1.0170248723120288e-10 1
2 57 73 973.7591192306323 1.0318951926017026e-10 1
2 57 74 971.5171758712523 1.0463388053823188e-10 1
2 57 75 971.5171758712523 1.0605027078655042e-10 1
2 57 76 972.9945318282823 1.0741968723967701e-10 1
2 57 77 972.2952520431323 1.0873909082090025e-10 1
2 57 78 971.2042486251623 1.099953786252491e-10 1
2 57 79 976.5935918868823 1.1121172831614568e-10 1
2 57 80 976.5935918868823 1.1234170622069179e-10 1
2 57 81 978.8373052657823 1.1340091437943332e-10 1
2 57 82 981.9133550704723 1.1526542213216281e-10 1
2 57 83 984.1047613204723 1.1612209333744519e-10 1
2 57 84 989.3077032150023 1.1685318731439067e-10 1
2 57 85 989.3077032150023 1.1746918575837317e-10 1
2 57 86 990.4998418868823 1.179871113627607e-10 1
2 57 87 991.1836797775023 1.1841679691381569e-10 1
2 57 88 992.1610967696923 1.1875959861371993e-10 1
2 57 89 993.0848638595323 1.1875959861371993e-10 1
2 57 90 993.0848638595323 1.2076016845541137e-10 1
2 57 91 994.2234136642223 1.2094279872147872e-10 1
2 58 24 950.1582281173523 9.849946768491547e-11 1
2 58 25 951.4645025314123 1.0069703659704535e-10 1
2 58 26 954.5172979415723 1.0160733099324526e-10 1
2 58 27 958.1424200118823 1.0079146073551636e-10 1
2 58 28 962.1610967696923 9.697546725219942e-11 1
2 58 29 964.0006353439123 9.196729661597941e-11 1
2 58 30 967.2956182540723 9.072648573170657e-11 1
2 58 31 969.2095586837523 9.106896836082203e-11 1
2 58 32 969.8279058517223 9.111471083729038e-11 1
2 58 33 971.5108892501623 9.107633546115684e-11 1
2 58 34 972.0708257736023 9.102261923935008e-11 1
2 58 35 972.0708257736023 9.119923740872158e-11 1
2 58 36 972.2245733321923 9.104979007532319e-11 1
2 58 37 972.6220953048523 9.08554016098168e-11 1
2 58 38 973.8720342696923 9.062792780023656e-11 1
2 58 39 974.1143438400023 9.037709295935868e-11 1
2 58 40 974.1143438400023 9.011543565098674e-11 1
2 58 41 974.4619390548523 8.944641247357811e-11 1
2 58 42 974.9875738204723 9.020182410396183e-11 1
2 58 43 975.5391485275023 8.901052259863635e-11 1
2 59 24 951.0805303634423 9.942954242019663e-11 1
2 59 25 953.2245733321923 1.0188492395087527e-10 1
2 59 26 955.6529790939123 1.0129407446047214e-10 1
