3 55 104 994.4054683428977 1.288220385880811e-10 1
3 55 105 1015.0072139483677 1.1898291960161562e-10 1
3 55 106 1038.5005000811777 1.292073155228986e-10 1
3 55 107 1031.4572261553976 1.6860563836846748e-10 1
3 56 79 974.0288814288377 1.1541024505989828e-10 1
3 56 80 974.0288814288377 1.168150609367819e-10 1
3 56 81 977.0150874835277 1.1811754666156431e-10 1
3 56 82 979.8228877764977 1.1931390892623914e-10 1
3 56 83 981.8211177569677 1.2039757164077703e-10 1
3 56 84 988.7371333819677 1.2136722787339726e-10 1
3 56 85 988.7371333819677 1.2222203215407405e-10 1
3 56 86 991.7504390460277 1.2296684860873398e-10 1
3 56 87 996.0803951007177 1.236041456871767e-10 1
3 56 88 1000.9586299639977 1.241459056051941e-10 1
3 56 89 1010.6391109210277 1.2459607990951078e-10 1
3 56 90 1010.6391109210277 1.2497142635638727e-10 1
3 56 91 1014.3032344561777 1.2527608223894307e-10 1
3 56 92 1017.4879878741477 1.255046323430792e-10 1
3 56 93 1020.7226680499277 1.2565546935426987e-10 1
3 56 94 1025.7049678546177 1.2576125813431568e-10 1
3 56 95 1025.7049678546177 1.2580806272237224e-10 1
3 56 96 1027.9177974444676 1.2581628801164814e-10 1
3 56 97 1030.1740230303976 1.2579696783469923e-10 1
3 56 98 1030.5493282061777 1.2575319259457552e-10 1
3 56 99 1031.5111812335276 1.2569882898176527e-10 1
3 56 100 1033.0214961749277 1.2585847129815047e-10 1
3 56 101 1034.5275386553976 1.2721117947159413e-10 1
3 56 102 1037.4177974444676 1.3160907972955489e-10 1
3 56 103 1040.3575557452477 1.3266557893416811e-10 1
3 56 104 1042.7575191241476 1.2326466278831854e-10 1
3 56 105 1047.1496700030577 1.119193530345604e-10 1
3 57 32 990.4189571124277 9.201583040010168e-11 1
3 57 33 992.6958125811777 9.182292293909261e-11 1
3 57 34 991.3971065264977 9.157084843133434e-11 1
3 57 35 991.3971065264977 9.131010309773213e-11 1
3 57 36 989.1079219561777 9.095152438669302e-11 1
3 57 37 988.0538448077477 9.050216275248696e-11 1
3 57 38 990.9233516436777 8.999257653028161e-11 1
3 57 39 992.0824092608677 8.940074910865597e-11 1
3 57 40 992.0824092608677 8.875440789806736e-11 1
3 57 41 991.9095576983677 8.809793778098304e-11 1
3 57 42 991.3880122882177 8.743025867901864e-11 1
3 57 43 989.8363765460277 8.677949557269574e-11 1
3 57 44 992.9475215655577 8.61457856381387e-11 1
3 57 45 992.9475215655577 8.555248985611803e-11 1
3 57 46 994.6494868975877 8.497949291038883e-11 1
3 57 47 993.8460201007177 8.442986816498019e-11 1
3 57 48 989.9445308428977 8.389477347311403e-11 1
3 57 49 992.5956538897777 8.339986258133116e-11 1
3 57 50 992.5956538897777 8.295100752508871e-11 1
3 57 51 995.0090450030577 8.257084932673986e-11 1
3 57 52 998.4428218585277 8.230237438203943e-11 1
3 57 53 1001.3710445147777 8.219004679626044e-11 1
3 57 54 1001.6062129718077 8.225021785492947e-11 1
3 57 55 1001.6062129718077 8.248103061410693e-11 1
3 57 56 1002.6659663897777 8.286349787163746e-11 1
3 57 57 1002.5057491046177 8.339575712307635e-11 1
3 57 58 1003.8082393389977 8.409560252077812e-11 1
3 57 59 1004.8199580889977 8.494335617842267e-11 1
3 57 60 1004.8199580889977 8.589661112039088e-11 1
3 57 61 1006.0687984210277 8.693207703502944e-11 1
3 57 62 1006.7332881671177 8.80408656386844e-11 1
3 57 63 1007.8592036944677 8.92077018879704e-11 1
3 57 64 1011.5704463702477 9.040999543287011e-11 1
3 57 65 1011.5704463702477 9.164613603571873e-11 1
3 57 66 1013.4584468585277 9.29003127095801e-11 1
3 57 67 1014.1711543780577 9.421827231370469e-11 1
3 57 68 1014.8217281085277 9.559967235225166e-11 1
3 57 69 1014.5909541827477 9.704761672304224e-11 1
3 57 70 1014.5909541827477 9.859290964369965e-11 1
3 57 71 1013.5581172686777 1.0016503104790974e-10 1
3 57 72 1011.9613155108677 1.0170248723120288e-10 1
3 57 73 1009.6127437335277 1.0318951926017055e-10 1
3 57 74 1007.3708003741477 1.0463388053823188e-10 1
3 57 75 1007.3708003741477 1.060502707865501e-10 1
3 57 76 1008.8481563311777 1.0741968723967701e-10 1
3 57 77 1008.1488765460277 1.0873909082090059e-10 1
3 57 78 1007.0578731280577 1.099953786252491e-10 1
3 57 79 1012.4472163897777 1.1121172831614568e-10 1
3 57 80 1012.4472163897777 1.1234170622069179e-10 1
3 57 81 1014.6909297686777 1.1340091437943294e-10 1
3 57 82 1017.7669795733677 1.1526542213216281e-10 1
3 57 83 1019.9583858233677 1.1612209333744557e-10 1
3 57 84 1025.1613277178976 1.1685318731439028e-10 1
3 57 85 1025.1613277178976 1.1746918575837356e-10 1
3 57 86 1026.3534663897776 1.1798711136276108e-10 1
3 57 87 1027.0373042803976 1.1841679691381569e-10 1
3 57 88 1028.0147212725876 1.1875959861372035e-10 1
3 57 89 1028.9384883624277 1.1875959861372035e-10 1
3 57 90 1028.9384883624277 1.2076016845541178e-10 1
3 57 91 1030.0770381671177 1.2094279872147872e-10 1
3 58 24 986.0118526202477 9.849946768491547e-11 1
3 58 25 987.3181270343077 1.0069703659704535e-10 1
3 58 26 990.3709224444677 1.0160733099324496e-10 1
3 58 27 993.9960445147777 1.0079146073551606e-10 1
3 58 28 998.0147212725877 9.697546725219969e-11 1
3 58 29 999.8542598468077 9.196729661597917e-11 1
3 58 30 1003.1492427569677 9.072648573170657e-11 1
3 58 31 1005.0631831866477 9.106896836082179e-11 1
3 58 32 1005.6815303546177 9.111471083729061e-11 1
3 58 33 1007.3645137530577 9.107633546115708e-11 1
3 58 34 1007.9244502764977 9.102261923935008e-11 1
3 58 35 1007.9244502764977 9.119923740872182e-11 1
3 58 36 1008.0781978350877 9.104979007532319e-11 1
3 58 37 1008.4757198077477 9.08554016098168e-11 1
3 58 38 1009.7256587725877 9.06279278002368e-11 1
3 58 39 1009.9679683428977 9.037709295935844e-11 1
3 58 40 1009.9679683428977 9.011543565098674e-11 1
3 58 41 1010.3155635577477 8.944641247357788e-11 1
3 58 42 1010.8411983233677 9.02018241039616e-11 1
3 58 43 1011.3927730303977 8.901052259863657e-11 1
3 59 24 986.9341548663377 9.942954242019663e-11 1
3 59 25 989.0781978350877 1.0188492395087497e-10 1
3 59 26 991.5066035968077 1.0129407446047244e-10 1
