1 55 104 959.3339550518909 5.003528887733262e-11 1
1 55 105 979.9357006573609 4.364633795739214e-11 1
1 55 106 1003.4289867901709 3.341105817578202e-11 1
1 55 107 996.3857128643909 3.092874486475607e-11 1
1 56 79 938.9573681378309 6.804033975770371e-11 1
1 56 80 938.9573681378309 6.6712344508914e-11 1
1 56 81 941.9435741925209 6.246467613491871e-11 1
1 56 82 944.7513744854909 5.895601245907813e-11 1
1 56 83 946.7496044659609 5.651751920138212e-11 1
1 56 84 953.6656200909609 5.093645689102921e-11 1
1 56 85 953.6656200909609 5.0454226857594435e-11 1
1 56 86 956.6789257550209 4.820877508154395e-11 1
1 56 87 961.0088818097109 4.549809269474973e-11 1
1 56 88 965.8871166729909 4.286018822992719e-11 1
1 56 89 975.5675976300209 3.865087448819795e-11 1
1 56 90 975.5675976300209 3.8495157877008866e-11 1
1 56 91 979.2317211651709 3.706043363541583e-11 1
1 56 92 982.4164745831409 3.589759399509956e-11 1
1 56 93 985.6511547589209 3.480493417740161e-11 1
1 56 94 990.6334545636109 3.330162732120486e-11 1
1 56 95 990.6334545636109 3.32577615610879e-11 1
1 56 96 992.8462841534609 3.2627579869768866e-11 1
1 56 97 995.1025097393909 3.2021501388601526e-11 1
1 56 98 995.4778149151709 3.191926014654935e-11 1
1 56 99 996.4396679425209 3.169120370473025e-11 1
1 56 100 997.9499828839209 3.136410779232521e-11 1
1 56 101 999.4560253643909 3.1058152311063874e-11 1
1 56 102 1002.3462841534609 3.0468451273472673e-11 1
1 56 103 1005.2860424542409 3.072673107452424e-11 1
1 56 104 1007.6860058331409 3.246600125631509e-11 1
1 56 105 1012.0781567120509 3.388855909503504e-11 1
1 57 32 955.3474438214209 6.87938865773912e-11 1
1 57 33 957.6242992901709 6.749445426878218e-11 1
1 57 34 956.3255932354909 7.006531957469707e-11 1
1 57 35 956.3255932354909 7.100576216133952e-11 1
1 57 36 954.0364086651709 7.516199308613712e-11 1
1 57 37 952.9823315167409 7.801254317924067e-11 1
1 57 38 955.8518383526709 7.516810785945479e-11 1
1 57 39 957.0108959698609 7.491334241863496e-11 1
1 57 40 957.0108959698609 7.634308277773833e-11 1
1 57 41 956.8380444073609 7.804704790562029e-11 1
1 57 42 956.3164989972109 8.034060558120399e-11 1
1 57 43 954.7648632550209 8.446646997152407e-11 1
1 57 44 957.8760082745509 8.055969595451032e-11 1
1 57 45 957.8760082745509 8.175935936706659e-11 1
1 57 46 959.5779736065809 8.006282125320897e-11 1
1 57 47 958.7745068097109 8.238579660445531e-11 1
1 57 48 954.8730175518909 9.074739519003257e-11 1
1 57 49 957.5241405987709 8.656016492700535e-11 1
1 57 50 957.5241405987709 8.745252307805675e-11 1
1 57 51 959.9375317120509 8.394561740418799e-11 1
1 57 52 963.3713085675209 7.90460670951744e-11 1
1 57 53 966.2995312237709 7.53524088631208e-11 1
1 57 54 966.5346996808009 7.54882572152884e-11 1
1 57 55 966.5346996808009 7.571211960150445e-11 1
1 57 56 967.5944530987709 7.415662191667217e-11 1
1 57 57 967.4342358136109 7.401485228882573e-11 1
1 57 58 968.7367260479909 7.167745465515695e-11 1
1 57 59 969.7484447979909 6.960746263849314e-11 1
1 57 60 969.7484447979909 6.862962116436678e-11 1
1 57 61 970.9972851300209 6.61285112912212e-11 1
1 57 62 971.6617748761109 6.428870669754727e-11 1
1 57 63 972.7876904034609 6.201094074052568e-11 1
1 57 64 976.4989330792409 5.7585513991909424e-11 1
1 57 65 976.4989330792409 5.6533457117314415e-11 1
1 57 66 978.3869335675209 5.4060869776699624e-11 1
1 57 67 979.0996410870509 5.2566725668574283e-11 1
1 57 68 979.7502148175209 5.1154233000519954e-11 1
1 57 69 979.5194408917409 5.0334928117086935e-11 1
1 57 70 979.5194408917409 4.937421666250664e-11 1
1 57 71 978.4866039776709 4.906237448834775e-11 1
1 57 72 976.8898022198609 4.9095433513136605e-11 1
1 57 73 974.5412304425209 4.9598184324459715e-11 1
1 57 74 972.2992870831409 5.0053164692274694e-11 1
1 57 75 972.2992870831409 4.913515735260925e-11 1
1 57 76 973.7766430401709 4.7418101096277715e-11 1
1 57 77 973.0773632550209 4.7005927261270395e-11 1
1 57 78 971.9863598370509 4.68348005790822e-11 1
1 57 79 977.3757030987709 4.340851473230615e-11 1
1 57 80 977.3757030987709 4.280265118713331e-11 1
1 57 81 979.6194164776709 4.126390158585803e-11 1
1 57 82 982.6954662823609 3.927681657374407e-11 1
1 57 83 984.8868725323609 3.8051155626186356e-11 1
1 57 84 990.0898144268909 3.592482187239519e-11 1
1 57 85 990.0898144268909 3.562153424365739e-11 1
1 57 86 991.2819530987709 3.4976727901912105e-11 1
1 57 87 991.9657909893909 3.452663122475002e-11 1
1 57 88 992.9432079815809 3.402314795106338e-11 1
1 57 89 993.8669750714209 3.375789977402536e-11 1
1 57 90 993.8669750714209 3.3301202199011177e-11 1
1 57 91 995.0055248761109 3.2850075914672475e-11 1
1 58 24 950.9403393292409 4.770294088069093e-11 1
1 58 25 952.2466137433009 4.7344283215779755e-11 1
1 58 26 955.2994091534609 4.693193993227221e-11 1
1 58 27 958.9245312237709 4.749434680231474e-11 1
1 58 28 962.9432079815809 4.9811836799052155e-11 1
1 58 29 964.7827465558009 5.4819500932797037e-11 1
1 58 30 968.0777294659609 5.5859995115651946e-11 1
1 58 31 969.9916698956409 5.601338179870128e-11 1
1 58 32 970.6100170636109 5.6813372132343854e-11 1
1 58 33 972.2930004620509 5.637252497285574e-11 1
1 58 34 972.8529369854909 5.6535426051492305e-11 1
1 58 35 972.8529369854909 5.7052618016632513e-11 1
1 58 36 973.0066845440809 5.747914784637585e-11 1
1 58 37 973.4042065167409 5.7725914651333224e-11 1
1 58 38 974.6541454815809 5.727464756113134e-11 1
1 58 39 974.8964550518909 5.7654969283703856e-11 1
1 58 40 974.8964550518909 5.823160247974893e-11 1
1 58 41 975.2440502667409 5.850107074027135e-11 1
1 58 42 975.7696850323609 5.8054771828346127e-11 1
1 58 43 976.3212597393909 5.887198559102295e-11 1
1 59 24 951.8626415753309 4.592504244857009e-11 1
1 59 25 954.0066845440809 4.520718696043973e-11 1
1 59 26 956.4350903058009 4.544323028587353e-11 1
