5 55 104 970.3658395143203 1.8372260423062438e-11 1
5 55 105 990.9675851197903 1.984564033334244e-11 1
5 55 106 1014.4608712526003 2.0534329000000472e-11 1
5 55 107 1007.4175973268203 2.1952718715721555e-11 1
5 56 79 949.9892526002603 1.0020482248458632e-11 1
5 56 80 949.9892526002603 1.0185222143759698e-11 1
5 56 81 952.9754586549503 1.0353140904696391e-11 1
5 56 82 955.7832589479203 1.0522515991026294e-11 1
5 56 83 957.7814889283903 1.0694181001144625e-11 1
5 56 84 964.6975045533903 1.0865354169971832e-11 1
5 56 85 964.6975045533903 1.1035238596841421e-11 1
5 56 86 967.7108102174503 1.1204755074438205e-11 1
5 56 87 972.0407662721403 1.1373548368175522e-11 1
5 56 88 976.9190011354203 1.1537502226478173e-11 1
5 56 89 986.5994820924503 1.1700128936264492e-11 1
5 56 90 986.5994820924503 1.1856838229305778e-11 1
5 56 91 990.2636056276003 1.2007093911450899e-11 1
5 56 92 993.4483590455703 1.2152843435368535e-11 1
5 56 93 996.6830392213503 1.2293584026110095e-11 1
5 56 94 1001.6653390260403 1.2424095230033501e-11 1
5 56 95 1001.6653390260403 1.2547428946740697e-11 1
5 56 96 1003.8781686158903 1.2660942093321015e-11 1
5 56 97 1006.1343942018203 1.2763950635535481e-11 1
5 56 98 1006.5096993776003 1.2878388617573299e-11 1
5 56 99 1007.4715524049503 1.301949906705244e-11 1
5 56 100 1008.9818673463503 1.3180530586286235e-11 1
5 56 101 1010.4879098268203 1.3389455824813566e-11 1
5 56 102 1013.3781686158903 1.3870949959786778e-11 1
5 56 103 1016.3179269166703 1.5018946707444842e-11 1
5 56 104 1018.7178902955703 1.6887979529096187e-11 1
5 56 105 1023.1100411744803 1.8809833717694135e-11 1
5 57 32 966.3793282838503 7.8472769779528e-12 1
5 57 33 968.6561837526003 7.821272425048337e-12 1
5 57 34 967.3574776979203 7.803611380741793e-12 1
5 57 35 967.3574776979203 7.788621829192087e-12 1
5 57 36 965.0682931276003 7.774795363989072e-12 1
5 57 37 964.0142159791703 7.762247519389707e-12 1
5 57 38 966.8837228151003 7.750460664094542e-12 1
5 57 39 968.0427804322903 7.740740118502473e-12 1
5 57 40 968.0427804322903 7.733223591696811e-12 1
5 57 41 967.8699288697903 7.728125194439856e-12 1
5 57 42 967.3483834596403 7.725877146482185e-12 1
5 57 43 965.7967477174503 7.726624841508825e-12 1
5 57 44 968.9078927369803 7.730485541544824e-12 1
5 57 45 968.9078927369803 7.737288156448678e-12 1
5 57 46 970.6098580690103 7.746901412735656e-12 1
5 57 47 969.8063912721403 7.758982341305278e-12 1
5 57 48 965.9049020143203 7.772444028004332e-12 1
5 57 49 968.5560250612003 7.78672084418307e-12 1
5 57 50 968.5560250612003 7.801008390035311e-12 1
5 57 51 970.9694161744803 7.807792136805232e-12 1
5 57 52 974.4031930299503 7.807152769620161e-12 1
5 57 53 977.3314156862003 7.796061218945337e-12 1
5 57 54 977.5665841432303 7.780712697657719e-12 1
5 57 55 977.5665841432303 7.766759978827352e-12 1
5 57 56 978.6263375612003 7.759315550083503e-12 1
5 57 57 978.4661202760403 7.759542560253826e-12 1
5 57 58 979.7686105104203 7.764996934507424e-12 1
5 57 59 980.7803292604203 7.777195682073385e-12 1
5 57 60 980.7803292604203 7.798966588574049e-12 1
5 57 61 982.0291695924503 7.830003961627755e-12 1
5 57 62 982.6936593385403 7.869520549271755e-12 1
5 57 63 983.8195748658903 7.9178651297985e-12 1
5 57 64 987.5308175416703 7.97623937063418e-12 1
5 57 65 987.5308175416703 8.042308394204849e-12 1
5 57 66 989.4188180299503 8.117713333465624e-12 1
5 57 67 990.1315255494803 8.198703340563599e-12 1
5 57 68 990.7820992799503 8.28666041135295e-12 1
5 57 69 990.5513253541703 8.381083078369089e-12 1
5 57 70 990.5513253541703 8.479668990358088e-12 1
5 57 71 989.5184884401003 8.58414941860395e-12 1
5 57 72 987.9216866822903 8.697732697749533e-12 1
5 57 73 985.5731149049503 8.820792449625822e-12 1
5 57 74 983.3311715455703 8.95308115971634e-12 1
5 57 75 983.3311715455703 9.093510260538158e-12 1
5 57 76 984.8085275026003 9.242046320070433e-12 1
5 57 77 984.1092477174503 9.398156501977538e-12 1
5 57 78 983.0182442994803 9.561624981948835e-12 1
5 57 79 988.4075875612003 9.72985786534169e-12 1
5 57 80 988.4075875612003 9.90507834198931e-12 1
5 57 81 990.6513009401003 1.0085024307856674e-11 1
5 57 82 993.7273507447903 1.031207171371261e-11 1
5 57 83 995.9187569947903 1.0502547271559205e-11 1
5 57 84 1001.1216988893203 1.0698480017892103e-11 1
5 57 85 1001.1216988893203 1.089843581104603e-11 1
5 57 86 1002.3138375612003 1.1100477820555986e-11 1
5 57 87 1002.9976754518203 1.1302788875541652e-11 1
5 57 88 1003.9750924440103 1.1504497016179679e-11 1
5 57 89 1004.8988595338503 1.1504497016179679e-11 1
5 57 90 1004.8988595338503 1.1832924223316503e-11 1
5 57 91 1006.0374093385403 1.2014890279977605e-11 1
5 58 24 961.9722237916703 8.396055338460146e-12 1
5 58 25 963.2784982057303 8.366170373170636e-12 1
5 58 26 966.3312936158903 8.333350066139275e-12 1
5 58 27 969.9564156862003 8.254824535017892e-12 1
5 58 28 973.9750924440103 8.131890057293443e-12 1
5 58 29 975.8146310182303 8.016367056711579e-12 1
5 58 30 979.1096139283903 7.936908412684573e-12 1
5 58 31 981.0235543580703 7.863167216582545e-12 1
5 58 32 981.6419015260403 7.805218345762342e-12 1
5 58 33 983.3248849244803 7.765220841284987e-12 1
5 58 34 983.8848214479203 7.738672714637476e-12 1
5 58 35 983.8848214479203 7.693197138763542e-12 1
5 58 36 984.0385690065103 7.67371265145107e-12 1
5 58 37 984.4360909791703 7.655207295435164e-12 1
5 58 38 985.6860299440103 7.637814500729356e-12 1
5 58 39 985.9283395143203 7.621586198434921e-12 1
5 58 40 985.9283395143203 7.606658147246865e-12 1
5 58 41 986.2759347291703 7.606658147246865e-12 1
5 58 42 986.8015694947903 7.571453163070964e-12 1
5 58 43 987.3531442018203 7.562580596769575e-12 1
5 59 24 962.8945260377603 8.783002766800983e-12 1
5 59 25 965.0385690065103 8.698866649278383e-12 1
5 59 26 967.4669747682303 8.682438385237923e-12 1
