6 55 104 956.5759839362836 1.5948830593746977e-11 1
6 55 105 977.1777295417536 1.5515957230795964e-11 1
6 55 106 1000.6710156745636 1.5391139532506605e-11 1
6 55 107 993.6277417487836 1.537143009935029e-11 1
6 56 79 936.1993970222236 1.9224198535674538e-11 1
6 56 80 936.1993970222236 1.9136398023699248e-11 1
6 56 81 939.1856030769136 1.9050903394055262e-11 1
6 56 82 941.9934033698836 1.8967817993001293e-11 1
6 56 83 943.9916333503536 1.888767451398516e-11 1
6 56 84 950.9076489753536 1.8810338331618962e-11 1
6 56 85 950.9076489753536 1.873598161632089e-11 1
6 56 86 953.9209546394136 1.8664827624221123e-11 1
6 56 87 958.2509106941036 1.8596995626555464e-11 1
6 56 88 963.1291455573836 1.8532434661406764e-11 1
6 56 89 972.8096265144136 1.8471394744736877e-11 1
6 56 90 972.8096265144136 1.8413750150456002e-11 1
6 56 91 976.4737500495636 1.835953363943053e-11 1
6 56 92 979.6585034675336 1.8308789383961913e-11 1
6 56 93 982.8931836433136 1.826142405662627e-11 1
6 56 94 987.8754834480036 1.8217226313569886e-11 1
6 56 95 987.8754834480036 1.8175988725707517e-11 1
6 56 96 990.0883130378536 1.8137613248881056e-11 1
6 56 97 992.3445386237836 1.8101826364244083e-11 1
6 56 98 992.7198437995636 1.8060144434593378e-11 1
6 56 99 993.6816968269136 1.80027735851613e-11 1
6 56 100 995.1920117683136 1.79200698744298e-11 1
6 56 101 996.6980542487836 1.7770977948788172e-11 1
6 56 102 999.5883130378536 1.741711457506789e-11 1
6 56 103 1002.5280713386336 1.6764812720956176e-11 1
6 56 104 1004.9280347175336 1.6047177762356847e-11 1
6 56 105 1009.3201855964436 1.5558752118567038e-11 1
6 57 32 952.5894727058136 2.1578257337981045e-11 1
6 57 33 954.8663281745636 2.150449745694189e-11 1
6 57 34 953.5676221198836 2.145783283946e-11 1
6 57 35 953.5676221198836 2.142228225029523e-11 1
6 57 36 951.2784375495636 2.1388170124577808e-11 1
6 57 37 950.2243604011336 2.1355348534898063e-11 1
6 57 38 953.0938672370636 2.132438497095449e-11 1
6 57 39 954.2529248542536 2.1294870730530583e-11 1
6 57 40 954.2529248542536 2.1266808368320424e-11 1
6 57 41 954.0800732917536 2.124070358892106e-11 1
6 57 42 953.5585278816036 2.121614644603715e-11 1
6 57 43 952.0068921394136 2.119319629358966e-11 1
6 57 44 955.1180371589436 2.117209075845474e-11 1
6 57 45 955.1180371589436 2.11524383402279e-11 1
6 57 46 956.8200024909736 2.113421584946514e-11 1
6 57 47 956.0165356941036 2.111712353222825e-11 1
6 57 48 952.1150464362836 2.110081554842719e-11 1
6 57 49 954.7661694831636 2.108505049487258e-11 1
6 57 50 954.7661694831636 2.1069430000893793e-11 1
6 57 51 957.1795605964436 2.105305373956626e-11 1
6 57 52 960.6133374519136 2.1035800696031858e-11 1
6 57 53 963.5415601081636 2.101711131375225e-11 1
6 57 54 963.7767285651936 2.0995105759224197e-11 1
6 57 55 963.7767285651936 2.096823567679889e-11 1
6 57 56 964.8364819831636 2.093526639953873e-11 1
6 57 57 964.6762646980036 2.0896368757282708e-11 1
6 57 58 965.9787549323836 2.0851611266942135e-11 1
6 57 59 966.9904736823836 2.080138544706949e-11 1
6 57 60 966.9904736823836 2.0745978711045157e-11 1
6 57 61 968.2393140144136 2.068585599964501e-11 1
6 57 62 968.9038037605036 2.0621287280447957e-11 1
6 57 63 970.0297192878536 2.0552445141949216e-11 1
6 57 64 973.7409619636336 2.0480248789995575e-11 1
6 57 65 973.7409619636336 2.0404524010683544e-11 1
6 57 66 975.6289624519136 2.032630593691193e-11 1
6 57 67 976.3416699714436 2.02452669273457e-11 1
6 57 68 976.9922437019136 2.016239662265706e-11 1
6 57 69 976.7614697761336 2.0078130565728625e-11 1
6 57 70 976.7614697761336 1.999227832496595e-11 1
6 57 71 975.7286328620636 1.9905319391323423e-11 1
6 57 72 974.1318311042536 1.9818284302608948e-11 1
6 57 73 971.7832593269136 1.9730884895454555e-11 1
6 57 74 969.5413159675336 1.964354158648789e-11 1
6 57 75 969.5413159675336 1.9556342392062637e-11 1
6 57 76 971.0186719245636 1.9470186750969176e-11 1
6 57 77 970.3193921394136 1.938502667521068e-11 1
6 57 78 969.2283887214436 1.9301436631039005e-11 1
6 57 79 974.6177319831636 1.921887970069212e-11 1
6 57 80 974.6177319831636 1.9138538028456012e-11 1
6 57 81 976.8614453620636 1.9059647352308046e-11 1
6 57 82 979.9374951667536 1.8963906768507707e-11 1
6 57 83 982.1289014167536 1.888957456087118e-11 1
6 57 84 987.3318433112836 1.8817859623521877e-11 1
6 57 85 987.3318433112836 1.874880023527558e-11 1
6 57 86 988.5239819831636 1.8682509093811647e-11 1
6 57 87 989.2078198737836 1.861911277382051e-11 1
6 57 88 990.1852368659736 1.8558730611823738e-11 1
6 57 89 991.1090039558136 1.8558730611823738e-11 1
6 57 90 991.1090039558136 1.8437172779287678e-11 1
6 57 91 992.2475537605036 1.8385227406938076e-11 1
6 58 24 948.1823682136336 2.386018331587628e-11 1
6 58 25 949.4886426276936 2.3564554038835564e-11 1
6 58 26 952.5414380378536 2.320291744451702e-11 1
6 58 27 956.1665601081636 2.279514694740835e-11 1
6 58 28 960.1852368659736 2.2368287455648365e-11 1
6 58 29 962.0247754401936 2.196721571016403e-11 1
6 58 30 965.3197583503536 2.1673768315776346e-11 1
6 58 31 967.2336987800336 2.14994500310011e-11 1
6 58 32 967.8520459480036 2.1394503475326868e-11 1
6 58 33 969.5350293464436 2.132976523913669e-11 1
6 58 34 970.0949658698836 2.128899671677164e-11 1
6 58 35 970.0949658698836 2.1266301563139222e-11 1
6 58 36 970.2487134284736 2.1236270030112594e-11 1
6 58 37 970.6462354011336 2.1207558428706692e-11 1
6 58 38 971.8961743659736 2.1180046880761307e-11 1
6 58 39 972.1384839362836 2.1153726352715395e-11 1
6 58 40 972.1384839362836 2.1128697223795288e-11 1
6 58 41 972.4860791511336 2.1128697223795288e-11 1
6 58 42 973.0117139167536 2.109971851373463e-11 1
6 58 43 973.5632886237836 2.107781288102103e-11 1
6 59 24 949.1046704597236 2.3491138131591726e-11 1
6 59 25 951.2487134284736 2.324284008382704e-11 1
6 59 26 953.6771191901936 2.294209550361443e-11 1
