5 19 27 991.217194653199 5.1003088278201924e-11 1
5 20 17 914.450409985239 1.8495888104119526e-11 1
5 20 18 922.328705883669 1.8255565855051855e-11 1
5 20 19 929.757783032109 1.8433970252612886e-11 1
5 20 20 941.054413891489 1.9627136506441836e-11 1
5 20 21 945.639252758669 2.191107033014144e-11 1
5 20 22 965.261567211799 2.4902343258559568e-11 1
5 20 23 994.233796215699 2.7745815462468582e-11 1
5 20 24 1006.141205883669 2.946467908827323e-11 1
5 20 25 1010.139985180549 3.07448840775889e-11 1
5 20 26 1015.689118481329 3.5180985623983445e-11 1
5 20 27 1025.833405590699 4.582602358491166e-11 1
5 21 11 959.877839184449 1.9074575773860805e-11 1
5 21 12 966.015900707889 1.91218879265004e-11 1
5 21 13 972.858246899299 1.8789733029720065e-11 1
5 21 14 977.525849438359 1.8010091103290164e-11 1
5 21 15 980.794648266489 1.7607359325968274e-11 1
5 21 16 985.357819653199 1.718508262664105e-11 1
5 21 17 988.787690258669 1.6968323058202036e-11 1
5 21 18 991.879731274299 1.6881594372801875e-11 1
