2 55 104 979.0719722150808 1.2882203858808065e-10 1
2 55 105 999.6737178205508 1.1898291960161562e-10 1
2 55 106 1023.1670039533608 1.292073155228986e-10 1
2 55 107 1016.1237300275808 1.6860563836846748e-10 1
2 56 79 958.6953853010208 1.1541024505989865e-10 1
2 56 80 958.6953853010208 1.168150609367819e-10 1
2 56 81 961.6815913557108 1.1811754666156431e-10 1
2 56 82 964.4893916486808 1.1931390892623914e-10 1
2 56 83 966.4876216291508 1.2039757164077744e-10 1
2 56 84 973.4036372541508 1.2136722787339685e-10 1
2 56 85 973.4036372541508 1.2222203215407405e-10 1
2 56 86 976.4169429182108 1.2296684860873398e-10 1
2 56 87 980.7468989729008 1.236041456871767e-10 1
2 56 88 985.6251338361808 1.241459056051941e-10 1
2 56 89 995.3056147932108 1.2459607990951078e-10 1
2 56 90 995.3056147932108 1.2497142635638727e-10 1
2 56 91 998.9697383283608 1.2527608223894353e-10 1
2 56 92 1002.1544917463308 1.255046323430792e-10 1
2 56 93 1005.3891719221108 1.2565546935426987e-10 1
2 56 94 1010.3714717268008 1.2576125813431524e-10 1
2 56 95 1010.3714717268008 1.2580806272237224e-10 1
2 56 96 1012.5843013166508 1.2581628801164767e-10 1
2 56 97 1014.8405269025808 1.2579696783469923e-10 1
2 56 98 1015.2158320783608 1.2575319259457552e-10 1
2 56 99 1016.1776851057108 1.2569882898176574e-10 1
2 56 100 1017.6880000471108 1.2585847129815094e-10 1
2 56 101 1019.1940425275808 1.2721117947159413e-10 1
2 56 102 1022.0843013166508 1.3160907972955489e-10 1
2 56 103 1025.0240596174308 1.3266557893416811e-10 1
2 56 104 1027.424022996331 1.2326466278831854e-10 1
2 56 105 1031.8161738752408 1.1191935303456004e-10 1
2 57 32 975.0854609846108 9.201583040010145e-11 1
2 57 33 977.3623164533608 9.182292293909261e-11 1
2 57 34 976.0636103986808 9.157084843133458e-11 1
2 57 35 976.0636103986808 9.131010309773213e-11 1
2 57 36 973.7744258283608 9.095152438669302e-11 1
2 57 37 972.7203486799308 9.050216275248719e-11 1
2 57 38 975.5898555158608 8.999257653028161e-11 1
2 57 39 976.7489131330508 8.940074910865597e-11 1
2 57 40 976.7489131330508 8.875440789806736e-11 1
2 57 41 976.5760615705508 8.809793778098304e-11 1
2 57 42 976.0545161604008 8.743025867901864e-11 1
2 57 43 974.5028804182108 8.677949557269574e-11 1
2 57 44 977.6140254377408 8.61457856381387e-11 1
2 57 45 977.6140254377408 8.555248985611782e-11 1
2 57 46 979.3159907697708 8.497949291038863e-11 1
2 57 47 978.5125239729008 8.442986816498e-11 1
2 57 48 974.6110347150808 8.389477347311403e-11 1
2 57 49 977.2621577619608 8.339986258133116e-11 1
2 57 50 977.2621577619608 8.295100752508871e-11 1
2 57 51 979.6755488752408 8.257084932673986e-11 1
2 57 52 983.1093257307108 8.230237438203943e-11 1
2 57 53 986.0375483869608 8.219004679626044e-11 1
2 57 54 986.2727168439908 8.225021785492928e-11 1
2 57 55 986.2727168439908 8.248103061410713e-11 1
2 57 56 987.3324702619608 8.286349787163746e-11 1
2 57 57 987.1722529768008 8.339575712307654e-11 1
2 57 58 988.4747432111808 8.409560252077812e-11 1
2 57 59 989.4864619611808 8.494335617842267e-11 1
2 57 60 989.4864619611808 8.589661112039067e-11 1
2 57 61 990.7353022932108 8.693207703502966e-11 1
2 57 62 991.3997920393008 8.80408656386844e-11 1
2 57 63 992.5257075666508 8.920770188797063e-11 1
2 57 64 996.2369502424308 9.040999543286987e-11 1
2 57 65 996.2369502424308 9.164613603571849e-11 1
2 57 66 998.1249507307108 9.29003127095801e-11 1
2 57 67 998.8376582502408 9.421827231370469e-11 1
2 57 68 999.4882319807108 9.559967235225166e-11 1
2 57 69 999.2574580549308 9.704761672304198e-11 1
2 57 70 999.2574580549308 9.859290964369992e-11 1
2 57 71 998.2246211408608 1.0016503104790974e-10 1
2 57 72 996.6278193830508 1.0170248723120288e-10 1
2 57 73 994.2792476057108 1.0318951926017026e-10 1
2 57 74 992.0373042463308 1.0463388053823188e-10 1
2 57 75 992.0373042463308 1.0605027078655042e-10 1
2 57 76 993.5146602033608 1.0741968723967701e-10 1
2 57 77 992.8153804182108 1.0873909082090025e-10 1
2 57 78 991.7243770002408 1.099953786252491e-10 1
2 57 79 997.1137202619608 1.1121172831614568e-10 1
2 57 80 997.1137202619608 1.1234170622069179e-10 1
2 57 81 999.3574336408608 1.1340091437943332e-10 1
2 57 82 1002.4334834455508 1.1526542213216281e-10 1
2 57 83 1004.6248896955508 1.1612209333744519e-10 1
2 57 84 1009.8278315900808 1.1685318731439067e-10 1
2 57 85 1009.8278315900808 1.1746918575837317e-10 1
2 57 86 1011.0199702619608 1.179871113627607e-10 1
2 57 87 1011.7038081525808 1.1841679691381569e-10 1
2 57 88 1012.6812251447708 1.1875959861371993e-10 1
2 57 89 1013.6049922346108 1.1875959861371993e-10 1
2 57 90 1013.6049922346108 1.2076016845541137e-10 1
2 57 91 1014.7435420393008 1.2094279872147872e-10 1
2 58 24 970.6783564924308 9.849946768491547e-11 1
2 58 25 971.9846309064908 1.0069703659704535e-10 1
2 58 26 975.0374263166508 1.0160733099324526e-10 1
2 58 27 978.6625483869608 1.0079146073551636e-10 1
2 58 28 982.6812251447708 9.697546725219942e-11 1
2 58 29 984.5207637189908 9.196729661597941e-11 1
2 58 30 987.8157466291508 9.072648573170657e-11 1
2 58 31 989.7296870588308 9.106896836082203e-11 1
2 58 32 990.3480342268008 9.111471083729038e-11 1
2 58 33 992.0310176252408 9.107633546115684e-11 1
2 58 34 992.5909541486808 9.102261923935008e-11 1
2 58 35 992.5909541486808 9.119923740872158e-11 1
2 58 36 992.7447017072708 9.104979007532319e-11 1
2 58 37 993.1422236799308 9.08554016098168e-11 1
2 58 38 994.3921626447708 9.062792780023656e-11 1
2 58 39 994.6344722150808 9.037709295935868e-11 1
2 58 40 994.6344722150808 9.011543565098674e-11 1
2 58 41 994.9820674299308 8.944641247357811e-11 1
2 58 42 995.5077021955508 9.020182410396183e-11 1
2 58 43 996.0592769025808 8.901052259863635e-11 1
2 59 24 971.6006587385208 9.942954242019663e-11 1
2 59 25 973.7447017072708 1.0188492395087527e-10 1
2 59 26 976.1731074689908 1.0129407446047214e-10 1
