3 98 267 972.9565813451471 1.3008478458616857e-10 1
3 98 268 992.6758806615471 1.1932245759540626e-10 1
3 98 269 1014.9628679662371 1.2705867499591648e-10 1
3 98 270 1009.1258928685771 1.6910120221127004e-10 1
3 99 206 951.6975481420171 1.1546178451676919e-10 1
3 99 207 951.6975481420171 1.1589315955349976e-10 1
3 99 208 951.6975481420171 1.1630712418426423e-10 1
3 99 209 951.6975481420171 1.1672405673865577e-10 1
3 99 210 954.6837541967071 1.171393618417115e-10 1
3 99 211 954.6837541967071 1.1752089963957373e-10 1
3 99 212 954.6837541967071 1.179049309935191e-10 1
3 99 213 954.6837541967071 1.182917208914703e-10 1
3 99 214 957.4915544896771 1.186507919391163e-10 1
3 99 215 957.4915544896771 1.1900182286706076e-10 1
3 99 216 957.4915544896771 1.1935493702342845e-10 1
3 99 217 957.4915544896771 1.196929472266992e-10 1
3 99 218 957.4915544896771 1.200096871702103e-10 1
3 99 219 959.4897844701471 1.203281079208776e-10 1
3 99 220 959.4897844701471 1.2064453152284202e-10 1
3 99 221 959.4897844701471 1.209268269679086e-10 1
3 99 222 959.4897844701471 1.2121044659439415e-10 1
3 99 223 966.4058000951471 1.214953997413402e-10 1
3 99 224 966.4058000951471 1.2175210164589174e-10 1
3 99 225 966.4058000951471 1.220010678863726e-10 1
3 99 226 966.4058000951471 1.2225105441639028e-10 1
3 99 227 969.4191057592071 1.2248692530820459e-10 1
3 99 228 969.4191057592071 1.2270297995130627e-10 1
3 99 229 969.4191057592071 1.2291963591034491e-10 1
3 99 230 969.4191057592071 1.2313385176632579e-10 1
3 99 231 973.7490618138971 1.233177740309194e-10 1
3 99 232 973.7490618138971 1.235022465585274e-10 1
3 99 233 973.7490618138971 1.2368785020404243e-10 1
3 99 234 973.7490618138971 1.2385263183694656e-10 1
3 99 235 978.6272966771771 1.2400811508832518e-10 1
3 99 236 978.6272966771771 1.241639892143797e-10 1
3 99 237 978.6272966771771 1.2430863462356169e-10 1
3 99 238 978.6272966771771 1.2443800481086801e-10 1
3 99 239 988.3077776342071 1.2456764455437546e-10 1
3 99 240 988.3077776342071 1.246983910063359e-10 1
3 99 241 988.3077776342071 1.2480518244228492e-10 1
3 99 242 988.3077776342071 1.249121569469293e-10 1
3 99 243 988.3077776342071 1.2502196516147748e-10 1
3 99 244 991.9719011693571 1.2511879056883623e-10 1
3 99 245 991.9719011693571 1.2520222442076652e-10 1
3 99 246 991.9719011693571 1.252857696205245e-10 1
3 99 247 991.9719011693571 1.2536487718396844e-10 1
3 99 248 995.1566545873271 1.254298856313547e-10 1
3 99 249 995.1566545873271 1.2549127532669332e-10 1
3 99 250 995.1566545873271 1.255507805249834e-10 1
3 99 251 995.1566545873271 1.2559156263133385e-10 1
3 99 252 998.3913347631071 1.2563237124043707e-10 1
3 99 253 998.3913347631071 1.2567915957787715e-10 1
3 99 254 998.3913347631071 1.257176906216789e-10 1
3 99 255 998.3913347631071 1.2574081046233398e-10 1
3 99 256 1003.3736345677971 1.257639388081625e-10 1
3 99 257 1003.3736345677971 1.2578453829493481e-10 1
3 99 258 1003.3736345677971 1.2579884593003943e-10 1
3 99 259 1005.5864641576471 1.2581579011844608e-10 1
3 99 260 1005.5864641576471 1.2581582563846654e-10 1
3 99 261 1007.8426897435771 1.2578432138541148e-10 1
3 99 262 1009.1798479467071 1.2571675366281306e-10 1
3 99 263 1010.2987444310771 1.2576868016860837e-10 1
3 99 264 1012.1962053685771 1.2686519989842164e-10 1
3 99 265 1015.0864641576471 1.3107624407839333e-10 1
3 99 266 1018.0262224584271 1.3268132564080683e-10 1
3 99 267 1020.0889055638971 1.2499022560263224e-10 1
3 99 268 1024.8183367162371 1.1289227896464085e-10 1
3 100 43 967.8900530248271 9.20307505638905e-11 1
3 100 44 968.0876238256071 9.202700789361159e-11 1
3 100 45 968.0876238256071 9.201939063792692e-11 1
3 100 46 968.0876238256071 9.200895915530837e-11 1
3 100 47 968.0876238256071 9.197746396964252e-11 1
3 100 48 970.5312883763971 9.194745238606351e-11 1
3 100 49 970.5312883763971 9.192241974031348e-11 1
3 100 50 970.5312883763971 9.189576359432864e-11 1
3 100 51 970.5312883763971 9.1853337398168e-11 1
3 100 52 970.3644792943571 9.18109503583604e-11 1
3 100 53 970.3644792943571 9.176007439047549e-11 1
3 100 54 970.3644792943571 9.168533053420357e-11 1
3 100 55 970.3644792943571 9.162453315984865e-11 1
3 100 56 969.0657732396771 9.156381636264314e-11 1
3 100 57 969.0657732396771 9.149378993670739e-11 1
3 100 58 969.0657732396771 9.141130410742316e-11 1
3 100 59 969.0657732396771 9.132896687365594e-11 1
3 100 60 966.7765886693571 9.123012778722029e-11 1
3 100 61 966.7765886693571 9.112100849218794e-11 1
3 100 62 966.7765886693571 9.101214991795041e-11 1
3 100 63 966.7765886693571 9.089595926776974e-11 1
3 100 64 965.7225115209271 9.075399593526325e-11 1
3 100 65 965.7225115209271 9.062016037789816e-11 1
3 100 66 965.7225115209271 9.048671897574906e-11 1
3 100 67 965.7225115209271 9.034280638462287e-11 1
3 100 68 965.7225115209271 9.018483693255128e-11 1
3 100 69 968.5920183568571 9.002741895305121e-11 1
3 100 70 968.5920183568571 8.985848547027302e-11 1
3 100 71 968.5920183568571 8.967869146550803e-11 1
3 100 72 968.5920183568571 8.949961550831875e-11 1
3 100 73 969.7510759740471 8.931599796959878e-11 1
3 100 74 969.7510759740471 8.911767160419555e-11 1
3 100 75 969.7510759740471 8.892449870721015e-11 1
3 100 76 969.7510759740471 8.87321614482335e-11 1
3 100 77 969.5782244115471 8.853726622797459e-11 1
3 100 78 969.5782244115471 8.833870323190186e-11 1
3 100 79 969.5782244115471 8.814102887943014e-11 1
3 100 80 969.5782244115471 8.794055289590936e-11 1
3 100 81 969.0566790013971 8.77397558097687e-11 1
3 100 82 969.0566790013971 8.753987360568557e-11 1
3 100 83 969.0566790013971 8.734175651935977e-11 1
3 100 84 969.0566790013971 8.714979327052493e-11 1
3 100 85 967.5050432592071 8.695286391019452e-11 1
3 100 86 967.5050432592071 8.675682253219042e-11 1
3 100 87 967.5050432592071 8.656381734291715e-11 1
3 100 88 967.5050432592071 8.637454436079603e-11 1
3 100 89 970.6161882787371 8.618609726883344e-11 1
3 100 90 970.6161882787371 8.600796033546751e-11 1
3 100 91 970.6161882787371 8.583304791424611e-11 1
3 100 92 970.6161882787371 8.565192363380295e-11 1
3 100 93 970.6161882787371 8.547156215800278e-11 1
3 100 94 972.3181536107671 8.530420116312333e-11 1
3 100 95 972.3181536107671 8.513155281180936e-11 1
3 100 96 972.3181536107671 8.495960189970546e-11 1
3 100 97 972.3181536107671 8.479398959020542e-11 1
3 100 98 971.5146868138971 8.46308268070506e-11 1
3 100 99 971.5146868138971 8.446569127646752e-11 1
3 100 100 971.5146868138971 8.430155022764318e-11 1
3 100 101 971.5146868138971 8.41414227826948e-11 1
3 100 102 967.6131975560771 8.398190249591188e-11 1
3 100 103 967.6131975560771 8.38275986009926e-11 1
3 100 104 967.6131975560771 8.367865429963788e-11 1
3 100 105 967.6131975560771 8.353030334882028e-11 1
3 100 106 970.2643206029571 8.338339279991681e-11 1
3 100 107 970.2643206029571 8.3245091973513e-11 1
3 100 108 970.2643206029571 8.311216787047582e-11 1
3 100 109 970.2643206029571 8.297974645166156e-11 1
3 100 110 972.6777117162371 8.284982488123168e-11 1
3 100 111 972.6777117162371 8.274030940741684e-11 1
3 100 112 972.6777117162371 8.26310830785965e-11 1
3 100 113 972.6777117162371 8.252022557601672e-11 1
3 100 114 976.1114885717071 8.243838522263838e-11 1
3 100 115 976.1114885717071 8.236633522429471e-11 1
3 100 116 976.1114885717071 8.229322143959495e-11 1
3 100 117 976.1114885717071 8.223739041203815e-11 1
3 100 118 976.1114885717071 8.221533452288715e-11 1
3 100 119 979.0397112279571 8.2194562286491e-11 1
3 100 120 979.0397112279571 8.217836499519407e-11 1
3 100 121 979.0397112279571 8.220622802457092e-11 1
3 100 122 979.0397112279571 8.22341099545851e-11 1
3 100 123 979.2748796849871 8.226926012188892e-11 1
3 100 124 979.2748796849871 8.23466775610226e-11 1
3 100 125 979.2748796849871 8.241793133299625e-11 1
3 100 126 979.2748796849871 8.248930852214103e-11 1
3 100 127 980.3346331029571 8.258878015655877e-11 1
3 100 128 980.3346331029571 8.271517519253091e-11 1
3 100 129 980.3346331029571 8.283696700619482e-11 1
3 100 130 980.3346331029571 8.296343136415299e-11 1
3 100 131 980.1744158177971 8.313205526269363e-11 1
3 100 132 980.1744158177971 8.330136601636516e-11 1
3 100 133 980.1744158177971 8.347960629369358e-11 1
3 100 134 980.1744158177971 8.368765066491402e-11 1
3 100 135 981.4769060521771 8.390331183700484e-11 1
3 100 136 981.4769060521771 8.412234868738978e-11 1
3 100 137 981.4769060521771 8.436822662109232e-11 1
3 100 138 981.4769060521771 8.462828564279711e-11 1
3 100 139 982.4886248021771 8.488690957279861e-11 1
3 100 140 982.4886248021771 8.515041161373065e-11 1
3 100 141 982.4886248021771 8.544462807641195e-11 1
3 100 142 982.4886248021771 8.573553659692026e-11 1
3 100 143 982.4886248021771 8.602843276442124e-11 1
3 100 144 983.7374651342071 8.633673911862984e-11 1
3 100 145 983.7374651342071 8.665151359521594e-11 1
3 100 146 983.7374651342071 8.696972932253643e-11 1
3 100 147 983.7374651342071 8.7297951545613e-11 1
3 100 148 984.4019548802971 8.763129808349901e-11 1
3 100 149 984.4019548802971 8.796720014185939e-11 1
3 100 150 984.4019548802971 8.831089430653569e-11 1
3 100 151 984.4019548802971 8.866217007725847e-11 1
3 100 152 985.5278704076471 8.901318171193336e-11 1
3 100 153 985.5278704076471 8.936698368861802e-11 1
3 100 154 985.5278704076471 8.972544528405388e-11 1
3 100 155 985.5278704076471 9.00873767539317e-11 1
3 100 156 989.2391130834271 9.04528567773937e-11 1
3 100 157 989.2391130834271 9.082412948766096e-11 1
3 100 158 989.2391130834271 9.119401238263407e-11 1
3 100 159 989.2391130834271 9.1565053836632e-11 1
3 100 160 991.1271135717071 9.193886170717465e-11 1
3 100 161 991.1271135717071 9.231315382129577e-11 1
3 100 162 991.1271135717071 9.269050595278617e-11 1
3 100 163 991.1271135717071 9.307729750609857e-11 1
3 100 164 991.8398210912371 9.348149477259774e-11 1
3 100 165 991.8398210912371 9.387110095793535e-11 1
3 100 166 991.8398210912371 9.426396828625666e-11 1
3 100 167 991.8398210912371 9.467680642162521e-11 1
3 100 168 991.8398210912371 9.509578205609993e-11 1
3 100 169 992.4903948217071 9.550928135495399e-11 1
3 100 170 992.4903948217071 9.592775102365627e-11 1
3 100 171 992.4903948217071 9.636313221368083e-11 1
3 100 172 992.4903948217071 9.680248349641424e-11 1
3 100 173 992.2596208959271 9.725988070533072e-11 1
3 100 174 992.2596208959271 9.772076919029145e-11 1
3 100 175 992.2596208959271 9.818128661192894e-11 1
3 100 176 992.2596208959271 9.864891349884558e-11 1
3 100 177 991.2267839818571 9.912507614939855e-11 1
3 100 178 991.2267839818571 9.959163087935352e-11 1
3 100 179 991.2267839818571 1.0006213241943464e-10 1
3 100 180 991.2267839818571 1.0053478715057936e-10 1
3 100 181 989.6299822240471 1.0098939708880203e-10 1
3 100 182 989.6299822240471 1.0144813711954996e-10 1
3 100 183 989.6299822240471 1.0191008811643781e-10 1
3 100 184 989.6299822240471 1.0235434219860352e-10 1
3 100 185 987.2814104467071 1.0279583809382575e-10 1
3 100 186 987.2814104467071 1.032416935583287e-10 1
3 100 187 987.2814104467071 1.0368172331415069e-10 1
3 100 188 987.2814104467071 1.0410876494382545e-10 1
3 100 189 985.0394670873271 1.0453933889863127e-10 1
3 100 190 985.0394670873271 1.0497863069209667e-10 1
3 100 191 985.0394670873271 1.0539960721590482e-10 1
3 100 192 985.0394670873271 1.0581826077547749e-10 1
3 100 193 985.0394670873271 1.0624025343222549e-10 1
3 100 194 986.5168230443571 1.0665472895372812e-10 1
3 100 195 986.5168230443571 1.0705937122241767e-10 1
3 100 196 986.5168230443571 1.0746709556606298e-10 1
3 100 197 986.5168230443571 1.0787196317038584e-10 1
3 100 198 985.8175432592071 1.0826339753534171e-10 1
3 100 199 985.8175432592071 1.0865382102306439e-10 1
3 100 200 985.8175432592071 1.0904468112112824e-10 1
3 100 201 985.8175432592071 1.09415144314072e-10 1
3 100 202 984.7265398412371 1.0978813327586805e-10 1
3 100 203 984.7265398412371 1.1017073737697592e-10 1
3 100 204 984.7265398412371 1.1054294180920038e-10 1
3 100 205 984.7265398412371 1.1089689758045634e-10 1
3 100 206 990.1158831029571 1.1125312734828034e-10 1
3 100 207 990.1158831029571 1.1159988714970227e-10 1
3 100 208 990.1158831029571 1.1193294652676623e-10 1
3 100 209 990.1158831029571 1.1226799982332717e-10 1
3 100 210 992.3595964818571 1.1261146918859143e-10 1
3 100 211 992.3595964818571 1.1292433592296504e-10 1
3 100 212 992.3595964818571 1.132311910500452e-10 1
3 100 213 992.3595964818571 1.1353971838766267e-10 1
3 100 214 995.4356462865471 1.134203854174739e-10 1
3 100 215 995.4356462865471 1.134203854174739e-10 1
3 100 216 995.4356462865471 1.1526542213216281e-10 1
3 100 217 995.4356462865471 1.1526542213216281e-10 1
3 100 218 995.4356462865471 1.1526542213216281e-10 1
3 100 219 997.6270525365471 1.1612209333744557e-10 1
3 100 220 997.6270525365471 1.1612209333744557e-10 1
3 100 221 997.6270525365471 1.1612209333744557e-10 1
3 100 222 997.6270525365471 1.1685318731439028e-10 1
3 100 223 1002.8299944310771 1.1685318731439028e-10 1
3 100 224 1002.8299944310771 1.1685318731439028e-10 1
3 100 225 1002.8299944310771 1.1746918575837356e-10 1
3 100 226 1002.8299944310771 1.1746918575837356e-10 1
3 100 227 1004.0221331029571 1.1746918575837356e-10 1
3 100 228 1004.0221331029571 1.1746918575837356e-10 1
3 100 229 1004.0221331029571 1.1798711136276108e-10 1
3 100 230 1004.0221331029571 1.1798711136276108e-10 1
3 100 231 1004.7059709935771 1.1798711136276108e-10 1
3 100 232 1004.7059709935771 1.1841679691381569e-10 1
3 100 233 1004.7059709935771 1.1841679691381569e-10 1
3 100 234 1004.7059709935771 1.1841679691381569e-10 1
3 100 235 1005.6833879857671 1.1875959861372035e-10 1
3 100 236 1005.6833879857671 1.1875959861372035e-10 1
3 100 237 1005.6833879857671 1.1875959861372035e-10 1
3 100 238 1005.6833879857671 1.1875959861372035e-10 1
3 100 239 1006.6071550756071 1.1875959861372035e-10 1
3 100 240 1006.6071550756071 1.1875959861372035e-10 1
3 100 241 1006.6071550756071 1.1875959861372035e-10 1
3 100 242 1006.6071550756071 1.1875959861372035e-10 1
3 100 243 1006.6071550756071 1.2076016845541178e-10 1
3 100 244 1007.7457048802971 1.2076016845541178e-10 1
3 100 245 1007.7457048802971 1.2094279872147872e-10 1
3 100 246 1007.7457048802971 1.2094279872147872e-10 1
3 101 24 963.6805193334271 9.849946768491547e-11 1
3 101 25 964.9867937474871 1.0069703659704535e-10 1
3 101 26 968.0395891576471 1.0160733099324496e-10 1
3 101 27 971.6647112279571 1.0079146073551606e-10 1
3 101 28 975.6833879857671 9.708924198997966e-11 1
3 101 29 977.2535784154571 9.272402737842754e-11 1
3 101 30 979.1337053685771 9.107504590515298e-11 1
3 101 31 980.8179094701471 9.072130663203921e-11 1
3 101 32 981.0674822240471 9.078214572023811e-11 1
3 101 33 981.4953386693571 9.091199827793327e-11 1
3 101 34 981.8325579076471 9.099599949874331e-11 1
3 101 35 982.7318498998271 9.104227006436372e-11 1
3 101 36 982.7318498998271 9.106712927581821e-11 1
3 101 37 982.7318498998271 9.108264553100395e-11 1
3 101 38 982.7318498998271 9.109229253168503e-11 1
3 101 39 983.1093523412371 9.110194157610275e-11 1
3 101 40 983.1093523412371 9.111405234901137e-11 1
3 101 41 983.1093523412371 9.11156104777337e-11 1
3 101 42 983.1093523412371 9.111716865974738e-11 1
3 101 43 983.1093523412371 9.11199729612475e-11 1
3 101 44 983.3501970677971 9.11201763781948e-11 1
3 101 45 983.3501970677971 9.111645178580998e-11 1
3 101 46 983.3501970677971 9.111272749790242e-11 1
3 101 47 983.3501970677971 9.11091333876787e-11 1
3 101 48 983.5784685521771 9.110314161522174e-11 1
3 101 49 983.5784685521771 9.109598042440075e-11 1
3 101 50 983.5784685521771 9.108896658434942e-11 1
3 101 51 983.5784685521771 9.108237001691249e-11 1
3 101 52 985.0331804662371 9.107395909514158e-11 1
3 101 53 985.0331804662371 9.106554972662589e-11 1
3 101 54 985.0331804662371 9.105171517582559e-11 1
3 101 55 985.0331804662371 9.10361770951049e-11 1
3 101 56 985.5931169896771 9.102121502654168e-11 1
3 101 57 985.5931169896771 9.100272589153181e-11 1
3 101 58 985.5931169896771 9.093595936078081e-11 1
3 101 59 985.5931169896771 9.093595936078081e-11 1
3 101 60 985.7468645482671 9.119923740872182e-11 1
3 101 61 985.7468645482671 9.119923740872182e-11 1
3 101 62 985.7468645482671 9.104979007532319e-11 1
3 101 63 985.7468645482671 9.104979007532319e-11 1
3 101 64 986.1443865209271 9.104979007532319e-11 1
3 101 65 986.1443865209271 9.08554016098168e-11 1
3 101 66 986.1443865209271 9.08554016098168e-11 1
3 101 67 986.1443865209271 9.08554016098168e-11 1
3 101 68 986.1443865209271 9.08554016098168e-11 1
3 101 69 987.3943254857671 9.06279278002368e-11 1
3 101 70 987.3943254857671 9.06279278002368e-11 1
3 101 71 987.3943254857671 9.06279278002368e-11 1
3 101 72 987.3943254857671 9.037709295935844e-11 1
3 101 73 987.6366350560771 9.037709295935844e-11 1
3 101 74 987.6366350560771 9.037709295935844e-11 1
3 101 75 987.6366350560771 9.011543565098674e-11 1
3 101 76 987.6366350560771 9.011543565098674e-11 1
3 101 77 987.9842302709271 9.011543565098674e-11 1
3 101 78 987.9842302709271 9.011543565098674e-11 1
3 101 79 987.9842302709271 8.944641247357788e-11 1
3 101 80 987.9842302709271 8.944641247357788e-11 1
3 101 81 988.5098650365471 8.944641247357788e-11 1
3 101 82 988.5098650365471 8.944641247357788e-11 1
3 101 83 988.5098650365471 9.02018241039616e-11 1
3 101 84 988.5098650365471 9.02018241039616e-11 1
3 101 85 989.0614397435771 9.052946531310568e-11 1
3 101 86 989.0614397435771 8.901052259863657e-11 1
3 102 24 964.6028215795171 9.942954242019663e-11 1
3 102 25 966.7468645482671 1.0188492395087497e-10 1
3 102 26 969.1752703099871 1.0129407446047244e-10 1
