4 98 267 985.326287617386 1.821252149981353e-11 1
4 98 268 1005.045586933786 1.9768134176170344e-11 1
4 98 269 1027.332574238476 2.047880734507865e-11 1
4 98 270 1021.495599140816 2.1825366763030495e-11 1
4 99 206 964.067254414256 1.002614492363583e-11 1
4 99 207 964.067254414256 1.0075163399283268e-11 1
4 99 208 964.067254414256 1.0124510342471673e-11 1
4 99 209 964.067254414256 1.0174343055734247e-11 1
4 99 210 967.053460468946 1.0224287138427208e-11 1
4 99 211 967.053460468946 1.0274432785487394e-11 1
4 99 212 967.053460468946 1.0325072741757102e-11 1
4 99 213 967.053460468946 1.0375850493289626e-11 1
4 99 214 969.861260761916 1.0425852893744369e-11 1
4 99 215 969.861260761916 1.0476934911895205e-11 1
4 99 216 969.861260761916 1.0528519952736338e-11 1
4 99 217 969.861260761916 1.0580021090064078e-11 1
4 99 218 969.861260761916 1.0631223933085695e-11 1
4 99 219 971.859490742386 1.0682924786628875e-11 1
4 99 220 971.859490742386 1.0734212105240782e-11 1
4 99 221 971.859490742386 1.0785268376595297e-11 1
4 99 222 971.859490742386 1.083681265783846e-11 1
4 99 223 978.775506367386 1.088827335156151e-11 1
4 99 224 978.775506367386 1.093826835387048e-11 1
4 99 225 978.775506367386 1.0989522412830875e-11 1
4 99 226 978.775506367386 1.1041259061138315e-11 1
4 99 227 981.788812031446 1.1092044855809356e-11 1
4 99 228 981.788812031446 1.1142343795810394e-11 1
4 99 229 981.788812031446 1.1193556583963283e-11 1
4 99 230 981.788812031446 1.1245046640579516e-11 1
4 99 231 986.118768086136 1.1295107245761474e-11 1
4 99 232 986.118768086136 1.1345615562835748e-11 1
4 99 233 986.118768086136 1.1395797975972416e-11 1
4 99 234 986.118768086136 1.1443844869039319e-11 1
4 99 235 990.997002949416 1.1493363649332787e-11 1
4 99 236 990.997002949416 1.1543312838512688e-11 1
4 99 237 990.997002949416 1.1592621696551838e-11 1
4 99 238 990.997002949416 1.1640898496232105e-11 1
4 99 239 1000.677483906446 1.1689579069259135e-11 1
4 99 240 1000.677483906446 1.1737107280119268e-11 1
4 99 241 1000.677483906446 1.1783790531575438e-11 1
4 99 242 1000.677483906446 1.1830846622538701e-11 1
4 99 243 1000.677483906446 1.1877429858490644e-11 1
4 99 244 1004.341607441596 1.192133534995708e-11 1
4 99 245 1004.341607441596 1.1966698857924034e-11 1
4 99 246 1004.341607441596 1.2012408922430941e-11 1
4 99 247 1004.341607441596 1.2056398216611714e-11 1
4 99 248 1007.526360859566 1.2099344533223443e-11 1
4 99 249 1007.526360859566 1.2143253339642447e-11 1
4 99 250 1007.526360859566 1.2187200124566548e-11 1
4 99 251 1007.526360859566 1.2228727054027232e-11 1
4 99 252 1010.761041035346 1.227053795059986e-11 1
4 99 253 1010.761041035346 1.231160937175674e-11 1
4 99 254 1010.761041035346 1.2349618425517456e-11 1
4 99 255 1010.761041035346 1.238903568768941e-11 1
4 99 256 1015.743340840036 1.2428705377995715e-11 1
4 99 257 1015.743340840036 1.2466412284179437e-11 1
4 99 258 1015.743340840036 1.2511720930225605e-11 1
4 99 259 1017.956170429886 1.2579943977246493e-11 1
4 99 260 1017.956170429886 1.2674091513262014e-11 1
4 99 261 1020.212396015816 1.2800968276317561e-11 1
4 99 262 1021.549554218946 1.2959819203079977e-11 1
4 99 263 1022.668450703316 1.313854381766798e-11 1
4 99 264 1024.565911640816 1.3350154962615249e-11 1
4 99 265 1027.456170429886 1.3801751710109388e-11 1
4 99 266 1030.395928730666 1.4730252917739603e-11 1
4 99 267 1032.458611836136 1.6651739150870746e-11 1
4 99 268 1037.188042988476 1.8566648818479336e-11 1
4 100 43 980.259759297066 7.857712003832472e-12 1
4 100 44 980.457330097846 7.853515768051484e-12 1
4 100 45 980.457330097846 7.849263236050275e-12 1
4 100 46 980.457330097846 7.845231294696759e-12 1
4 100 47 980.457330097846 7.842150237955064e-12 1
4 100 48 982.900994648636 7.83806013211454e-12 1
4 100 49 982.900994648636 7.833592561489627e-12 1
4 100 50 982.900994648636 7.829119410261385e-12 1
4 100 51 982.900994648636 7.824548516437739e-12 1
4 100 52 982.734185566596 7.819982956771935e-12 1
4 100 53 982.734185566596 7.815938484341618e-12 1
4 100 54 982.734185566596 7.812271326784075e-12 1
4 100 55 982.734185566596 7.807672639929689e-12 1
4 100 56 981.435479511916 7.803079363916406e-12 1
4 100 57 981.435479511916 7.798531334281045e-12 1
4 100 58 981.435479511916 7.794041959580112e-12 1
4 100 59 981.435479511916 7.78955775069538e-12 1
4 100 60 979.146294941596 7.78565219041466e-12 1
4 100 61 979.146294941596 7.781381346074264e-12 1
4 100 62 979.146294941596 7.777115184735526e-12 1
4 100 63 979.146294941596 7.77312572903056e-12 1
4 100 64 978.092217793166 7.769576515032688e-12 1
4 100 65 978.092217793166 7.765684903963014e-12 1
4 100 66 978.092217793166 7.761797189387552e-12 1
4 100 67 978.092217793166 7.758096401650034e-12 1
4 100 68 978.092217793166 7.754644306828024e-12 1
4 100 69 980.961724629096 7.751195282774344e-12 1
4 100 70 980.961724629096 7.74801982648528e-12 1
4 100 71 980.961724629096 7.74516154752378e-12 1
4 100 72 980.961724629096 7.742305376648262e-12 1
4 100 73 982.120782246286 7.73951924877438e-12 1
4 100 74 982.120782246286 7.737279798140365e-12 1
4 100 75 982.120782246286 7.735126423527737e-12 1
4 100 76 982.120782246286 7.732974247199837e-12 1
4 100 77 981.947930683786 7.731157573090627e-12 1
4 100 78 981.947930683786 7.729789770141208e-12 1
4 100 79 981.947930683786 7.728422451091874e-12 1
4 100 80 981.947930683786 7.727137615071656e-12 1
4 100 81 981.426385273636 7.726644295782859e-12 1
4 100 82 981.426385273636 7.726151039479452e-12 1
4 100 83 981.426385273636 7.725635965093195e-12 1
4 100 84 981.426385273636 7.725780487297888e-12 1
4 100 85 979.874749531446 7.72622860808555e-12 1
4 100 86 979.874749531446 7.726676780861199e-12 1
4 100 87 979.874749531446 7.727507456068292e-12 1
4 100 88 979.874749531446 7.728851208383916e-12 1
4 100 89 982.985894550976 7.73019542811658e-12 1
4 100 90 982.985894550976 7.73159405192377e-12 1
4 100 91 982.985894550976 7.73384309598898e-12 1
4 100 92 982.985894550976 7.736064244527979e-12 1
4 100 93 982.985894550976 7.738286669254736e-12 1
4 100 94 984.687859883006 7.741224779032626e-12 1
4 100 95 984.687859883006 7.744236634630765e-12 1
4 100 96 984.687859883006 7.747250834768699e-12 1
4 100 97 984.687859883006 7.750710282534392e-12 1
4 100 98 983.884393086136 7.754504234905162e-12 1
4 100 99 983.884393086136 7.75818212904362e-12 1
4 100 100 983.884393086136 7.761903782703584e-12 1
4 100 101 983.884393086136 7.76601798473607e-12 1
4 100 102 979.982903828316 7.770136550552402e-12 1
4 100 103 979.982903828316 7.774622329651097e-12 1
4 100 104 979.982903828316 7.77890693779863e-12 1
4 100 105 979.982903828316 7.78301700601776e-12 1
4 100 106 982.634026875196 7.787347945243867e-12 1
4 100 107 982.634026875196 7.792783129865293e-12 1
4 100 108 982.634026875196 7.796842449165983e-12 1
4 100 109 982.634026875196 7.800263986368048e-12 1
4 100 110 985.047417988476 7.80351904054504e-12 1
4 100 111 985.047417988476 7.805140336329825e-12 1
4 100 112 985.047417988476 7.806762305950636e-12 1
4 100 113 985.047417988476 7.809713737027669e-12 1
4 100 114 988.481194843946 7.809676459285796e-12 1
4 100 115 988.481194843946 7.808280734503087e-12 1
4 100 116 988.481194843946 7.807229562923899e-12 1
4 100 117 988.481194843946 7.805558527330737e-12 1
4 100 118 988.481194843946 7.801170785521149e-12 1
4 100 119 991.409417500196 7.796973345682469e-12 1
4 100 120 991.409417500196 7.79273343502157e-12 1
4 100 121 991.409417500196 7.788045264570606e-12 1
4 100 122 991.409417500196 7.783362731609409e-12 1
4 100 123 991.644585957226 7.777970505242665e-12 1
4 100 124 991.644585957226 7.772687768373249e-12 1
4 100 125 991.644585957226 7.769540448287915e-12 1
4 100 126 991.644585957226 7.766395675999338e-12 1
4 100 127 992.704339375196 7.76301123829249e-12 1
4 100 128 992.704339375196 7.760936525360114e-12 1
4 100 129 992.704339375196 7.759605022199129e-12 1
4 100 130 992.704339375196 7.75844344397736e-12 1
4 100 131 992.544122090036 7.758917408132922e-12 1
4 100 132 992.544122090036 7.759391430201065e-12 1
4 100 133 992.544122090036 7.758792936003007e-12 1
4 100 134 992.544122090036 7.760316696838443e-12 1
4 100 135 993.846612324416 7.762846856110853e-12 1
4 100 136 993.846612324416 7.765091132848707e-12 1
4 100 137 993.846612324416 7.767045399876971e-12 1
4 100 138 993.846612324416 7.771402161253414e-12 1
4 100 139 994.858331074416 7.776160269936224e-12 1
4 100 140 994.858331074416 7.78106695131252e-12 1
4 100 141 994.858331074416 7.787698232957135e-12 1
4 100 142 994.858331074416 7.794960745167952e-12 1
4 100 143 994.858331074416 7.802236815509832e-12 1
4 100 144 996.107171406446 7.81145711294458e-12 1
4 100 145 996.107171406446 7.821308645639591e-12 1
4 100 146 996.107171406446 7.831070056616783e-12 1
4 100 147 996.107171406446 7.841689098612936e-12 1
4 100 148 996.771661152536 7.854229727676765e-12 1
4 100 149 996.771661152536 7.866810531576465e-12 1
4 100 150 996.771661152536 7.879171908251823e-12 1
4 100 151 996.771661152536 7.894057812112397e-12 1
4 100 152 997.897576679886 7.909393208022828e-12 1
4 100 153 997.897576679886 7.924788302538011e-12 1
4 100 154 997.897576679886 7.9421689788075e-12 1
4 100 155 997.897576679886 7.960235098887028e-12 1
4 100 156 1001.608819355666 7.978263500111429e-12 1
4 100 157 1001.608819355666 7.996696401899553e-12 1
4 100 158 1001.608819355666 8.017053249858168e-12 1
4 100 159 1001.608819355666 8.037785917048065e-12 1
4 100 160 1003.496819843946 8.058818429702198e-12 1
4 100 161 1003.496819843946 8.081827491434315e-12 1
4 100 162 1003.496819843946 8.104968317596794e-12 1
4 100 163 1003.496819843946 8.127682728374365e-12 1
4 100 164 1004.209527363476 8.151108588511708e-12 1
4 100 165 1004.209527363476 8.176300634296291e-12 1
4 100 166 1004.209527363476 8.201648881333366e-12 1
4 100 167 1004.209527363476 8.227056830611747e-12 1
4 100 168 1004.209527363476 8.25356197463308e-12 1
4 100 169 1004.860101093946 8.28072925311514e-12 1
4 100 170 1004.860101093946 8.308163346037682e-12 1
4 100 171 1004.860101093946 8.336628688313988e-12 1
4 100 172 1004.860101093946 8.36528975649975e-12 1
4 100 173 1004.629327168166 8.39339549025548e-12 1
4 100 174 1004.629327168166 8.422755503967558e-12 1
4 100 175 1004.629327168166 8.452899164200402e-12 1
4 100 176 1004.629327168166 8.483060789033267e-12 1
4 100 177 1003.596490254096 8.513301342972887e-12 1
4 100 178 1003.596490254096 8.54506870953084e-12 1
4 100 179 1003.596490254096 8.577143027310637e-12 1
4 100 180 1003.596490254096 8.609623442880811e-12 1
4 100 181 1001.999688496286 8.643949653970235e-12 1
4 100 182 1001.999688496286 8.678550675071721e-12 1
4 100 183 1001.999688496286 8.71348722773909e-12 1
4 100 184 1001.999688496286 8.750117900400364e-12 1
4 100 185 999.651116718946 8.787487787063359e-12 1
4 100 186 999.651116718946 8.825173471426801e-12 1
4 100 187 999.651116718946 8.863876579371155e-12 1
4 100 188 999.651116718946 8.903890228816208e-12 1
4 100 189 997.409173359566 8.94426677876292e-12 1
4 100 190 997.409173359566 8.984896970807619e-12 1
4 100 191 997.409173359566 9.02705829355757e-12 1
4 100 192 997.409173359566 9.06979719096813e-12 1
4 100 193 997.409173359566 9.112942710910999e-12 1
4 100 194 998.886529316596 9.156960941751793e-12 1
4 100 195 998.886529316596 9.201924237358715e-12 1
4 100 196 998.886529316596 9.247331277143468e-12 1
4 100 197 998.886529316596 9.293258757721631e-12 1
4 100 198 998.187249531446 9.340166393145767e-12 1
4 100 199 998.187249531446 9.38774614772476e-12 1
4 100 200 998.187249531446 9.43584738885805e-12 1
4 100 201 998.187249531446 9.484778042620148e-12 1
4 100 202 997.096246113476 9.534218812524779e-12 1
4 100 203 997.096246113476 9.583730491606494e-12 1
4 100 204 997.096246113476 9.633301682788697e-12 1
4 100 205 997.096246113476 9.684309287644502e-12 1
4 100 206 1002.485589375196 9.735859930677143e-12 1
4 100 207 1002.485589375196 9.787901436641094e-12 1
4 100 208 1002.485589375196 9.84041977679303e-12 1
4 100 209 1002.485589375196 9.893504746121206e-12 1
4 100 210 1004.729302754096 9.94640628113432e-12 1
4 100 211 1004.729302754096 9.99992625814272e-12 1
4 100 212 1004.729302754096 1.0054635215126531e-11 1
4 100 213 1004.729302754096 1.0109946083538413e-11 1
4 100 214 1007.805352558786 1.0122226315224676e-11 1
4 100 215 1007.805352558786 1.0122226315224676e-11 1
4 100 216 1007.805352558786 1.031207171371261e-11 1
4 100 217 1007.805352558786 1.031207171371261e-11 1
4 100 218 1007.805352558786 1.031207171371261e-11 1
4 100 219 1009.996758808786 1.0502547271559205e-11 1
4 100 220 1009.996758808786 1.0502547271559205e-11 1
4 100 221 1009.996758808786 1.0502547271559205e-11 1
4 100 222 1009.996758808786 1.0698480017892103e-11 1
4 100 223 1015.199700703316 1.0698480017892103e-11 1
4 100 224 1015.199700703316 1.0698480017892103e-11 1
4 100 225 1015.199700703316 1.089843581104603e-11 1
4 100 226 1015.199700703316 1.089843581104603e-11 1
4 100 227 1016.391839375196 1.089843581104603e-11 1
4 100 228 1016.391839375196 1.089843581104603e-11 1
4 100 229 1016.391839375196 1.1100477820555986e-11 1
4 100 230 1016.391839375196 1.1100477820555986e-11 1
4 100 231 1017.075677265816 1.1100477820555986e-11 1
4 100 232 1017.075677265816 1.1302788875541688e-11 1
4 100 233 1017.075677265816 1.1302788875541688e-11 1
4 100 234 1017.075677265816 1.1302788875541688e-11 1
4 100 235 1018.053094258006 1.1504497016179716e-11 1
4 100 236 1018.053094258006 1.1504497016179716e-11 1
4 100 237 1018.053094258006 1.1504497016179716e-11 1
4 100 238 1018.053094258006 1.1504497016179716e-11 1
4 100 239 1018.976861347846 1.1504497016179716e-11 1
4 100 240 1018.976861347846 1.1504497016179716e-11 1
4 100 241 1018.976861347846 1.1504497016179716e-11 1
4 100 242 1018.976861347846 1.1504497016179716e-11 1
4 100 243 1018.976861347846 1.1832924223316465e-11 1
4 100 244 1020.115411152536 1.1832924223316465e-11 1
4 100 245 1020.115411152536 1.2014890279977645e-11 1
4 100 246 1020.115411152536 1.2014890279977645e-11 1
4 101 24 976.050225605666 8.396055338460146e-12 1
4 101 25 977.356500019726 8.366170373170636e-12 1
4 101 26 980.409295429886 8.333350066139275e-12 1
4 101 27 984.034417500196 8.254824535017892e-12 1
4 101 28 988.053094258006 8.134554040427526e-12 1
4 101 29 989.623284687696 8.035675563835927e-12 1
4 101 30 991.503411640816 7.98353152272608e-12 1
4 101 31 993.187615742386 7.947773391838911e-12 1
4 101 32 993.437188496286 7.91914877442045e-12 1
4 101 33 993.865044941596 7.897520697403273e-12 1
4 101 34 994.202264179886 7.881850288223728e-12 1
4 101 35 995.101556172066 7.871019250058793e-12 1
4 101 36 995.101556172066 7.863707445962687e-12 1
4 101 37 995.101556172066 7.857759095664801e-12 1
4 101 38 995.101556172066 7.851674260660933e-12 1
4 101 39 995.479058613476 7.845598842226727e-12 1
4 101 40 995.479058613476 7.839534415006407e-12 1
4 101 41 995.479058613476 7.83331765249635e-12 1
4 101 42 995.479058613476 7.827110741977574e-12 1
4 101 43 995.479058613476 7.820901747304624e-12 1
4 101 44 995.719903340036 7.814551896145392e-12 1
4 101 45 995.719903340036 7.808189078966994e-12 1
4 101 46 995.719903340036 7.801836614910685e-12 1
4 101 47 995.719903340036 7.795446345370152e-12 1
4 101 48 995.948174824416 7.789034559649226e-12 1
4 101 49 995.948174824416 7.782648053636674e-12 1
4 101 50 995.948174824416 7.776265513942259e-12 1
4 101 51 995.948174824416 7.76983083289063e-12 1
4 101 52 997.402886738476 7.763406792135902e-12 1
4 101 53 997.402886738476 7.756993365307855e-12 1
4 101 54 997.402886738476 7.750623989523837e-12 1
4 101 55 997.402886738476 7.744275582488396e-12 1
4 101 56 997.962823261916 7.73794146216125e-12 1
4 101 57 997.962823261916 7.731714226289226e-12 1
4 101 58 997.962823261916 7.74030940686852e-12 1
4 101 59 997.962823261916 7.74030940686852e-12 1
4 101 60 998.116570820506 7.693197138763524e-12 1
4 101 61 998.116570820506 7.693197138763524e-12 1
4 101 62 998.116570820506 7.673712651451087e-12 1
4 101 63 998.116570820506 7.673712651451087e-12 1
4 101 64 998.514092793166 7.673712651451087e-12 1
4 101 65 998.514092793166 7.655207295435164e-12 1
4 101 66 998.514092793166 7.655207295435164e-12 1
4 101 67 998.514092793166 7.655207295435164e-12 1
4 101 68 998.514092793166 7.655207295435164e-12 1
4 101 69 999.764031758006 7.637814500729372e-12 1
4 101 70 999.764031758006 7.637814500729372e-12 1
4 101 71 999.764031758006 7.637814500729372e-12 1
4 101 72 999.764031758006 7.621586198434903e-12 1
4 101 73 1000.006341328316 7.621586198434903e-12 1
4 101 74 1000.006341328316 7.621586198434903e-12 1
4 101 75 1000.006341328316 7.606658147246865e-12 1
4 101 76 1000.006341328316 7.606658147246865e-12 1
4 101 77 1000.353936543166 7.606658147246865e-12 1
4 101 78 1000.353936543166 7.606658147246865e-12 1
4 101 79 1000.353936543166 7.606658147246865e-12 1
4 101 80 1000.353936543166 7.606658147246865e-12 1
4 101 81 1000.879571308786 7.606658147246865e-12 1
4 101 82 1000.879571308786 7.606658147246865e-12 1
4 101 83 1000.879571308786 7.571453163070964e-12 1
4 101 84 1000.879571308786 7.571453163070964e-12 1
4 101 85 1001.431146015816 7.562580596769593e-12 1
4 101 86 1001.431146015816 7.562580596769593e-12 1
4 102 24 976.972527851756 8.78300276680096e-12 1
4 102 25 979.116570820506 8.698866649278362e-12 1
4 102 26 981.544976582226 8.682438385237923e-12 1
