2 113 272 1001.4491344137662 8.454411023420913e-11 1
2 113 273 991.9727237582194 9.621629874971682e-11 1
2 113 274 977.0950302654692 9.621629874971682e-11 1
2 114 266 975.9265127974256 6.642782373579309e-11 1
2 114 267 982.0524588001219 6.268341116044766e-11 1
2 114 268 989.1475466557597 5.984726088640311e-11 1
2 114 269 1004.3952953364624 5.835173320064869e-11 1
2 114 270 1009.0024478907519 5.973437253905326e-11 1
2 114 271 1010.3882261085033 6.531448132448565e-11 1
2 114 272 1008.842426840163 7.543363472936246e-11 1
2 114 273 1004.423128694658 8.080150516474462e-11 1
2 114 274 993.0420728254122 8.080150516474462e-11 1
2 115 260 1001.0778856174803 6.282302319949792e-11 1
2 115 261 1002.4067927573835 6.359381653386679e-11 1
2 115 262 1003.809208842977 6.527582018821457e-11 1
2 115 263 1005.9360689646754 6.727919894355275e-11 1
2 115 264 1006.7535599054605 6.834742241129968e-11 1
2 115 265 1007.422683369905 6.742996592232429e-11 1
2 115 266 1003.3637736015347 6.456387907107484e-11 1
2 115 267 1010.7256869574815 6.099713760662053e-11 1
2 115 268 1011.7787788350782 5.788113116800752e-11 1
2 115 269 1014.7024030087956 5.606064330397174e-11 1
2 116 199 947.475183665758 5.749030874618514e-11 1
2 116 200 947.9329027956583 5.772327823817095e-11 1
2 116 201 948.395943518398 5.794109259628406e-11 1
2 116 202 948.9712526988155 5.815880268401228e-11 1
2 116 203 949.5581022159012 5.837830302885134e-11 1
2 116 204 950.1449517330027 5.859185261439688e-11 1
2 116 205 950.7318012500978 5.879441028853523e-11 1
2 116 206 951.5089142116411 5.899837334396478e-11 1
2 116 207 952.338229417933 5.91977139835103e-11 1
2 116 208 953.1675446242022 5.938280285853853e-11 1
2 116 209 953.9968598305358 5.956905276958562e-11 1
2 116 210 954.7796314440182 5.975368715767722e-11 1
2 116 211 955.5335801904104 5.992474826704133e-11 1
2 116 212 956.2875289368438 6.009219389433516e-11 1
2 116 213 957.0414776832363 6.025986365516569e-11 1
2 116 214 957.8030660727769 6.04150672500393e-11 1
2 116 215 958.5739757878874 6.056126647477942e-11 1
2 116 216 959.344885503016 6.071016614003981e-11 1
2 116 217 960.1157952181267 6.08586059504822e-11 1
2 116 218 961.0436777288567 6.098428080631084e-11 1
2 116 219 962.3687014127163 6.11139771231909e-11 1
2 116 220 963.6937250964734 6.124422627055169e-11 1
2 116 221 965.018748780143 6.13603558343969e-11 1
2 116 222 966.2347193801183 6.147098103258584e-11 1
2 116 223 967.0343317568261 6.158163183698871e-11 1
2 116 224 967.7909139938889 6.16830896850713e-11 1
2 116 225 968.5474962309429 6.177532759794514e-11 1
2 116 226 969.3764790237697 6.186877138928655e-11 1
2 116 227 970.575690145487 6.196170838560544e-11 1
2 116 228 971.8749750466081 6.203839374871616e-11 1
2 116 229 973.17425994783 6.211526916249335e-11 1
2 116 230 974.5400399221226 6.219207102501381e-11 1
2 116 231 976.4621659995671 6.225880534375933e-11 1
2 116 232 978.6431019735642 6.231967532672939e-11 1
2 116 233 980.8240379474445 6.238060794850993e-11 1
2 116 234 982.9854993741782 6.24373438087789e-11 1
2 116 235 984.5166104461229 6.24844739760803e-11 1
2 116 236 985.6087781915874 6.253018953530685e-11 1
2 116 237 986.7009459371102 6.25753540809828e-11 1
2 116 238 987.7931136826038 6.260767077850323e-11 1
2 116 239 988.6358632427061 6.264002087283294e-11 1
2 116 240 989.2019486024377 6.267426705066069e-11 1
2 116 241 989.7583987321834 6.269967848558341e-11 1
2 116 242 990.3148488619438 6.272061462772325e-11 1
2 116 243 990.9525847611899 6.2742092398068e-11 1
2 116 244 991.7480218386482 6.276391115931567e-11 1
2 116 245 992.5545964577124 6.277741832040752e-11 1
2 116 246 993.3611710767552 6.278954386845813e-11 1
2 116 247 994.2262618464129 6.280147102878783e-11 1
2 116 248 995.3267764965447 6.280816925664149e-11 1
2 116 249 996.4499338945309 6.28126118792086e-11 1
2 116 250 997.5730912925765 6.281705513030173e-11 1
2 116 251 998.6525925745136 6.281770261619474e-11 1
2 116 252 998.9044230240667 6.281681750999578e-11 1
2 116 253 999.0605474227596 6.281624847376856e-11 1
2 116 254 999.2166718214563 6.281611521304087e-11 1
2 116 255 999.3727962201492 6.280941808681549e-11 1
2 116 256 999.5426973739044 6.279721752641975e-11 1
2 116 257 999.7792590340975 6.277188356404447e-11 1
2 116 258 1000.2032275648567 6.273004571038367e-11 1
2 116 259 1001.4760901974954 6.266927000197749e-11 1
2 116 260 1002.6431143469649 6.267584299690933e-11 1
2 116 261 1004.158042076902 6.304250998430494e-11 1
2 116 262 1005.5666851280473 6.391522549882335e-11 1
2 116 263 1008.1760671568276 6.558131668982339e-11 1
2 117 121 956.2342765114965 4.114911858786033e-11 1
2 117 122 956.2172921885518 4.122383170702647e-11 1
2 117 123 955.9787141416216 4.1298788632818476e-11 1
2 117 124 955.7157306602062 4.1381852808478556e-11 1
2 117 125 955.4527471787702 4.147814340564878e-11 1
2 117 126 955.2122514078293 4.157488316124664e-11 1
2 117 127 955.0786976899293 4.167314936926039e-11 1
2 117 128 954.9739055604814 4.1788352502315764e-11 1
2 117 129 954.8691134310478 4.190511514547248e-11 1
2 117 130 954.8190574889651 4.2022532120027676e-11 1
2 117 131 955.212370862771 4.2150288080239004e-11 1
2 117 132 955.8045541504864 4.2284180656879315e-11 1
2 117 133 956.3967374381907 4.241896724433293e-11 1
2 117 134 956.9802573175263 4.255935489578789e-11 1
2 117 135 957.2280973214074 4.270849194028686e-11 1
2 117 136 957.256428290787 4.2858677876263714e-11 1
2 117 137 957.2847592601668 4.3009941567502504e-11 1
2 117 138 957.3130902295476 4.317163339890952e-11 1
2 117 139 957.3153779089079 4.333425312111767e-11 1
2 117 140 957.2896650602324 4.349810259364049e-11 1
2 117 141 957.2631013710668 4.3667175144473285e-11 1
2 117 142 957.2365376819018 4.383875874112792e-11 1
2 117 143 957.594059509621 4.401168385251194e-11 1
2 117 144 958.6951970477116 4.418686959898273e-11 1
2 117 145 959.838941956588 4.436492689539536e-11 1
2 117 146 960.9826868655307 4.454442501236855e-11 1
2 117 147 962.1271870788634 4.472597259647031e-11 1
2 117 148 963.2748334416782 4.4911046025253727e-11 1
2 117 149 964.4227189946614 4.5095744364384036e-11 1
2 117 150 965.5706045476672 4.5281968134417705e-11 1
2 117 151 966.6896781536361 4.547161747251144e-11 1
2 117 152 967.1224724574778 4.5663627985913135e-11 1
2 117 153 967.4934413588604 4.5858056425282536e-11 1
2 117 154 967.8644102602142 4.60639625622806e-11 1
2 117 155 968.2353791615719 4.627092918383596e-11 1
2 117 156 968.8241084386779 4.6475616938491716e-11 1
2 117 157 969.4705949480303 4.668307927150704e-11 1
2 117 158 970.1170814574011 4.690910004890216e-11 1
2 117 159 970.7635679667658 4.712944801749523e-11 1
2 117 160 971.1855882163145 4.735187585436894e-11 1
2 117 161 971.4719084088194 4.758186867179649e-11 1
2 117 162 971.7582286013162 4.781633104021788e-11 1
2 117 163 972.0445487938351 4.805395973870838e-11 1
2 117 164 972.0915383067617 4.829782111612511e-11 1
2 117 165 971.8531148353084 4.8540111324678963e-11 1
2 117 166 971.6146913638415 4.8784844729429077e-11 1
2 117 167 971.3762678923882 4.902966481732043e-11 1
2 117 168 971.0339985156623 4.9266091189792456e-11 1
2 117 169 970.4361867641824 4.9507737388935566e-11 1
2 117 170 969.8383750127196 4.975176578273964e-11 1
2 117 171 969.2405632612104 4.998752669345271e-11 1
2 117 172 968.6343287720113 5.0223031491211934e-11 1
2 117 173 967.9974904718136 5.0460818893661616e-11 1
2 117 174 967.3573817553529 5.0696408649431265e-11 1
2 117 175 966.7172730389779 5.092683545596178e-11 1
2 117 176 966.121996141382 5.115936651217625e-11 1
2 117 177 965.7474743346316 5.139473352224097e-11 1
2 117 178 965.4325223279237 5.162351021070071e-11 1
2 117 179 965.1175703212225 5.1852367402240875e-11 1
2 117 180 964.7886549157896 5.208326276744475e-11 1
2 117 181 964.344989134087 5.230906639842697e-11 1
2 117 182 963.8488679103965 5.2533922237769384e-11 1
2 117 183 963.3527466867005 5.276126558629413e-11 1
2 117 184 962.8654227634366 5.2989000143108806e-11 1
2 117 185 962.6868888659699 5.320935614962373e-11 1
2 117 186 962.7168579309775 5.3431552520635485e-11 1
2 117 187 962.7468269959847 5.36606234177893e-11 1
2 117 188 962.7767960609926 5.3881887852220264e-11 1
2 117 189 962.8209760442521 5.409918931399461e-11 1
2 117 190 962.8806658508845 5.4318250592753127e-11 1
2 117 191 962.9408646935534 5.453146996637571e-11 1
2 117 192 963.0010635362175 5.4743268491201855e-11 1
2 117 193 963.1358995296648 5.495787721454552e-11 1
2 117 194 963.4153005859688 5.517797962623594e-11 1
2 117 195 963.7039692428222 5.538612698742584e-11 1
2 117 196 963.9926378996835 5.559258775746171e-11 1
2 117 197 964.4571488427537 5.5799941818149386e-11 1
2 117 198 965.6409696474492 5.599514841224474e-11 1
2 117 199 966.8867548491779 5.6191725595165656e-11 1
2 117 200 968.1325400508726 5.639335568475138e-11 1
2 117 201 969.3460743105765 5.658978679890008e-11 1
2 117 202 969.8792176306091 5.677389991770782e-11 1
2 117 203 970.3424219787947 5.695895320585901e-11 1
2 117 204 970.8056263269932 5.7138627566963245e-11 1
2 117 205 971.2688306751865 5.730857993826531e-11 1
2 117 206 972.0298664695382 5.747954633379778e-11 1
2 117 207 972.8726177509881 5.7659085168459803e-11 1
2 117 208 973.7153690324151 5.7820993486591146e-11 1
2 117 209 974.5581203139074 5.7977873463402253e-11 1
2 117 210 975.4131151580519 5.813560705004541e-11 1
2 117 211 976.2756920249918 5.828023045403837e-11 1
2 117 212 977.138268891979 5.841990857921149e-11 1
2 117 213 978.0008457589192 5.856160693231488e-11 1
2 117 214 979.0508261065063 5.870266098032324e-11 1
2 117 215 980.3294622732451 5.882569159235047e-11 1
2 117 216 981.6080984400141 5.894923898918478e-11 1
2 117 217 982.8867346067533 5.908297442241329e-11 1
2 117 218 984.0360819645747 5.919919023496899e-11 1
2 117 219 984.8583286359396 5.930688679594263e-11 1
2 117 220 985.6805753072408 5.941497591931483e-11 1
2 117 221 986.5028219784879 5.951172312840605e-11 1
2 117 222 987.3292144653806 5.960403338700972e-11 1
2 117 223 988.1714354307057 5.969793339154983e-11 1
2 117 224 989.0152922509534 5.979520979528857e-11 1
2 117 225 989.8591490711912 5.98757678415812e-11 1
2 117 226 990.6542957287297 5.995303344607584e-11 1
2 117 227 991.2003575283168 6.00298568542795e-11 1
2 117 228 991.6790909762009 6.009344985045889e-11 1
2 117 229 992.157824424122 6.015717772478152e-11 1
2 117 230 992.6663679669598 6.022447303972698e-11 1
2 117 231 993.4243244267393 6.028561693532615e-11 1
2 117 232 994.2983067396059 6.033626626791899e-11 1
2 117 233 995.1722890524256 6.038681937434864e-11 1
2 117 234 996.037301053749 6.043278012675113e-11 1
2 117 235 996.6119628359179 6.047113902295309e-11 1
2 117 236 996.984439769505 6.050954664567295e-11 1
2 117 237 997.3569167031122 6.055158924347356e-11 1
2 117 238 997.7293936367093 6.05823529556758e-11 1
2 117 239 998.0705751542633 6.060990221949261e-11 1
2 118 61 968.0975120743473 4.6114395748623315e-11 1
2 118 62 968.7239687607498 4.5994549336495706e-11 1
2 118 63 967.4592317754208 4.576177641372486e-11 1
2 118 64 967.4163122435224 4.5511383760917e-11 1
2 118 65 968.7885394798542 4.531245480817762e-11 1
2 118 66 969.1265238375966 4.516483431494836e-11 1
2 118 67 969.8024925530865 4.5061379521696723e-11 1
2 118 68 970.0627370986639 4.49696042139822e-11 1
2 118 69 970.1418332140605 4.48827085218999e-11 1
2 118 70 970.2209293294619 4.479614800282574e-11 1
2 118 71 970.3000254448585 4.470608148619826e-11 1
2 118 72 970.324089673531 4.461483281590524e-11 1
2 118 73 970.1656316505354 4.4523265684064016e-11 1
2 118 74 969.9865205987492 4.442529843285812e-11 1
2 118 75 969.8074095469659 4.4328129233090265e-11 1
2 118 76 969.6369998911167 4.423313936442577e-11 1
2 118 77 969.5066655313125 4.413830087634169e-11 1
2 118 78 969.3870552567597 4.403857260500142e-11 1
2 118 79 969.267444982206 4.393929397973687e-11 1
2 118 80 969.1874134629231 4.383935954985354e-11 1
2 118 81 969.424435206276 4.3739273868670825e-11 1
2 118 82 969.8007908995855 4.363951112402583e-11 1
2 118 83 970.177146592863 4.354019046369892e-11 1
2 118 84 970.5525810409417 4.3442119875225785e-11 1
2 118 85 970.8877306258767 4.334480378038222e-11 1
2 118 86 971.1974004186177 4.3247366496199196e-11 1
2 118 87 971.5070702113829 4.3150590385179314e-11 1
2 118 88 971.8167400041242 4.305835023187671e-11 1
2 118 89 971.9565345791741 4.296525395324895e-11 1
2 118 90 971.9161884405063 4.287255937226022e-11 1
2 118 91 971.8708841991299 4.278397645812245e-11 1
2 118 92 971.8255799577521 4.26972517140808e-11 1
2 118 93 971.7512585917417 4.2610926323557726e-11 1
2 118 94 971.6207154035234 4.252617899776277e-11 1
2 118 95 971.4873491681936 4.2443971530599956e-11 1
2 118 96 971.3539829328681 4.236252008191902e-11 1
2 118 97 971.2469141848978 4.228167475372984e-11 1
2 118 98 971.2515540962937 4.220725315908791e-11 1
2 118 99 971.2635492214472 4.213309308872355e-11 1
2 118 100 971.2755443466017 4.205847521162421e-11 1
2 118 101 971.2982107857521 4.199286207584908e-11 1
2 118 102 971.6132197660171 4.1931321098853574e-11 1
2 118 103 971.9508939049973 4.1869553323971834e-11 1
2 118 104 972.2885680439672 4.180988393334375e-11 1
2 118 105 972.6262421829632 4.1761932438034576e-11 1
2 118 106 973.012323074489 4.1716068783971946e-11 1
2 118 107 973.4108071197 4.1671115872245187e-11 1
2 118 108 973.8092911649347 4.164313834948571e-11 1
2 118 109 974.2077752101457 4.161519836911452e-11 1
2 118 110 974.5903115681855 4.158483202581627e-11 1
2 118 111 974.9634373540546 4.1566564692907956e-11 1
2 118 112 975.3365631399303 4.155867746285654e-11 1
2 118 113 975.7096889257992 4.15509150788611e-11 1
2 118 114 976.0986174347125 4.155002342868842e-11 1
2 118 115 976.5059662957538 4.1562696052782823e-11 1
2 118 116 976.9133151567632 4.157668152448336e-11 1
2 118 117 977.3206640177763 4.159166157030653e-11 1
2 118 118 977.634202718327 4.162592940010983e-11 1
2 118 119 977.7231382461138 4.165727548197135e-11 1
2 118 120 977.8120737739031 4.1688668809256365e-11 1
2 118 121 977.9010093016917 4.173052772716676e-11 1
2 118 122 978.0011797605396 4.177668684284264e-11 1
2 118 123 978.1403032622753 4.18239470150887e-11 1
2 118 124 978.2837168942478 4.188640767279093e-11 1
2 118 125 978.4271305262317 4.195433442364374e-11 1
2 118 126 978.5749454566416 4.201831899302224e-11 1
2 118 127 978.743691103475 4.208402954712197e-11 1
2 118 128 978.9180659731993 4.2177936081424016e-11 1
2 118 129 979.0924408428997 4.2262962581890195e-11 1
2 118 130 979.2937567231579 4.234833258466369e-11 1
2 118 131 979.7132978395452 4.244858641451601e-11 1
2 118 132 980.2307222157096 4.2555216241515656e-11 1
2 118 133 980.7481465918642 4.2664040314745e-11 1
2 118 134 981.2609283444193 4.279158455097513e-11 1
2 118 135 981.5938230082886 4.2921730951257914e-11 1
2 118 136 981.8090852370533 4.3048256047514363e-11 1
2 118 137 982.02434746582 4.317658355077709e-11 1
2 118 138 982.239609694593 4.332485645394158e-11 1
2 118 139 982.4462979767021 4.346736499578541e-11 1
2 118 140 982.6437679521532 4.361081413884629e-11 1
2 118 141 982.84095781472 4.376247546141577e-11 1
2 118 142 983.0381476772811 4.391814844519374e-11 1
2 118 143 983.2234156302288 4.4075835792664e-11 1
2 118 144 983.385601954426 4.424100439465616e-11 1
2 118 145 983.5464657574785 4.440677654632453e-11 1
2 118 146 983.7073295605403 4.4573795675257585e-11 1
2 118 147 983.8968349788196 4.474650771032639e-11 1
2 118 148 984.2056443429378 4.4922144579679864e-11 1
2 118 149 984.5235239475879 4.509641224019641e-11 1
2 118 150 984.8414035522443 4.527203724857347e-11 1
2 118 151 985.1534171100283 4.545168970179615e-11 1
2 118 152 985.3257057631544 4.5630507726507546e-11 1
2 118 153 985.4854069049965 4.5810642681220396e-11 1
2 118 154 985.6451080468261 4.599124388058967e-11 1
2 118 155 985.8048091886574 4.6171687025435983e-11 1
2 118 156 985.9897377406028 4.6353551657267984e-11 1
2 118 157 986.1813574335698 4.653891639132121e-11 1
2 118 158 986.3729771265422 4.672241998958203e-11 1
2 118 159 986.5645968195129 4.6903712595255517e-11 1
2 118 160 986.7250309417001 4.7086417586520946e-11 1
2 118 161 986.866611968836 4.7268278142990257e-11 1
2 119 54 963.4135807994888 5.047679805603366e-11 1
2 119 55 965.5141820351934 4.9741332704618606e-11 1
2 119 56 967.006872620897 4.8434943492445626e-11 1
2 119 57 967.6594095797394 4.6982271592989194e-11 1
2 119 58 969.0634890019542 4.5968382467601136e-11 1
2 119 59 971.0037219371674 4.56088138230651e-11 1
2 119 60 972.6668630386682 4.576137329103683e-11 1
2 119 61 973.8667217823163 4.5858073737847694e-11 1
2 119 62 975.5022415587105 4.582714878201363e-11 1
2 119 63 976.6471940633135 4.5694731380461584e-11 1
2 119 64 977.2474746632056 4.554147147032457e-11 1
2 119 65 977.8315416369146 4.5414880905015046e-11 1
2 119 66 977.8911994276059 4.532160975210509e-11 1
2 119 67 978.0105150089895 4.526198135948412e-11 1
2 119 68 978.1203257153412 4.520496694425213e-11 1
2 119 69 978.3470021780564 4.5155209856072754e-11 1
2 119 70 978.5736786407855 4.510556218267304e-11 1
2 119 71 978.8003551035006 4.504616177189451e-11 1
2 119 72 978.9963613850377 4.4994750365433983e-11 1
2 119 73 979.0906449951933 4.4943790275081975e-11 1
2 119 74 979.173418330624 4.489031236631685e-11 1
2 119 75 979.2561916660532 4.483265908785107e-11 1
2 119 76 979.341842062467 4.4775153709316584e-11 1
2 119 77 979.4407430995641 4.470816752391915e-11 1
2 119 78 979.5431899869427 4.4633192911390235e-11 1
2 119 79 979.6456368743222 4.4565903545696324e-11 1
2 120 48 955.6810579920055 4.985848028599102e-11 1
2 120 49 956.6671122380393 5.053262264656096e-11 1
2 120 50 957.7893474292698 5.091163691293989e-11 1
2 120 51 959.2542770458975 5.1003720171872945e-11 1
2 120 52 961.0736264850239 5.080144189089031e-11 1
2 120 53 963.1168286382435 5.0322989994860456e-11 1
2 120 54 965.3400054712321 4.9536729418184057e-11 1
2 120 55 966.9307385951579 4.836684038733702e-11 1
2 120 56 968.2598700420638 4.691968403200026e-11 1
2 120 57 970.1881962215809 4.5763896178979944e-11 1
2 121 48 955.9865728200223 5.002390227690845e-11 1
2 121 49 957.4474510399949 5.071938686425014e-11 1
2 121 50 958.5403981218943 5.100657955784175e-11 1
2 121 51 959.7845633501557 5.089514602766015e-11 1
