5 19 27 1010.687647454427 5.1003088278201924e-11 1
5 20 17 933.920862786467 1.8495888104119526e-11 1
5 20 18 941.799158684897 1.8255565855051855e-11 1
5 20 19 949.228235833337 1.8433970252612886e-11 1
5 20 20 960.524866692717 1.9627136506441836e-11 1
5 20 21 965.109705559897 2.191107033014144e-11 1
5 20 22 984.732020013027 2.4902343258559568e-11 1
5 20 23 1013.704249016927 2.7745815462468582e-11 1
5 20 24 1025.611658684897 2.946467908827323e-11 1
5 20 25 1029.610437981777 3.07448840775889e-11 1
5 20 26 1035.159571282557 3.5180985623983445e-11 1
5 20 27 1045.303858391927 4.582602358491166e-11 1
5 21 11 979.348291985677 1.9074575773860805e-11 1
5 21 12 985.486353509117 1.91218879265004e-11 1
5 21 13 992.328699700527 1.8789733029720065e-11 1
5 21 14 996.996302239587 1.8010091103290164e-11 1
5 21 15 1000.265101067717 1.7607359325968274e-11 1
5 21 16 1004.828272454427 1.718508262664105e-11 1
5 21 17 1008.258143059897 1.6968323058202036e-11 1
5 21 18 1011.350184075527 1.6881594372801875e-11 1
