6 113 272 1017.9146336114219 7.710785887119746e-12 1
6 113 273 1008.4382229558752 7.707129094412332e-12 1
6 113 274 993.5605294631249 7.707129094412332e-12 1
6 114 266 992.3920119950814 8.077751732291227e-12 1
6 114 267 998.5179579977777 7.924464504275776e-12 1
6 114 268 1005.6130458534154 7.805186813360916e-12 1
6 114 269 1020.8607945341181 7.72890324741193e-12 1
6 114 270 1025.4679470884078 7.69197892401517e-12 1
6 114 271 1026.853725306159 7.676712323788558e-12 1
6 114 272 1025.3079260378188 7.67235010006591e-12 1
6 114 273 1020.8886278923137 7.685715049675145e-12 1
6 114 274 1009.507572023068 7.685715049675145e-12 1
6 115 260 1017.543384815136 8.957957694331327e-12 1
6 115 261 1018.8722919550393 8.88802789615072e-12 1
6 115 262 1020.2747080406327 8.781079040212386e-12 1
6 115 263 1022.4015681623312 8.639438140590547e-12 1
6 115 264 1023.2190591031163 8.472136652234491e-12 1
6 115 265 1023.8881825675608 8.292688985135013e-12 1
6 115 266 1019.8292727991904 8.117353337638305e-12 1
6 115 267 1027.1911861551373 7.96051982457988e-12 1
6 115 268 1028.244278032734 7.834372405193931e-12 1
6 115 269 1031.1679022064513 7.746820638160683e-12 1
6 116 199 963.9406828634137 9.61727114567997e-12 1
6 116 200 964.398401993314 9.604095406973806e-12 1
6 116 201 964.8614427160537 9.591043913587318e-12 1
6 116 202 965.4367518964713 9.578170347568526e-12 1
6 116 203 966.0236014135569 9.565334320965932e-12 1
6 116 204 966.6104509306584 9.552615938221363e-12 1
6 116 205 967.1973004477535 9.54006740639121e-12 1
6 116 206 967.9744134092969 9.52755179937935e-12 1
6 116 207 968.8037286155887 9.515000418742327e-12 1
6 116 208 969.6330438218579 9.502820794055162e-12 1
6 116 209 970.4623590281915 9.490672310431112e-12 1
6 116 210 971.2451306416739 9.47850610584893e-12 1
6 116 211 971.9990793880661 9.466589819841992e-12 1
6 116 212 972.7530281344996 9.454815265669195e-12 1
6 116 213 973.506976880892 9.443058887790548e-12 1
6 116 214 974.2685652704326 9.431381116042716e-12 1
6 116 215 975.0394749855432 9.419997978927384e-12 1
6 116 216 975.8103847006718 9.408671244174918e-12 1
6 116 217 976.5812944157824 9.39738443233786e-12 1
6 116 218 977.5091769265124 9.386413619493036e-12 1
6 116 219 978.834200610372 9.37552314426173e-12 1
6 116 220 980.1592242941291 9.364657910833721e-12 1
6 116 221 981.4842479777988 9.354088896217974e-12 1
6 116 222 982.7002185777741 9.343652904985701e-12 1
6 116 223 983.4998309544818 9.333230871129276e-12 1
6 116 224 984.2564131915447 9.322921716570602e-12 1
6 116 225 985.0129954285986 9.312935767985898e-12 1
6 116 226 985.8419782214254 9.302994638338587e-12 1
6 116 227 987.0411893431427 9.29309423121943e-12 1
6 116 228 988.3404742442639 9.283621462843982e-12 1
6 116 229 989.6397591454858 9.274167986636094e-12 1
6 116 230 991.0055391197783 9.264704593959277e-12 1
6 116 231 992.9276651972228 9.255536472385688e-12 1
6 116 232 995.1086011712199 9.246561349354498e-12 1
6 116 233 997.2895371451002 9.237605016516146e-12 1
6 116 234 999.4509985718339 9.228821191503283e-12 1
6 116 235 1000.9821096437786 9.220332152905941e-12 1
6 116 236 1002.0742773892431 9.211872456472808e-12 1
6 116 237 1003.1664451347659 9.20344918924154e-12 1
6 116 238 1004.2586128802595 9.195477150958943e-12 1
6 116 239 1005.1013624403619 9.187518911501262e-12 1
6 116 240 1005.6674478000934 9.17955698605842e-12 1
6 116 241 1006.2238979298392 9.171938896136117e-12 1
6 116 242 1006.7803480595995 9.164474975351745e-12 1
6 116 243 1007.4180839588456 9.157020177255261e-12 1
6 116 244 1008.213521036304 9.149721976846782e-12 1
6 116 245 1009.0200956553681 9.142723805843618e-12 1
6 116 246 1009.826670274411 9.135745156757762e-12 1
6 116 247 1010.6917610440686 9.128795990756221e-12 1
6 116 248 1011.7922756942004 9.122246238503373e-12 1
6 116 249 1012.9154330921866 9.115697427598336e-12 1
6 116 250 1014.0385904902322 9.109158012659369e-12 1
6 116 251 1015.1180917721694 9.102929531630166e-12 1
6 116 252 1015.3699222217224 9.096831148631343e-12 1
6 116 253 1015.5260466204153 9.090739400246527e-12 1
6 116 254 1015.682171019112 9.084794857678105e-12 1
6 116 255 1015.8382954178049 9.077671117663213e-12 1
6 116 256 1016.0081965715601 9.067060539671043e-12 1
6 116 257 1016.2447582317533 9.0521066394126e-12 1
6 116 258 1016.6687267625124 9.031139954954249e-12 1
6 116 259 1017.9415893951511 9.002204499361862e-12 1
6 116 260 1019.1086135446207 8.961394836249116e-12 1
6 116 261 1020.6235412745577 8.901366682794104e-12 1
6 116 262 1022.032184325703 8.811684899880476e-12 1
6 116 263 1024.6415663544833 8.661757421097163e-12 1
6 117 121 972.6997757091523 1.049977592756935e-11 1
6 117 122 972.6827913862076 1.0494633113858676e-11 1
6 117 123 972.4442133392773 1.0489497141608682e-11 1
6 117 124 972.1812298578619 1.0483997707680049e-11 1
6 117 125 971.9182463764259 1.0477901096981707e-11 1
6 117 126 971.677750605485 1.0471811572713838e-11 1
6 117 127 971.544196887585 1.0465647692283286e-11 1
6 117 128 971.4394047581371 1.0458602910371982e-11 1
6 117 129 971.3346126287036 1.0451601627213603e-11 1
6 117 130 971.2845566866208 1.0444609711496405e-11 1
6 117 131 971.6778700604267 1.0436952168985853e-11 1
6 117 132 972.2700533481421 1.0429081212338926e-11 1
6 117 133 972.8622366358464 1.0421223462186928e-11 1
6 117 134 973.445756515182 1.0413069346274211e-11 1
6 117 135 973.6935965190631 1.0404423941298385e-11 1
6 117 136 973.7219274884427 1.0395792880032583e-11 1
6 117 137 973.7502584578225 1.0387063071522123e-11 1
6 117 138 973.7785894272033 1.0377597064545355e-11 1
6 117 139 973.7808771065636 1.036820432308355e-11 1
6 117 140 973.7551642578882 1.0358828568947985e-11 1
6 117 141 973.7286005687225 1.0348885764136266e-11 1
6 117 142 973.7020368795576 1.0338803806593651e-11 1
6 117 143 974.0595587072768 1.0328743655867444e-11 1
6 117 144 975.1606962453674 1.0318449217556032e-11 1
6 117 145 976.3044411542437 1.0307760300036731e-11 1
6 117 146 977.4481860631864 1.0297093504974548e-11 1
6 117 147 978.5926862765191 1.028633217941365e-11 1
6 117 148 979.7403326393339 1.0274998373141683e-11 1
6 117 149 980.8882181923171 1.026376651593256e-11 1
6 117 150 982.036103745323 1.0252559187557345e-11 1
6 117 151 983.1551773512919 1.0240962457360476e-11 1
6 117 152 983.5879716551335 1.0229225236304212e-11 1
6 117 153 983.9589405565162 1.0217499985378233e-11 1
6 117 154 984.3299094578699 1.0205495625323387e-11 1
6 117 155 984.7008783592277 1.0193278925573184e-11 1
6 117 156 985.2896076363336 1.0181136307539372e-11 1
6 117 157 985.9360941456861 1.0168994923844105e-11 1
6 117 158 986.5825806550569 1.0156349303452196e-11 1
6 117 159 987.2290671644215 1.0143831888738468e-11 1
6 117 160 987.6510874139702 1.0131345290766754e-11 1
6 117 161 987.9374076064752 1.0118604915713844e-11 1
6 117 162 988.2237277989719 1.0105781983708949e-11 1
6 117 163 988.5100479914909 1.0092973416125802e-11 1
6 117 164 988.5570375044174 1.0079982591235773e-11 1
6 117 165 988.3186140329641 1.0066892654951813e-11 1
6 117 166 988.0801905614973 1.0053836671942528e-11 1
6 117 167 987.841767090044 1.0040681735241159e-11 1
6 117 168 987.4994977133181 1.0027286847799329e-11 1
6 117 169 986.9016859618381 1.0014032182592141e-11 1
6 117 170 986.3038742103753 1.0000812512738442e-11 1
6 117 171 985.7060624588661 9.987339492656499e-12 1
6 117 172 985.099827969667 9.973946984731641e-12 1
6 117 173 984.4629896694694 9.960594880697297e-12 1
6 117 174 983.8228809530086 9.947205336897234e-12 1
6 117 175 983.1827722366336 9.933732252123522e-12 1
6 117 176 982.5874953390378 9.920295615472243e-12 1
6 117 177 982.2129735322874 9.906750826246864e-12 1
6 117 178 981.8980215255795 9.893128095572818e-12 1
6 117 179 981.5830695188782 9.879654448806036e-12 1
6 117 180 981.2541541134453 9.866217452176595e-12 1
6 117 181 980.8104883317427 9.8527650379486e-12 1
6 117 182 980.3143671080522 9.839328354408168e-12 1
6 117 183 979.8182458843562 9.825907542640845e-12 1
6 117 184 979.3309219610924 9.812414412056701e-12 1
6 117 185 979.1523880636256 9.79903034312037e-12 1
6 117 186 979.1823571286333 9.785682736014938e-12 1
6 117 187 979.2123261936405 9.772236794304313e-12 1
6 117 188 979.2422952586484 9.758852805734251e-12 1
6 117 189 979.2864752419079 9.74561348526214e-12 1
6 117 190 979.3461650485402 9.732410038296808e-12 1
6 117 191 979.4063638912091 9.71928359834409e-12 1
6 117 192 979.4665627338733 9.706209139568915e-12 1
6 117 193 979.6013987273205 9.693151276978632e-12 1
6 117 194 979.8807997836245 9.680023574407996e-12 1
6 117 195 980.1694684404779 9.667090615015893e-12 1
6 117 196 980.4581370973392 9.65425253008134e-12 1
6 117 197 980.9226480404094 9.64145429635676e-12 1
6 117 198 982.1064688451049 9.628810640037524e-12 1
6 117 199 983.3522540468337 9.616200101684544e-12 1
6 117 200 984.5980392485284 9.603553415666979e-12 1
6 117 201 985.8115735082322 9.59095486440725e-12 1
6 117 202 986.3447168282648 9.57861599390797e-12 1
6 117 203 986.8079211764505 9.566314122814758e-12 1
6 117 204 987.2711255246489 9.554111283247108e-12 1
6 117 205 987.7343298728422 9.542049786764927e-12 1
6 117 206 988.4953656671939 9.530018705726997e-12 1
6 117 207 989.3381169486438 9.517944390791514e-12 1
6 117 208 990.1808682300708 9.50616521067722e-12 1
6 117 209 991.0236195115631 9.494509115826031e-12 1
6 117 210 991.8786143557077 9.482881570480627e-12 1
6 117 211 992.7411912226476 9.471473791037304e-12 1
6 117 212 993.6037680896347 9.460170483479446e-12 1
6 117 213 994.466344956575 9.448878166586828e-12 1
6 117 214 995.516325304162 9.437667129987536e-12 1
6 117 215 996.7949614709008 9.426764044114416e-12 1
6 117 216 998.0735976376699 9.415886121261485e-12 1
6 117 217 999.352233804409 9.404944107300491e-12 1
6 117 218 1000.5015811622304 9.394351776664825e-12 1
6 117 219 1001.3238278335954 9.38386611228515e-12 1
6 117 220 1002.1460745048965 9.373403829310673e-12 1
6 117 221 1002.9683211761436 9.363217003685375e-12 1
6 117 222 1003.7947136630363 9.353153879837447e-12 1
6 117 223 1004.6369346283615 9.343098474970732e-12 1
6 117 224 1005.4807914486091 9.333110518751473e-12 1
6 117 225 1006.3246482688469 9.323445011961668e-12 1
6 117 226 1007.1197949263855 9.313832467170317e-12 1
6 117 227 1007.6658567259725 9.304258132253212e-12 1
6 117 228 1008.1445901738566 9.295086902331769e-12 1
6 117 229 1008.6233236217778 9.28593373481356e-12 1
6 117 230 1009.1318671646155 9.27675153018474e-12 1
6 117 231 1009.889823624395 9.267833684636536e-12 1
6 117 232 1010.7638059372616 9.259142101685994e-12 1
6 117 233 1011.6377882500814 9.250469269147535e-12 1
6 117 234 1012.5028002514048 9.241963542635761e-12 1
6 117 235 1013.0774620335736 9.233720151594154e-12 1
6 117 236 1013.4499389671607 9.225491452871604e-12 1
6 117 237 1013.822415900768 9.21724593059328e-12 1
6 117 238 1014.1948928343651 9.209405417612154e-12 1
6 117 239 1014.5360743519191 9.201613750786806e-12 1
6 118 61 984.563011272003 1.0753394195060379e-11 1
6 118 62 985.1894679584055 1.0701206874477358e-11 1
6 118 63 983.9247309730765 1.0669592149162899e-11 1
6 118 64 983.8818114411781 1.0650084908055313e-11 1
6 118 65 985.2540386775099 1.0637659750846058e-11 1
6 118 66 985.5920230352523 1.062977315644879e-11 1
6 118 67 986.2679917507422 1.0624479198046471e-11 1
6 118 68 986.5282362963196 1.0620471853475498e-11 1
6 118 69 986.6073324117162 1.0616514095968616e-11 1
6 118 70 986.6864285271176 1.0612559287108403e-11 1
6 118 71 986.7655246425143 1.0608763771359156e-11 1
6 118 72 986.7895888711868 1.0605034047397635e-11 1
6 118 73 986.6311308481911 1.0601300943883297e-11 1
6 118 74 986.4520197964049 1.0597609099209872e-11 1
6 118 75 986.2729087446216 1.0594087903250183e-11 1
6 118 76 986.1024990887724 1.0590587206280122e-11 1
6 118 77 985.9721647289682 1.0587098816061551e-11 1
6 118 78 985.8525544544154 1.0583821173109694e-11 1
6 118 79 985.7329441798618 1.0580545558970188e-11 1
6 118 80 985.6529126605789 1.0577256681415035e-11 1
6 118 81 985.8899344039318 1.0574106676493972e-11 1
6 118 82 986.2662900972413 1.0571022215979187e-11 1
6 118 83 986.6426457905187 1.0567939582611969e-11 1
6 118 84 987.0180802385975 1.056493466752782e-11 1
6 118 85 987.3532298235324 1.0562044664673177e-11 1
6 118 86 987.6628996162734 1.0559149979469443e-11 1
6 118 87 987.9725694090387 1.0556264577284728e-11 1
6 118 88 988.2822392017799 1.0553531016581783e-11 1
6 118 89 988.4220337768298 1.0550775522139476e-11 1
6 118 90 988.381687638162 1.054802146622379e-11 1
6 118 91 988.3363833967857 1.054536385991831e-11 1
6 118 92 988.2910791554078 1.0542745932545727e-11 1
6 118 93 988.2167577893974 1.0540135236765697e-11 1
6 118 94 988.0862146011791 1.0537600931372729e-11 1
6 118 95 987.9528483658494 1.0535066351288284e-11 1
6 118 96 987.8194821305239 1.0532503299099802e-11 1
6 118 97 987.7124133825536 1.0529942979003275e-11 1
6 118 98 987.7170532939494 1.0527414887403422e-11 1
6 118 99 987.7290484191029 1.0524888009430863e-11 1
6 118 100 987.7410435442574 1.0522400403687113e-11 1
6 118 101 987.7637099834078 1.051986547285919e-11 1
6 118 102 988.0787189636728 1.0517293607642165e-11 1
6 118 103 988.416393102653 1.051473480670934e-11 1
6 118 104 988.7540672416229 1.051222663111337e-11 1
6 118 105 989.0917413806189 1.0509572828597766e-11 1
6 118 106 989.4778222721447 1.0506872580073798e-11 1
6 118 107 989.8763063173558 1.0504164665911977e-11 1
6 118 108 990.2747903625905 1.0501269307512532e-11 1
6 118 109 990.6732744078014 1.0498375544821163e-11 1
6 118 110 991.0558107658412 1.04955581949269e-11 1
6 118 111 991.4289365517103 1.049259736066819e-11 1
6 118 112 991.802062337586 1.0489366844677888e-11 1
6 118 113 992.175188123455 1.048613331929446e-11 1
6 118 114 992.5641166323683 1.0482764116800342e-11 1
6 118 115 992.9714654934095 1.0479066338251141e-11 1
6 118 116 993.378814354419 1.047531170318673e-11 1
6 118 117 993.786163215432 1.0471534236466012e-11 1
6 118 118 994.0997019159827 1.0467186771749507e-11 1
6 118 119 994.1886374437695 1.046275107033433e-11 1
6 118 120 994.2775729715588 1.0458319126779429e-11 1
6 118 121 994.3665084993474 1.045334285070444e-11 1
6 118 122 994.4666789581953 1.0448150258144231e-11 1
6 118 123 994.605802459931 1.0442968526142682e-11 1
6 118 124 994.7492160919036 1.0437505937823712e-11 1
6 118 125 994.8926297238875 1.0431522265757328e-11 1
6 118 126 995.0404446542973 1.0425551196846697e-11 1
6 118 127 995.2091903011308 1.04195482389634e-11 1
6 118 128 995.383565170855 1.0412755064574944e-11 1
6 118 129 995.5579400405554 1.0405993454808346e-11 1
6 118 130 995.7592559208136 1.0399240620759095e-11 1
6 118 131 996.178797037201 1.0391942904557078e-11 1
6 118 132 996.6962214133654 1.0384432234332143e-11 1
6 118 133 997.2136457895199 1.037692279065574e-11 1
6 118 134 997.726427542075 1.0369059802033807e-11 1
6 118 135 998.0593222059443 1.0360790597382857e-11 1
6 118 136 998.274584434709 1.0352569276845552e-11 1
6 118 137 998.4898466634758 1.0344323546205829e-11 1
6 118 138 998.7051088922487 1.0335345080077395e-11 1
6 118 139 998.9117971743578 1.0326460130550444e-11 1
6 118 140 999.1092671498089 1.0317590444088578e-11 1
6 118 141 999.3064570123757 1.0308247364743818e-11 1
6 118 142 999.5036468749369 1.0298724293828437e-11 1
6 118 143 999.6889148278846 1.0289203688915114e-11 1
6 118 144 999.8511011520817 1.0279403099486205e-11 1
6 118 145 1000.0119649551342 1.0269317194896448e-11 1
6 118 146 1000.172828758196 1.0259251063003154e-11 1
6 118 147 1000.3623341764753 1.0249065464165478e-11 1
6 118 148 1000.6711435405936 1.02383477962177e-11 1
6 118 149 1000.9890231452437 1.022776089558417e-11 1
6 118 150 1001.3069027499 1.0217195866973116e-11 1
6 118 151 1001.618916307684 1.0206151914822286e-11 1
6 118 152 1001.7912049608101 1.0195111471659306e-11 1
6 118 153 1001.9509061026522 1.0184100021857743e-11 1
6 118 154 1002.1106072444818 1.0172924138624452e-11 1
6 118 155 1002.2703083863131 1.0161465161025073e-11 1
6 118 156 1002.4552369382585 1.0150031969605585e-11 1
6 118 157 1002.6468566312255 1.013848277789772e-11 1
6 118 158 1002.8384763241979 1.0126557813338801e-11 1
6 118 159 1003.0300960171686 1.0114788971716803e-11 1
6 118 160 1003.1905301393558 1.0103047453269093e-11 1
6 118 161 1003.3321111664917 1.0091072146848743e-11 1
6 119 54 979.8790799971446 1.138557970057825e-11 1
6 119 55 981.9796812328491 1.127549225881073e-11 1
6 119 56 983.4723718185527 1.1166040856219055e-11 1
6 119 57 984.1249087773951 1.1060102450899321e-11 1
6 119 58 985.5289881996099 1.095942199193282e-11 1
6 119 59 987.4692211348231 1.0865548963671218e-11 1
6 119 60 989.132362236324 1.0779773031103998e-11 1
6 119 61 990.332220979972 1.0708591296472148e-11 1
6 119 62 991.9677407563662 1.0659758845903422e-11 1
6 119 63 993.1126932609692 1.0630185775492689e-11 1
6 119 64 993.7129738608613 1.061186280399358e-11 1
6 119 65 994.2970408345703 1.0600186203404314e-11 1
6 119 66 994.3566986252616 1.0592716592537556e-11 1
6 119 67 994.4760142066452 1.0587760281624443e-11 1
6 119 68 994.5858249129969 1.0583954836034466e-11 1
6 119 69 994.8125013757121 1.058017489276308e-11 1
6 119 70 995.0391778384412 1.057639764845827e-11 1
6 119 71 995.2658543011563 1.057274266497996e-11 1
6 119 72 995.4618605826935 1.0569139440146909e-11 1
6 119 73 995.556144192849 1.0565538698647436e-11 1
6 119 74 995.6389175282798 1.0561997318897858e-11 1
6 119 75 995.7216908637089 1.0558551475856412e-11 1
6 119 76 995.8073412601227 1.0555107880488653e-11 1
6 119 77 995.9062422972198 1.0551686242484143e-11 1
6 119 78 996.0086891845984 1.0548408891970636e-11 1
6 119 79 996.111136071978 1.0545121561293786e-11 1
6 120 48 972.1465571896613 1.184607937015121e-11 1
6 120 49 973.132611435695 1.1772481987303479e-11 1
6 120 50 974.2548466269255 1.1690778861171886e-11 1
6 120 51 975.7197762435533 1.1601809411707585e-11 1
6 120 52 977.5391256826796 1.1506781743828891e-11 1
6 120 53 979.5823278358993 1.1407119998289978e-11 1
6 120 54 981.8055046688878 1.1304516832435836e-11 1
6 120 55 983.3962377928136 1.1200733426835944e-11 1
6 120 56 984.7253692397195 1.1097561534075478e-11 1
6 120 57 986.6536954192367 1.099752302929308e-11 1
6 121 48 972.452072017678 1.1748293712020087e-11 1
6 121 49 973.9129502376506 1.1675344231799142e-11 1
6 121 50 975.0058973195501 1.1595692270086926e-11 1
6 121 51 976.2500625478115 1.1516556279753315e-11 1
