5 55 104 972.5681000320068 1.8372260423062438e-11 1
5 55 105 993.1698456374768 1.984564033334244e-11 1
5 55 106 1016.6631317702868 2.0534329000000472e-11 1
5 55 107 1009.6198578445068 2.1952718715721555e-11 1
5 56 79 952.1915131179468 1.0020482248458632e-11 1
5 56 80 952.1915131179468 1.0185222143759698e-11 1
5 56 81 955.1777191726368 1.0353140904696391e-11 1
5 56 82 957.9855194656068 1.0522515991026294e-11 1
5 56 83 959.9837494460768 1.0694181001144625e-11 1
5 56 84 966.8997650710768 1.0865354169971832e-11 1
5 56 85 966.8997650710768 1.1035238596841421e-11 1
5 56 86 969.9130707351368 1.1204755074438205e-11 1
5 56 87 974.2430267898268 1.1373548368175522e-11 1
5 56 88 979.1212616531068 1.1537502226478173e-11 1
5 56 89 988.8017426101368 1.1700128936264492e-11 1
5 56 90 988.8017426101368 1.1856838229305778e-11 1
5 56 91 992.4658661452868 1.2007093911450899e-11 1
5 56 92 995.6506195632568 1.2152843435368535e-11 1
5 56 93 998.8852997390368 1.2293584026110095e-11 1
5 56 94 1003.8675995437268 1.2424095230033501e-11 1
5 56 95 1003.8675995437268 1.2547428946740697e-11 1
5 56 96 1006.0804291335768 1.2660942093321015e-11 1
5 56 97 1008.3366547195068 1.2763950635535481e-11 1
5 56 98 1008.7119598952868 1.2878388617573299e-11 1
5 56 99 1009.6738129226368 1.301949906705244e-11 1
5 56 100 1011.1841278640368 1.3180530586286235e-11 1
5 56 101 1012.6901703445068 1.3389455824813566e-11 1
5 56 102 1015.5804291335768 1.3870949959786778e-11 1
5 56 103 1018.5201874343568 1.5018946707444842e-11 1
5 56 104 1020.9201508132568 1.6887979529096187e-11 1
5 56 105 1025.3123016921668 1.8809833717694135e-11 1
5 57 32 968.5815888015368 7.8472769779528e-12 1
5 57 33 970.8584442702868 7.821272425048337e-12 1
5 57 34 969.5597382156068 7.803611380741793e-12 1
5 57 35 969.5597382156068 7.788621829192087e-12 1
5 57 36 967.2705536452868 7.774795363989072e-12 1
5 57 37 966.2164764968568 7.762247519389707e-12 1
5 57 38 969.0859833327868 7.750460664094542e-12 1
5 57 39 970.2450409499768 7.740740118502473e-12 1
5 57 40 970.2450409499768 7.733223591696811e-12 1
5 57 41 970.0721893874768 7.728125194439856e-12 1
5 57 42 969.5506439773268 7.725877146482185e-12 1
5 57 43 967.9990082351368 7.726624841508825e-12 1
5 57 44 971.1101532546668 7.730485541544824e-12 1
5 57 45 971.1101532546668 7.737288156448678e-12 1
5 57 46 972.8121185866968 7.746901412735656e-12 1
5 57 47 972.0086517898268 7.758982341305278e-12 1
5 57 48 968.1071625320068 7.772444028004332e-12 1
5 57 49 970.7582855788868 7.78672084418307e-12 1
5 57 50 970.7582855788868 7.801008390035311e-12 1
5 57 51 973.1716766921668 7.807792136805232e-12 1
5 57 52 976.6054535476368 7.807152769620161e-12 1
5 57 53 979.5336762038868 7.796061218945337e-12 1
5 57 54 979.7688446609168 7.780712697657719e-12 1
5 57 55 979.7688446609168 7.766759978827352e-12 1
5 57 56 980.8285980788868 7.759315550083503e-12 1
5 57 57 980.6683807937268 7.759542560253826e-12 1
5 57 58 981.9708710281068 7.764996934507424e-12 1
5 57 59 982.9825897781068 7.777195682073385e-12 1
5 57 60 982.9825897781068 7.798966588574049e-12 1
5 57 61 984.2314301101368 7.830003961627755e-12 1
5 57 62 984.8959198562268 7.869520549271755e-12 1
5 57 63 986.0218353835768 7.9178651297985e-12 1
5 57 64 989.7330780593568 7.97623937063418e-12 1
5 57 65 989.7330780593568 8.042308394204849e-12 1
5 57 66 991.6210785476368 8.117713333465624e-12 1
5 57 67 992.3337860671668 8.198703340563599e-12 1
5 57 68 992.9843597976368 8.28666041135295e-12 1
5 57 69 992.7535858718568 8.381083078369089e-12 1
5 57 70 992.7535858718568 8.479668990358088e-12 1
5 57 71 991.7207489577868 8.58414941860395e-12 1
5 57 72 990.1239471999768 8.697732697749533e-12 1
5 57 73 987.7753754226368 8.820792449625822e-12 1
5 57 74 985.5334320632568 8.95308115971634e-12 1
5 57 75 985.5334320632568 9.093510260538158e-12 1
5 57 76 987.0107880202868 9.242046320070433e-12 1
5 57 77 986.3115082351368 9.398156501977538e-12 1
5 57 78 985.2205048171668 9.561624981948835e-12 1
5 57 79 990.6098480788868 9.72985786534169e-12 1
5 57 80 990.6098480788868 9.90507834198931e-12 1
5 57 81 992.8535614577868 1.0085024307856674e-11 1
5 57 82 995.9296112624768 1.031207171371261e-11 1
5 57 83 998.1210175124768 1.0502547271559205e-11 1
5 57 84 1003.3239594070068 1.0698480017892103e-11 1
5 57 85 1003.3239594070068 1.089843581104603e-11 1
5 57 86 1004.5160980788868 1.1100477820555986e-11 1
5 57 87 1005.1999359695068 1.1302788875541652e-11 1
5 57 88 1006.1773529616968 1.1504497016179679e-11 1
5 57 89 1007.1011200515368 1.1504497016179679e-11 1
5 57 90 1007.1011200515368 1.1832924223316503e-11 1
5 57 91 1008.2396698562268 1.2014890279977605e-11 1
5 58 24 964.1744843093568 8.396055338460146e-12 1
5 58 25 965.4807587234168 8.366170373170636e-12 1
5 58 26 968.5335541335768 8.333350066139275e-12 1
5 58 27 972.1586762038868 8.254824535017892e-12 1
5 58 28 976.1773529616968 8.131890057293443e-12 1
5 58 29 978.0168915359168 8.016367056711579e-12 1
5 58 30 981.3118744460768 7.936908412684573e-12 1
5 58 31 983.2258148757568 7.863167216582545e-12 1
5 58 32 983.8441620437268 7.805218345762342e-12 1
5 58 33 985.5271454421668 7.765220841284987e-12 1
5 58 34 986.0870819656068 7.738672714637476e-12 1
5 58 35 986.0870819656068 7.693197138763542e-12 1
5 58 36 986.2408295241968 7.67371265145107e-12 1
5 58 37 986.6383514968568 7.655207295435164e-12 1
5 58 38 987.8882904616968 7.637814500729356e-12 1
5 58 39 988.1306000320068 7.621586198434921e-12 1
5 58 40 988.1306000320068 7.606658147246865e-12 1
5 58 41 988.4781952468568 7.606658147246865e-12 1
5 58 42 989.0038300124768 7.571453163070964e-12 1
5 58 43 989.5554047195068 7.562580596769575e-12 1
5 59 24 965.0967865554468 8.783002766800983e-12 1
5 59 25 967.2408295241968 8.698866649278383e-12 1
5 59 26 969.6692352859168 8.682438385237923e-12 1
