6 55 104 963.4503298513049 1.5948830593746977e-11 1
6 55 105 984.0520754567749 1.5515957230795964e-11 1
6 55 106 1007.5453615895849 1.5391139532506605e-11 1
6 55 107 1000.5020876638049 1.537143009935029e-11 1
6 56 79 943.0737429372449 1.9224198535674538e-11 1
6 56 80 943.0737429372449 1.9136398023699248e-11 1
6 56 81 946.0599489919349 1.9050903394055262e-11 1
6 56 82 948.8677492849049 1.8967817993001293e-11 1
6 56 83 950.8659792653749 1.888767451398516e-11 1
6 56 84 957.7819948903749 1.8810338331618962e-11 1
6 56 85 957.7819948903749 1.873598161632089e-11 1
6 56 86 960.7953005544349 1.8664827624221123e-11 1
6 56 87 965.1252566091249 1.8596995626555464e-11 1
6 56 88 970.0034914724049 1.8532434661406764e-11 1
6 56 89 979.6839724294349 1.8471394744736877e-11 1
6 56 90 979.6839724294349 1.8413750150456002e-11 1
6 56 91 983.3480959645849 1.835953363943053e-11 1
6 56 92 986.5328493825549 1.8308789383961913e-11 1
6 56 93 989.7675295583349 1.826142405662627e-11 1
6 56 94 994.7498293630249 1.8217226313569886e-11 1
6 56 95 994.7498293630249 1.8175988725707517e-11 1
6 56 96 996.9626589528749 1.8137613248881056e-11 1
6 56 97 999.2188845388049 1.8101826364244083e-11 1
6 56 98 999.5941897145849 1.8060144434593378e-11 1
6 56 99 1000.5560427419349 1.80027735851613e-11 1
6 56 100 1002.0663576833349 1.79200698744298e-11 1
6 56 101 1003.5724001638049 1.7770977948788172e-11 1
6 56 102 1006.4626589528749 1.741711457506789e-11 1
6 56 103 1009.4024172536549 1.6764812720956176e-11 1
6 56 104 1011.8023806325549 1.6047177762356847e-11 1
6 56 105 1016.1945315114649 1.5558752118567038e-11 1
6 57 32 959.4638186208349 2.1578257337981045e-11 1
6 57 33 961.7406740895849 2.150449745694189e-11 1
6 57 34 960.4419680349049 2.145783283946e-11 1
6 57 35 960.4419680349049 2.142228225029523e-11 1
6 57 36 958.1527834645849 2.1388170124577808e-11 1
6 57 37 957.0987063161549 2.1355348534898063e-11 1
6 57 38 959.9682131520849 2.132438497095449e-11 1
6 57 39 961.1272707692749 2.1294870730530583e-11 1
6 57 40 961.1272707692749 2.1266808368320424e-11 1
6 57 41 960.9544192067749 2.124070358892106e-11 1
6 57 42 960.4328737966249 2.121614644603715e-11 1
6 57 43 958.8812380544349 2.119319629358966e-11 1
6 57 44 961.9923830739649 2.117209075845474e-11 1
6 57 45 961.9923830739649 2.11524383402279e-11 1
6 57 46 963.6943484059949 2.113421584946514e-11 1
6 57 47 962.8908816091249 2.111712353222825e-11 1
6 57 48 958.9893923513049 2.110081554842719e-11 1
6 57 49 961.6405153981849 2.108505049487258e-11 1
6 57 50 961.6405153981849 2.1069430000893793e-11 1
6 57 51 964.0539065114649 2.105305373956626e-11 1
6 57 52 967.4876833669349 2.1035800696031858e-11 1
6 57 53 970.4159060231849 2.101711131375225e-11 1
6 57 54 970.6510744802149 2.0995105759224197e-11 1
6 57 55 970.6510744802149 2.096823567679889e-11 1
6 57 56 971.7108278981849 2.093526639953873e-11 1
6 57 57 971.5506106130249 2.0896368757282708e-11 1
6 57 58 972.8531008474049 2.0851611266942135e-11 1
6 57 59 973.8648195974049 2.080138544706949e-11 1
6 57 60 973.8648195974049 2.0745978711045157e-11 1
6 57 61 975.1136599294349 2.068585599964501e-11 1
6 57 62 975.7781496755249 2.0621287280447957e-11 1
6 57 63 976.9040652028749 2.0552445141949216e-11 1
6 57 64 980.6153078786549 2.0480248789995575e-11 1
6 57 65 980.6153078786549 2.0404524010683544e-11 1
6 57 66 982.5033083669349 2.032630593691193e-11 1
6 57 67 983.2160158864649 2.02452669273457e-11 1
6 57 68 983.8665896169349 2.016239662265706e-11 1
6 57 69 983.6358156911549 2.0078130565728625e-11 1
6 57 70 983.6358156911549 1.999227832496595e-11 1
6 57 71 982.6029787770849 1.9905319391323423e-11 1
6 57 72 981.0061770192749 1.9818284302608948e-11 1
6 57 73 978.6576052419349 1.9730884895454555e-11 1
6 57 74 976.4156618825549 1.964354158648789e-11 1
6 57 75 976.4156618825549 1.9556342392062637e-11 1
6 57 76 977.8930178395849 1.9470186750969176e-11 1
6 57 77 977.1937380544349 1.938502667521068e-11 1
6 57 78 976.1027346364649 1.9301436631039005e-11 1
6 57 79 981.4920778981849 1.921887970069212e-11 1
6 57 80 981.4920778981849 1.9138538028456012e-11 1
6 57 81 983.7357912770849 1.9059647352308046e-11 1
6 57 82 986.8118410817749 1.8963906768507707e-11 1
6 57 83 989.0032473317749 1.888957456087118e-11 1
6 57 84 994.2061892263049 1.8817859623521877e-11 1
6 57 85 994.2061892263049 1.874880023527558e-11 1
6 57 86 995.3983278981849 1.8682509093811647e-11 1
6 57 87 996.0821657888049 1.861911277382051e-11 1
6 57 88 997.0595827809949 1.8558730611823738e-11 1
6 57 89 997.9833498708349 1.8558730611823738e-11 1
6 57 90 997.9833498708349 1.8437172779287678e-11 1
6 57 91 999.1218996755249 1.8385227406938076e-11 1
6 58 24 955.0567141286549 2.386018331587628e-11 1
6 58 25 956.3629885427149 2.3564554038835564e-11 1
6 58 26 959.4157839528749 2.320291744451702e-11 1
6 58 27 963.0409060231849 2.279514694740835e-11 1
6 58 28 967.0595827809949 2.2368287455648365e-11 1
6 58 29 968.8991213552149 2.196721571016403e-11 1
6 58 30 972.1941042653749 2.1673768315776346e-11 1
6 58 31 974.1080446950549 2.14994500310011e-11 1
6 58 32 974.7263918630249 2.1394503475326868e-11 1
6 58 33 976.4093752614649 2.132976523913669e-11 1
6 58 34 976.9693117849049 2.128899671677164e-11 1
6 58 35 976.9693117849049 2.1266301563139222e-11 1
6 58 36 977.1230593434949 2.1236270030112594e-11 1
6 58 37 977.5205813161549 2.1207558428706692e-11 1
6 58 38 978.7705202809949 2.1180046880761307e-11 1
6 58 39 979.0128298513049 2.1153726352715395e-11 1
6 58 40 979.0128298513049 2.1128697223795288e-11 1
6 58 41 979.3604250661549 2.1128697223795288e-11 1
6 58 42 979.8860598317749 2.109971851373463e-11 1
6 58 43 980.4376345388049 2.107781288102103e-11 1
6 59 24 955.9790163747449 2.3491138131591726e-11 1
6 59 25 958.1230593434949 2.324284008382704e-11 1
6 59 26 960.5514651052149 2.294209550361443e-11 1
