2 19 27 1004.5748308772972 3.1351201793252124e-10 1
2 20 17 927.8080462093372 1.86218191297687e-10 1
2 20 18 935.6863421077672 1.8464022906941621e-10 1
2 20 19 943.1154192562072 1.9766020944635173e-10 1
2 20 20 954.4120501155872 2.2434893003946843e-10 1
2 20 21 958.9968889827672 2.554288094682041e-10 1
2 20 22 978.6192034358972 2.767110880162794e-10 1
2 20 23 1007.5914324397972 2.830114595474337e-10 1
2 20 24 1019.4988421077672 2.8269137906288287e-10 1
2 20 25 1023.4976214046472 2.9108968591064874e-10 1
2 20 26 1029.0467547054272 2.8241918725190666e-10 1
2 20 27 1039.1910418147972 2.6121777980122466e-10 1
2 21 11 973.2354754085472 2.2368257687503054e-10 1
2 21 12 979.3735369319872 2.277061364630045e-10 1
2 21 13 986.2158831233972 2.0938762469381843e-10 1
2 21 14 990.8834856624572 2.0328187962949494e-10 1
2 21 15 994.1522844905872 2.0486672395384064e-10 1
2 21 16 998.7154558772972 2.0391283755053223e-10 1
2 21 17 1002.1453264827672 1.9647858610462982e-10 1
2 21 18 1005.2373674983972 1.9068198526201937e-10 1
