3 113 272 1026.188546958244 8.454411023420913e-11 1
3 113 273 1016.7121363026972 9.621629874971682e-11 1
3 113 274 1001.834442809947 9.621629874971682e-11 1
3 114 266 1000.6659253419034 6.642782373579309e-11 1
3 114 267 1006.7918713445997 6.268341116044766e-11 1
3 114 268 1013.8869592002375 5.984726088640311e-11 1
3 114 269 1029.1347078809401 5.83517332006485e-11 1
3 114 270 1033.7418604352297 5.973437253905326e-11 1
3 114 271 1035.1276386529812 6.53144813244859e-11 1
3 114 272 1033.5818393846407 7.543363472936213e-11 1
3 114 273 1029.1625412391359 8.080150516474462e-11 1
3 114 274 1017.78148536989 8.080150516474462e-11 1
3 115 260 1025.8172981619582 6.282302319949792e-11 1
3 115 261 1027.1462053018613 6.359381653386679e-11 1
3 115 262 1028.548621387455 6.527582018821481e-11 1
3 115 263 1030.6754815091533 6.727919894355275e-11 1
3 115 264 1031.4929724499384 6.83474224112994e-11 1
3 115 265 1032.162095914383 6.742996592232429e-11 1
3 115 266 1028.1031861460126 6.456387907107484e-11 1
3 115 267 1035.4650995019592 6.099713760662033e-11 1
3 115 268 1036.5181913795561 5.788113116800752e-11 1
3 115 269 1039.4418155532735 5.606064330397192e-11 1
3 116 199 972.2145962102358 5.749030874618514e-11 1
3 116 200 972.672315340136 5.772327823817076e-11 1
3 116 201 973.1353560628758 5.794109259628406e-11 1
3 116 202 973.7106652432933 5.815880268401247e-11 1
3 116 203 974.2975147603789 5.837830302885134e-11 1
3 116 204 974.8843642774805 5.859185261439688e-11 1
3 116 205 975.4712137945755 5.879441028853523e-11 1
3 116 206 976.2483267561189 5.899837334396458e-11 1
3 116 207 977.0776419624108 5.91977139835101e-11 1
3 116 208 977.9069571686799 5.938280285853833e-11 1
3 116 209 978.7362723750135 5.956905276958543e-11 1
3 116 210 979.5190439884959 5.975368715767722e-11 1
3 116 211 980.2729927348881 5.992474826704133e-11 1
3 116 212 981.0269414813216 6.009219389433536e-11 1
3 116 213 981.780890227714 6.025986365516569e-11 1
3 116 214 982.5424786172547 6.04150672500393e-11 1
3 116 215 983.3133883323652 6.056126647477942e-11 1
3 116 216 984.0842980474938 6.07101661400396e-11 1
3 116 217 984.8552077626044 6.08586059504822e-11 1
3 116 218 985.7830902733344 6.098428080631084e-11 1
3 116 219 987.1081139571941 6.111397712319068e-11 1
3 116 220 988.4331376409511 6.12442262705519e-11 1
3 116 221 989.7581613246208 6.136035583439668e-11 1
3 116 222 990.9741319245961 6.147098103258562e-11 1
3 116 223 991.7737443013039 6.158163183698871e-11 1
3 116 224 992.5303265383667 6.16830896850713e-11 1
3 116 225 993.2869087754207 6.177532759794492e-11 1
3 116 226 994.1158915682474 6.186877138928633e-11 1
3 116 227 995.3151026899648 6.196170838560544e-11 1
3 116 228 996.6143875910859 6.203839374871638e-11 1
3 116 229 997.9136724923078 6.211526916249335e-11 1
3 116 230 999.2794524666003 6.219207102501403e-11 1
3 116 231 1001.2015785440449 6.225880534375955e-11 1
3 116 232 1003.382514518042 6.231967532672939e-11 1
3 116 233 1005.5634504919223 6.238060794850971e-11 1
3 116 234 1007.724911918656 6.243734380877912e-11 1
3 116 235 1009.2560229906006 6.248447397608052e-11 1
3 116 236 1010.3481907360651 6.253018953530685e-11 1
3 116 237 1011.440358481588 6.25753540809828e-11 1
3 116 238 1012.5325262270816 6.260767077850345e-11 1
3 116 239 1013.3752757871839 6.264002087283294e-11 1
3 116 240 1013.9413611469155 6.267426705066091e-11 1
3 116 241 1014.4978112766612 6.269967848558341e-11 1
3 116 242 1015.0542614064216 6.272061462772303e-11 1
3 116 243 1015.6919973056677 6.2742092398068e-11 1
3 116 244 1016.487434383126 6.276391115931567e-11 1
3 116 245 1017.2940090021901 6.277741832040752e-11 1
3 116 246 1018.100583621233 6.278954386845813e-11 1
3 116 247 1018.9656743908906 6.280147102878783e-11 1
3 116 248 1020.0661890410224 6.280816925664171e-11 1
3 116 249 1021.1893464390087 6.281261187920838e-11 1
3 116 250 1022.3125038370542 6.281705513030149e-11 1
3 116 251 1023.3920051189914 6.281770261619474e-11 1
3 116 252 1023.6438355685444 6.281681750999578e-11 1
3 116 253 1023.7999599672373 6.281624847376833e-11 1
3 116 254 1023.9560843659341 6.281611521304087e-11 1
3 116 255 1024.112208764627 6.280941808681526e-11 1
3 116 256 1024.2821099183823 6.279721752641975e-11 1
3 116 257 1024.5186715785753 6.277188356404447e-11 1
3 116 258 1024.9426401093344 6.273004571038389e-11 1
3 116 259 1026.2155027419733 6.266927000197749e-11 1
3 116 260 1027.3825268914427 6.267584299690909e-11 1
3 116 261 1028.89745462138 6.304250998430494e-11 1
3 116 262 1030.306097672525 6.391522549882335e-11 1
3 116 263 1032.9154797013055 6.558131668982314e-11 1
3 117 121 980.9736890559743 4.114911858786043e-11 1
3 117 122 980.9567047330296 4.122383170702657e-11 1
3 117 123 980.7181266860994 4.129878863281838e-11 1
3 117 124 980.455143204684 4.1381852808478556e-11 1
3 117 125 980.192159723248 4.147814340564878e-11 1
3 117 126 979.9516639523071 4.1574883161246737e-11 1
3 117 127 979.8181102344071 4.167314936926049e-11 1
3 117 128 979.7133181049592 4.1788352502315764e-11 1
3 117 129 979.6085259755256 4.1905115145472375e-11 1
3 117 130 979.5584700334429 4.202253212002758e-11 1
3 117 131 979.9517834072487 4.2150288080239004e-11 1
3 117 132 980.5439666949642 4.2284180656879315e-11 1
3 117 133 981.1361499826685 4.241896724433293e-11 1
3 117 134 981.719669862004 4.255935489578789e-11 1
3 117 135 981.9675098658852 4.270849194028686e-11 1
3 117 136 981.9958408352647 4.285867787626382e-11 1
3 117 137 982.0241718046445 4.30099415675024e-11 1
3 117 138 982.0525027740254 4.317163339890952e-11 1
3 117 139 982.0547904533856 4.333425312111767e-11 1
3 117 140 982.0290776047102 4.349810259364049e-11 1
3 117 141 982.0025139155446 4.3667175144473395e-11 1
3 117 142 981.9759502263796 4.383875874112781e-11 1
3 117 143 982.3334720540988 4.401168385251205e-11 1
3 117 144 983.4346095921894 4.418686959898273e-11 1
3 117 145 984.5783545010657 4.436492689539536e-11 1
3 117 146 985.7220994100085 4.454442501236855e-11 1
3 117 147 986.8665996233411 4.472597259647042e-11 1
3 117 148 988.014245986156 4.4911046025253727e-11 1
3 117 149 989.1621315391392 4.509574436438392e-11 1
3 117 150 990.310017092145 4.528196813441759e-11 1
3 117 151 991.4290906981139 4.547161747251144e-11 1
3 117 152 991.8618850019556 4.5663627985913135e-11 1
3 117 153 992.2328539033382 4.5858056425282536e-11 1
3 117 154 992.603822804692 4.60639625622806e-11 1
3 117 155 992.9747917060497 4.6270929183835836e-11 1
3 117 156 993.5635209831556 4.6475616938491716e-11 1
3 117 157 994.2100074925081 4.6683079271506915e-11 1
3 117 158 994.8564940018789 4.690910004890216e-11 1
3 117 159 995.5029805112435 4.712944801749511e-11 1
3 117 160 995.9250007607923 4.735187585436894e-11 1
3 117 161 996.2113209532972 4.758186867179636e-11 1
3 117 162 996.497641145794 4.781633104021788e-11 1
3 117 163 996.7839613383129 4.805395973870825e-11 1
3 117 164 996.8309508512394 4.829782111612511e-11 1
3 117 165 996.5925273797861 4.8540111324678963e-11 1
3 117 166 996.3541039083193 4.878484472942921e-11 1
3 117 167 996.115680436866 4.902966481732043e-11 1
3 117 168 995.7734110601401 4.9266091189792456e-11 1
3 117 169 995.1755993086601 4.9507737388935423e-11 1
3 117 170 994.5777875571973 4.97517657827395e-11 1
3 117 171 993.9799758056881 4.998752669345271e-11 1
3 117 172 993.373741316489 5.022303149121179e-11 1
3 117 173 992.7369030162914 5.0460818893661616e-11 1
3 117 174 992.0967942998307 5.0696408649431116e-11 1
3 117 175 991.4566855834556 5.092683545596178e-11 1
3 117 176 990.8614086858598 5.115936651217625e-11 1
3 117 177 990.4868868791094 5.139473352224097e-11 1
3 117 178 990.1719348724015 5.162351021070071e-11 1
3 117 179 989.8569828657003 5.185236740224072e-11 1
3 117 180 989.5280674602674 5.2083262767444594e-11 1
3 117 181 989.0844016785647 5.230906639842681e-11 1
3 117 182 988.5882804548743 5.2533922237769384e-11 1
3 117 183 988.0921592311782 5.2761265586293974e-11 1
3 117 184 987.6048353079144 5.2989000143108806e-11 1
3 117 185 987.4263014104476 5.320935614962373e-11 1
3 117 186 987.4562704754553 5.3431552520635485e-11 1
3 117 187 987.4862395404625 5.36606234177893e-11 1
3 117 188 987.5162086054704 5.3881887852220264e-11 1
3 117 189 987.5603885887299 5.409918931399461e-11 1
3 117 190 987.6200783953623 5.4318250592753295e-11 1
3 117 191 987.6802772380312 5.453146996637571e-11 1
3 117 192 987.7404760806953 5.474326849120168e-11 1
3 117 193 987.8753120741426 5.4957877214545686e-11 1
3 117 194 988.1547131304466 5.517797962623594e-11 1
3 117 195 988.4433817872999 5.538612698742584e-11 1
3 117 196 988.7320504441612 5.559258775746171e-11 1
3 117 197 989.1965613872314 5.5799941818149386e-11 1
3 117 198 990.380382191927 5.599514841224456e-11 1
3 117 199 991.6261673936557 5.6191725595165656e-11 1
3 117 200 992.8719525953504 5.639335568475138e-11 1
3 117 201 994.0854868550542 5.658978679890008e-11 1
3 117 202 994.6186301750869 5.677389991770782e-11 1
3 117 203 995.0818345232725 5.695895320585901e-11 1
3 117 204 995.545038871471 5.7138627566963245e-11 1
3 117 205 996.0082432196642 5.7308579938265496e-11 1
3 117 206 996.769279014016 5.7479546333797965e-11 1
3 117 207 997.6120302954658 5.7659085168459616e-11 1
3 117 208 998.4547815768929 5.7820993486591146e-11 1
3 117 209 999.2975328583851 5.7977873463402253e-11 1
3 117 210 1000.1525277025297 5.8135607050045606e-11 1
3 117 211 1001.0151045694696 5.828023045403818e-11 1
3 117 212 1001.8776814364568 5.841990857921149e-11 1
3 117 213 1002.740258303397 5.856160693231469e-11 1
3 117 214 1003.7902386509841 5.870266098032324e-11 1
3 117 215 1005.0688748177229 5.882569159235047e-11 1
3 117 216 1006.3475109844919 5.894923898918498e-11 1
3 117 217 1007.6261471512311 5.908297442241329e-11 1
3 117 218 1008.7754945090525 5.919919023496878e-11 1
3 117 219 1009.5977411804174 5.930688679594243e-11 1
3 117 220 1010.4199878517186 5.941497591931463e-11 1
3 117 221 1011.2422345229656 5.951172312840605e-11 1
3 117 222 1012.0686270098583 5.960403338700972e-11 1
3 117 223 1012.9108479751835 5.969793339154983e-11 1
3 117 224 1013.7547047954312 5.979520979528857e-11 1
3 117 225 1014.5985616156689 5.987576784158141e-11 1
3 117 226 1015.3937082732075 5.995303344607584e-11 1
3 117 227 1015.9397700727945 6.00298568542795e-11 1
3 117 228 1016.4185035206787 6.009344985045889e-11 1
3 117 229 1016.8972369685998 6.015717772478131e-11 1
3 117 230 1017.4057805114376 6.022447303972719e-11 1
3 117 231 1018.1637369712171 6.028561693532615e-11 1
3 117 232 1019.0377192840837 6.033626626791899e-11 1
3 117 233 1019.9117015969034 6.038681937434885e-11 1
3 117 234 1020.7767135982268 6.043278012675092e-11 1
3 117 235 1021.3513753803957 6.047113902295309e-11 1
3 117 236 1021.7238523139828 6.050954664567295e-11 1
3 117 237 1022.09632924759 6.055158924347356e-11 1
3 117 238 1022.4688061811871 6.05823529556758e-11 1
3 117 239 1022.8099876987411 6.060990221949261e-11 1
3 118 61 992.836924618825 4.611439574862343e-11 1
3 118 62 993.4633813052276 4.5994549336495706e-11 1
3 118 63 992.1986443198986 4.576177641372474e-11 1
3 118 64 992.1557247880002 4.551138376091688e-11 1
3 118 65 993.527952024332 4.531245480817762e-11 1
3 118 66 993.8659363820743 4.5164834314948244e-11 1
3 118 67 994.5419050975643 4.506137952169684e-11 1
3 118 68 994.8021496431417 4.49696042139822e-11 1
3 118 69 994.8812457585383 4.48827085218999e-11 1
3 118 70 994.9603418739397 4.479614800282574e-11 1
3 118 71 995.0394379893363 4.470608148619815e-11 1
3 118 72 995.0635022180088 4.461483281590513e-11 1
3 118 73 994.9050441950131 4.452326568406413e-11 1
3 118 74 994.7259331432269 4.442529843285812e-11 1
3 118 75 994.5468220914437 4.4328129233090265e-11 1
3 118 76 994.3764124355945 4.423313936442577e-11 1
3 118 77 994.2460780757903 4.413830087634169e-11 1
3 118 78 994.1264678012375 4.403857260500131e-11 1
3 118 79 994.0068575266838 4.393929397973687e-11 1
3 118 80 993.9268260074009 4.383935954985354e-11 1
3 118 81 994.1638477507538 4.3739273868670935e-11 1
3 118 82 994.5402034440633 4.363951112402572e-11 1
3 118 83 994.9165591373408 4.354019046369892e-11 1
3 118 84 995.2919935854195 4.3442119875225785e-11 1
3 118 85 995.6271431703544 4.334480378038233e-11 1
3 118 86 995.9368129630955 4.3247366496199196e-11 1
3 118 87 996.2464827558607 4.3150590385179314e-11 1
3 118 88 996.556152548602 4.3058350231876816e-11 1
3 118 89 996.6959471236519 4.296525395324895e-11 1
3 118 90 996.6556009849841 4.287255937226022e-11 1
3 118 91 996.6102967436077 4.278397645812245e-11 1
3 118 92 996.5649925022299 4.26972517140808e-11 1
3 118 93 996.4906711362195 4.261092632355762e-11 1
3 118 94 996.3601279480011 4.252617899776277e-11 1
3 118 95 996.2267617126714 4.244397153059985e-11 1
3 118 96 996.0933954773459 4.236252008191902e-11 1
3 118 97 995.9863267293756 4.228167475372984e-11 1
3 118 98 995.9909666407715 4.220725315908791e-11 1
3 118 99 996.002961765925 4.2133093088723654e-11 1
3 118 100 996.0149568910795 4.2058475211624305e-11 1
3 118 101 996.0376233302298 4.199286207584898e-11 1
3 118 102 996.3526323104949 4.1931321098853574e-11 1
3 118 103 996.6903064494751 4.186955332397194e-11 1
3 118 104 997.027980588445 4.180988393334375e-11 1
3 118 105 997.365654727441 4.1761932438034576e-11 1
3 118 106 997.7517356189668 4.1716068783971946e-11 1
3 118 107 998.1502196641778 4.1671115872245284e-11 1
3 118 108 998.5487037094125 4.164313834948571e-11 1
3 118 109 998.9471877546234 4.161519836911452e-11 1
3 118 110 999.3297241126633 4.158483202581637e-11 1
3 118 111 999.7028498985323 4.1566564692907956e-11 1
3 118 112 1000.075975684408 4.1558677462856636e-11 1
3 118 113 1000.449101470277 4.15509150788611e-11 1
3 118 114 1000.8380299791903 4.1550023428688325e-11 1
3 118 115 1001.2453788402315 4.156269605278292e-11 1
3 118 116 1001.652727701241 4.157668152448336e-11 1
3 118 117 1002.060076562254 4.159166157030653e-11 1
3 118 118 1002.3736152628047 4.162592940010983e-11 1
3 118 119 1002.4625507905915 4.1657275481971446e-11 1
3 118 120 1002.5514863183809 4.1688668809256365e-11 1
3 118 121 1002.6404218461695 4.173052772716666e-11 1
3 118 122 1002.7405923050173 4.177668684284264e-11 1
3 118 123 1002.8797158067531 4.18239470150886e-11 1
3 118 124 1003.0231294387256 4.188640767279093e-11 1
3 118 125 1003.1665430707095 4.1954334423643635e-11 1
3 118 126 1003.3143580011193 4.201831899302214e-11 1
3 118 127 1003.4831036479528 4.2084029547121864e-11 1
3 118 128 1003.6574785176771 4.217793608142411e-11 1
3 118 129 1003.8318533873775 4.2262962581890195e-11 1
3 118 130 1004.0331692676357 4.234833258466369e-11 1
3 118 131 1004.452710384023 4.244858641451601e-11 1
3 118 132 1004.9701347601874 4.2555216241515656e-11 1
3 118 133 1005.4875591363419 4.2664040314745e-11 1
3 118 134 1006.0003408888971 4.279158455097513e-11 1
3 118 135 1006.3332355527664 4.292173095125781e-11 1
3 118 136 1006.5484977815311 4.3048256047514363e-11 1
3 118 137 1006.7637600102978 4.317658355077709e-11 1
3 118 138 1006.9790222390708 4.332485645394158e-11 1
3 118 139 1007.1857105211799 4.346736499578551e-11 1
3 118 140 1007.383180496631 4.361081413884639e-11 1
3 118 141 1007.5803703591978 4.376247546141588e-11 1
3 118 142 1007.7775602217589 4.391814844519363e-11 1
3 118 143 1007.9628281747066 4.407583579266389e-11 1
3 118 144 1008.1250144989037 4.424100439465605e-11 1
3 118 145 1008.2858783019562 4.440677654632464e-11 1
3 118 146 1008.4467421050181 4.4573795675257695e-11 1
3 118 147 1008.6362475232974 4.474650771032639e-11 1
3 118 148 1008.9450568874156 4.4922144579679864e-11 1
3 118 149 1009.2629364920657 4.509641224019641e-11 1
3 118 150 1009.5808160967221 4.527203724857347e-11 1
3 118 151 1009.892829654506 4.545168970179615e-11 1
3 118 152 1010.0651183076321 4.5630507726507546e-11 1
3 118 153 1010.2248194494742 4.5810642681220396e-11 1
3 118 154 1010.3845205913038 4.599124388058967e-11 1
3 118 155 1010.5442217331351 4.6171687025436106e-11 1
3 118 156 1010.7291502850806 4.6353551657268107e-11 1
3 118 157 1010.9207699780476 4.653891639132121e-11 1
3 118 158 1011.11238967102 4.67224199895819e-11 1
3 118 159 1011.3040093639906 4.6903712595255517e-11 1
3 118 160 1011.4644434861779 4.7086417586520816e-11 1
3 118 161 1011.6060245133137 4.7268278142990134e-11 1
3 119 54 988.1529933439666 5.047679805603366e-11 1
3 119 55 990.2535945796711 4.974133270461875e-11 1
3 119 56 991.7462851653747 4.843494349244549e-11 1
3 119 57 992.3988221242172 4.6982271592989194e-11 1
3 119 58 993.8029015464319 4.596838246760125e-11 1
3 119 59 995.7431344816451 4.560881382306522e-11 1
3 119 60 997.406275583146 4.576137329103683e-11 1
3 119 61 998.6061343267941 4.5858073737847694e-11 1
3 119 62 1000.2416541031882 4.5827148782013514e-11 1
3 119 63 1001.3866066077912 4.56947313804617e-11 1
3 119 64 1001.9868872076834 4.554147147032457e-11 1
3 119 65 1002.5709541813924 4.541488090501493e-11 1
3 119 66 1002.6306119720837 4.532160975210509e-11 1
3 119 67 1002.7499275534673 4.5261981359484e-11 1
3 119 68 1002.859738259819 4.520496694425213e-11 1
3 119 69 1003.0864147225342 4.5155209856072754e-11 1
3 119 70 1003.3130911852633 4.510556218267304e-11 1
3 119 71 1003.5397676479784 4.5046161771894396e-11 1
3 119 72 1003.7357739295155 4.49947503654341e-11 1
3 119 73 1003.8300575396711 4.4943790275081975e-11 1
3 119 74 1003.9128308751018 4.4890312366316965e-11 1
3 119 75 1003.9956042105309 4.483265908785096e-11 1
3 119 76 1004.0812546069448 4.4775153709316474e-11 1
3 119 77 1004.1801556440419 4.470816752391915e-11 1
3 119 78 1004.2826025314205 4.4633192911390235e-11 1
3 119 79 1004.3850494188 4.4565903545696324e-11 1
3 120 48 980.4204705364833 4.985848028599116e-11 1
3 120 49 981.4065247825171 5.053262264656096e-11 1
3 120 50 982.5287599737476 5.091163691293989e-11 1
3 120 51 983.9936895903753 5.1003720171872945e-11 1
3 120 52 985.8130390295016 5.080144189089031e-11 1
3 120 53 987.8562411827213 5.0322989994860605e-11 1
3 120 54 990.0794180157098 4.953672941818419e-11 1
3 120 55 991.6701511396357 4.836684038733715e-11 1
3 120 56 992.9992825865415 4.691968403200014e-11 1
3 120 57 994.9276087660587 4.5763896178979944e-11 1
3 121 48 980.7259853645 5.002390227690831e-11 1
3 121 49 982.1868635844727 5.071938686424999e-11 1
3 121 50 983.2798106663721 5.100657955784175e-11 1
3 121 51 984.5239758946335 5.089514602766e-11 1
