1 19 27 979.69134521484 8.025265765914338e-09 1
1 20 17 902.92456054688 9.000000000000001e-07 1
1 20 18 910.80285644531 1.6143736820163768e-07 1
1 20 19 918.23193359375 5.339263459249444e-08 1
1 20 20 929.52856445313 2.340047091986865e-08 1
1 20 21 934.11340332031 1.6476161909824505e-08 1
1 20 22 953.73571777344 1.093139158965714e-08 1
1 20 23 982.70794677734 7.837335980624142e-09 1
1 20 24 994.61535644531 7.080239920902328e-09 1
1 20 25 998.61413574219 6.904690488359578e-09 1
1 20 26 1004.16326904297 7.171014814144638e-09 1
1 20 27 1014.30755615234 7.156911756854627e-09 1
1 21 11 948.35198974609 1.0642035279192093e-08 1
1 21 12 954.49005126953 1.036982568711014e-08 1
1 21 13 961.33239746094 1.1379525096831459e-08 1
1 21 14 966.0 1.2278974953409665e-08 1
1 21 15 969.26879882813 1.2434236988851996e-08 1
1 21 16 973.83197021484 1.2506955093842877e-08 1
1 21 17 977.26184082031 1.2997363612564518e-08 1
1 21 18 980.35388183594 1.326379531499846e-08 1
