1 113 272 1029.419901175784 1.527067235830073e-11 1
1 113 273 1019.9434905202372 1.5618640525435177e-11 1
1 113 274 1005.065797027487 1.7671837150601038e-11 1
1 114 266 1003.8972795594434 2.111102719650229e-11 1
1 114 267 1010.0232255621397 2.108147879603878e-11 1
1 114 268 1017.1183134177775 2.0636284286491045e-11 1
1 114 269 1032.3660620984801 1.8305580023115162e-11 1
1 114 270 1036.9732146527697 1.737847094233314e-11 1
1 114 271 1038.358992870521 1.6322740893232148e-11 1
1 114 272 1036.8131936021807 1.5342754599044593e-11 1
1 114 273 1032.3938954566756 1.524453690386873e-11 1
1 114 274 1021.01283958743 1.6692612035736417e-11 1
1 115 260 1029.048652379498 1.5780288829238933e-11 1
1 115 261 1030.3775595194013 1.5634256893169114e-11 1
1 115 262 1031.7799756049947 1.5446114925966355e-11 1
1 115 263 1033.906835726693 1.5204321712639698e-11 1
1 115 264 1034.7243266674782 1.5267856492501733e-11 1
1 115 265 1035.3934501319227 1.5588618678393065e-11 1
1 115 266 1031.3345403635524 1.6793146925052934e-11 1
1 115 267 1038.6964537194992 1.6578060933410055e-11 1
1 115 268 1039.749545597096 1.7161729395985733e-11 1
1 115 269 1042.6731697708133 1.718289347125047e-11 1
1 116 199 975.4459504277758 3.242906177652327e-11 1
1 116 200 975.903669557676 3.199457742915531e-11 1
1 116 201 976.3667102804158 3.1578298807516606e-11 1
1 116 202 976.9420194608333 3.111911614282981e-11 1
1 116 203 977.5288689779189 3.0667590606836545e-11 1
1 116 204 978.1157184950205 3.0232773787751905e-11 1
1 116 205 978.7025680121155 2.981615783437879e-11 1
1 116 206 979.4796809736589 2.932880870449494e-11 1
1 116 207 980.3089961799508 2.8837978765681104e-11 1
1 116 208 981.1383113862199 2.8370116747799072e-11 1
1 116 209 981.9676265925535 2.7917193381158972e-11 1
1 116 210 982.7503982060359 2.749737128363755e-11 1
1 116 211 983.5043469524281 2.71063192246291e-11 1
1 116 212 984.2582956988616 2.6727898491408278e-11 1
1 116 213 985.012244445254 2.6360245806550815e-11 1
1 116 214 985.7738328347947 2.6005604754111023e-11 1
1 116 215 986.5447425499052 2.56603862767172e-11 1
1 116 216 987.3156522650338 2.5323172689758146e-11 1
1 116 217 988.0865619801444 2.4995178067284502e-11 1
1 116 218 989.0144444908744 2.4636502802314092e-11 1
1 116 219 990.3394681747341 2.4169391163917793e-11 1
1 116 220 991.6644918584911 2.3719662941252543e-11 1
1 116 221 992.9895155421608 2.3290772985282213e-11 1
1 116 222 994.2054861421361 2.2907411929437303e-11 1
1 116 223 995.0050985188439 2.264299088113359e-11 1
1 116 224 995.7616807559067 2.23995949344653e-11 1
1 116 225 996.5182629929607 2.21632068508871e-11 1
1 116 226 997.3472457857874 2.1913525915354642e-11 1
1 116 227 998.5464569075048 2.1583052917582357e-11 1
1 116 228 999.8457418086259 2.1244260916107135e-11 1
1 116 229 1001.1450267098478 2.0915940662830555e-11 1
1 116 230 1002.5108066841403 2.0584407692416372e-11 1
1 116 231 1004.4329327615849 2.0153454252893534e-11 1
1 116 232 1006.613868735582 1.968925100067523e-11 1
1 116 233 1008.7948047094623 1.924590465285937e-11 1
1 116 234 1010.956266136196 1.8827348989102906e-11 1
1 116 235 1012.4873772081406 1.8536275325827868e-11 1
1 116 236 1013.5795449536051 1.8327016422978928e-11 1
1 116 237 1014.671712699128 1.8122562434075056e-11 1
1 116 238 1015.7638804446216 1.792533403959184e-11 1
1 116 239 1016.6066300047239 1.777165228903672e-11 1
1 116 240 1017.1727153644555 1.7664188760586238e-11 1
1 116 241 1017.7291654942012 1.756121488394926e-11 1
1 116 242 1018.2856156239616 1.7459855235635992e-11 1
1 116 243 1018.9233515232077 1.7347543145771484e-11 1
1 116 244 1019.718788600666 1.7215065477683738e-11 1
1 116 245 1020.5253632197301 1.7083823270513358e-11 1
1 116 246 1021.331937838773 1.695424028277286e-11 1
1 116 247 1022.1970286084306 1.6818473923451395e-11 1
1 116 248 1023.2975432585624 1.665488296041666e-11 1
1 116 249 1024.4207006565487 1.649079723219929e-11 1
1 116 250 1025.5438580545942 1.6329913142160383e-11 1
1 116 251 1026.6233593365314 1.6179248624967386e-11 1
1 116 252 1026.8751897860843 1.6138968823483937e-11 1
1 116 253 1027.0313141847773 1.6111393415450842e-11 1
1 116 254 1027.187438583474 1.6085315382393596e-11 1
1 116 255 1027.343562982167 1.6058683491709954e-11 1
1 116 256 1027.513464135922 1.6027051911879606e-11 1
1 116 257 1027.7500257961153 1.5986855351698396e-11 1
1 116 258 1028.1739943268744 1.5925610996759116e-11 1
1 116 259 1029.446856959513 1.5766326556297357e-11 1
1 116 260 1030.6138811089827 1.5641070470506007e-11 1
1 116 261 1032.1288088389197 1.549318240727905e-11 1
1 116 262 1033.537451890065 1.5376991631912878e-11 1
1 116 263 1036.1468339188452 1.5153641872140385e-11 1
1 117 121 984.2050432735143 4.9668072594613284e-11 1
1 117 122 984.1880589505696 4.968695712308476e-11 1
1 117 123 983.9494809036394 4.998094874841643e-11 1
1 117 124 983.686497422224 5.027695986523798e-11 1
1 117 125 983.423513940788 5.052296793573872e-11 1
1 117 126 983.1830181698471 5.0742428169295505e-11 1
1 117 127 983.0494644519471 5.082804243048331e-11 1
1 117 128 982.9446723224992 5.079916747823264e-11 1
1 117 129 982.8398801930656 5.076252797450562e-11 1
1 117 130 982.7898242509829 5.065561749478072e-11 1
1 117 131 983.1831376247887 4.994602375879247e-11 1
1 117 132 983.7753209125042 4.898810695693489e-11 1
1 117 133 984.3675042002085 4.8065937431280716e-11 1
1 117 134 984.951024079544 4.716571492267038e-11 1
1 117 135 985.1988640834252 4.6626319117659113e-11 1
1 117 136 985.2271950528047 4.633354969183298e-11 1
1 117 137 985.2555260221845 4.605028898126401e-11 1
1 117 138 985.2838569915654 4.572598303065084e-11 1
1 117 139 985.2861446709256 4.542792032738174e-11 1
1 117 140 985.2604318222502 4.516225557994178e-11 1
1 117 141 985.2338681330846 4.4882438820292256e-11 1
1 117 142 985.2073044439196 4.459189670677626e-11 1
1 117 143 985.5648262716388 4.393111219168705e-11 1
1 117 144 986.6659638097294 4.259512488403916e-11 1
1 117 145 987.8097087186057 4.128812022398996e-11 1
1 117 146 988.9534536275485 4.0058936899623496e-11 1
1 117 147 990.0979538408811 3.890543777472317e-11 1
1 117 148 991.245600203696 3.780009698615696e-11 1
1 117 149 992.3934857566792 3.675187207731702e-11 1
1 117 150 993.541371309685 3.576021462908466e-11 1
1 117 151 994.6604449156539 3.483010098514661e-11 1
1 117 152 995.0932392194956 3.434408665604347e-11 1
1 117 153 995.4642081208782 3.390725996622958e-11 1
1 117 154 995.835177022232 3.3477954449167123e-11 1
1 117 155 996.2061459235897 3.305094785278105e-11 1
1 117 156 996.7948752006956 3.25194899547082e-11 1
1 117 157 997.4413617100481 3.197467628636183e-11 1
1 117 158 998.0878482194189 3.1435595387068873e-11 1
1 117 159 998.7343347287836 3.091518627822446e-11 1
1 117 160 999.1563549783323 3.051588399207573e-11 1
1 117 161 999.4426751708372 3.018204338851951e-11 1
1 117 162 999.728995363334 2.985288881084051e-11 1
1 117 163 1000.0153155558529 2.953083606744435e-11 1
1 117 164 1000.0623050687794 2.931630173628652e-11 1
1 117 165 999.8238815973261 2.92232318012824e-11 1
1 117 166 999.5854581258593 2.9130750931082666e-11 1
1 117 167 999.347034654406 2.9040705521592226e-11 1
1 117 168 999.0047652776801 2.899389998593031e-11 1
1 117 169 998.4069535262001 2.9053124747787688e-11 1
1 117 170 997.8091417747373 2.9112591957316266e-11 1
1 117 171 997.2113300232281 2.9173757403909926e-11 1
1 117 172 996.605095534029 2.9237748967606716e-11 1
1 117 173 995.9682572338314 2.931511989102231e-11 1
1 117 174 995.3281485173707 2.939450908602815e-11 1
1 117 175 994.6880398009956 2.947465045946548e-11 1
1 117 176 994.0927629033998 2.953566242978304e-11 1
1 117 177 993.7182410966494 2.950106773943656e-11 1
1 117 178 993.4032890899415 2.9440782060143304e-11 1
1 117 179 993.0883370832403 2.938056120670557e-11 1
1 117 180 992.7594216778074 2.932658958615709e-11 1
1 117 181 992.3157558961047 2.932288761640734e-11 1
1 117 182 991.8196346724143 2.9342082916185336e-11 1
1 117 183 991.3235134487182 2.9361334365272907e-11 1
1 117 184 990.8361895254544 2.937782897970545e-11 1
1 117 185 990.6576556279877 2.92628186856445e-11 1
1 117 186 990.6876246929953 2.9060396770912757e-11 1
1 117 187 990.7175937580025 2.8861322664313873e-11 1
1 117 188 990.7475628230104 2.8668447266021645e-11 1
1 117 189 990.7917428062699 2.8471783878271906e-11 1
1 117 190 990.8514326129023 2.8271600567852756e-11 1
1 117 191 990.9116314555712 2.8077127391249668e-11 1
1 117 192 990.9718302982353 2.7886552248663336e-11 1
1 117 193 991.1066662916826 2.7670027742344904e-11 1
1 117 194 991.3860673479866 2.7405145207641156e-11 1
1 117 195 991.6747360048399 2.7144450738938836e-11 1
1 117 196 991.9634046617012 2.6888236903177324e-11 1
1 117 197 992.4279156047714 2.65748307176474e-11 1
1 117 198 993.611736409467 2.6027839843486096e-11 1
1 117 199 994.8575216111957 2.5482777444317768e-11 1
1 117 200 996.1033068128904 2.4960666518217497e-11 1
1 117 201 997.3168410725942 2.4473698986299954e-11 1
1 117 202 997.8499843926269 2.4203261696660397e-11 1
1 117 203 998.3131887408125 2.3958756811344262e-11 1
1 117 204 998.776393089011 2.3721124438869514e-11 1
1 117 205 999.2395974372042 2.3491343439166896e-11 1
1 117 206 1000.000633231556 2.3185640830812123e-11 1
1 117 207 1000.8433845130058 2.2867769999215865e-11 1
1 117 208 1001.6861357944329 2.25634053190388e-11 1
1 117 209 1002.5288870759251 2.2265949065582532e-11 1
1 117 210 1003.3838819200697 2.1973277426008647e-11 1
1 117 211 1004.2464587870096 2.168993569776408e-11 1
1 117 212 1005.1090356539968 2.1415193248318537e-11 1
1 117 213 1005.971612520937 2.114749940580527e-11 1
1 117 214 1007.0215928685241 2.0848115647460168e-11 1
1 117 215 1008.3002290352629 2.051084781611318e-11 1
1 117 216 1009.5788652020319 2.018431848191066e-11 1
1 117 217 1010.8575013687711 1.9869293806469688e-11 1
1 117 218 1012.0068487265925 1.959261881876188e-11 1
1 117 219 1012.8290953979574 1.9383789063914338e-11 1
1 117 220 1013.6513420692586 1.9179364023849523e-11 1
1 117 221 1014.4735887405056 1.898197841451798e-11 1
1 117 222 1015.2999812273983 1.8788979326908976e-11 1
1 117 223 1016.1422021927235 1.859729438821924e-11 1
1 117 224 1016.9860590129712 1.8411799041087272e-11 1
1 117 225 1017.8299158332089 1.823133563165955e-11 1
1 117 226 1018.6250624907475 1.806184132965122e-11 1
1 117 227 1019.1711242903345 1.7935595227499385e-11 1
1 117 228 1019.6498577382187 1.7824923779218036e-11 1
1 117 229 1020.1285911861398 1.7715609749579807e-11 1
1 117 230 1020.6371347289776 1.7603598879724607e-11 1
1 117 231 1021.3950911887571 1.745783265292572e-11 1
1 117 232 1022.2690735016237 1.7296785877910762e-11 1
1 117 233 1023.1430558144434 1.71386504399417e-11 1
1 117 234 1024.0080678157667 1.6985773389356622e-11 1
1 117 235 1024.5827295979357 1.6878626524457905e-11 1
1 117 236 1024.9552065315227 1.6801311351643158e-11 1
1 117 237 1025.32768346513 1.6725711605364537e-11 1
1 117 238 1025.7001603987271 1.6653213910290023e-11 1
1 117 239 1026.041341916281 1.6584928467684352e-11 1
1 118 61 996.068278836365 3.057176916065255e-11 1
1 118 62 996.6947355227676 3.1148028646319254e-11 1
1 118 63 995.4299985374386 3.250597963097311e-11 1
1 118 64 995.3870790055402 3.310257043929521e-11 1
1 118 65 996.759306241872 3.2762951996912274e-11 1
1 118 66 997.0972905996143 3.285501898908887e-11 1
1 118 67 997.7732593151043 3.267911491155571e-11 1
1 118 68 998.0335038606817 3.269164617166314e-11 1
1 118 69 998.1125999760783 3.2797212907795676e-11 1
1 118 70 998.1916960914797 3.2903463637580024e-11 1
1 118 71 998.2707922068763 3.300888418733251e-11 1
1 118 72 998.2948564355488 3.314456494377484e-11 1
1 118 73 998.1363984125531 3.338341600782109e-11 1
1 118 74 997.9572873607669 3.364087577568446e-11 1
1 118 75 997.7781763089837 3.389744704205172e-11 1
1 118 76 997.6077666531345 3.4151491358790516e-11 1
1 118 77 997.4774322933303 3.438557537522855e-11 1
1 118 78 997.3578220187775 3.461459009341336e-11 1
1 118 79 997.2382117442238 3.484667583163924e-11 1
1 118 80 997.1581802249409 3.5057718992138373e-11 1
1 118 81 997.3952019682938 3.506804571697568e-11 1
1 118 82 997.7715576616033 3.4994198120383227e-11 1
1 118 83 998.1479133548808 3.4920782219601763e-11 1
1 118 84 998.5233478029595 3.4842574059412686e-11 1
1 118 85 998.8584973878944 3.4784474935183303e-11 1
1 118 86 999.1681671806355 3.4744552041895113e-11 1
1 118 87 999.4778369734007 3.470389435860387e-11 1
1 118 88 999.787506766142 3.464888695343746e-11 1
1 118 89 999.9273013411919 3.470226986101349e-11 1
1 118 90 999.8869552025241 3.486496119078826e-11 1
1 118 91 999.8416509611477 3.5025809047224993e-11 1
1 118 92 999.7963467197699 3.518553327699008e-11 1
1 118 93 999.7220253537595 3.5363629158901656e-11 1
1 118 94 999.5914821655412 3.5568089466146605e-11 1
1 118 95 999.4581159302114 3.5780379249756255e-11 1
1 118 96 999.3247496948859 3.599900763876042e-11 1
1 118 97 999.2176809469156 3.6202875595667306e-11 1
1 118 98 999.2223208583115 3.6330826419194065e-11 1
1 118 99 999.234315983465 3.6454796857548394e-11 1
1 118 100 999.2463111086195 3.657416965441289e-11 1
1 118 101 999.2689775477699 3.668310040554732e-11 1
1 118 102 999.5839865280349 3.659690851174585e-11 1
1 118 103 999.9216606670151 3.649492554292592e-11 1
1 118 104 1000.259334805985 3.638395408417535e-11 1
1 118 105 1000.597008944981 3.627360373182045e-11 1
1 118 106 1000.9830898365068 3.613363619345864e-11 1
1 118 107 1001.3815738817178 3.598609845424253e-11 1
1 118 108 1001.7800579269525 3.5827072885797646e-11 1
1 118 109 1002.1785419721634 3.5669446628179674e-11 1
1 118 110 1002.5610783302033 3.552420138582574e-11 1
1 118 111 1002.9342041160724 3.5376328586269065e-11 1
1 118 112 1003.307329901948 3.5218821378832836e-11 1
1 118 113 1003.680455687817 3.506252703062641e-11 1
1 118 114 1004.0693841967303 3.48911343233376e-11 1
1 118 115 1004.4767330577715 3.4692518955746844e-11 1
1 118 116 1004.884081918781 3.44924208957833e-11 1
1 118 117 1005.291430779794 3.429323049975909e-11 1
1 118 118 1005.6049694803447 3.412193236049995e-11 1
1 118 119 1005.6939050081315 3.408155850463647e-11 1
1 118 120 1005.7828405359209 3.404128007840827e-11 1
1 118 121 1005.8717760637095 3.3977881683256724e-11 1
1 118 122 1005.9719465225573 3.389893375055121e-11 1
1 118 123 1006.1110700242931 3.379790595733701e-11 1
1 118 124 1006.2544836562656 3.368156673782798e-11 1
1 118 125 1006.3978972882495 3.3547178860039673e-11 1
1 118 126 1006.5457122186593 3.341188921703571e-11 1
1 118 127 1006.7144578654928 3.326457518475924e-11 1
1 118 128 1006.8888327352171 3.308459068108683e-11 1
1 118 129 1007.0632076049175 3.2908009432169255e-11 1
1 118 130 1007.2645234851757 3.2718876229098865e-11 1
1 118 131 1007.684064601563 3.239674680474354e-11 1
1 118 132 1008.2014889777274 3.202268596035847e-11 1
1 118 133 1008.7189133538819 3.16567888366633e-11 1
1 118 134 1009.2316951064371 3.1290027898177394e-11 1
1 118 135 1009.5645897703064 3.100564849047539e-11 1
1 118 136 1009.7798519990711 3.078294491788324e-11 1
1 118 137 1009.9951142278378 3.05624828235119e-11 1
1 118 138 1010.2103764566108 3.032631118786562e-11 1
1 118 139 1010.4170647387199 3.0098490938318337e-11 1
1 118 140 1010.614534714171 2.987818212445892e-11 1
1 118 141 1010.8117245767378 2.965001320956465e-11 1
1 118 142 1011.0089144392989 2.942085761762483e-11 1
1 118 143 1011.1941823922466 2.9200237444990904e-11 1
1 118 144 1011.3563687164437 2.8987467640876067e-11 1
1 118 145 1011.5172325194962 2.87707643974079e-11 1
1 118 146 1011.6780963225581 2.8557277153178978e-11 1
1 118 147 1011.8676017408374 2.8334997206009664e-11 1
1 118 148 1012.1764111049556 2.805980290798004e-11 1
1 118 149 1012.4942907096057 2.778584129358362e-11 1
1 118 150 1012.8121703142621 2.7517177596170343e-11 1
1 118 151 1013.124183872046 2.725130885145975e-11 1
1 118 152 1013.2964725251721 2.7038442751776844e-11 1
1 118 153 1013.4561736670142 2.6833371668702653e-11 1
1 118 154 1013.6158748088438 2.6629450969955345e-11 1
1 118 155 1013.7755759506751 2.642548168562052e-11 1
1 118 156 1013.9605045026206 2.6215941311825064e-11 1
1 118 157 1014.1521241955876 2.6009038127716395e-11 1
1 118 158 1014.34374388856 2.580224124214636e-11 1
1 118 159 1014.5353635815306 2.5597682318475092e-11 1
1 118 160 1014.6957977037179 2.5406402277258527e-11 1
1 118 161 1014.8373787308537 2.5222258821437238e-11 1
1 119 54 991.3843475615066 2.411878059295927e-11 1
1 119 55 993.4849487972111 2.4564627847258954e-11 1
1 119 56 994.9776393829147 2.5518456972834908e-11 1
1 119 57 995.6301763417572 2.6922759792801647e-11 1
1 119 58 997.0342557639719 2.7870050949715468e-11 1
1 119 59 998.9744886991851 2.8223930032740165e-11 1
1 119 60 1000.637629800686 2.838437850325448e-11 1
1 119 61 1001.8374885443341 2.8736029696626772e-11 1
1 119 62 1003.4730083207282 2.876671974107512e-11 1
1 119 63 1004.6179608253312 2.8818785136814016e-11 1
1 119 64 1005.2182414252234 2.8951976670528277e-11 1
1 119 65 1005.8023083989324 2.8974229007966983e-11 1
1 119 66 1005.8619661896237 2.912948623871607e-11 1
1 119 67 1005.9812817710073 2.919839050758722e-11 1
1 119 68 1006.091092477359 2.9250093945341054e-11 1
1 119 69 1006.3177689400742 2.9247708555711107e-11 1
1 119 70 1006.5444454028033 2.9245323555107814e-11 1
1 119 71 1006.7711218655184 2.924604587916398e-11 1
1 119 72 1006.9671281470555 2.925428066809045e-11 1
1 119 73 1007.0614117572111 2.930594191941402e-11 1
1 119 74 1007.1441850926418 2.936353096554531e-11 1
1 119 75 1007.2269584280709 2.9422636138084785e-11 1
1 119 76 1007.3126088244848 2.948072943424775e-11 1
1 119 77 1007.4115098615819 2.953849101600888e-11 1
1 119 78 1007.5139567489605 2.959849979422081e-11 1
1 119 79 1007.61640363634 2.9655186239371746e-11 1
1 120 48 983.6518247540233 2.3629557583325758e-11 1
1 120 49 984.6378790000571 2.339383724288371e-11 1
1 120 50 985.7601141912876 2.3240326351372388e-11 1
1 120 51 987.2250438079153 2.31390574869761e-11 1
1 120 52 989.0443932470416 2.3113899247904485e-11 1
1 120 53 991.0875954002613 2.3220159053466476e-11 1
1 120 54 993.3107722332498 2.3512019126528264e-11 1
1 120 55 994.9015053571757 2.4297996456608732e-11 1
1 120 56 996.2306368040815 2.547915262276329e-11 1
1 120 57 998.1589629835987 2.642970230185086e-11 1
1 121 48 983.95733958204 2.313513497989822e-11 1
1 121 49 985.4182178020127 2.275153451387258e-11 1
1 121 50 986.5111648839121 2.25894725553831e-11 1
1 121 51 987.7553301121735 2.2697093491066568e-11 1
