1 113 272 1008.3646440767816 1.527067235830073e-11 1
1 113 273 998.8882334212349 1.5618640525435177e-11 1
1 113 274 984.0105399284846 1.7671837150601038e-11 1
1 114 266 982.8420224604411 2.111102719650229e-11 1
1 114 267 988.9679684631374 2.108147879603878e-11 1
1 114 268 996.0630563187751 2.0636284286491045e-11 1
1 114 269 1011.3108049994778 1.8305580023115162e-11 1
1 114 270 1015.9179575537673 1.737847094233314e-11 1
1 114 271 1017.3037357715187 1.6322740893232148e-11 1
1 114 272 1015.7579365031784 1.5342754599044593e-11 1
1 114 273 1011.3386383576734 1.524453690386873e-11 1
1 114 274 999.9575824884276 1.6692612035736417e-11 1
1 115 260 1007.9933952804957 1.5780288829238933e-11 1
1 115 261 1009.322302420399 1.5634256893169114e-11 1
1 115 262 1010.7247185059924 1.5446114925966355e-11 1
1 115 263 1012.8515786276909 1.5204321712639698e-11 1
1 115 264 1013.669069568476 1.5267856492501733e-11 1
1 115 265 1014.3381930329205 1.5588618678393065e-11 1
1 115 266 1010.2792832645501 1.6793146925052934e-11 1
1 115 267 1017.6411966204969 1.6578060933410055e-11 1
1 115 268 1018.6942884980937 1.7161729395985733e-11 1
1 115 269 1021.617912671811 1.718289347125047e-11 1
1 116 199 954.3906933287734 3.242906177652327e-11 1
1 116 200 954.8484124586737 3.199457742915531e-11 1
1 116 201 955.3114531814134 3.1578298807516606e-11 1
1 116 202 955.886762361831 3.111911614282981e-11 1
1 116 203 956.4736118789166 3.0667590606836545e-11 1
1 116 204 957.0604613960181 3.0232773787751905e-11 1
1 116 205 957.6473109131132 2.981615783437879e-11 1
1 116 206 958.4244238746566 2.932880870449494e-11 1
1 116 207 959.2537390809484 2.8837978765681104e-11 1
1 116 208 960.0830542872176 2.8370116747799072e-11 1
1 116 209 960.9123694935512 2.7917193381158972e-11 1
1 116 210 961.6951411070336 2.749737128363755e-11 1
1 116 211 962.4490898534258 2.71063192246291e-11 1
1 116 212 963.2030385998593 2.6727898491408278e-11 1
1 116 213 963.9569873462517 2.6360245806550815e-11 1
1 116 214 964.7185757357923 2.6005604754111023e-11 1
1 116 215 965.4894854509029 2.56603862767172e-11 1
1 116 216 966.2603951660315 2.5323172689758146e-11 1
1 116 217 967.0313048811421 2.4995178067284502e-11 1
1 116 218 967.9591873918721 2.4636502802314092e-11 1
1 116 219 969.2842110757317 2.4169391163917793e-11 1
1 116 220 970.6092347594888 2.3719662941252543e-11 1
1 116 221 971.9342584431585 2.3290772985282213e-11 1
1 116 222 973.1502290431338 2.2907411929437303e-11 1
1 116 223 973.9498414198415 2.264299088113359e-11 1
1 116 224 974.7064236569043 2.23995949344653e-11 1
1 116 225 975.4630058939583 2.21632068508871e-11 1
1 116 226 976.2919886867851 2.1913525915354642e-11 1
1 116 227 977.4911998085024 2.1583052917582357e-11 1
1 116 228 978.7904847096236 2.1244260916107135e-11 1
1 116 229 980.0897696108455 2.0915940662830555e-11 1
1 116 230 981.455549585138 2.0584407692416372e-11 1
1 116 231 983.3776756625825 2.0153454252893534e-11 1
1 116 232 985.5586116365796 1.968925100067523e-11 1
1 116 233 987.7395476104599 1.924590465285937e-11 1
1 116 234 989.9010090371936 1.8827348989102906e-11 1
1 116 235 991.4321201091383 1.8536275325827868e-11 1
1 116 236 992.5242878546028 1.8327016422978928e-11 1
1 116 237 993.6164556001256 1.8122562434075056e-11 1
1 116 238 994.7086233456192 1.792533403959184e-11 1
1 116 239 995.5513729057216 1.777165228903672e-11 1
1 116 240 996.1174582654531 1.7664188760586238e-11 1
1 116 241 996.6739083951989 1.756121488394926e-11 1
1 116 242 997.2303585249592 1.7459855235635992e-11 1
1 116 243 997.8680944242053 1.7347543145771484e-11 1
1 116 244 998.6635315016637 1.7215065477683738e-11 1
1 116 245 999.4701061207278 1.7083823270513358e-11 1
1 116 246 1000.2766807397707 1.695424028277286e-11 1
1 116 247 1001.1417715094283 1.6818473923451395e-11 1
1 116 248 1002.2422861595601 1.665488296041666e-11 1
1 116 249 1003.3654435575463 1.649079723219929e-11 1
1 116 250 1004.4886009555919 1.6329913142160383e-11 1
1 116 251 1005.568102237529 1.6179248624967386e-11 1
1 116 252 1005.8199326870821 1.6138968823483937e-11 1
1 116 253 1005.976057085775 1.6111393415450842e-11 1
1 116 254 1006.1321814844717 1.6085315382393596e-11 1
1 116 255 1006.2883058831646 1.6058683491709954e-11 1
1 116 256 1006.4582070369198 1.6027051911879606e-11 1
1 116 257 1006.694768697113 1.5986855351698396e-11 1
1 116 258 1007.1187372278721 1.5925610996759116e-11 1
1 116 259 1008.3915998605108 1.5766326556297357e-11 1
1 116 260 1009.5586240099803 1.5641070470506007e-11 1
1 116 261 1011.0735517399174 1.549318240727905e-11 1
1 116 262 1012.4821947910627 1.5376991631912878e-11 1
1 116 263 1015.091576819843 1.5153641872140385e-11 1
1 117 121 963.149786174512 4.9668072594613284e-11 1
1 117 122 963.1328018515673 4.968695712308476e-11 1
1 117 123 962.894223804637 4.998094874841643e-11 1
1 117 124 962.6312403232216 5.027695986523798e-11 1
1 117 125 962.3682568417856 5.052296793573872e-11 1
1 117 126 962.1277610708447 5.0742428169295505e-11 1
1 117 127 961.9942073529447 5.082804243048331e-11 1
1 117 128 961.8894152234968 5.079916747823264e-11 1
1 117 129 961.7846230940632 5.076252797450562e-11 1
1 117 130 961.7345671519805 5.065561749478072e-11 1
1 117 131 962.1278805257864 4.994602375879247e-11 1
1 117 132 962.7200638135018 4.898810695693489e-11 1
1 117 133 963.3122471012061 4.8065937431280716e-11 1
1 117 134 963.8957669805417 4.716571492267038e-11 1
1 117 135 964.1436069844228 4.6626319117659113e-11 1
1 117 136 964.1719379538024 4.633354969183298e-11 1
1 117 137 964.2002689231822 4.605028898126401e-11 1
1 117 138 964.228599892563 4.572598303065084e-11 1
1 117 139 964.2308875719233 4.542792032738174e-11 1
1 117 140 964.2051747232479 4.516225557994178e-11 1
1 117 141 964.1786110340822 4.4882438820292256e-11 1
1 117 142 964.1520473449173 4.459189670677626e-11 1
1 117 143 964.5095691726365 4.393111219168705e-11 1
1 117 144 965.6107067107271 4.259512488403916e-11 1
1 117 145 966.7544516196034 4.128812022398996e-11 1
1 117 146 967.8981965285461 4.0058936899623496e-11 1
1 117 147 969.0426967418788 3.890543777472317e-11 1
1 117 148 970.1903431046936 3.780009698615696e-11 1
1 117 149 971.3382286576768 3.675187207731702e-11 1
1 117 150 972.4861142106827 3.576021462908466e-11 1
1 117 151 973.6051878166516 3.483010098514661e-11 1
1 117 152 974.0379821204932 3.434408665604347e-11 1
1 117 153 974.4089510218759 3.390725996622958e-11 1
1 117 154 974.7799199232296 3.3477954449167123e-11 1
1 117 155 975.1508888245874 3.305094785278105e-11 1
1 117 156 975.7396181016933 3.25194899547082e-11 1
1 117 157 976.3861046110458 3.197467628636183e-11 1
1 117 158 977.0325911204166 3.1435595387068873e-11 1
1 117 159 977.6790776297812 3.091518627822446e-11 1
1 117 160 978.1010978793299 3.051588399207573e-11 1
1 117 161 978.3874180718349 3.018204338851951e-11 1
1 117 162 978.6737382643316 2.985288881084051e-11 1
1 117 163 978.9600584568506 2.953083606744435e-11 1
1 117 164 979.0070479697771 2.931630173628652e-11 1
1 117 165 978.7686244983238 2.92232318012824e-11 1
1 117 166 978.530201026857 2.9130750931082666e-11 1
1 117 167 978.2917775554037 2.9040705521592226e-11 1
1 117 168 977.9495081786778 2.899389998593031e-11 1
1 117 169 977.3516964271978 2.9053124747787688e-11 1
1 117 170 976.753884675735 2.9112591957316266e-11 1
1 117 171 976.1560729242258 2.9173757403909926e-11 1
1 117 172 975.5498384350267 2.9237748967606716e-11 1
1 117 173 974.9130001348291 2.931511989102231e-11 1
1 117 174 974.2728914183683 2.939450908602815e-11 1
1 117 175 973.6327827019933 2.947465045946548e-11 1
1 117 176 973.0375058043975 2.953566242978304e-11 1
1 117 177 972.6629839976471 2.950106773943656e-11 1
1 117 178 972.3480319909391 2.9440782060143304e-11 1
1 117 179 972.0330799842379 2.938056120670557e-11 1
1 117 180 971.704164578805 2.932658958615709e-11 1
1 117 181 971.2604987971024 2.932288761640734e-11 1
1 117 182 970.7643775734119 2.9342082916185336e-11 1
1 117 183 970.2682563497159 2.9361334365272907e-11 1
1 117 184 969.7809324264521 2.937782897970545e-11 1
1 117 185 969.6023985289853 2.92628186856445e-11 1
1 117 186 969.632367593993 2.9060396770912757e-11 1
1 117 187 969.6623366590002 2.8861322664313873e-11 1
1 117 188 969.6923057240081 2.8668447266021645e-11 1
1 117 189 969.7364857072675 2.8471783878271906e-11 1
1 117 190 969.7961755138999 2.8271600567852756e-11 1
1 117 191 969.8563743565688 2.8077127391249668e-11 1
1 117 192 969.916573199233 2.7886552248663336e-11 1
1 117 193 970.0514091926802 2.7670027742344904e-11 1
1 117 194 970.3308102489842 2.7405145207641156e-11 1
1 117 195 970.6194789058376 2.7144450738938836e-11 1
1 117 196 970.9081475626989 2.6888236903177324e-11 1
1 117 197 971.3726585057691 2.65748307176474e-11 1
1 117 198 972.5564793104646 2.6027839843486096e-11 1
1 117 199 973.8022645121933 2.5482777444317768e-11 1
1 117 200 975.0480497138881 2.4960666518217497e-11 1
1 117 201 976.2615839735919 2.4473698986299954e-11 1
1 117 202 976.7947272936245 2.4203261696660397e-11 1
1 117 203 977.2579316418102 2.3958756811344262e-11 1
1 117 204 977.7211359900086 2.3721124438869514e-11 1
1 117 205 978.1843403382019 2.3491343439166896e-11 1
1 117 206 978.9453761325536 2.3185640830812123e-11 1
1 117 207 979.7881274140035 2.2867769999215865e-11 1
1 117 208 980.6308786954305 2.25634053190388e-11 1
1 117 209 981.4736299769228 2.2265949065582532e-11 1
1 117 210 982.3286248210674 2.1973277426008647e-11 1
1 117 211 983.1912016880073 2.168993569776408e-11 1
1 117 212 984.0537785549944 2.1415193248318537e-11 1
1 117 213 984.9163554219347 2.114749940580527e-11 1
1 117 214 985.9663357695217 2.0848115647460168e-11 1
1 117 215 987.2449719362605 2.051084781611318e-11 1
1 117 216 988.5236081030296 2.018431848191066e-11 1
1 117 217 989.8022442697687 1.9869293806469688e-11 1
1 117 218 990.9515916275901 1.959261881876188e-11 1
1 117 219 991.7738382989551 1.9383789063914338e-11 1
1 117 220 992.5960849702562 1.9179364023849523e-11 1
1 117 221 993.4183316415033 1.898197841451798e-11 1
1 117 222 994.244724128396 1.8788979326908976e-11 1
1 117 223 995.0869450937212 1.859729438821924e-11 1
1 117 224 995.9308019139688 1.8411799041087272e-11 1
1 117 225 996.7746587342066 1.823133563165955e-11 1
1 117 226 997.5698053917451 1.806184132965122e-11 1
1 117 227 998.1158671913322 1.7935595227499385e-11 1
1 117 228 998.5946006392163 1.7824923779218036e-11 1
1 117 229 999.0733340871375 1.7715609749579807e-11 1
1 117 230 999.5818776299752 1.7603598879724607e-11 1
1 117 231 1000.3398340897547 1.745783265292572e-11 1
1 117 232 1001.2138164026213 1.7296785877910762e-11 1
1 117 233 1002.0877987154411 1.71386504399417e-11 1
1 117 234 1002.9528107167645 1.6985773389356622e-11 1
1 117 235 1003.5274724989333 1.6878626524457905e-11 1
1 117 236 1003.8999494325204 1.6801311351643158e-11 1
1 117 237 1004.2724263661277 1.6725711605364537e-11 1
1 117 238 1004.6449032997248 1.6653213910290023e-11 1
1 117 239 1004.9860848172788 1.6584928467684352e-11 1
1 118 61 975.0130217373627 3.057176916065255e-11 1
1 118 62 975.6394784237652 3.1148028646319254e-11 1
1 118 63 974.3747414384362 3.250597963097311e-11 1
1 118 64 974.3318219065378 3.310257043929521e-11 1
1 118 65 975.7040491428696 3.2762951996912274e-11 1
1 118 66 976.042033500612 3.285501898908887e-11 1
1 118 67 976.7180022161019 3.267911491155571e-11 1
1 118 68 976.9782467616793 3.269164617166314e-11 1
1 118 69 977.0573428770759 3.2797212907795676e-11 1
1 118 70 977.1364389924773 3.2903463637580024e-11 1
1 118 71 977.215535107874 3.300888418733251e-11 1
1 118 72 977.2395993365465 3.314456494377484e-11 1
1 118 73 977.0811413135508 3.338341600782109e-11 1
1 118 74 976.9020302617646 3.364087577568446e-11 1
1 118 75 976.7229192099813 3.389744704205172e-11 1
1 118 76 976.5525095541321 3.4151491358790516e-11 1
1 118 77 976.4221751943279 3.438557537522855e-11 1
1 118 78 976.3025649197751 3.461459009341336e-11 1
1 118 79 976.1829546452215 3.484667583163924e-11 1
1 118 80 976.1029231259386 3.5057718992138373e-11 1
1 118 81 976.3399448692915 3.506804571697568e-11 1
1 118 82 976.716300562601 3.4994198120383227e-11 1
1 118 83 977.0926562558784 3.4920782219601763e-11 1
1 118 84 977.4680907039572 3.4842574059412686e-11 1
1 118 85 977.8032402888921 3.4784474935183303e-11 1
1 118 86 978.1129100816331 3.4744552041895113e-11 1
1 118 87 978.4225798743984 3.470389435860387e-11 1
1 118 88 978.7322496671396 3.464888695343746e-11 1
1 118 89 978.8720442421895 3.470226986101349e-11 1
1 118 90 978.8316981035217 3.486496119078826e-11 1
1 118 91 978.7863938621454 3.5025809047224993e-11 1
1 118 92 978.7410896207675 3.518553327699008e-11 1
1 118 93 978.6667682547571 3.5363629158901656e-11 1
1 118 94 978.5362250665388 3.5568089466146605e-11 1
1 118 95 978.4028588312091 3.5780379249756255e-11 1
1 118 96 978.2694925958835 3.599900763876042e-11 1
1 118 97 978.1624238479133 3.6202875595667306e-11 1
1 118 98 978.1670637593091 3.6330826419194065e-11 1
1 118 99 978.1790588844626 3.6454796857548394e-11 1
1 118 100 978.1910540096171 3.657416965441289e-11 1
1 118 101 978.2137204487675 3.668310040554732e-11 1
1 118 102 978.5287294290325 3.659690851174585e-11 1
1 118 103 978.8664035680127 3.649492554292592e-11 1
1 118 104 979.2040777069826 3.638395408417535e-11 1
1 118 105 979.5417518459786 3.627360373182045e-11 1
1 118 106 979.9278327375044 3.613363619345864e-11 1
1 118 107 980.3263167827155 3.598609845424253e-11 1
1 118 108 980.7248008279502 3.5827072885797646e-11 1
1 118 109 981.1232848731611 3.5669446628179674e-11 1
1 118 110 981.5058212312009 3.552420138582574e-11 1
1 118 111 981.87894701707 3.5376328586269065e-11 1
1 118 112 982.2520728029457 3.5218821378832836e-11 1
1 118 113 982.6251985888147 3.506252703062641e-11 1
1 118 114 983.014127097728 3.48911343233376e-11 1
1 118 115 983.4214759587692 3.4692518955746844e-11 1
1 118 116 983.8288248197787 3.44924208957833e-11 1
1 118 117 984.2361736807917 3.429323049975909e-11 1
1 118 118 984.5497123813424 3.412193236049995e-11 1
1 118 119 984.6386479091292 3.408155850463647e-11 1
1 118 120 984.7275834369185 3.404128007840827e-11 1
1 118 121 984.8165189647071 3.3977881683256724e-11 1
1 118 122 984.916689423555 3.389893375055121e-11 1
1 118 123 985.0558129252908 3.379790595733701e-11 1
1 118 124 985.1992265572633 3.368156673782798e-11 1
1 118 125 985.3426401892472 3.3547178860039673e-11 1
1 118 126 985.490455119657 3.341188921703571e-11 1
1 118 127 985.6592007664905 3.326457518475924e-11 1
1 118 128 985.8335756362147 3.308459068108683e-11 1
1 118 129 986.0079505059151 3.2908009432169255e-11 1
1 118 130 986.2092663861733 3.2718876229098865e-11 1
1 118 131 986.6288075025607 3.239674680474354e-11 1
1 118 132 987.1462318787251 3.202268596035847e-11 1
1 118 133 987.6636562548796 3.16567888366633e-11 1
1 118 134 988.1764380074347 3.1290027898177394e-11 1
1 118 135 988.509332671304 3.100564849047539e-11 1
1 118 136 988.7245949000687 3.078294491788324e-11 1
1 118 137 988.9398571288355 3.05624828235119e-11 1
1 118 138 989.1551193576084 3.032631118786562e-11 1
1 118 139 989.3618076397175 3.0098490938318337e-11 1
1 118 140 989.5592776151686 2.987818212445892e-11 1
1 118 141 989.7564674777354 2.965001320956465e-11 1
1 118 142 989.9536573402966 2.942085761762483e-11 1
1 118 143 990.1389252932443 2.9200237444990904e-11 1
1 118 144 990.3011116174414 2.8987467640876067e-11 1
1 118 145 990.4619754204939 2.87707643974079e-11 1
1 118 146 990.6228392235557 2.8557277153178978e-11 1
1 118 147 990.812344641835 2.8334997206009664e-11 1
1 118 148 991.1211540059533 2.805980290798004e-11 1
1 118 149 991.4390336106034 2.778584129358362e-11 1
1 118 150 991.7569132152597 2.7517177596170343e-11 1
1 118 151 992.0689267730437 2.725130885145975e-11 1
1 118 152 992.2412154261698 2.7038442751776844e-11 1
1 118 153 992.4009165680119 2.6833371668702653e-11 1
1 118 154 992.5606177098415 2.6629450969955345e-11 1
1 118 155 992.7203188516728 2.642548168562052e-11 1
1 118 156 992.9052474036182 2.6215941311825064e-11 1
1 118 157 993.0968670965852 2.6009038127716395e-11 1
1 118 158 993.2884867895576 2.580224124214636e-11 1
1 118 159 993.4801064825283 2.5597682318475092e-11 1
1 118 160 993.6405406047155 2.5406402277258527e-11 1
1 118 161 993.7821216318514 2.5222258821437238e-11 1
1 119 54 970.3290904625043 2.411878059295927e-11 1
1 119 55 972.4296916982088 2.4564627847258954e-11 1
1 119 56 973.9223822839124 2.5518456972834908e-11 1
1 119 57 974.5749192427548 2.6922759792801647e-11 1
1 119 58 975.9789986649696 2.7870050949715468e-11 1
1 119 59 977.9192316001828 2.8223930032740165e-11 1
1 119 60 979.5823727016837 2.838437850325448e-11 1
1 119 61 980.7822314453317 2.8736029696626772e-11 1
1 119 62 982.4177512217259 2.876671974107512e-11 1
1 119 63 983.5627037263289 2.8818785136814016e-11 1
1 119 64 984.162984326221 2.8951976670528277e-11 1
1 119 65 984.74705129993 2.8974229007966983e-11 1
1 119 66 984.8067090906213 2.912948623871607e-11 1
1 119 67 984.9260246720049 2.919839050758722e-11 1
1 119 68 985.0358353783566 2.9250093945341054e-11 1
1 119 69 985.2625118410718 2.9247708555711107e-11 1
1 119 70 985.4891883038009 2.9245323555107814e-11 1
1 119 71 985.715864766516 2.924604587916398e-11 1
1 119 72 985.9118710480532 2.925428066809045e-11 1
1 119 73 986.0061546582087 2.930594191941402e-11 1
1 119 74 986.0889279936395 2.936353096554531e-11 1
1 119 75 986.1717013290686 2.9422636138084785e-11 1
1 119 76 986.2573517254824 2.948072943424775e-11 1
1 119 77 986.3562527625795 2.953849101600888e-11 1
1 119 78 986.4586996499581 2.959849979422081e-11 1
1 119 79 986.5611465373377 2.9655186239371746e-11 1
1 120 48 962.596567655021 2.3629557583325758e-11 1
1 120 49 963.5826219010547 2.339383724288371e-11 1
1 120 50 964.7048570922852 2.3240326351372388e-11 1
1 120 51 966.169786708913 2.31390574869761e-11 1
1 120 52 967.9891361480393 2.3113899247904485e-11 1
1 120 53 970.032338301259 2.3220159053466476e-11 1
1 120 54 972.2555151342475 2.3512019126528264e-11 1
1 120 55 973.8462482581733 2.4297996456608732e-11 1
1 120 56 975.1753797050792 2.547915262276329e-11 1
1 120 57 977.1037058845964 2.642970230185086e-11 1
1 121 48 962.9020824830377 2.313513497989822e-11 1
1 121 49 964.3629607030103 2.275153451387258e-11 1
1 121 50 965.4559077849098 2.25894725553831e-11 1
1 121 51 966.7000730131712 2.2697093491066568e-11 1
