1 98 267 995.2879146319677 4.8906941504865306e-11 1
1 98 268 1015.0072139483677 4.3456486766929615e-11 1
1 98 269 1037.2942012530577 3.4062214759519676e-11 1
1 98 270 1031.4572261553976 3.092874486475607e-11 1
1 99 206 974.0288814288377 6.799148611694095e-11 1
1 99 207 974.0288814288377 6.758101306040419e-11 1
1 99 208 974.0288814288377 6.718632950494957e-11 1
1 99 209 974.0288814288377 6.679622920841546e-11 1
1 99 210 977.0150874835277 6.328029709131783e-11 1
1 99 211 977.0150874835277 6.295788031823573e-11 1
1 99 212 977.0150874835277 6.263873235458784e-11 1
1 99 213 977.0150874835277 6.232616798646495e-11 1
1 99 214 979.8228877764977 5.944980704662133e-11 1
1 99 215 979.8228877764977 5.918669845663407e-11 1
1 99 216 979.8228877764977 5.892590849836615e-11 1
1 99 217 979.8228877764977 5.867678488530815e-11 1
1 99 218 979.8228877764977 5.844223071992524e-11 1
1 99 219 981.8211177569677 5.6564698627447024e-11 1
1 99 220 981.8211177569677 5.635385413136067e-11 1
1 99 221 981.8211177569677 5.6157326696400596e-11 1
1 99 222 981.8211177569677 5.596216523039147e-11 1
1 99 223 988.7371333819677 5.0866884051208334e-11 1
1 99 224 988.7371333819677 5.072473434318444e-11 1
1 99 225 988.7371333819677 5.0580801426161104e-11 1
1 99 226 988.7371333819677 5.0437683025645497e-11 1
1 99 227 991.7504390460277 4.846766115132367e-11 1
1 99 228 991.7504390460277 4.835159353838546e-11 1
1 99 229 991.7504390460277 4.823422191115009e-11 1
1 99 230 991.7504390460277 4.8118593102462326e-11 1
1 99 231 996.0803951007177 4.5642506623134726e-11 1
1 99 232 996.0803951007177 4.55491088010597e-11 1
1 99 233 996.0803951007177 4.5458649143616616e-11 1
1 99 234 996.0803951007177 4.537862904107814e-11 1
1 99 235 1000.9586299639977 4.2925205699692524e-11 1
1 99 236 1000.9586299639977 4.285168065521875e-11 1
1 99 237 1000.9586299639977 4.27820400002041e-11 1
1 99 238 1000.9586299639977 4.2717480977338646e-11 1
1 99 239 1010.6391109210277 3.8662186389183496e-11 1
1 99 240 1010.6391109210277 3.861246235739157e-11 1
1 99 241 1010.6391109210277 3.8566333430652113e-11 1
1 99 242 1010.6391109210277 3.85203145895527e-11 1
1 99 243 1010.6391109210277 3.8475796103733485e-11 1
1 99 244 1014.3032344561777 3.712985033347534e-11 1
1 99 245 1014.3032344561777 3.709297484269809e-11 1
1 99 246 1014.3032344561777 3.705617252499644e-11 1
1 99 247 1014.3032344561777 3.702256317165426e-11 1
1 99 248 1017.4879878741477 3.593351645967267e-11 1
1 99 249 1017.4879878741477 3.590400482360898e-11 1
1 99 250 1017.4879878741477 3.587501295264701e-11 1
1 99 251 1017.4879878741477 3.585060932067136e-11 1
1 99 252 1020.7226680499277 3.4817519407108756e-11 1
1 99 253 1020.7226680499277 3.479530398812556e-11 1
1 99 254 1020.7226680499277 3.4777238405312526e-11 1
1 99 255 1020.7226680499277 3.47589224019589e-11 1
1 99 256 1025.7049678546177 3.329968015231187e-11 1
1 99 257 1025.7049678546177 3.3285196666624586e-11 1
1 99 258 1025.7049678546177 3.3269884639758614e-11 1
1 99 259 1027.9177974444676 3.264706959341344e-11 1
1 99 260 1027.9177974444676 3.2624368922859955e-11 1
1 99 261 1030.1740230303976 3.2017623149496786e-11 1
1 99 262 1031.5111812335276 3.168173820728337e-11 1
1 99 263 1032.6300777178976 3.144589631238691e-11 1
1 99 264 1034.5275386553976 3.104955916637985e-11 1
1 99 265 1037.4177974444676 3.0450099409905147e-11 1
1 99 266 1040.3575557452477 3.057403399537252e-11 1
1 99 267 1042.4202388507176 3.217619925519779e-11 1
1 99 268 1047.1496700030577 3.366183965939612e-11 1
1 100 43 990.2213863116477 6.854436677272719e-11 1
1 100 44 990.4189571124277 6.850447624413491e-11 1
1 100 45 990.4189571124277 6.870143136489279e-11 1
1 100 46 990.4189571124277 6.88995840395918e-11 1
1 100 47 990.4189571124277 6.910760703940534e-11 1
1 100 48 992.8626216632177 6.651078323728678e-11 1
1 100 49 992.8626216632177 6.671445195256589e-11 1
1 100 50 992.8626216632177 6.69209483838006e-11 1
1 100 51 992.8626216632177 6.714403857249278e-11 1
1 100 52 992.6958125811777 6.755842142171107e-11 1
1 100 53 992.6958125811777 6.778803187192255e-11 1
1 100 54 992.6958125811777 6.8037904748191e-11 1
1 100 55 992.6958125811777 6.828601573776704e-11 1
1 100 56 991.3971065264977 7.009571349012568e-11 1
1 100 57 991.3971065264977 7.03678032557876e-11 1
1 100 58 991.3971065264977 7.06537912777293e-11 1
1 100 59 991.3971065264977 7.09421134044149e-11 1
1 100 60 989.1079219561777 7.427275806923855e-11 1
1 100 61 989.1079219561777 7.46185999218983e-11 1
1 100 62 989.1079219561777 7.496767758076175e-11 1
1 100 63 989.1079219561777 7.532641957046839e-11 1
1 100 64 988.0538448077477 7.725544421135225e-11 1
1 100 65 988.0538448077477 7.765543756792599e-11 1
1 100 66 988.0538448077477 7.805959444663165e-11 1
1 100 67 988.0538448077477 7.847785571378178e-11 1
1 100 68 988.0538448077477 7.891400991976315e-11 1
1 100 69 990.9233516436777 7.508087589901125e-11 1
1 100 70 990.9233516436777 7.549325221754723e-11 1
1 100 71 990.9233516436777 7.591360400827674e-11 1
1 100 72 990.9233516436777 7.633866310688906e-11 1
1 100 73 992.0824092608677 7.510518234443423e-11 1
1 100 74 992.0824092608677 7.553714570606841e-11 1
1 100 75 992.0824092608677 7.596276853456032e-11 1
1 100 76 992.0824092608677 7.639321498492023e-11 1
1 100 77 991.9095576983677 7.70801059872965e-11 1
1 100 78 991.9095576983677 7.751297513805775e-11 1
1 100 79 991.9095576983677 7.795073358971023e-11 1
1 100 80 991.9095576983677 7.839873440501507e-11 1
1 100 81 991.3880122882177 7.964844994072344e-11 1
1 100 82 991.3880122882177 8.0093403689405e-11 1
1 100 83 991.3880122882177 8.054335680927316e-11 1
1 100 84 991.3880122882177 8.096978059621564e-11 1
1 100 85 989.8363765460277 8.405548360763689e-11 1
1 100 86 989.8363765460277 8.452063816616655e-11 1
1 100 87 989.8363765460277 8.497409111550446e-11 1
1 100 88 989.8363765460277 8.540957374773671e-11 1
1 100 89 992.9475215655577 8.047595468206967e-11 1
1 100 90 992.9475215655577 8.084904439747834e-11 1
1 100 91 992.9475215655577 8.11957298678944e-11 1
1 100 92 992.9475215655577 8.155828476652565e-11 1
1 100 93 992.9475215655577 8.192409194504288e-11 1
1 100 94 994.6494868975877 7.946852480776499e-11 1
1 100 95 994.6494868975877 7.978284657629973e-11 1
1 100 96 994.6494868975877 8.009966469172164e-11 1
1 100 97 994.6494868975877 8.039684307371705e-11 1
1 100 98 993.8460201007177 8.20125587232395e-11 1
1 100 99 993.8460201007177 8.231888373003668e-11 1
1 100 100 993.8460201007177 8.26255834731091e-11 1
1 100 101 993.8460201007177 8.291589475859291e-11 1
1 100 102 989.9445308428977 9.055783939542892e-11 1
1 100 103 989.9445308428977 9.088466884472106e-11 1
1 100 104 989.9445308428977 9.120738541496575e-11 1
1 100 105 989.9445308428977 9.153736096554437e-11 1
1 100 106 992.5956538897777 8.658908668191848e-11 1
1 100 107 992.5956538897777 8.683150063046412e-11 1
1 100 108 992.5956538897777 8.710128294969219e-11 1
1 100 109 992.5956538897777 8.738958056329494e-11 1
1 100 110 995.0090450030577 8.327440925349006e-11 1
1 100 111 995.0090450030577 8.353738071323227e-11 1
1 100 112 995.0090450030577 8.380201830454626e-11 1
1 100 113 995.0090450030577 8.404021903051861e-11 1
1 100 114 998.4428218585277 7.860603359699476e-11 1
1 100 115 998.4428218585277 7.883982188749822e-11 1
1 100 116 998.4428218585277 7.90697503503915e-11 1
1 100 117 998.4428218585277 7.928277285770468e-11 1
1 100 118 998.4428218585277 7.94964037538366e-11 1
1 100 119 1001.3710445147777 7.531159634229326e-11 1
1 100 120 1001.3710445147777 7.549407318116918e-11 1
1 100 121 1001.3710445147777 7.562338552659971e-11 1
1 100 122 1001.3710445147777 7.575314162538347e-11 1
1 100 123 1001.6062129718077 7.554608353529213e-11 1
1 100 124 1001.6062129718077 7.561825047385237e-11 1
1 100 125 1001.6062129718077 7.566804281735525e-11 1
1 100 126 1001.6062129718077 7.571790077758586e-11 1
1 100 127 1002.6659663897777 7.424552931143888e-11 1
1 100 128 1002.6659663897777 7.420839059865878e-11 1
1 100 129 1002.6659663897777 7.416586300263366e-11 1
1 100 130 1002.6659663897777 7.411553243190533e-11 1
1 100 131 1002.5057491046177 7.420962035123519e-11 1
1 100 132 1002.5057491046177 7.408346069410014e-11 1
1 100 133 1002.5057491046177 7.39644975572194e-11 1
1 100 134 1002.5057491046177 7.377929020787861e-11 1
1 100 135 1003.8082393389977 7.185075071893272e-11 1
1 100 136 1003.8082393389977 7.165593838388446e-11 1
1 100 137 1003.8082393389977 7.143955026998927e-11 1
1 100 138 1003.8082393389977 7.117633872169443e-11 1
1 100 139 1004.8199580889977 6.966266105065072e-11 1
1 100 140 1004.8199580889977 6.940478816638812e-11 1
1 100 141 1004.8199580889977 6.910121189946142e-11 1
1 100 142 1004.8199580889977 6.879637420286781e-11 1
1 100 143 1004.8199580889977 6.84942142561763e-11 1
1 100 144 1006.0687984210277 6.674073947105122e-11 1
1 100 145 1006.0687984210277 6.641428479765533e-11 1
1 100 146 1006.0687984210277 6.609166350313602e-11 1
1 100 147 1006.0687984210277 6.575849278680242e-11 1
1 100 148 1006.7332881671177 6.470321678114304e-11 1
1 100 149 1006.7332881671177 6.436215552065606e-11 1
1 100 150 1006.7332881671177 6.402589132913967e-11 1
1 100 151 1006.7332881671177 6.36668477422405e-11 1
1 100 152 1007.8592036944677 6.219991213345254e-11 1
1 100 153 1007.8592036944677 6.185766319743543e-11 1
1 100 154 1007.8592036944677 6.150275968844064e-11 1
1 100 155 1007.8592036944677 6.114680295695648e-11 1
1 100 156 1011.5704463702477 5.7549911983723327e-11 1
1 100 157 1011.5704463702477 5.723906054407604e-11 1
1 100 158 1011.5704463702477 5.691981258336112e-11 1
1 100 159 1011.5704463702477 5.660207871743477e-11 1
1 100 160 1013.4584468585277 5.483023384741365e-11 1
1 100 161 1013.4584468585277 5.452594765498656e-11 1
1 100 162 1013.4584468585277 5.4225020160044466e-11 1
1 100 163 1013.4584468585277 5.3929148595708756e-11 1
1 100 164 1014.1711543780577 5.3120309710222745e-11 1
1 100 165 1014.1711543780577 5.282504928840589e-11 1
1 100 166 1014.1711543780577 5.253305303531256e-11 1
1 100 167 1014.1711543780577 5.223813974075118e-11 1
1 100 168 1014.1711543780577 5.194034176823299e-11 1
1 100 169 1014.8217281085277 5.121657452656975e-11 1
1 100 170 1014.8217281085277 5.0930107250124065e-11 1
1 100 171 1014.8217281085277 5.063708279476507e-11 1
1 100 172 1014.8217281085277 5.0347410861150985e-11 1
1 100 173 1014.5909541827477 5.020509192425617e-11 1
1 100 174 1014.5909541827477 4.991461366948326e-11 1
1 100 175 1014.5909541827477 4.96262815818924e-11 1
1 100 176 1014.5909541827477 4.9341565206388484e-11 1
1 100 177 1013.5581172686777 4.9691488087279476e-11 1
1 100 178 1013.5581172686777 4.940632685502163e-11 1
1 100 179 1013.5581172686777 4.912345596225732e-11 1
1 100 180 1013.5581172686777 4.8844057995636324e-11 1
1 100 181 1011.9613155108677 4.95305885388594e-11 1
1 100 182 1011.9613155108677 4.9249028218637044e-11 1
1 100 183 1011.9613155108677 4.897182132180316e-11 1
1 100 184 1011.9613155108677 4.869941745230448e-11 1
1 100 185 1009.6127437335277 4.984763686742935e-11 1
1 100 186 1009.6127437335277 4.9565792562912166e-11 1
1 100 187 1009.6127437335277 4.92887234840683e-11 1
1 100 188 1009.6127437335277 4.901566074917225e-11 1
1 100 189 1007.3708003741477 5.011480464004593e-11 1
1 100 190 1007.3708003741477 4.983299621419791e-11 1
1 100 191 1007.3708003741477 4.955713923597607e-11 1
1 100 192 1007.3708003741477 4.9284204591700516e-11 1
1 100 193 1007.3708003741477 4.9014259841448525e-11 1
1 100 194 1008.8481563311777 4.7888513836242554e-11 1
1 100 195 1008.8481563311777 4.76376845456289e-11 1
1 100 196 1008.8481563311777 4.738946913916667e-11 1
1 100 197 1008.8481563311777 4.714646119589936e-11 1
1 100 198 1008.1488765460277 4.729683549884215e-11 1
1 100 199 1008.1488765460277 4.7057623480898776e-11 1
1 100 200 1008.1488765460277 4.6821422073693016e-11 1
1 100 201 1008.1488765460277 4.6593342247580755e-11 1
1 100 202 1007.0578731280577 4.696138345201156e-11 1
1 100 203 1007.0578731280577 4.673259686581323e-11 1
1 100 204 1007.0578731280577 4.651257275203462e-11 1
1 100 205 1007.0578731280577 4.6295361693725957e-11 1
1 100 206 1012.4472163897777 4.338649903690421e-11 1
1 100 207 1012.4472163897777 4.320049212514964e-11 1
1 100 208 1012.4472163897777 4.3020124731551895e-11 1
1 100 209 1012.4472163897777 4.284125718821226e-11 1
1 100 210 1014.6909297686777 4.166888669847169e-11 1
1 100 211 1014.6909297686777 4.150993606015943e-11 1
1 100 212 1014.6909297686777 4.135094942436403e-11 1
1 100 213 1014.6909297686777 4.119317600689659e-11 1
1 100 214 1017.7669795733677 3.994039656396602e-11 1
1 100 215 1017.7669795733677 3.994039656396602e-11 1
1 100 216 1017.7669795733677 3.927681657374407e-11 1
1 100 217 1017.7669795733677 3.927681657374407e-11 1
1 100 218 1017.7669795733677 3.927681657374407e-11 1
1 100 219 1019.9583858233677 3.8051155626186356e-11 1
1 100 220 1019.9583858233677 3.8051155626186356e-11 1
1 100 221 1019.9583858233677 3.8051155626186356e-11 1
1 100 222 1019.9583858233677 3.768583141318065e-11 1
1 100 223 1025.1613277178976 3.592482187239519e-11 1
1 100 224 1025.1613277178976 3.592482187239519e-11 1
1 100 225 1025.1613277178976 3.562153424365739e-11 1
1 100 226 1025.1613277178976 3.562153424365739e-11 1
1 100 227 1026.3534663897776 3.524733262411194e-11 1
1 100 228 1026.3534663897776 3.524733262411194e-11 1
1 100 229 1026.3534663897776 3.4976727901912105e-11 1
1 100 230 1026.3534663897776 3.4976727901912105e-11 1
1 100 231 1027.0373042803976 3.476882413827276e-11 1
1 100 232 1027.0373042803976 3.452663122475002e-11 1
1 100 233 1027.0373042803976 3.452663122475002e-11 1
1 100 234 1027.0373042803976 3.452663122475002e-11 1
1 100 235 1028.0147212725876 3.402314795106338e-11 1
1 100 236 1028.0147212725876 3.402314795106338e-11 1
1 100 237 1028.0147212725876 3.402314795106338e-11 1
1 100 238 1028.0147212725876 3.402314795106338e-11 1
1 100 239 1028.9384883624277 3.375789977402536e-11 1
1 100 240 1028.9384883624277 3.375789977402536e-11 1
1 100 241 1028.9384883624277 3.375789977402536e-11 1
1 100 242 1028.9384883624277 3.375789977402536e-11 1
1 100 243 1028.9384883624277 3.3301202199011177e-11 1
1 100 244 1030.0770381671177 3.2988511706503137e-11 1
1 100 245 1030.0770381671177 3.2850075914672475e-11 1
1 100 246 1030.0770381671177 3.2850075914672475e-11 1
1 101 24 986.0118526202477 4.770294088069093e-11 1
1 101 25 987.3181270343077 4.7344283215779755e-11 1
1 101 26 990.3709224444677 4.693193993227221e-11 1
1 101 27 993.9960445147777 4.749434680231474e-11 1
1 101 28 998.0147212725877 4.969114222100192e-11 1
1 101 29 999.5849117022777 5.384963390702791e-11 1
1 101 30 1001.4650386553977 5.538317776326991e-11 1
1 101 31 1003.1492427569677 5.553993076542046e-11 1
1 101 32 1003.3988155108677 5.612846436270707e-11 1
1 101 33 1003.8266719561777 5.626699976112709e-11 1
1 101 34 1004.1638911944677 5.632747777068023e-11 1
1 101 35 1005.0631831866477 5.5847079847497745e-11 1
1 101 36 1005.0631831866477 5.6001897636914115e-11 1
1 101 37 1005.0631831866477 5.612980306535098e-11 1
1 101 38 1005.0631831866477 5.626291665505752e-11 1
1 101 39 1005.4406856280577 5.609808277698206e-11 1
1 101 40 1005.4406856280577 5.6229845169775005e-11 1
1 101 41 1005.4406856280577 5.636938272411935e-11 1
1 101 42 1005.4406856280577 5.6509614542050593e-11 1
1 101 43 1005.4406856280577 5.665018550477066e-11 1
1 101 44 1005.6815303546177 5.660032165093942e-11 1
1 101 45 1005.6815303546177 5.674533213382669e-11 1
1 101 46 1005.6815303546177 5.689108756133342e-11 1
1 101 47 1005.6815303546177 5.703749188853937e-11 1
1 101 48 1005.9098018389977 5.6999507326762085e-11 1
1 101 49 1005.9098018389977 5.7147798985093126e-11 1
1 101 50 1005.9098018389977 5.729667939811803e-11 1
1 101 51 1005.9098018389977 5.744498287864094e-11 1
1 101 52 1007.3645137530577 5.641322999342973e-11 1
1 101 53 1007.3645137530577 5.655776539025512e-11 1
1 101 54 1007.3645137530577 5.6705248647512583e-11 1
1 101 55 1007.3645137530577 5.6854201017321373e-11 1
1 101 56 1007.9244502764977 5.655226621499648e-11 1
1 101 57 1007.9244502764977 5.670108853566766e-11 1
1 101 58 1007.9244502764977 5.666307277161434e-11 1
1 101 59 1007.9244502764977 5.666307277161434e-11 1
1 101 60 1008.0781978350877 5.692777965502576e-11 1
1 101 61 1008.0781978350877 5.692777965502576e-11 1
1 101 62 1008.0781978350877 5.747914784637585e-11 1
1 101 63 1008.0781978350877 5.747914784637585e-11 1
1 101 64 1008.4757198077477 5.7152674278766526e-11 1
1 101 65 1008.4757198077477 5.7725914651333224e-11 1
1 101 66 1008.4757198077477 5.7725914651333224e-11 1
1 101 67 1008.4757198077477 5.7725914651333224e-11 1
1 101 68 1008.4757198077477 5.7725914651333224e-11 1
1 101 69 1009.7256587725877 5.727464756113134e-11 1
1 101 70 1009.7256587725877 5.727464756113134e-11 1
1 101 71 1009.7256587725877 5.727464756113134e-11 1
1 101 72 1009.7256587725877 5.7857040070695855e-11 1
1 101 73 1009.9679683428977 5.7654969283703856e-11 1
1 101 74 1009.9679683428977 5.7654969283703856e-11 1
1 101 75 1009.9679683428977 5.823160247974893e-11 1
1 101 76 1009.9679683428977 5.823160247974893e-11 1
1 101 77 1010.3155635577477 5.793841921190034e-11 1
1 101 78 1010.3155635577477 5.793841921190034e-11 1
1 101 79 1010.3155635577477 5.850107074027135e-11 1
1 101 80 1010.3155635577477 5.850107074027135e-11 1
1 101 81 1010.8411983233677 5.8054771828346127e-11 1
1 101 82 1010.8411983233677 5.8054771828346127e-11 1
1 101 83 1010.8411983233677 5.8054771828346127e-11 1
1 101 84 1010.8411983233677 5.8054771828346127e-11 1
1 101 85 1011.3927730303977 5.759371193653503e-11 1
1 101 86 1011.3927730303977 5.887198559102295e-11 1
1 102 24 986.9341548663377 4.592504244857009e-11 1
1 102 25 989.0781978350877 4.520718696043973e-11 1
1 102 26 991.5066035968077 4.544323028587353e-11 1
