4 19 27 1016.9651190235332 5.1003088278201924e-11 1
4 20 17 940.1983343555733 1.8495888104119484e-11 1
4 20 18 948.0766302540032 1.8255565855051855e-11 1
4 20 19 955.5057074024432 1.843397025261293e-11 1
4 20 20 966.8023382618233 1.9627136506441836e-11 1
4 20 21 971.3871771290032 2.19110703301415e-11 1
4 20 22 991.0094915821333 2.4902343258559568e-11 1
4 20 23 1019.9817205860332 2.7745815462468485e-11 1
4 20 24 1031.8891302540032 2.946467908827312e-11 1
4 20 25 1035.8879095508833 3.074488407758902e-11 1
4 20 26 1041.4370428516631 3.518098562398329e-11 1
4 20 27 1051.5813299610331 4.5826023584911396e-11 1
4 21 11 985.6257635547832 1.9074575773860805e-11 1
4 21 12 991.7638250782232 1.91218879265004e-11 1
4 21 13 998.6061712696333 1.8789733029720065e-11 1
4 21 14 1003.2737738086932 1.8010091103290164e-11 1
4 21 15 1006.5425726368233 1.7607359325968274e-11 1
4 21 16 1011.1057440235332 1.718508262664109e-11 1
4 21 17 1014.5356146290032 1.696832305820207e-11 1
4 21 18 1017.6276556446333 1.6881594372801875e-11 1
