2 98 267 982.1566790218372 1.3008478458616857e-10 1
2 98 268 1001.8759783382372 1.1932245759540626e-10 1
2 98 269 1024.1629656429272 1.2705867499591648e-10 1
2 98 270 1018.3259905452672 1.6910120221127004e-10 1
2 99 206 960.8976458187072 1.1546178451676881e-10 1
2 99 207 960.8976458187072 1.1589315955349976e-10 1
2 99 208 960.8976458187072 1.1630712418426384e-10 1
2 99 209 960.8976458187072 1.1672405673865577e-10 1
2 99 210 963.8838518733972 1.171393618417111e-10 1
2 99 211 963.8838518733972 1.1752089963957334e-10 1
2 99 212 963.8838518733972 1.179049309935191e-10 1
2 99 213 963.8838518733972 1.1829172089147072e-10 1
2 99 214 966.6916521663672 1.186507919391163e-10 1
2 99 215 966.6916521663672 1.1900182286706034e-10 1
2 99 216 966.6916521663672 1.1935493702342886e-10 1
2 99 217 966.6916521663672 1.196929472266996e-10 1
2 99 218 966.6916521663672 1.2000968717020987e-10 1
2 99 219 968.6898821468372 1.203281079208776e-10 1
2 99 220 968.6898821468372 1.2064453152284243e-10 1
2 99 221 968.6898821468372 1.2092682696790818e-10 1
2 99 222 968.6898821468372 1.2121044659439415e-10 1
2 99 223 975.6058977718372 1.214953997413402e-10 1
2 99 224 975.6058977718372 1.2175210164589215e-10 1
2 99 225 975.6058977718372 1.2200106788637215e-10 1
2 99 226 975.6058977718372 1.2225105441638987e-10 1
2 99 227 978.6192034358972 1.2248692530820502e-10 1
2 99 228 978.6192034358972 1.2270297995130583e-10 1
2 99 229 978.6192034358972 1.2291963591034491e-10 1
2 99 230 978.6192034358972 1.2313385176632579e-10 1
2 99 231 982.9491594905872 1.233177740309194e-10 1
2 99 232 982.9491594905872 1.235022465585274e-10 1
2 99 233 982.9491594905872 1.2368785020404243e-10 1
2 99 234 982.9491594905872 1.2385263183694656e-10 1
2 99 235 987.8273943538672 1.2400811508832474e-10 1
2 99 236 987.8273943538672 1.241639892143797e-10 1
2 99 237 987.8273943538672 1.2430863462356169e-10 1
2 99 238 987.8273943538672 1.2443800481086845e-10 1
2 99 239 997.5078753108972 1.2456764455437546e-10 1
2 99 240 997.5078753108972 1.2469839100633546e-10 1
2 99 241 997.5078753108972 1.2480518244228448e-10 1
2 99 242 997.5078753108972 1.249121569469293e-10 1
2 99 243 997.5078753108972 1.2502196516147795e-10 1
2 99 244 1001.1719988460472 1.2511879056883579e-10 1
2 99 245 1001.1719988460472 1.2520222442076652e-10 1
2 99 246 1001.1719988460472 1.252857696205245e-10 1
2 99 247 1001.1719988460472 1.2536487718396844e-10 1
2 99 248 1004.3567522640172 1.254298856313547e-10 1
2 99 249 1004.3567522640172 1.2549127532669378e-10 1
2 99 250 1004.3567522640172 1.2555078052498293e-10 1
2 99 251 1004.3567522640172 1.2559156263133432e-10 1
2 99 252 1007.5914324397972 1.2563237124043753e-10 1
2 99 253 1007.5914324397972 1.256791595778776e-10 1
2 99 254 1007.5914324397972 1.257176906216789e-10 1
2 99 255 1007.5914324397972 1.2574081046233444e-10 1
2 99 256 1012.5737322444872 1.2576393880816205e-10 1
2 99 257 1012.5737322444872 1.2578453829493481e-10 1
2 99 258 1012.5737322444872 1.2579884593003943e-10 1
2 99 259 1014.7865618343372 1.2581579011844608e-10 1
2 99 260 1014.7865618343372 1.2581582563846654e-10 1
2 99 261 1017.0427874202672 1.2578432138541192e-10 1
2 99 262 1018.3799456233972 1.2571675366281353e-10 1
2 99 263 1019.4988421077672 1.257686801686079e-10 1
2 99 264 1021.3963030452672 1.2686519989842164e-10 1
2 99 265 1024.2865618343374 1.3107624407839333e-10 1
2 99 266 1027.2263201351172 1.3268132564080683e-10 1
2 99 267 1029.2890032405874 1.2499022560263224e-10 1
2 99 268 1034.0184343929272 1.1289227896464085e-10 1
2 100 43 977.0901507015172 9.203075056389074e-11 1
2 100 44 977.2877215022972 9.202700789361159e-11 1
2 100 45 977.2877215022972 9.201939063792715e-11 1
2 100 46 977.2877215022972 9.200895915530837e-11 1
2 100 47 977.2877215022972 9.197746396964277e-11 1
2 100 48 979.7313860530872 9.194745238606351e-11 1
2 100 49 979.7313860530872 9.192241974031372e-11 1
2 100 50 979.7313860530872 9.189576359432864e-11 1
2 100 51 979.7313860530872 9.1853337398168e-11 1
2 100 52 979.5645769710472 9.181095035836064e-11 1
2 100 53 979.5645769710472 9.176007439047549e-11 1
2 100 54 979.5645769710472 9.168533053420381e-11 1
2 100 55 979.5645769710472 9.162453315984865e-11 1
2 100 56 978.2658709163672 9.156381636264314e-11 1
2 100 57 978.2658709163672 9.149378993670739e-11 1
2 100 58 978.2658709163672 9.141130410742316e-11 1
2 100 59 978.2658709163672 9.132896687365571e-11 1
2 100 60 975.9766863460472 9.123012778722005e-11 1
2 100 61 975.9766863460472 9.112100849218794e-11 1
2 100 62 975.9766863460472 9.101214991795041e-11 1
2 100 63 975.9766863460472 9.089595926776951e-11 1
2 100 64 974.9226091976172 9.075399593526325e-11 1
2 100 65 974.9226091976172 9.062016037789816e-11 1
2 100 66 974.9226091976172 9.048671897574906e-11 1
2 100 67 974.9226091976172 9.034280638462287e-11 1
2 100 68 974.9226091976172 9.018483693255128e-11 1
2 100 69 977.7921160335472 9.002741895305121e-11 1
2 100 70 977.7921160335472 8.985848547027302e-11 1
2 100 71 977.7921160335472 8.967869146550827e-11 1
2 100 72 977.7921160335472 8.949961550831875e-11 1
2 100 73 978.9511736507372 8.931599796959855e-11 1
2 100 74 978.9511736507372 8.911767160419555e-11 1
2 100 75 978.9511736507372 8.892449870721037e-11 1
2 100 76 978.9511736507372 8.87321614482335e-11 1
2 100 77 978.7783220882372 8.853726622797436e-11 1
2 100 78 978.7783220882372 8.833870323190186e-11 1
2 100 79 978.7783220882372 8.814102887943014e-11 1
2 100 80 978.7783220882372 8.794055289590958e-11 1
2 100 81 978.2567766780872 8.773975580976892e-11 1
2 100 82 978.2567766780872 8.753987360568557e-11 1
2 100 83 978.2567766780872 8.734175651935955e-11 1
2 100 84 978.2567766780872 8.714979327052471e-11 1
2 100 85 976.7051409358972 8.695286391019452e-11 1
2 100 86 976.7051409358972 8.675682253219042e-11 1
2 100 87 976.7051409358972 8.656381734291715e-11 1
2 100 88 976.7051409358972 8.637454436079582e-11 1
2 100 89 979.8162859554272 8.618609726883324e-11 1
2 100 90 979.8162859554272 8.600796033546751e-11 1
2 100 91 979.8162859554272 8.583304791424632e-11 1
2 100 92 979.8162859554272 8.565192363380273e-11 1
2 100 93 979.8162859554272 8.547156215800278e-11 1
2 100 94 981.5182512874572 8.530420116312354e-11 1
2 100 95 981.5182512874572 8.513155281180915e-11 1
2 100 96 981.5182512874572 8.495960189970525e-11 1
2 100 97 981.5182512874572 8.479398959020521e-11 1
2 100 98 980.7147844905872 8.463082680705039e-11 1
2 100 99 980.7147844905872 8.446569127646752e-11 1
2 100 100 980.7147844905872 8.430155022764339e-11 1
2 100 101 980.7147844905872 8.41414227826948e-11 1
2 100 102 976.8132952327672 8.398190249591188e-11 1
2 100 103 976.8132952327672 8.38275986009924e-11 1
2 100 104 976.8132952327672 8.367865429963788e-11 1
2 100 105 976.8132952327672 8.353030334882028e-11 1
2 100 106 979.4644182796472 8.338339279991681e-11 1
2 100 107 979.4644182796472 8.32450919735128e-11 1
2 100 108 979.4644182796472 8.311216787047582e-11 1
2 100 109 979.4644182796472 8.297974645166175e-11 1
2 100 110 981.8778093929272 8.284982488123148e-11 1
2 100 111 981.8778093929272 8.274030940741684e-11 1
2 100 112 981.8778093929272 8.26310830785965e-11 1
2 100 113 981.8778093929272 8.252022557601652e-11 1
2 100 114 985.3115862483972 8.243838522263838e-11 1
2 100 115 985.3115862483972 8.23663352242949e-11 1
2 100 116 985.3115862483972 8.229322143959476e-11 1
2 100 117 985.3115862483972 8.223739041203835e-11 1
2 100 118 985.3115862483972 8.221533452288715e-11 1
2 100 119 988.2398089046472 8.2194562286491e-11 1
2 100 120 988.2398089046472 8.217836499519407e-11 1
2 100 121 988.2398089046472 8.220622802457112e-11 1
2 100 122 988.2398089046472 8.22341099545851e-11 1
2 100 123 988.4749773616772 8.226926012188892e-11 1
2 100 124 988.4749773616772 8.23466775610226e-11 1
2 100 125 988.4749773616772 8.241793133299644e-11 1
2 100 126 988.4749773616772 8.248930852214103e-11 1
2 100 127 989.5347307796472 8.258878015655896e-11 1
2 100 128 989.5347307796472 8.271517519253091e-11 1
2 100 129 989.5347307796472 8.283696700619482e-11 1
2 100 130 989.5347307796472 8.29634313641528e-11 1
2 100 131 989.3745134944872 8.313205526269363e-11 1
2 100 132 989.3745134944872 8.330136601636537e-11 1
2 100 133 989.3745134944872 8.347960629369378e-11 1
2 100 134 989.3745134944872 8.368765066491423e-11 1
2 100 135 990.6770037288672 8.390331183700484e-11 1
2 100 136 990.6770037288672 8.412234868738978e-11 1
2 100 137 990.6770037288672 8.436822662109232e-11 1
2 100 138 990.6770037288672 8.462828564279732e-11 1
2 100 139 991.6887224788672 8.488690957279861e-11 1
2 100 140 991.6887224788672 8.515041161373085e-11 1
2 100 141 991.6887224788672 8.544462807641195e-11 1
2 100 142 991.6887224788672 8.573553659692005e-11 1
2 100 143 991.6887224788672 8.602843276442124e-11 1
2 100 144 992.9375628108972 8.633673911862984e-11 1
2 100 145 992.9375628108972 8.665151359521594e-11 1
2 100 146 992.9375628108972 8.696972932253622e-11 1
2 100 147 992.9375628108972 8.729795154561278e-11 1
2 100 148 993.6020525569872 8.763129808349901e-11 1
2 100 149 993.6020525569872 8.796720014185939e-11 1
2 100 150 993.6020525569872 8.831089430653569e-11 1
2 100 151 993.6020525569872 8.866217007725847e-11 1
2 100 152 994.7279680843372 8.901318171193336e-11 1
2 100 153 994.7279680843372 8.936698368861825e-11 1
2 100 154 994.7279680843372 8.972544528405412e-11 1
2 100 155 994.7279680843372 9.00873767539317e-11 1
2 100 156 998.4392107601172 9.045285677739347e-11 1
2 100 157 998.4392107601172 9.082412948766119e-11 1
2 100 158 998.4392107601172 9.119401238263407e-11 1
2 100 159 998.4392107601172 9.1565053836632e-11 1
2 100 160 1000.3272112483972 9.193886170717488e-11 1
2 100 161 1000.3272112483972 9.231315382129553e-11 1
2 100 162 1000.3272112483972 9.269050595278617e-11 1
2 100 163 1000.3272112483972 9.307729750609881e-11 1
2 100 164 1001.0399187679272 9.348149477259798e-11 1
2 100 165 1001.0399187679272 9.387110095793509e-11 1
2 100 166 1001.0399187679272 9.426396828625666e-11 1
2 100 167 1001.0399187679272 9.467680642162521e-11 1
2 100 168 1001.0399187679272 9.509578205610019e-11 1
2 100 169 1001.6904924983972 9.550928135495426e-11 1
2 100 170 1001.6904924983972 9.592775102365627e-11 1
2 100 171 1001.6904924983972 9.636313221368083e-11 1
2 100 172 1001.6904924983972 9.680248349641424e-11 1
2 100 173 1001.4597185726172 9.725988070533072e-11 1
2 100 174 1001.4597185726172 9.772076919029118e-11 1
2 100 175 1001.4597185726172 9.818128661192894e-11 1
2 100 176 1001.4597185726172 9.864891349884558e-11 1
2 100 177 1000.4268816585472 9.912507614939855e-11 1
2 100 178 1000.4268816585472 9.959163087935352e-11 1
2 100 179 1000.4268816585472 1.0006213241943492e-10 1
2 100 180 1000.4268816585472 1.0053478715057965e-10 1
2 100 181 998.8300799007372 1.0098939708880203e-10 1
2 100 182 998.8300799007372 1.0144813711954996e-10 1
2 100 183 998.8300799007372 1.0191008811643752e-10 1
2 100 184 998.8300799007372 1.0235434219860352e-10 1
2 100 185 996.4815081233972 1.0279583809382575e-10 1
2 100 186 996.4815081233972 1.032416935583287e-10 1
2 100 187 996.4815081233972 1.0368172331415038e-10 1
2 100 188 996.4815081233972 1.0410876494382576e-10 1
2 100 189 994.2395647640172 1.0453933889863127e-10 1
2 100 190 994.2395647640172 1.0497863069209698e-10 1
2 100 191 994.2395647640172 1.0539960721590482e-10 1
2 100 192 994.2395647640172 1.0581826077547716e-10 1
2 100 193 994.2395647640172 1.0624025343222549e-10 1
2 100 194 995.7169207210472 1.0665472895372812e-10 1
2 100 195 995.7169207210472 1.0705937122241767e-10 1
2 100 196 995.7169207210472 1.0746709556606298e-10 1
2 100 197 995.7169207210472 1.078719631703855e-10 1
2 100 198 995.0176409358972 1.0826339753534171e-10 1
2 100 199 995.0176409358972 1.0865382102306439e-10 1
2 100 200 995.0176409358972 1.0904468112112824e-10 1
2 100 201 995.0176409358972 1.09415144314072e-10 1
2 100 202 993.9266375179272 1.0978813327586805e-10 1
2 100 203 993.9266375179272 1.1017073737697592e-10 1
2 100 204 993.9266375179272 1.1054294180920072e-10 1
2 100 205 993.9266375179272 1.1089689758045669e-10 1
2 100 206 999.3159807796472 1.1125312734828e-10 1
2 100 207 999.3159807796472 1.1159988714970262e-10 1
2 100 208 999.3159807796472 1.1193294652676623e-10 1
2 100 209 999.3159807796472 1.1226799982332717e-10 1
2 100 210 1001.5596941585472 1.1261146918859107e-10 1
2 100 211 1001.5596941585472 1.1292433592296467e-10 1
2 100 212 1001.5596941585472 1.132311910500452e-10 1
2 100 213 1001.5596941585472 1.1353971838766305e-10 1
2 100 214 1004.6357439632372 1.134203854174739e-10 1
2 100 215 1004.6357439632372 1.134203854174739e-10 1
2 100 216 1004.6357439632372 1.1526542213216281e-10 1
2 100 217 1004.6357439632372 1.1526542213216281e-10 1
2 100 218 1004.6357439632372 1.1526542213216281e-10 1
2 100 219 1006.8271502132372 1.1612209333744519e-10 1
2 100 220 1006.8271502132372 1.1612209333744519e-10 1
2 100 221 1006.8271502132372 1.1612209333744519e-10 1
2 100 222 1006.8271502132372 1.1685318731439067e-10 1
2 100 223 1012.0300921077672 1.1685318731439067e-10 1
2 100 224 1012.0300921077672 1.1685318731439067e-10 1
2 100 225 1012.0300921077672 1.1746918575837317e-10 1
2 100 226 1012.0300921077672 1.1746918575837317e-10 1
2 100 227 1013.2222307796472 1.1746918575837317e-10 1
2 100 228 1013.2222307796472 1.1746918575837317e-10 1
2 100 229 1013.2222307796472 1.179871113627607e-10 1
2 100 230 1013.2222307796472 1.179871113627607e-10 1
2 100 231 1013.9060686702672 1.179871113627607e-10 1
2 100 232 1013.9060686702672 1.1841679691381569e-10 1
2 100 233 1013.9060686702672 1.1841679691381569e-10 1
2 100 234 1013.9060686702672 1.1841679691381569e-10 1
2 100 235 1014.8834856624572 1.1875959861371993e-10 1
2 100 236 1014.8834856624572 1.1875959861371993e-10 1
2 100 237 1014.8834856624572 1.1875959861371993e-10 1
2 100 238 1014.8834856624572 1.1875959861371993e-10 1
2 100 239 1015.8072527522972 1.1875959861371993e-10 1
2 100 240 1015.8072527522972 1.1875959861371993e-10 1
2 100 241 1015.8072527522972 1.1875959861371993e-10 1
2 100 242 1015.8072527522972 1.1875959861371993e-10 1
2 100 243 1015.8072527522972 1.2076016845541137e-10 1
2 100 244 1016.9458025569872 1.2076016845541137e-10 1
2 100 245 1016.9458025569872 1.2094279872147872e-10 1
2 100 246 1016.9458025569872 1.2094279872147872e-10 1
2 101 24 972.8806170101172 9.849946768491547e-11 1
2 101 25 974.1868914241772 1.0069703659704535e-10 1
2 101 26 977.2396868343372 1.0160733099324526e-10 1
2 101 27 980.8648089046472 1.0079146073551636e-10 1
2 101 28 984.8834856624572 9.708924198997966e-11 1
2 101 29 986.4536760921472 9.272402737842754e-11 1
2 101 30 988.3338030452672 9.107504590515298e-11 1
2 101 31 990.0180071468372 9.072130663203944e-11 1
2 101 32 990.2675799007372 9.078214572023811e-11 1
2 101 33 990.6954363460472 9.091199827793352e-11 1
2 101 34 991.0326555843372 9.099599949874331e-11 1
2 101 35 991.9319475765172 9.104227006436372e-11 1
2 101 36 991.9319475765172 9.106712927581821e-11 1
2 101 37 991.9319475765172 9.108264553100395e-11 1
2 101 38 991.9319475765172 9.109229253168503e-11 1
2 101 39 992.3094500179272 9.110194157610298e-11 1
2 101 40 992.3094500179272 9.111405234901137e-11 1
2 101 41 992.3094500179272 9.11156104777337e-11 1
2 101 42 992.3094500179272 9.111716865974714e-11 1
2 101 43 992.3094500179272 9.11199729612475e-11 1
2 101 44 992.5502947444872 9.112017637819504e-11 1
2 101 45 992.5502947444872 9.111645178580998e-11 1
2 101 46 992.5502947444872 9.111272749790242e-11 1
2 101 47 992.5502947444872 9.11091333876787e-11 1
2 101 48 992.7785662288672 9.110314161522174e-11 1
2 101 49 992.7785662288672 9.109598042440052e-11 1
2 101 50 992.7785662288672 9.108896658434942e-11 1
2 101 51 992.7785662288672 9.108237001691249e-11 1
2 101 52 994.2332781429272 9.107395909514182e-11 1
2 101 53 994.2332781429272 9.106554972662589e-11 1
2 101 54 994.2332781429272 9.105171517582559e-11 1
2 101 55 994.2332781429272 9.10361770951049e-11 1
2 101 56 994.7932146663672 9.102121502654191e-11 1
2 101 57 994.7932146663672 9.100272589153206e-11 1
2 101 58 994.7932146663672 9.093595936078081e-11 1
2 101 59 994.7932146663672 9.093595936078081e-11 1
2 101 60 994.9469622249572 9.119923740872158e-11 1
2 101 61 994.9469622249572 9.119923740872158e-11 1
2 101 62 994.9469622249572 9.104979007532319e-11 1
2 101 63 994.9469622249572 9.104979007532319e-11 1
2 101 64 995.3444841976172 9.104979007532319e-11 1
2 101 65 995.3444841976172 9.08554016098168e-11 1
2 101 66 995.3444841976172 9.08554016098168e-11 1
2 101 67 995.3444841976172 9.08554016098168e-11 1
2 101 68 995.3444841976172 9.08554016098168e-11 1
2 101 69 996.5944231624572 9.062792780023656e-11 1
2 101 70 996.5944231624572 9.062792780023656e-11 1
2 101 71 996.5944231624572 9.062792780023656e-11 1
2 101 72 996.5944231624572 9.037709295935868e-11 1
2 101 73 996.8367327327672 9.037709295935868e-11 1
2 101 74 996.8367327327672 9.037709295935868e-11 1
2 101 75 996.8367327327672 9.011543565098674e-11 1
2 101 76 996.8367327327672 9.011543565098674e-11 1
2 101 77 997.1843279476172 9.011543565098674e-11 1
2 101 78 997.1843279476172 9.011543565098674e-11 1
2 101 79 997.1843279476172 8.944641247357811e-11 1
2 101 80 997.1843279476172 8.944641247357811e-11 1
2 101 81 997.7099627132372 8.944641247357811e-11 1
2 101 82 997.7099627132372 8.944641247357811e-11 1
2 101 83 997.7099627132372 9.020182410396183e-11 1
2 101 84 997.7099627132372 9.020182410396183e-11 1
2 101 85 998.2615374202672 9.052946531310568e-11 1
2 101 86 998.2615374202672 8.901052259863635e-11 1
2 102 24 973.8029192562072 9.942954242019663e-11 1
2 102 25 975.9469622249572 1.0188492395087527e-10 1
2 102 26 978.3753679866772 1.0129407446047214e-10 1
