3 55 104 992.6971728011409 1.288220385880811e-10 1
3 55 105 1013.2989184066109 1.1898291960161562e-10 1
3 55 106 1036.792204539421 1.292073155228986e-10 1
3 55 107 1029.7489306136408 1.6860563836846748e-10 1
3 56 79 972.3205858870809 1.1541024505989828e-10 1
3 56 80 972.3205858870809 1.168150609367819e-10 1
3 56 81 975.3067919417709 1.1811754666156431e-10 1
3 56 82 978.1145922347409 1.1931390892623914e-10 1
3 56 83 980.1128222152109 1.2039757164077703e-10 1
3 56 84 987.0288378402109 1.2136722787339726e-10 1
3 56 85 987.0288378402109 1.2222203215407405e-10 1
3 56 86 990.0421435042709 1.2296684860873398e-10 1
3 56 87 994.3720995589609 1.236041456871767e-10 1
3 56 88 999.2503344222409 1.241459056051941e-10 1
3 56 89 1008.9308153792709 1.2459607990951078e-10 1
3 56 90 1008.9308153792709 1.2497142635638727e-10 1
3 56 91 1012.5949389144209 1.2527608223894307e-10 1
3 56 92 1015.7796923323909 1.255046323430792e-10 1
3 56 93 1019.0143725081709 1.2565546935426987e-10 1
3 56 94 1023.9966723128609 1.2576125813431568e-10 1
3 56 95 1023.9966723128609 1.2580806272237224e-10 1
3 56 96 1026.209501902711 1.2581628801164814e-10 1
3 56 97 1028.4657274886408 1.2579696783469923e-10 1
3 56 98 1028.841032664421 1.2575319259457552e-10 1
3 56 99 1029.8028856917708 1.2569882898176527e-10 1
3 56 100 1031.313200633171 1.2585847129815047e-10 1
3 56 101 1032.8192431136408 1.2721117947159413e-10 1
3 56 102 1035.709501902711 1.3160907972955489e-10 1
3 56 103 1038.649260203491 1.3266557893416811e-10 1
3 56 104 1041.0492235823908 1.2326466278831854e-10 1
3 56 105 1045.441374461301 1.119193530345604e-10 1
3 57 32 988.7106615706709 9.201583040010168e-11 1
3 57 33 990.9875170394209 9.182292293909261e-11 1
3 57 34 989.6888109847409 9.157084843133434e-11 1
3 57 35 989.6888109847409 9.131010309773213e-11 1
3 57 36 987.3996264144209 9.095152438669302e-11 1
3 57 37 986.3455492659909 9.050216275248696e-11 1
3 57 38 989.2150561019209 8.999257653028161e-11 1
3 57 39 990.3741137191109 8.940074910865597e-11 1
3 57 40 990.3741137191109 8.875440789806736e-11 1
3 57 41 990.2012621566109 8.809793778098304e-11 1
3 57 42 989.6797167464609 8.743025867901864e-11 1
3 57 43 988.1280810042709 8.677949557269574e-11 1
3 57 44 991.2392260238009 8.61457856381387e-11 1
3 57 45 991.2392260238009 8.555248985611803e-11 1
3 57 46 992.9411913558309 8.497949291038883e-11 1
3 57 47 992.1377245589609 8.442986816498019e-11 1
3 57 48 988.2362353011409 8.389477347311403e-11 1
3 57 49 990.8873583480209 8.339986258133116e-11 1
3 57 50 990.8873583480209 8.295100752508871e-11 1
3 57 51 993.3007494613009 8.257084932673986e-11 1
3 57 52 996.7345263167709 8.230237438203943e-11 1
3 57 53 999.6627489730209 8.219004679626044e-11 1
3 57 54 999.8979174300509 8.225021785492947e-11 1
3 57 55 999.8979174300509 8.248103061410693e-11 1
3 57 56 1000.9576708480209 8.286349787163746e-11 1
3 57 57 1000.7974535628609 8.339575712307635e-11 1
3 57 58 1002.0999437972409 8.409560252077812e-11 1
3 57 59 1003.1116625472409 8.494335617842267e-11 1
3 57 60 1003.1116625472409 8.589661112039088e-11 1
3 57 61 1004.3605028792709 8.693207703502944e-11 1
3 57 62 1005.0249926253609 8.80408656386844e-11 1
3 57 63 1006.1509081527109 8.92077018879704e-11 1
3 57 64 1009.8621508284909 9.040999543287011e-11 1
3 57 65 1009.8621508284909 9.164613603571873e-11 1
3 57 66 1011.7501513167709 9.29003127095801e-11 1
3 57 67 1012.4628588363009 9.421827231370469e-11 1
3 57 68 1013.1134325667709 9.559967235225166e-11 1
3 57 69 1012.8826586409909 9.704761672304224e-11 1
3 57 70 1012.8826586409909 9.859290964369965e-11 1
3 57 71 1011.8498217269209 1.0016503104790974e-10 1
3 57 72 1010.2530199691109 1.0170248723120288e-10 1
3 57 73 1007.9044481917709 1.0318951926017055e-10 1
3 57 74 1005.6625048323909 1.0463388053823188e-10 1
3 57 75 1005.6625048323909 1.060502707865501e-10 1
3 57 76 1007.1398607894209 1.0741968723967701e-10 1
3 57 77 1006.4405810042709 1.0873909082090059e-10 1
3 57 78 1005.3495775863009 1.099953786252491e-10 1
3 57 79 1010.7389208480209 1.1121172831614568e-10 1
3 57 80 1010.7389208480209 1.1234170622069179e-10 1
3 57 81 1012.9826342269209 1.1340091437943294e-10 1
3 57 82 1016.0586840316109 1.1526542213216281e-10 1
3 57 83 1018.2500902816109 1.1612209333744557e-10 1
3 57 84 1023.4530321761409 1.1685318731439028e-10 1
3 57 85 1023.4530321761409 1.1746918575837356e-10 1
3 57 86 1024.6451708480208 1.1798711136276108e-10 1
3 57 87 1025.3290087386408 1.1841679691381569e-10 1
3 57 88 1026.306425730831 1.1875959861372035e-10 1
3 57 89 1027.230192820671 1.1875959861372035e-10 1
3 57 90 1027.230192820671 1.2076016845541178e-10 1
3 57 91 1028.368742625361 1.2094279872147872e-10 1
3 58 24 984.3035570784909 9.849946768491547e-11 1
3 58 25 985.6098314925509 1.0069703659704535e-10 1
3 58 26 988.6626269027109 1.0160733099324496e-10 1
3 58 27 992.2877489730209 1.0079146073551606e-10 1
3 58 28 996.3064257308309 9.697546725219969e-11 1
3 58 29 998.1459643050509 9.196729661597917e-11 1
3 58 30 1001.4409472152109 9.072648573170657e-11 1
3 58 31 1003.3548876448909 9.106896836082179e-11 1
3 58 32 1003.9732348128609 9.111471083729061e-11 1
3 58 33 1005.6562182113009 9.107633546115708e-11 1
3 58 34 1006.2161547347409 9.102261923935008e-11 1
3 58 35 1006.2161547347409 9.119923740872182e-11 1
3 58 36 1006.3699022933309 9.104979007532319e-11 1
3 58 37 1006.7674242659909 9.08554016098168e-11 1
3 58 38 1008.0173632308309 9.06279278002368e-11 1
3 58 39 1008.2596728011409 9.037709295935844e-11 1
3 58 40 1008.2596728011409 9.011543565098674e-11 1
3 58 41 1008.6072680159909 8.944641247357788e-11 1
3 58 42 1009.1329027816109 9.02018241039616e-11 1
3 58 43 1009.6844774886409 8.901052259863657e-11 1
3 59 24 985.2258593245809 9.942954242019663e-11 1
3 59 25 987.3699022933309 1.0188492395087497e-10 1
3 59 26 989.7983080550509 1.0129407446047244e-10 1
