6 113 272 1023.1424296066776 7.710785887119746e-12 1
6 113 273 1013.6660189511309 7.707129094412332e-12 1
6 113 274 998.7883254583807 7.707129094412332e-12 1
6 114 266 997.6198079903371 8.077751732291227e-12 1
6 114 267 1003.7457539930334 7.924464504275776e-12 1
6 114 268 1010.8408418486712 7.805186813360916e-12 1
6 114 269 1026.0885905293737 7.72890324741193e-12 1
6 114 270 1030.6957430836633 7.69197892401517e-12 1
6 114 271 1032.0815213014148 7.676712323788558e-12 1
6 114 272 1030.5357220330743 7.67235010006591e-12 1
6 114 273 1026.1164238875695 7.685715049675145e-12 1
6 114 274 1014.7353680183237 7.685715049675145e-12 1
6 115 260 1022.7711808103918 8.957957694331327e-12 1
6 115 261 1024.100087950295 8.88802789615072e-12 1
6 115 262 1025.5025040358885 8.781079040212386e-12 1
6 115 263 1027.629364157587 8.639438140590547e-12 1
6 115 264 1028.446855098372 8.472136652234491e-12 1
6 115 265 1029.1159785628165 8.292688985135013e-12 1
6 115 266 1025.0570687944462 8.117353337638305e-12 1
6 115 267 1032.4189821503928 7.96051982457988e-12 1
6 115 268 1033.4720740279897 7.834372405193931e-12 1
6 115 269 1036.395698201707 7.746820638160683e-12 1
6 116 199 969.1684788586695 9.61727114567997e-12 1
6 116 200 969.6261979885697 9.604095406973806e-12 1
6 116 201 970.0892387113095 9.591043913587318e-12 1
6 116 202 970.664547891727 9.578170347568526e-12 1
6 116 203 971.2513974088126 9.565334320965932e-12 1
6 116 204 971.8382469259142 9.552615938221363e-12 1
6 116 205 972.4250964430092 9.54006740639121e-12 1
6 116 206 973.2022094045526 9.52755179937935e-12 1
6 116 207 974.0315246108445 9.515000418742327e-12 1
6 116 208 974.8608398171136 9.502820794055162e-12 1
6 116 209 975.6901550234472 9.490672310431112e-12 1
6 116 210 976.4729266369296 9.47850610584893e-12 1
6 116 211 977.2268753833218 9.466589819841992e-12 1
6 116 212 977.9808241297553 9.454815265669195e-12 1
6 116 213 978.7347728761478 9.443058887790548e-12 1
6 116 214 979.4963612656884 9.431381116042716e-12 1
6 116 215 980.2672709807989 9.419997978927384e-12 1
6 116 216 981.0381806959275 9.408671244174918e-12 1
6 116 217 981.8090904110381 9.39738443233786e-12 1
6 116 218 982.7369729217681 9.386413619493036e-12 1
6 116 219 984.0619966056278 9.37552314426173e-12 1
6 116 220 985.3870202893849 9.364657910833721e-12 1
6 116 221 986.7120439730545 9.354088896217974e-12 1
6 116 222 987.9280145730298 9.343652904985701e-12 1
6 116 223 988.7276269497376 9.333230871129276e-12 1
6 116 224 989.4842091868004 9.322921716570602e-12 1
6 116 225 990.2407914238544 9.312935767985898e-12 1
6 116 226 991.0697742166811 9.302994638338587e-12 1
6 116 227 992.2689853383985 9.29309423121943e-12 1
6 116 228 993.5682702395196 9.283621462843982e-12 1
6 116 229 994.8675551407415 9.274167986636094e-12 1
6 116 230 996.233335115034 9.264704593959277e-12 1
6 116 231 998.1554611924786 9.255536472385688e-12 1
6 116 232 1000.3363971664756 9.246561349354498e-12 1
6 116 233 1002.517333140356 9.237605016516146e-12 1
6 116 234 1004.6787945670897 9.228821191503283e-12 1
6 116 235 1006.2099056390343 9.220332152905941e-12 1
6 116 236 1007.3020733844988 9.211872456472808e-12 1
6 116 237 1008.3942411300217 9.20344918924154e-12 1
6 116 238 1009.4864088755153 9.195477150958943e-12 1
6 116 239 1010.3291584356176 9.187518911501262e-12 1
6 116 240 1010.8952437953492 9.17955698605842e-12 1
6 116 241 1011.4516939250949 9.171938896136117e-12 1
6 116 242 1012.0081440548553 9.164474975351745e-12 1
6 116 243 1012.6458799541014 9.157020177255261e-12 1
6 116 244 1013.4413170315597 9.149721976846782e-12 1
6 116 245 1014.2478916506238 9.142723805843618e-12 1
6 116 246 1015.0544662696667 9.135745156757762e-12 1
6 116 247 1015.9195570393243 9.128795990756221e-12 1
6 116 248 1017.0200716894561 9.122246238503373e-12 1
6 116 249 1018.1432290874424 9.115697427598336e-12 1
6 116 250 1019.2663864854879 9.109158012659369e-12 1
6 116 251 1020.3458877674251 9.102929531630166e-12 1
6 116 252 1020.5977182169781 9.096831148631343e-12 1
6 116 253 1020.753842615671 9.090739400246527e-12 1
6 116 254 1020.9099670143678 9.084794857678105e-12 1
6 116 255 1021.0660914130607 9.077671117663213e-12 1
6 116 256 1021.2359925668159 9.067060539671043e-12 1
6 116 257 1021.472554227009 9.0521066394126e-12 1
6 116 258 1021.8965227577681 9.031139954954249e-12 1
6 116 259 1023.1693853904069 9.002204499361862e-12 1
6 116 260 1024.3364095398763 8.961394836249116e-12 1
6 116 261 1025.8513372698135 8.901366682794104e-12 1
6 116 262 1027.2599803209587 8.811684899880476e-12 1
6 116 263 1029.869362349739 8.661757421097163e-12 1
6 117 121 977.927571704408 1.049977592756935e-11 1
6 117 122 977.9105873814633 1.0494633113858676e-11 1
6 117 123 977.6720093345331 1.0489497141608682e-11 1
6 117 124 977.4090258531177 1.0483997707680049e-11 1
6 117 125 977.1460423716817 1.0477901096981707e-11 1
6 117 126 976.9055466007408 1.0471811572713838e-11 1
6 117 127 976.7719928828408 1.0465647692283286e-11 1
6 117 128 976.6672007533929 1.0458602910371982e-11 1
6 117 129 976.5624086239593 1.0451601627213603e-11 1
6 117 130 976.5123526818766 1.0444609711496405e-11 1
6 117 131 976.9056660556824 1.0436952168985853e-11 1
6 117 132 977.4978493433979 1.0429081212338926e-11 1
6 117 133 978.0900326311022 1.0421223462186928e-11 1
6 117 134 978.6735525104377 1.0413069346274211e-11 1
6 117 135 978.9213925143189 1.0404423941298385e-11 1
6 117 136 978.9497234836984 1.0395792880032583e-11 1
6 117 137 978.9780544530782 1.0387063071522123e-11 1
6 117 138 979.0063854224591 1.0377597064545355e-11 1
6 117 139 979.0086731018193 1.036820432308355e-11 1
6 117 140 978.9829602531439 1.0358828568947985e-11 1
6 117 141 978.9563965639783 1.0348885764136266e-11 1
6 117 142 978.9298328748133 1.0338803806593651e-11 1
6 117 143 979.2873547025325 1.0328743655867444e-11 1
6 117 144 980.3884922406231 1.0318449217556032e-11 1
6 117 145 981.5322371494995 1.0307760300036731e-11 1
6 117 146 982.6759820584422 1.0297093504974548e-11 1
6 117 147 983.8204822717748 1.028633217941365e-11 1
6 117 148 984.9681286345897 1.0274998373141683e-11 1
6 117 149 986.1160141875729 1.026376651593256e-11 1
6 117 150 987.2638997405787 1.0252559187557345e-11 1
6 117 151 988.3829733465476 1.0240962457360476e-11 1
6 117 152 988.8157676503893 1.0229225236304212e-11 1
6 117 153 989.1867365517719 1.0217499985378233e-11 1
6 117 154 989.5577054531257 1.0205495625323387e-11 1
6 117 155 989.9286743544834 1.0193278925573184e-11 1
6 117 156 990.5174036315893 1.0181136307539372e-11 1
6 117 157 991.1638901409418 1.0168994923844105e-11 1
6 117 158 991.8103766503126 1.0156349303452196e-11 1
6 117 159 992.4568631596773 1.0143831888738468e-11 1
6 117 160 992.878883409226 1.0131345290766754e-11 1
6 117 161 993.1652036017309 1.0118604915713844e-11 1
6 117 162 993.4515237942277 1.0105781983708949e-11 1
6 117 163 993.7378439867466 1.0092973416125802e-11 1
6 117 164 993.7848334996731 1.0079982591235773e-11 1
6 117 165 993.5464100282198 1.0066892654951813e-11 1
6 117 166 993.307986556753 1.0053836671942528e-11 1
6 117 167 993.0695630852997 1.0040681735241159e-11 1
6 117 168 992.7272937085738 1.0027286847799329e-11 1
6 117 169 992.1294819570938 1.0014032182592141e-11 1
6 117 170 991.531670205631 1.0000812512738442e-11 1
6 117 171 990.9338584541218 9.987339492656499e-12 1
6 117 172 990.3276239649227 9.973946984731641e-12 1
6 117 173 989.6907856647251 9.960594880697297e-12 1
6 117 174 989.0506769482644 9.947205336897234e-12 1
6 117 175 988.4105682318893 9.933732252123522e-12 1
6 117 176 987.8152913342935 9.920295615472243e-12 1
6 117 177 987.4407695275431 9.906750826246864e-12 1
6 117 178 987.1258175208352 9.893128095572818e-12 1
6 117 179 986.810865514134 9.879654448806036e-12 1
6 117 180 986.4819501087011 9.866217452176595e-12 1
6 117 181 986.0382843269985 9.8527650379486e-12 1
6 117 182 985.542163103308 9.839328354408168e-12 1
6 117 183 985.046041879612 9.825907542640845e-12 1
6 117 184 984.5587179563481 9.812414412056701e-12 1
6 117 185 984.3801840588814 9.79903034312037e-12 1
6 117 186 984.410153123889 9.785682736014938e-12 1
6 117 187 984.4401221888962 9.772236794304313e-12 1
6 117 188 984.4700912539041 9.758852805734251e-12 1
6 117 189 984.5142712371636 9.74561348526214e-12 1
6 117 190 984.573961043796 9.732410038296808e-12 1
6 117 191 984.6341598864649 9.71928359834409e-12 1
6 117 192 984.694358729129 9.706209139568915e-12 1
6 117 193 984.8291947225763 9.693151276978632e-12 1
6 117 194 985.1085957788803 9.680023574407996e-12 1
6 117 195 985.3972644357336 9.667090615015893e-12 1
6 117 196 985.685933092595 9.65425253008134e-12 1
6 117 197 986.1504440356651 9.64145429635676e-12 1
6 117 198 987.3342648403607 9.628810640037524e-12 1
6 117 199 988.5800500420894 9.616200101684544e-12 1
6 117 200 989.8258352437841 9.603553415666979e-12 1
6 117 201 991.0393695034879 9.59095486440725e-12 1
6 117 202 991.5725128235206 9.57861599390797e-12 1
6 117 203 992.0357171717062 9.566314122814758e-12 1
6 117 204 992.4989215199047 9.554111283247108e-12 1
6 117 205 992.9621258680979 9.542049786764927e-12 1
6 117 206 993.7231616624497 9.530018705726997e-12 1
6 117 207 994.5659129438995 9.517944390791514e-12 1
6 117 208 995.4086642253266 9.50616521067722e-12 1
6 117 209 996.2514155068188 9.494509115826031e-12 1
6 117 210 997.1064103509634 9.482881570480627e-12 1
6 117 211 997.9689872179033 9.471473791037304e-12 1
6 117 212 998.8315640848905 9.460170483479446e-12 1
6 117 213 999.6941409518307 9.448878166586828e-12 1
6 117 214 1000.7441212994178 9.437667129987536e-12 1
6 117 215 1002.0227574661566 9.426764044114416e-12 1
6 117 216 1003.3013936329256 9.415886121261485e-12 1
6 117 217 1004.5800297996648 9.404944107300491e-12 1
6 117 218 1005.7293771574862 9.394351776664825e-12 1
6 117 219 1006.5516238288511 9.38386611228515e-12 1
6 117 220 1007.3738705001523 9.373403829310673e-12 1
6 117 221 1008.1961171713994 9.363217003685375e-12 1
6 117 222 1009.022509658292 9.353153879837447e-12 1
6 117 223 1009.8647306236172 9.343098474970732e-12 1
6 117 224 1010.7085874438649 9.333110518751473e-12 1
6 117 225 1011.5524442641026 9.323445011961668e-12 1
6 117 226 1012.3475909216412 9.313832467170317e-12 1
6 117 227 1012.8936527212282 9.304258132253212e-12 1
6 117 228 1013.3723861691124 9.295086902331769e-12 1
6 117 229 1013.8511196170335 9.28593373481356e-12 1
6 117 230 1014.3596631598713 9.27675153018474e-12 1
6 117 231 1015.1176196196508 9.267833684636536e-12 1
6 117 232 1015.9916019325174 9.259142101685994e-12 1
6 117 233 1016.8655842453371 9.250469269147535e-12 1
6 117 234 1017.7305962466605 9.241963542635761e-12 1
6 117 235 1018.3052580288294 9.233720151594154e-12 1
6 117 236 1018.6777349624165 9.225491452871604e-12 1
6 117 237 1019.0502118960237 9.21724593059328e-12 1
6 117 238 1019.4226888296208 9.209405417612154e-12 1
6 117 239 1019.7638703471748 9.201613750786806e-12 1
6 118 61 989.7908072672587 1.0753394195060379e-11 1
6 118 62 990.4172639536613 1.0701206874477358e-11 1
6 118 63 989.1525269683323 1.0669592149162899e-11 1
6 118 64 989.1096074364339 1.0650084908055313e-11 1
6 118 65 990.4818346727657 1.0637659750846058e-11 1
6 118 66 990.819819030508 1.062977315644879e-11 1
6 118 67 991.495787745998 1.0624479198046471e-11 1
6 118 68 991.7560322915754 1.0620471853475498e-11 1
6 118 69 991.835128406972 1.0616514095968616e-11 1
6 118 70 991.9142245223734 1.0612559287108403e-11 1
6 118 71 991.99332063777 1.0608763771359156e-11 1
6 118 72 992.0173848664425 1.0605034047397635e-11 1
6 118 73 991.8589268434469 1.0601300943883297e-11 1
6 118 74 991.6798157916606 1.0597609099209872e-11 1
6 118 75 991.5007047398774 1.0594087903250183e-11 1
6 118 76 991.3302950840282 1.0590587206280122e-11 1
6 118 77 991.199960724224 1.0587098816061551e-11 1
6 118 78 991.0803504496712 1.0583821173109694e-11 1
6 118 79 990.9607401751175 1.0580545558970188e-11 1
6 118 80 990.8807086558346 1.0577256681415035e-11 1
6 118 81 991.1177303991875 1.0574106676493972e-11 1
6 118 82 991.494086092497 1.0571022215979187e-11 1
6 118 83 991.8704417857745 1.0567939582611969e-11 1
6 118 84 992.2458762338532 1.056493466752782e-11 1
6 118 85 992.5810258187881 1.0562044664673177e-11 1
6 118 86 992.8906956115292 1.0559149979469443e-11 1
6 118 87 993.2003654042944 1.0556264577284728e-11 1
6 118 88 993.5100351970357 1.0553531016581783e-11 1
6 118 89 993.6498297720856 1.0550775522139476e-11 1
6 118 90 993.6094836334178 1.054802146622379e-11 1
6 118 91 993.5641793920414 1.054536385991831e-11 1
6 118 92 993.5188751506636 1.0542745932545727e-11 1
6 118 93 993.4445537846532 1.0540135236765697e-11 1
6 118 94 993.3140105964349 1.0537600931372729e-11 1
6 118 95 993.1806443611051 1.0535066351288284e-11 1
6 118 96 993.0472781257796 1.0532503299099802e-11 1
6 118 97 992.9402093778093 1.0529942979003275e-11 1
6 118 98 992.9448492892052 1.0527414887403422e-11 1
6 118 99 992.9568444143587 1.0524888009430863e-11 1
6 118 100 992.9688395395132 1.0522400403687113e-11 1
6 118 101 992.9915059786636 1.051986547285919e-11 1
6 118 102 993.3065149589286 1.0517293607642165e-11 1
6 118 103 993.6441890979088 1.051473480670934e-11 1
6 118 104 993.9818632368787 1.051222663111337e-11 1
6 118 105 994.3195373758747 1.0509572828597766e-11 1
6 118 106 994.7056182674005 1.0506872580073798e-11 1
6 118 107 995.1041023126115 1.0504164665911977e-11 1
6 118 108 995.5025863578462 1.0501269307512532e-11 1
6 118 109 995.9010704030571 1.0498375544821163e-11 1
6 118 110 996.283606761097 1.04955581949269e-11 1
6 118 111 996.656732546966 1.049259736066819e-11 1
6 118 112 997.0298583328417 1.0489366844677888e-11 1
6 118 113 997.4029841187107 1.048613331929446e-11 1
6 118 114 997.791912627624 1.0482764116800342e-11 1
6 118 115 998.1992614886652 1.0479066338251141e-11 1
6 118 116 998.6066103496747 1.047531170318673e-11 1
6 118 117 999.0139592106877 1.0471534236466012e-11 1
6 118 118 999.3274979112384 1.0467186771749507e-11 1
6 118 119 999.4164334390252 1.046275107033433e-11 1
6 118 120 999.5053689668146 1.0458319126779429e-11 1
6 118 121 999.5943044946032 1.045334285070444e-11 1
6 118 122 999.694474953451 1.0448150258144231e-11 1
6 118 123 999.8335984551868 1.0442968526142682e-11 1
6 118 124 999.9770120871593 1.0437505937823712e-11 1
6 118 125 1000.1204257191432 1.0431522265757328e-11 1
6 118 126 1000.268240649553 1.0425551196846697e-11 1
6 118 127 1000.4369862963865 1.04195482389634e-11 1
6 118 128 1000.6113611661108 1.0412755064574944e-11 1
6 118 129 1000.7857360358112 1.0405993454808346e-11 1
6 118 130 1000.9870519160694 1.0399240620759095e-11 1
6 118 131 1001.4065930324567 1.0391942904557078e-11 1
6 118 132 1001.9240174086211 1.0384432234332143e-11 1
6 118 133 1002.4414417847756 1.037692279065574e-11 1
6 118 134 1002.9542235373308 1.0369059802033807e-11 1
6 118 135 1003.2871182012001 1.0360790597382857e-11 1
6 118 136 1003.5023804299648 1.0352569276845552e-11 1
6 118 137 1003.7176426587315 1.0344323546205829e-11 1
6 118 138 1003.9329048875045 1.0335345080077395e-11 1
6 118 139 1004.1395931696136 1.0326460130550444e-11 1
6 118 140 1004.3370631450647 1.0317590444088578e-11 1
6 118 141 1004.5342530076315 1.0308247364743818e-11 1
6 118 142 1004.7314428701926 1.0298724293828437e-11 1
6 118 143 1004.9167108231403 1.0289203688915114e-11 1
6 118 144 1005.0788971473374 1.0279403099486205e-11 1
6 118 145 1005.23976095039 1.0269317194896448e-11 1
6 118 146 1005.4006247534518 1.0259251063003154e-11 1
6 118 147 1005.5901301717311 1.0249065464165478e-11 1
6 118 148 1005.8989395358493 1.02383477962177e-11 1
6 118 149 1006.2168191404994 1.022776089558417e-11 1
6 118 150 1006.5346987451558 1.0217195866973116e-11 1
6 118 151 1006.8467123029397 1.0206151914822286e-11 1
6 118 152 1007.0190009560658 1.0195111471659306e-11 1
6 118 153 1007.178702097908 1.0184100021857743e-11 1
6 118 154 1007.3384032397375 1.0172924138624452e-11 1
6 118 155 1007.4981043815689 1.0161465161025073e-11 1
6 118 156 1007.6830329335143 1.0150031969605585e-11 1
6 118 157 1007.8746526264813 1.013848277789772e-11 1
6 118 158 1008.0662723194537 1.0126557813338801e-11 1
6 118 159 1008.2578920124243 1.0114788971716803e-11 1
6 118 160 1008.4183261346116 1.0103047453269093e-11 1
6 118 161 1008.5599071617474 1.0091072146848743e-11 1
6 119 54 985.1068759924003 1.138557970057825e-11 1
6 119 55 987.2074772281048 1.127549225881073e-11 1
6 119 56 988.7001678138084 1.1166040856219055e-11 1
6 119 57 989.3527047726509 1.1060102450899321e-11 1
6 119 58 990.7567841948656 1.095942199193282e-11 1
6 119 59 992.6970171300788 1.0865548963671218e-11 1
6 119 60 994.3601582315797 1.0779773031103998e-11 1
6 119 61 995.5600169752278 1.0708591296472148e-11 1
6 119 62 997.195536751622 1.0659758845903422e-11 1
6 119 63 998.3404892562249 1.0630185775492689e-11 1
6 119 64 998.9407698561171 1.061186280399358e-11 1
6 119 65 999.5248368298261 1.0600186203404314e-11 1
6 119 66 999.5844946205174 1.0592716592537556e-11 1
6 119 67 999.703810201901 1.0587760281624443e-11 1
6 119 68 999.8136209082527 1.0583954836034466e-11 1
6 119 69 1000.0402973709679 1.058017489276308e-11 1
6 119 70 1000.266973833697 1.057639764845827e-11 1
6 119 71 1000.493650296412 1.057274266497996e-11 1
6 119 72 1000.6896565779492 1.0569139440146909e-11 1
6 119 73 1000.7839401881048 1.0565538698647436e-11 1
6 119 74 1000.8667135235355 1.0561997318897858e-11 1
6 119 75 1000.9494868589646 1.0558551475856412e-11 1
6 119 76 1001.0351372553785 1.0555107880488653e-11 1
6 119 77 1001.1340382924756 1.0551686242484143e-11 1
6 119 78 1001.2364851798542 1.0548408891970636e-11 1
6 119 79 1001.3389320672337 1.0545121561293786e-11 1
6 120 48 977.374353184917 1.184607937015121e-11 1
6 120 49 978.3604074309508 1.1772481987303479e-11 1
6 120 50 979.4826426221813 1.1690778861171886e-11 1
6 120 51 980.947572238809 1.1601809411707585e-11 1
6 120 52 982.7669216779353 1.1506781743828891e-11 1
6 120 53 984.810123831155 1.1407119998289978e-11 1
6 120 54 987.0333006641436 1.1304516832435836e-11 1
6 120 55 988.6240337880694 1.1200733426835944e-11 1
6 120 56 989.9531652349752 1.1097561534075478e-11 1
6 120 57 991.8814914144924 1.099752302929308e-11 1
6 121 48 977.6798680129338 1.1748293712020087e-11 1
6 121 49 979.1407462329064 1.1675344231799142e-11 1
6 121 50 980.2336933148058 1.1595692270086926e-11 1
6 121 51 981.4778585430672 1.1516556279753315e-11 1
