1 98 267 976.2908449326724 4.8906941504865306e-11 1
1 98 268 996.0101442490724 4.3456486766929615e-11 1
1 98 269 1018.2971315537624 3.4062214759519676e-11 1
1 98 270 1012.4601564561024 3.092874486475607e-11 1
1 99 206 955.0318117295424 6.799148611694095e-11 1
1 99 207 955.0318117295424 6.758101306040419e-11 1
1 99 208 955.0318117295424 6.718632950494957e-11 1
1 99 209 955.0318117295424 6.679622920841546e-11 1
1 99 210 958.0180177842324 6.328029709131783e-11 1
1 99 211 958.0180177842324 6.295788031823573e-11 1
1 99 212 958.0180177842324 6.263873235458784e-11 1
1 99 213 958.0180177842324 6.232616798646495e-11 1
1 99 214 960.8258180772024 5.944980704662133e-11 1
1 99 215 960.8258180772024 5.918669845663407e-11 1
1 99 216 960.8258180772024 5.892590849836615e-11 1
1 99 217 960.8258180772024 5.867678488530815e-11 1
1 99 218 960.8258180772024 5.844223071992524e-11 1
1 99 219 962.8240480576724 5.6564698627447024e-11 1
1 99 220 962.8240480576724 5.635385413136067e-11 1
1 99 221 962.8240480576724 5.6157326696400596e-11 1
1 99 222 962.8240480576724 5.596216523039147e-11 1
1 99 223 969.7400636826724 5.0866884051208334e-11 1
1 99 224 969.7400636826724 5.072473434318444e-11 1
1 99 225 969.7400636826724 5.0580801426161104e-11 1
1 99 226 969.7400636826724 5.0437683025645497e-11 1
1 99 227 972.7533693467324 4.846766115132367e-11 1
1 99 228 972.7533693467324 4.835159353838546e-11 1
1 99 229 972.7533693467324 4.823422191115009e-11 1
1 99 230 972.7533693467324 4.8118593102462326e-11 1
1 99 231 977.0833254014224 4.5642506623134726e-11 1
1 99 232 977.0833254014224 4.55491088010597e-11 1
1 99 233 977.0833254014224 4.5458649143616616e-11 1
1 99 234 977.0833254014224 4.537862904107814e-11 1
1 99 235 981.9615602647024 4.2925205699692524e-11 1
1 99 236 981.9615602647024 4.285168065521875e-11 1
1 99 237 981.9615602647024 4.27820400002041e-11 1
1 99 238 981.9615602647024 4.2717480977338646e-11 1
1 99 239 991.6420412217324 3.8662186389183496e-11 1
1 99 240 991.6420412217324 3.861246235739157e-11 1
1 99 241 991.6420412217324 3.8566333430652113e-11 1
1 99 242 991.6420412217324 3.85203145895527e-11 1
1 99 243 991.6420412217324 3.8475796103733485e-11 1
1 99 244 995.3061647568824 3.712985033347534e-11 1
1 99 245 995.3061647568824 3.709297484269809e-11 1
1 99 246 995.3061647568824 3.705617252499644e-11 1
1 99 247 995.3061647568824 3.702256317165426e-11 1
1 99 248 998.4909181748524 3.593351645967267e-11 1
1 99 249 998.4909181748524 3.590400482360898e-11 1
1 99 250 998.4909181748524 3.587501295264701e-11 1
1 99 251 998.4909181748524 3.585060932067136e-11 1
1 99 252 1001.7255983506324 3.4817519407108756e-11 1
1 99 253 1001.7255983506324 3.479530398812556e-11 1
1 99 254 1001.7255983506324 3.4777238405312526e-11 1
1 99 255 1001.7255983506324 3.47589224019589e-11 1
1 99 256 1006.7078981553224 3.329968015231187e-11 1
1 99 257 1006.7078981553224 3.3285196666624586e-11 1
1 99 258 1006.7078981553224 3.3269884639758614e-11 1
1 99 259 1008.9207277451724 3.264706959341344e-11 1
1 99 260 1008.9207277451724 3.2624368922859955e-11 1
1 99 261 1011.1769533311024 3.2017623149496786e-11 1
1 99 262 1012.5141115342324 3.168173820728337e-11 1
1 99 263 1013.6330080186024 3.144589631238691e-11 1
1 99 264 1015.5304689561024 3.104955916637985e-11 1
1 99 265 1018.4207277451724 3.0450099409905147e-11 1
1 99 266 1021.3604860459524 3.057403399537252e-11 1
1 99 267 1023.4231691514224 3.217619925519779e-11 1
1 99 268 1028.1526003037625 3.366183965939612e-11 1
1 100 43 971.2243166123524 6.854436677272719e-11 1
1 100 44 971.4218874131324 6.850447624413491e-11 1
1 100 45 971.4218874131324 6.870143136489279e-11 1
1 100 46 971.4218874131324 6.88995840395918e-11 1
1 100 47 971.4218874131324 6.910760703940534e-11 1
1 100 48 973.8655519639224 6.651078323728678e-11 1
1 100 49 973.8655519639224 6.671445195256589e-11 1
1 100 50 973.8655519639224 6.69209483838006e-11 1
1 100 51 973.8655519639224 6.714403857249278e-11 1
1 100 52 973.6987428818824 6.755842142171107e-11 1
1 100 53 973.6987428818824 6.778803187192255e-11 1
1 100 54 973.6987428818824 6.8037904748191e-11 1
1 100 55 973.6987428818824 6.828601573776704e-11 1
1 100 56 972.4000368272024 7.009571349012568e-11 1
1 100 57 972.4000368272024 7.03678032557876e-11 1
1 100 58 972.4000368272024 7.06537912777293e-11 1
1 100 59 972.4000368272024 7.09421134044149e-11 1
1 100 60 970.1108522568824 7.427275806923855e-11 1
1 100 61 970.1108522568824 7.46185999218983e-11 1
1 100 62 970.1108522568824 7.496767758076175e-11 1
1 100 63 970.1108522568824 7.532641957046839e-11 1
1 100 64 969.0567751084524 7.725544421135225e-11 1
1 100 65 969.0567751084524 7.765543756792599e-11 1
1 100 66 969.0567751084524 7.805959444663165e-11 1
1 100 67 969.0567751084524 7.847785571378178e-11 1
1 100 68 969.0567751084524 7.891400991976315e-11 1
1 100 69 971.9262819443824 7.508087589901125e-11 1
1 100 70 971.9262819443824 7.549325221754723e-11 1
1 100 71 971.9262819443824 7.591360400827674e-11 1
1 100 72 971.9262819443824 7.633866310688906e-11 1
1 100 73 973.0853395615724 7.510518234443423e-11 1
1 100 74 973.0853395615724 7.553714570606841e-11 1
1 100 75 973.0853395615724 7.596276853456032e-11 1
1 100 76 973.0853395615724 7.639321498492023e-11 1
1 100 77 972.9124879990724 7.70801059872965e-11 1
1 100 78 972.9124879990724 7.751297513805775e-11 1
1 100 79 972.9124879990724 7.795073358971023e-11 1
1 100 80 972.9124879990724 7.839873440501507e-11 1
1 100 81 972.3909425889224 7.964844994072344e-11 1
1 100 82 972.3909425889224 8.0093403689405e-11 1
1 100 83 972.3909425889224 8.054335680927316e-11 1
1 100 84 972.3909425889224 8.096978059621564e-11 1
1 100 85 970.8393068467324 8.405548360763689e-11 1
1 100 86 970.8393068467324 8.452063816616655e-11 1
1 100 87 970.8393068467324 8.497409111550446e-11 1
1 100 88 970.8393068467324 8.540957374773671e-11 1
1 100 89 973.9504518662624 8.047595468206967e-11 1
1 100 90 973.9504518662624 8.084904439747834e-11 1
1 100 91 973.9504518662624 8.11957298678944e-11 1
1 100 92 973.9504518662624 8.155828476652565e-11 1
1 100 93 973.9504518662624 8.192409194504288e-11 1
1 100 94 975.6524171982924 7.946852480776499e-11 1
1 100 95 975.6524171982924 7.978284657629973e-11 1
1 100 96 975.6524171982924 8.009966469172164e-11 1
1 100 97 975.6524171982924 8.039684307371705e-11 1
1 100 98 974.8489504014224 8.20125587232395e-11 1
1 100 99 974.8489504014224 8.231888373003668e-11 1
1 100 100 974.8489504014224 8.26255834731091e-11 1
1 100 101 974.8489504014224 8.291589475859291e-11 1
1 100 102 970.9474611436024 9.055783939542892e-11 1
1 100 103 970.9474611436024 9.088466884472106e-11 1
1 100 104 970.9474611436024 9.120738541496575e-11 1
1 100 105 970.9474611436024 9.153736096554437e-11 1
1 100 106 973.5985841904824 8.658908668191848e-11 1
1 100 107 973.5985841904824 8.683150063046412e-11 1
1 100 108 973.5985841904824 8.710128294969219e-11 1
1 100 109 973.5985841904824 8.738958056329494e-11 1
1 100 110 976.0119753037624 8.327440925349006e-11 1
1 100 111 976.0119753037624 8.353738071323227e-11 1
1 100 112 976.0119753037624 8.380201830454626e-11 1
1 100 113 976.0119753037624 8.404021903051861e-11 1
1 100 114 979.4457521592324 7.860603359699476e-11 1
1 100 115 979.4457521592324 7.883982188749822e-11 1
1 100 116 979.4457521592324 7.90697503503915e-11 1
1 100 117 979.4457521592324 7.928277285770468e-11 1
1 100 118 979.4457521592324 7.94964037538366e-11 1
1 100 119 982.3739748154824 7.531159634229326e-11 1
1 100 120 982.3739748154824 7.549407318116918e-11 1
1 100 121 982.3739748154824 7.562338552659971e-11 1
1 100 122 982.3739748154824 7.575314162538347e-11 1
1 100 123 982.6091432725124 7.554608353529213e-11 1
1 100 124 982.6091432725124 7.561825047385237e-11 1
1 100 125 982.6091432725124 7.566804281735525e-11 1
1 100 126 982.6091432725124 7.571790077758586e-11 1
1 100 127 983.6688966904824 7.424552931143888e-11 1
1 100 128 983.6688966904824 7.420839059865878e-11 1
1 100 129 983.6688966904824 7.416586300263366e-11 1
1 100 130 983.6688966904824 7.411553243190533e-11 1
1 100 131 983.5086794053224 7.420962035123519e-11 1
1 100 132 983.5086794053224 7.408346069410014e-11 1
1 100 133 983.5086794053224 7.39644975572194e-11 1
1 100 134 983.5086794053224 7.377929020787861e-11 1
1 100 135 984.8111696397024 7.185075071893272e-11 1
1 100 136 984.8111696397024 7.165593838388446e-11 1
1 100 137 984.8111696397024 7.143955026998927e-11 1
1 100 138 984.8111696397024 7.117633872169443e-11 1
1 100 139 985.8228883897024 6.966266105065072e-11 1
1 100 140 985.8228883897024 6.940478816638812e-11 1
1 100 141 985.8228883897024 6.910121189946142e-11 1
1 100 142 985.8228883897024 6.879637420286781e-11 1
1 100 143 985.8228883897024 6.84942142561763e-11 1
1 100 144 987.0717287217324 6.674073947105122e-11 1
1 100 145 987.0717287217324 6.641428479765533e-11 1
1 100 146 987.0717287217324 6.609166350313602e-11 1
1 100 147 987.0717287217324 6.575849278680242e-11 1
1 100 148 987.7362184678224 6.470321678114304e-11 1
1 100 149 987.7362184678224 6.436215552065606e-11 1
1 100 150 987.7362184678224 6.402589132913967e-11 1
1 100 151 987.7362184678224 6.36668477422405e-11 1
1 100 152 988.8621339951724 6.219991213345254e-11 1
1 100 153 988.8621339951724 6.185766319743543e-11 1
1 100 154 988.8621339951724 6.150275968844064e-11 1
1 100 155 988.8621339951724 6.114680295695648e-11 1
1 100 156 992.5733766709524 5.7549911983723327e-11 1
1 100 157 992.5733766709524 5.723906054407604e-11 1
1 100 158 992.5733766709524 5.691981258336112e-11 1
1 100 159 992.5733766709524 5.660207871743477e-11 1
1 100 160 994.4613771592324 5.483023384741365e-11 1
1 100 161 994.4613771592324 5.452594765498656e-11 1
1 100 162 994.4613771592324 5.4225020160044466e-11 1
1 100 163 994.4613771592324 5.3929148595708756e-11 1
1 100 164 995.1740846787624 5.3120309710222745e-11 1
1 100 165 995.1740846787624 5.282504928840589e-11 1
1 100 166 995.1740846787624 5.253305303531256e-11 1
1 100 167 995.1740846787624 5.223813974075118e-11 1
1 100 168 995.1740846787624 5.194034176823299e-11 1
1 100 169 995.8246584092324 5.121657452656975e-11 1
1 100 170 995.8246584092324 5.0930107250124065e-11 1
1 100 171 995.8246584092324 5.063708279476507e-11 1
1 100 172 995.8246584092324 5.0347410861150985e-11 1
1 100 173 995.5938844834524 5.020509192425617e-11 1
1 100 174 995.5938844834524 4.991461366948326e-11 1
1 100 175 995.5938844834524 4.96262815818924e-11 1
1 100 176 995.5938844834524 4.9341565206388484e-11 1
1 100 177 994.5610475693824 4.9691488087279476e-11 1
1 100 178 994.5610475693824 4.940632685502163e-11 1
1 100 179 994.5610475693824 4.912345596225732e-11 1
1 100 180 994.5610475693824 4.8844057995636324e-11 1
1 100 181 992.9642458115724 4.95305885388594e-11 1
1 100 182 992.9642458115724 4.9249028218637044e-11 1
1 100 183 992.9642458115724 4.897182132180316e-11 1
1 100 184 992.9642458115724 4.869941745230448e-11 1
1 100 185 990.6156740342324 4.984763686742935e-11 1
1 100 186 990.6156740342324 4.9565792562912166e-11 1
1 100 187 990.6156740342324 4.92887234840683e-11 1
1 100 188 990.6156740342324 4.901566074917225e-11 1
1 100 189 988.3737306748524 5.011480464004593e-11 1
1 100 190 988.3737306748524 4.983299621419791e-11 1
1 100 191 988.3737306748524 4.955713923597607e-11 1
1 100 192 988.3737306748524 4.9284204591700516e-11 1
1 100 193 988.3737306748524 4.9014259841448525e-11 1
1 100 194 989.8510866318824 4.7888513836242554e-11 1
1 100 195 989.8510866318824 4.76376845456289e-11 1
1 100 196 989.8510866318824 4.738946913916667e-11 1
1 100 197 989.8510866318824 4.714646119589936e-11 1
1 100 198 989.1518068467324 4.729683549884215e-11 1
1 100 199 989.1518068467324 4.7057623480898776e-11 1
1 100 200 989.1518068467324 4.6821422073693016e-11 1
1 100 201 989.1518068467324 4.6593342247580755e-11 1
1 100 202 988.0608034287624 4.696138345201156e-11 1
1 100 203 988.0608034287624 4.673259686581323e-11 1
1 100 204 988.0608034287624 4.651257275203462e-11 1
1 100 205 988.0608034287624 4.6295361693725957e-11 1
1 100 206 993.4501466904824 4.338649903690421e-11 1
1 100 207 993.4501466904824 4.320049212514964e-11 1
1 100 208 993.4501466904824 4.3020124731551895e-11 1
1 100 209 993.4501466904824 4.284125718821226e-11 1
1 100 210 995.6938600693824 4.166888669847169e-11 1
1 100 211 995.6938600693824 4.150993606015943e-11 1
1 100 212 995.6938600693824 4.135094942436403e-11 1
1 100 213 995.6938600693824 4.119317600689659e-11 1
1 100 214 998.7699098740724 3.994039656396602e-11 1
1 100 215 998.7699098740724 3.994039656396602e-11 1
1 100 216 998.7699098740724 3.927681657374407e-11 1
1 100 217 998.7699098740724 3.927681657374407e-11 1
1 100 218 998.7699098740724 3.927681657374407e-11 1
1 100 219 1000.9613161240724 3.8051155626186356e-11 1
1 100 220 1000.9613161240724 3.8051155626186356e-11 1
1 100 221 1000.9613161240724 3.8051155626186356e-11 1
1 100 222 1000.9613161240724 3.768583141318065e-11 1
1 100 223 1006.1642580186024 3.592482187239519e-11 1
1 100 224 1006.1642580186024 3.592482187239519e-11 1
1 100 225 1006.1642580186024 3.562153424365739e-11 1
1 100 226 1006.1642580186024 3.562153424365739e-11 1
1 100 227 1007.3563966904824 3.524733262411194e-11 1
1 100 228 1007.3563966904824 3.524733262411194e-11 1
1 100 229 1007.3563966904824 3.4976727901912105e-11 1
1 100 230 1007.3563966904824 3.4976727901912105e-11 1
1 100 231 1008.0402345811024 3.476882413827276e-11 1
1 100 232 1008.0402345811024 3.452663122475002e-11 1
1 100 233 1008.0402345811024 3.452663122475002e-11 1
1 100 234 1008.0402345811024 3.452663122475002e-11 1
1 100 235 1009.0176515732924 3.402314795106338e-11 1
1 100 236 1009.0176515732924 3.402314795106338e-11 1
1 100 237 1009.0176515732924 3.402314795106338e-11 1
1 100 238 1009.0176515732924 3.402314795106338e-11 1
1 100 239 1009.9414186631324 3.375789977402536e-11 1
1 100 240 1009.9414186631324 3.375789977402536e-11 1
1 100 241 1009.9414186631324 3.375789977402536e-11 1
1 100 242 1009.9414186631324 3.375789977402536e-11 1
1 100 243 1009.9414186631324 3.3301202199011177e-11 1
1 100 244 1011.0799684678224 3.2988511706503137e-11 1
1 100 245 1011.0799684678224 3.2850075914672475e-11 1
1 100 246 1011.0799684678224 3.2850075914672475e-11 1
1 101 24 967.0147829209524 4.770294088069093e-11 1
1 101 25 968.3210573350124 4.7344283215779755e-11 1
1 101 26 971.3738527451724 4.693193993227221e-11 1
1 101 27 974.9989748154824 4.749434680231474e-11 1
1 101 28 979.0176515732924 4.969114222100192e-11 1
1 101 29 980.5878420029824 5.384963390702791e-11 1
1 101 30 982.4679689561024 5.538317776326991e-11 1
1 101 31 984.1521730576724 5.553993076542046e-11 1
1 101 32 984.4017458115724 5.612846436270707e-11 1
1 101 33 984.8296022568824 5.626699976112709e-11 1
1 101 34 985.1668214951724 5.632747777068023e-11 1
1 101 35 986.0661134873524 5.5847079847497745e-11 1
1 101 36 986.0661134873524 5.6001897636914115e-11 1
1 101 37 986.0661134873524 5.612980306535098e-11 1
1 101 38 986.0661134873524 5.626291665505752e-11 1
1 101 39 986.4436159287624 5.609808277698206e-11 1
1 101 40 986.4436159287624 5.6229845169775005e-11 1
1 101 41 986.4436159287624 5.636938272411935e-11 1
1 101 42 986.4436159287624 5.6509614542050593e-11 1
1 101 43 986.4436159287624 5.665018550477066e-11 1
1 101 44 986.6844606553224 5.660032165093942e-11 1
1 101 45 986.6844606553224 5.674533213382669e-11 1
1 101 46 986.6844606553224 5.689108756133342e-11 1
1 101 47 986.6844606553224 5.703749188853937e-11 1
1 101 48 986.9127321397024 5.6999507326762085e-11 1
1 101 49 986.9127321397024 5.7147798985093126e-11 1
1 101 50 986.9127321397024 5.729667939811803e-11 1
1 101 51 986.9127321397024 5.744498287864094e-11 1
1 101 52 988.3674440537624 5.641322999342973e-11 1
1 101 53 988.3674440537624 5.655776539025512e-11 1
1 101 54 988.3674440537624 5.6705248647512583e-11 1
1 101 55 988.3674440537624 5.6854201017321373e-11 1
1 101 56 988.9273805772024 5.655226621499648e-11 1
1 101 57 988.9273805772024 5.670108853566766e-11 1
1 101 58 988.9273805772024 5.666307277161434e-11 1
1 101 59 988.9273805772024 5.666307277161434e-11 1
1 101 60 989.0811281357924 5.692777965502576e-11 1
1 101 61 989.0811281357924 5.692777965502576e-11 1
1 101 62 989.0811281357924 5.747914784637585e-11 1
1 101 63 989.0811281357924 5.747914784637585e-11 1
1 101 64 989.4786501084524 5.7152674278766526e-11 1
1 101 65 989.4786501084524 5.7725914651333224e-11 1
1 101 66 989.4786501084524 5.7725914651333224e-11 1
1 101 67 989.4786501084524 5.7725914651333224e-11 1
1 101 68 989.4786501084524 5.7725914651333224e-11 1
1 101 69 990.7285890732924 5.727464756113134e-11 1
1 101 70 990.7285890732924 5.727464756113134e-11 1
1 101 71 990.7285890732924 5.727464756113134e-11 1
1 101 72 990.7285890732924 5.7857040070695855e-11 1
1 101 73 990.9708986436024 5.7654969283703856e-11 1
1 101 74 990.9708986436024 5.7654969283703856e-11 1
1 101 75 990.9708986436024 5.823160247974893e-11 1
1 101 76 990.9708986436024 5.823160247974893e-11 1
1 101 77 991.3184938584524 5.793841921190034e-11 1
1 101 78 991.3184938584524 5.793841921190034e-11 1
1 101 79 991.3184938584524 5.850107074027135e-11 1
1 101 80 991.3184938584524 5.850107074027135e-11 1
1 101 81 991.8441286240724 5.8054771828346127e-11 1
1 101 82 991.8441286240724 5.8054771828346127e-11 1
1 101 83 991.8441286240724 5.8054771828346127e-11 1
1 101 84 991.8441286240724 5.8054771828346127e-11 1
1 101 85 992.3957033311024 5.759371193653503e-11 1
1 101 86 992.3957033311024 5.887198559102295e-11 1
1 102 24 967.9370851670424 4.592504244857009e-11 1
1 102 25 970.0811281357924 4.520718696043973e-11 1
1 102 26 972.5095338975124 4.544323028587353e-11 1
