3 55 104 968.1429971226368 1.288220385880811e-10 1
3 55 105 988.7447427281068 1.1898291960161562e-10 1
3 55 106 1012.2380288609168 1.292073155228986e-10 1
3 55 107 1005.1947549351368 1.6860563836846748e-10 1
3 56 79 947.7664102085768 1.1541024505989828e-10 1
3 56 80 947.7664102085768 1.168150609367819e-10 1
3 56 81 950.7526162632668 1.1811754666156431e-10 1
3 56 82 953.5604165562368 1.1931390892623914e-10 1
3 56 83 955.5586465367068 1.2039757164077703e-10 1
3 56 84 962.4746621617068 1.2136722787339726e-10 1
3 56 85 962.4746621617068 1.2222203215407405e-10 1
3 56 86 965.4879678257668 1.2296684860873398e-10 1
3 56 87 969.8179238804568 1.236041456871767e-10 1
3 56 88 974.6961587437368 1.241459056051941e-10 1
3 56 89 984.3766397007668 1.2459607990951078e-10 1
3 56 90 984.3766397007668 1.2497142635638727e-10 1
3 56 91 988.0407632359168 1.2527608223894307e-10 1
3 56 92 991.2255166538868 1.255046323430792e-10 1
3 56 93 994.4601968296668 1.2565546935426987e-10 1
3 56 94 999.4424966343568 1.2576125813431568e-10 1
3 56 95 999.4424966343568 1.2580806272237224e-10 1
3 56 96 1001.6553262242068 1.2581628801164814e-10 1
3 56 97 1003.9115518101368 1.2579696783469923e-10 1
3 56 98 1004.2868569859168 1.2575319259457552e-10 1
3 56 99 1005.2487100132668 1.2569882898176527e-10 1
3 56 100 1006.7590249546668 1.2585847129815047e-10 1
3 56 101 1008.2650674351368 1.2721117947159413e-10 1
3 56 102 1011.1553262242068 1.3160907972955489e-10 1
3 56 103 1014.0950845249868 1.3266557893416811e-10 1
3 56 104 1016.4950479038868 1.2326466278831854e-10 1
3 56 105 1020.8871987827968 1.119193530345604e-10 1
3 57 32 964.1564858921668 9.201583040010168e-11 1
3 57 33 966.4333413609168 9.182292293909261e-11 1
3 57 34 965.1346353062368 9.157084843133434e-11 1
3 57 35 965.1346353062368 9.131010309773213e-11 1
3 57 36 962.8454507359168 9.095152438669302e-11 1
3 57 37 961.7913735874868 9.050216275248696e-11 1
3 57 38 964.6608804234168 8.999257653028161e-11 1
3 57 39 965.8199380406068 8.940074910865597e-11 1
3 57 40 965.8199380406068 8.875440789806736e-11 1
3 57 41 965.6470864781068 8.809793778098304e-11 1
3 57 42 965.1255410679568 8.743025867901864e-11 1
3 57 43 963.5739053257668 8.677949557269574e-11 1
3 57 44 966.6850503452968 8.61457856381387e-11 1
3 57 45 966.6850503452968 8.555248985611803e-11 1
3 57 46 968.3870156773268 8.497949291038883e-11 1
3 57 47 967.5835488804568 8.442986816498019e-11 1
3 57 48 963.6820596226368 8.389477347311403e-11 1
3 57 49 966.3331826695168 8.339986258133116e-11 1
3 57 50 966.3331826695168 8.295100752508871e-11 1
3 57 51 968.7465737827968 8.257084932673986e-11 1
3 57 52 972.1803506382668 8.230237438203943e-11 1
3 57 53 975.1085732945168 8.219004679626044e-11 1
3 57 54 975.3437417515468 8.225021785492947e-11 1
3 57 55 975.3437417515468 8.248103061410693e-11 1
3 57 56 976.4034951695168 8.286349787163746e-11 1
3 57 57 976.2432778843568 8.339575712307635e-11 1
3 57 58 977.5457681187368 8.409560252077812e-11 1
3 57 59 978.5574868687368 8.494335617842267e-11 1
3 57 60 978.5574868687368 8.589661112039088e-11 1
3 57 61 979.8063272007668 8.693207703502944e-11 1
3 57 62 980.4708169468568 8.80408656386844e-11 1
3 57 63 981.5967324742068 8.92077018879704e-11 1
3 57 64 985.3079751499868 9.040999543287011e-11 1
3 57 65 985.3079751499868 9.164613603571873e-11 1
3 57 66 987.1959756382668 9.29003127095801e-11 1
3 57 67 987.9086831577968 9.421827231370469e-11 1
3 57 68 988.5592568882668 9.559967235225166e-11 1
3 57 69 988.3284829624868 9.704761672304224e-11 1
3 57 70 988.3284829624868 9.859290964369965e-11 1
3 57 71 987.2956460484168 1.0016503104790974e-10 1
3 57 72 985.6988442906068 1.0170248723120288e-10 1
3 57 73 983.3502725132668 1.0318951926017055e-10 1
3 57 74 981.1083291538868 1.0463388053823188e-10 1
3 57 75 981.1083291538868 1.060502707865501e-10 1
3 57 76 982.5856851109168 1.0741968723967701e-10 1
3 57 77 981.8864053257668 1.0873909082090059e-10 1
3 57 78 980.7954019077968 1.099953786252491e-10 1
3 57 79 986.1847451695168 1.1121172831614568e-10 1
3 57 80 986.1847451695168 1.1234170622069179e-10 1
3 57 81 988.4284585484168 1.1340091437943294e-10 1
3 57 82 991.5045083531068 1.1526542213216281e-10 1
3 57 83 993.6959146031068 1.1612209333744557e-10 1
3 57 84 998.8988564976368 1.1685318731439028e-10 1
3 57 85 998.8988564976368 1.1746918575837356e-10 1
3 57 86 1000.0909951695168 1.1798711136276108e-10 1
3 57 87 1000.7748330601368 1.1841679691381569e-10 1
3 57 88 1001.7522500523268 1.1875959861372035e-10 1
3 57 89 1002.6760171421668 1.1875959861372035e-10 1
3 57 90 1002.6760171421668 1.2076016845541178e-10 1
3 57 91 1003.8145669468568 1.2094279872147872e-10 1
3 58 24 959.7493813999868 9.849946768491547e-11 1
3 58 25 961.0556558140468 1.0069703659704535e-10 1
3 58 26 964.1084512242068 1.0160733099324496e-10 1
3 58 27 967.7335732945168 1.0079146073551606e-10 1
3 58 28 971.7522500523268 9.697546725219969e-11 1
3 58 29 973.5917886265468 9.196729661597917e-11 1
3 58 30 976.8867715367068 9.072648573170657e-11 1
3 58 31 978.8007119663868 9.106896836082179e-11 1
3 58 32 979.4190591343568 9.111471083729061e-11 1
3 58 33 981.1020425327968 9.107633546115708e-11 1
3 58 34 981.6619790562368 9.102261923935008e-11 1
3 58 35 981.6619790562368 9.119923740872182e-11 1
3 58 36 981.8157266148268 9.104979007532319e-11 1
3 58 37 982.2132485874868 9.08554016098168e-11 1
3 58 38 983.4631875523268 9.06279278002368e-11 1
3 58 39 983.7054971226368 9.037709295935844e-11 1
3 58 40 983.7054971226368 9.011543565098674e-11 1
3 58 41 984.0530923374868 8.944641247357788e-11 1
3 58 42 984.5787271031068 9.02018241039616e-11 1
3 58 43 985.1303018101368 8.901052259863657e-11 1
3 59 24 960.6716836460768 9.942954242019663e-11 1
3 59 25 962.8157266148268 1.0188492395087497e-10 1
3 59 26 965.2441323765468 1.0129407446047244e-10 1
