4 98 267 976.0232805707105 1.821252149981353e-11 1
4 98 268 995.7425798871105 1.9768134176170344e-11 1
4 98 269 1018.0295671918005 2.047880734507865e-11 1
4 98 270 1012.1925920941405 2.1825366763030495e-11 1
4 99 206 954.7642473675805 1.002614492363583e-11 1
4 99 207 954.7642473675805 1.0075163399283268e-11 1
4 99 208 954.7642473675805 1.0124510342471673e-11 1
4 99 209 954.7642473675805 1.0174343055734247e-11 1
4 99 210 957.7504534222705 1.0224287138427208e-11 1
4 99 211 957.7504534222705 1.0274432785487394e-11 1
4 99 212 957.7504534222705 1.0325072741757102e-11 1
4 99 213 957.7504534222705 1.0375850493289626e-11 1
4 99 214 960.5582537152405 1.0425852893744369e-11 1
4 99 215 960.5582537152405 1.0476934911895205e-11 1
4 99 216 960.5582537152405 1.0528519952736338e-11 1
4 99 217 960.5582537152405 1.0580021090064078e-11 1
4 99 218 960.5582537152405 1.0631223933085695e-11 1
4 99 219 962.5564836957105 1.0682924786628875e-11 1
4 99 220 962.5564836957105 1.0734212105240782e-11 1
4 99 221 962.5564836957105 1.0785268376595297e-11 1
4 99 222 962.5564836957105 1.083681265783846e-11 1
4 99 223 969.4724993207105 1.088827335156151e-11 1
4 99 224 969.4724993207105 1.093826835387048e-11 1
4 99 225 969.4724993207105 1.0989522412830875e-11 1
4 99 226 969.4724993207105 1.1041259061138315e-11 1
4 99 227 972.4858049847705 1.1092044855809356e-11 1
4 99 228 972.4858049847705 1.1142343795810394e-11 1
4 99 229 972.4858049847705 1.1193556583963283e-11 1
4 99 230 972.4858049847705 1.1245046640579516e-11 1
4 99 231 976.8157610394605 1.1295107245761474e-11 1
4 99 232 976.8157610394605 1.1345615562835748e-11 1
4 99 233 976.8157610394605 1.1395797975972416e-11 1
4 99 234 976.8157610394605 1.1443844869039319e-11 1
4 99 235 981.6939959027405 1.1493363649332787e-11 1
4 99 236 981.6939959027405 1.1543312838512688e-11 1
4 99 237 981.6939959027405 1.1592621696551838e-11 1
4 99 238 981.6939959027405 1.1640898496232105e-11 1
4 99 239 991.3744768597705 1.1689579069259135e-11 1
4 99 240 991.3744768597705 1.1737107280119268e-11 1
4 99 241 991.3744768597705 1.1783790531575438e-11 1
4 99 242 991.3744768597705 1.1830846622538701e-11 1
4 99 243 991.3744768597705 1.1877429858490644e-11 1
4 99 244 995.0386003949205 1.192133534995708e-11 1
4 99 245 995.0386003949205 1.1966698857924034e-11 1
4 99 246 995.0386003949205 1.2012408922430941e-11 1
4 99 247 995.0386003949205 1.2056398216611714e-11 1
4 99 248 998.2233538128905 1.2099344533223443e-11 1
4 99 249 998.2233538128905 1.2143253339642447e-11 1
4 99 250 998.2233538128905 1.2187200124566548e-11 1
4 99 251 998.2233538128905 1.2228727054027232e-11 1
4 99 252 1001.4580339886705 1.227053795059986e-11 1
4 99 253 1001.4580339886705 1.231160937175674e-11 1
4 99 254 1001.4580339886705 1.2349618425517456e-11 1
4 99 255 1001.4580339886705 1.238903568768941e-11 1
4 99 256 1006.4403337933605 1.2428705377995715e-11 1
4 99 257 1006.4403337933605 1.2466412284179437e-11 1
4 99 258 1006.4403337933605 1.2511720930225605e-11 1
4 99 259 1008.6531633832105 1.2579943977246493e-11 1
4 99 260 1008.6531633832105 1.2674091513262014e-11 1
4 99 261 1010.9093889691405 1.2800968276317561e-11 1
4 99 262 1012.2465471722705 1.2959819203079977e-11 1
4 99 263 1013.3654436566405 1.313854381766798e-11 1
4 99 264 1015.2629045941405 1.3350154962615249e-11 1
4 99 265 1018.1531633832105 1.3801751710109388e-11 1
4 99 266 1021.0929216839905 1.4730252917739603e-11 1
4 99 267 1023.1556047894605 1.6651739150870746e-11 1
4 99 268 1027.8850359418004 1.8566648818479336e-11 1
4 100 43 970.9567522503905 7.857712003832472e-12 1
4 100 44 971.1543230511705 7.853515768051484e-12 1
4 100 45 971.1543230511705 7.849263236050275e-12 1
4 100 46 971.1543230511705 7.845231294696759e-12 1
4 100 47 971.1543230511705 7.842150237955064e-12 1
4 100 48 973.5979876019605 7.83806013211454e-12 1
4 100 49 973.5979876019605 7.833592561489627e-12 1
4 100 50 973.5979876019605 7.829119410261385e-12 1
4 100 51 973.5979876019605 7.824548516437739e-12 1
4 100 52 973.4311785199205 7.819982956771935e-12 1
4 100 53 973.4311785199205 7.815938484341618e-12 1
4 100 54 973.4311785199205 7.812271326784075e-12 1
4 100 55 973.4311785199205 7.807672639929689e-12 1
4 100 56 972.1324724652405 7.803079363916406e-12 1
4 100 57 972.1324724652405 7.798531334281045e-12 1
4 100 58 972.1324724652405 7.794041959580112e-12 1
4 100 59 972.1324724652405 7.78955775069538e-12 1
4 100 60 969.8432878949205 7.78565219041466e-12 1
4 100 61 969.8432878949205 7.781381346074264e-12 1
4 100 62 969.8432878949205 7.777115184735526e-12 1
4 100 63 969.8432878949205 7.77312572903056e-12 1
4 100 64 968.7892107464905 7.769576515032688e-12 1
4 100 65 968.7892107464905 7.765684903963014e-12 1
4 100 66 968.7892107464905 7.761797189387552e-12 1
4 100 67 968.7892107464905 7.758096401650034e-12 1
4 100 68 968.7892107464905 7.754644306828024e-12 1
4 100 69 971.6587175824205 7.751195282774344e-12 1
4 100 70 971.6587175824205 7.74801982648528e-12 1
4 100 71 971.6587175824205 7.74516154752378e-12 1
4 100 72 971.6587175824205 7.742305376648262e-12 1
4 100 73 972.8177751996105 7.73951924877438e-12 1
4 100 74 972.8177751996105 7.737279798140365e-12 1
4 100 75 972.8177751996105 7.735126423527737e-12 1
4 100 76 972.8177751996105 7.732974247199837e-12 1
4 100 77 972.6449236371105 7.731157573090627e-12 1
4 100 78 972.6449236371105 7.729789770141208e-12 1
4 100 79 972.6449236371105 7.728422451091874e-12 1
4 100 80 972.6449236371105 7.727137615071656e-12 1
4 100 81 972.1233782269605 7.726644295782859e-12 1
4 100 82 972.1233782269605 7.726151039479452e-12 1
4 100 83 972.1233782269605 7.725635965093195e-12 1
4 100 84 972.1233782269605 7.725780487297888e-12 1
4 100 85 970.5717424847705 7.72622860808555e-12 1
4 100 86 970.5717424847705 7.726676780861199e-12 1
4 100 87 970.5717424847705 7.727507456068292e-12 1
4 100 88 970.5717424847705 7.728851208383916e-12 1
4 100 89 973.6828875043005 7.73019542811658e-12 1
4 100 90 973.6828875043005 7.73159405192377e-12 1
4 100 91 973.6828875043005 7.73384309598898e-12 1
4 100 92 973.6828875043005 7.736064244527979e-12 1
4 100 93 973.6828875043005 7.738286669254736e-12 1
4 100 94 975.3848528363305 7.741224779032626e-12 1
4 100 95 975.3848528363305 7.744236634630765e-12 1
4 100 96 975.3848528363305 7.747250834768699e-12 1
4 100 97 975.3848528363305 7.750710282534392e-12 1
4 100 98 974.5813860394605 7.754504234905162e-12 1
4 100 99 974.5813860394605 7.75818212904362e-12 1
4 100 100 974.5813860394605 7.761903782703584e-12 1
4 100 101 974.5813860394605 7.76601798473607e-12 1
4 100 102 970.6798967816405 7.770136550552402e-12 1
4 100 103 970.6798967816405 7.774622329651097e-12 1
4 100 104 970.6798967816405 7.77890693779863e-12 1
4 100 105 970.6798967816405 7.78301700601776e-12 1
4 100 106 973.3310198285205 7.787347945243867e-12 1
4 100 107 973.3310198285205 7.792783129865293e-12 1
4 100 108 973.3310198285205 7.796842449165983e-12 1
4 100 109 973.3310198285205 7.800263986368048e-12 1
4 100 110 975.7444109418005 7.80351904054504e-12 1
4 100 111 975.7444109418005 7.805140336329825e-12 1
4 100 112 975.7444109418005 7.806762305950636e-12 1
4 100 113 975.7444109418005 7.809713737027669e-12 1
4 100 114 979.1781877972705 7.809676459285796e-12 1
4 100 115 979.1781877972705 7.808280734503087e-12 1
4 100 116 979.1781877972705 7.807229562923899e-12 1
4 100 117 979.1781877972705 7.805558527330737e-12 1
4 100 118 979.1781877972705 7.801170785521149e-12 1
4 100 119 982.1064104535205 7.796973345682469e-12 1
4 100 120 982.1064104535205 7.79273343502157e-12 1
4 100 121 982.1064104535205 7.788045264570606e-12 1
4 100 122 982.1064104535205 7.783362731609409e-12 1
4 100 123 982.3415789105505 7.777970505242665e-12 1
4 100 124 982.3415789105505 7.772687768373249e-12 1
4 100 125 982.3415789105505 7.769540448287915e-12 1
4 100 126 982.3415789105505 7.766395675999338e-12 1
4 100 127 983.4013323285205 7.76301123829249e-12 1
4 100 128 983.4013323285205 7.760936525360114e-12 1
4 100 129 983.4013323285205 7.759605022199129e-12 1
4 100 130 983.4013323285205 7.75844344397736e-12 1
4 100 131 983.2411150433605 7.758917408132922e-12 1
4 100 132 983.2411150433605 7.759391430201065e-12 1
4 100 133 983.2411150433605 7.758792936003007e-12 1
4 100 134 983.2411150433605 7.760316696838443e-12 1
4 100 135 984.5436052777405 7.762846856110853e-12 1
4 100 136 984.5436052777405 7.765091132848707e-12 1
4 100 137 984.5436052777405 7.767045399876971e-12 1
4 100 138 984.5436052777405 7.771402161253414e-12 1
4 100 139 985.5553240277405 7.776160269936224e-12 1
4 100 140 985.5553240277405 7.78106695131252e-12 1
4 100 141 985.5553240277405 7.787698232957135e-12 1
4 100 142 985.5553240277405 7.794960745167952e-12 1
4 100 143 985.5553240277405 7.802236815509832e-12 1
4 100 144 986.8041643597705 7.81145711294458e-12 1
4 100 145 986.8041643597705 7.821308645639591e-12 1
4 100 146 986.8041643597705 7.831070056616783e-12 1
4 100 147 986.8041643597705 7.841689098612936e-12 1
4 100 148 987.4686541058605 7.854229727676765e-12 1
4 100 149 987.4686541058605 7.866810531576465e-12 1
4 100 150 987.4686541058605 7.879171908251823e-12 1
4 100 151 987.4686541058605 7.894057812112397e-12 1
4 100 152 988.5945696332105 7.909393208022828e-12 1
4 100 153 988.5945696332105 7.924788302538011e-12 1
4 100 154 988.5945696332105 7.9421689788075e-12 1
4 100 155 988.5945696332105 7.960235098887028e-12 1
4 100 156 992.3058123089905 7.978263500111429e-12 1
4 100 157 992.3058123089905 7.996696401899553e-12 1
4 100 158 992.3058123089905 8.017053249858168e-12 1
4 100 159 992.3058123089905 8.037785917048065e-12 1
4 100 160 994.1938127972705 8.058818429702198e-12 1
4 100 161 994.1938127972705 8.081827491434315e-12 1
4 100 162 994.1938127972705 8.104968317596794e-12 1
4 100 163 994.1938127972705 8.127682728374365e-12 1
4 100 164 994.9065203168005 8.151108588511708e-12 1
4 100 165 994.9065203168005 8.176300634296291e-12 1
4 100 166 994.9065203168005 8.201648881333366e-12 1
4 100 167 994.9065203168005 8.227056830611747e-12 1
4 100 168 994.9065203168005 8.25356197463308e-12 1
4 100 169 995.5570940472705 8.28072925311514e-12 1
4 100 170 995.5570940472705 8.308163346037682e-12 1
4 100 171 995.5570940472705 8.336628688313988e-12 1
4 100 172 995.5570940472705 8.36528975649975e-12 1
4 100 173 995.3263201214905 8.39339549025548e-12 1
4 100 174 995.3263201214905 8.422755503967558e-12 1
4 100 175 995.3263201214905 8.452899164200402e-12 1
4 100 176 995.3263201214905 8.483060789033267e-12 1
4 100 177 994.2934832074205 8.513301342972887e-12 1
4 100 178 994.2934832074205 8.54506870953084e-12 1
4 100 179 994.2934832074205 8.577143027310637e-12 1
4 100 180 994.2934832074205 8.609623442880811e-12 1
4 100 181 992.6966814496105 8.643949653970235e-12 1
4 100 182 992.6966814496105 8.678550675071721e-12 1
4 100 183 992.6966814496105 8.71348722773909e-12 1
4 100 184 992.6966814496105 8.750117900400364e-12 1
4 100 185 990.3481096722705 8.787487787063359e-12 1
4 100 186 990.3481096722705 8.825173471426801e-12 1
4 100 187 990.3481096722705 8.863876579371155e-12 1
4 100 188 990.3481096722705 8.903890228816208e-12 1
4 100 189 988.1061663128905 8.94426677876292e-12 1
4 100 190 988.1061663128905 8.984896970807619e-12 1
4 100 191 988.1061663128905 9.02705829355757e-12 1
4 100 192 988.1061663128905 9.06979719096813e-12 1
4 100 193 988.1061663128905 9.112942710910999e-12 1
4 100 194 989.5835222699205 9.156960941751793e-12 1
4 100 195 989.5835222699205 9.201924237358715e-12 1
4 100 196 989.5835222699205 9.247331277143468e-12 1
4 100 197 989.5835222699205 9.293258757721631e-12 1
4 100 198 988.8842424847705 9.340166393145767e-12 1
4 100 199 988.8842424847705 9.38774614772476e-12 1
4 100 200 988.8842424847705 9.43584738885805e-12 1
4 100 201 988.8842424847705 9.484778042620148e-12 1
4 100 202 987.7932390668005 9.534218812524779e-12 1
4 100 203 987.7932390668005 9.583730491606494e-12 1
4 100 204 987.7932390668005 9.633301682788697e-12 1
4 100 205 987.7932390668005 9.684309287644502e-12 1
4 100 206 993.1825823285205 9.735859930677143e-12 1
4 100 207 993.1825823285205 9.787901436641094e-12 1
4 100 208 993.1825823285205 9.84041977679303e-12 1
4 100 209 993.1825823285205 9.893504746121206e-12 1
4 100 210 995.4262957074205 9.94640628113432e-12 1
4 100 211 995.4262957074205 9.99992625814272e-12 1
4 100 212 995.4262957074205 1.0054635215126531e-11 1
4 100 213 995.4262957074205 1.0109946083538413e-11 1
4 100 214 998.5023455121105 1.0122226315224676e-11 1
4 100 215 998.5023455121105 1.0122226315224676e-11 1
4 100 216 998.5023455121105 1.031207171371261e-11 1
4 100 217 998.5023455121105 1.031207171371261e-11 1
4 100 218 998.5023455121105 1.031207171371261e-11 1
4 100 219 1000.6937517621105 1.0502547271559205e-11 1
4 100 220 1000.6937517621105 1.0502547271559205e-11 1
4 100 221 1000.6937517621105 1.0502547271559205e-11 1
4 100 222 1000.6937517621105 1.0698480017892103e-11 1
4 100 223 1005.8966936566405 1.0698480017892103e-11 1
4 100 224 1005.8966936566405 1.0698480017892103e-11 1
4 100 225 1005.8966936566405 1.089843581104603e-11 1
4 100 226 1005.8966936566405 1.089843581104603e-11 1
4 100 227 1007.0888323285205 1.089843581104603e-11 1
4 100 228 1007.0888323285205 1.089843581104603e-11 1
4 100 229 1007.0888323285205 1.1100477820555986e-11 1
4 100 230 1007.0888323285205 1.1100477820555986e-11 1
4 100 231 1007.7726702191405 1.1100477820555986e-11 1
4 100 232 1007.7726702191405 1.1302788875541688e-11 1
4 100 233 1007.7726702191405 1.1302788875541688e-11 1
4 100 234 1007.7726702191405 1.1302788875541688e-11 1
4 100 235 1008.7500872113305 1.1504497016179716e-11 1
4 100 236 1008.7500872113305 1.1504497016179716e-11 1
4 100 237 1008.7500872113305 1.1504497016179716e-11 1
4 100 238 1008.7500872113305 1.1504497016179716e-11 1
4 100 239 1009.6738543011705 1.1504497016179716e-11 1
4 100 240 1009.6738543011705 1.1504497016179716e-11 1
4 100 241 1009.6738543011705 1.1504497016179716e-11 1
4 100 242 1009.6738543011705 1.1504497016179716e-11 1
4 100 243 1009.6738543011705 1.1832924223316465e-11 1
4 100 244 1010.8124041058605 1.1832924223316465e-11 1
4 100 245 1010.8124041058605 1.2014890279977645e-11 1
4 100 246 1010.8124041058605 1.2014890279977645e-11 1
4 101 24 966.7472185589905 8.396055338460146e-12 1
4 101 25 968.0534929730505 8.366170373170636e-12 1
4 101 26 971.1062883832105 8.333350066139275e-12 1
4 101 27 974.7314104535205 8.254824535017892e-12 1
4 101 28 978.7500872113305 8.134554040427526e-12 1
4 101 29 980.3202776410205 8.035675563835927e-12 1
4 101 30 982.2004045941405 7.98353152272608e-12 1
4 101 31 983.8846086957105 7.947773391838911e-12 1
4 101 32 984.1341814496105 7.91914877442045e-12 1
4 101 33 984.5620378949205 7.897520697403273e-12 1
4 101 34 984.8992571332105 7.881850288223728e-12 1
4 101 35 985.7985491253905 7.871019250058793e-12 1
4 101 36 985.7985491253905 7.863707445962687e-12 1
4 101 37 985.7985491253905 7.857759095664801e-12 1
4 101 38 985.7985491253905 7.851674260660933e-12 1
4 101 39 986.1760515668005 7.845598842226727e-12 1
4 101 40 986.1760515668005 7.839534415006407e-12 1
4 101 41 986.1760515668005 7.83331765249635e-12 1
4 101 42 986.1760515668005 7.827110741977574e-12 1
4 101 43 986.1760515668005 7.820901747304624e-12 1
4 101 44 986.4168962933605 7.814551896145392e-12 1
4 101 45 986.4168962933605 7.808189078966994e-12 1
4 101 46 986.4168962933605 7.801836614910685e-12 1
4 101 47 986.4168962933605 7.795446345370152e-12 1
4 101 48 986.6451677777405 7.789034559649226e-12 1
4 101 49 986.6451677777405 7.782648053636674e-12 1
4 101 50 986.6451677777405 7.776265513942259e-12 1
4 101 51 986.6451677777405 7.76983083289063e-12 1
4 101 52 988.0998796918005 7.763406792135902e-12 1
4 101 53 988.0998796918005 7.756993365307855e-12 1
4 101 54 988.0998796918005 7.750623989523837e-12 1
4 101 55 988.0998796918005 7.744275582488396e-12 1
4 101 56 988.6598162152405 7.73794146216125e-12 1
4 101 57 988.6598162152405 7.731714226289226e-12 1
4 101 58 988.6598162152405 7.74030940686852e-12 1
4 101 59 988.6598162152405 7.74030940686852e-12 1
4 101 60 988.8135637738305 7.693197138763524e-12 1
4 101 61 988.8135637738305 7.693197138763524e-12 1
4 101 62 988.8135637738305 7.673712651451087e-12 1
4 101 63 988.8135637738305 7.673712651451087e-12 1
4 101 64 989.2110857464905 7.673712651451087e-12 1
4 101 65 989.2110857464905 7.655207295435164e-12 1
4 101 66 989.2110857464905 7.655207295435164e-12 1
4 101 67 989.2110857464905 7.655207295435164e-12 1
4 101 68 989.2110857464905 7.655207295435164e-12 1
4 101 69 990.4610247113305 7.637814500729372e-12 1
4 101 70 990.4610247113305 7.637814500729372e-12 1
4 101 71 990.4610247113305 7.637814500729372e-12 1
4 101 72 990.4610247113305 7.621586198434903e-12 1
4 101 73 990.7033342816405 7.621586198434903e-12 1
4 101 74 990.7033342816405 7.621586198434903e-12 1
4 101 75 990.7033342816405 7.606658147246865e-12 1
4 101 76 990.7033342816405 7.606658147246865e-12 1
4 101 77 991.0509294964905 7.606658147246865e-12 1
4 101 78 991.0509294964905 7.606658147246865e-12 1
4 101 79 991.0509294964905 7.606658147246865e-12 1
4 101 80 991.0509294964905 7.606658147246865e-12 1
4 101 81 991.5765642621105 7.606658147246865e-12 1
4 101 82 991.5765642621105 7.606658147246865e-12 1
4 101 83 991.5765642621105 7.571453163070964e-12 1
4 101 84 991.5765642621105 7.571453163070964e-12 1
4 101 85 992.1281389691405 7.562580596769593e-12 1
4 101 86 992.1281389691405 7.562580596769593e-12 1
4 102 24 967.6695208050805 8.78300276680096e-12 1
4 102 25 969.8135637738305 8.698866649278362e-12 1
4 102 26 972.2419695355505 8.682438385237923e-12 1
