4 98 267 968.799042797739 1.821252149981353e-11 1
4 98 268 988.518342114139 1.9768134176170344e-11 1
4 98 269 1010.805329418829 2.047880734507865e-11 1
4 98 270 1004.968354321169 2.1825366763030495e-11 1
4 99 206 947.540009594609 1.002614492363583e-11 1
4 99 207 947.540009594609 1.0075163399283268e-11 1
4 99 208 947.540009594609 1.0124510342471673e-11 1
4 99 209 947.540009594609 1.0174343055734247e-11 1
4 99 210 950.526215649299 1.0224287138427208e-11 1
4 99 211 950.526215649299 1.0274432785487394e-11 1
4 99 212 950.526215649299 1.0325072741757102e-11 1
4 99 213 950.526215649299 1.0375850493289626e-11 1
4 99 214 953.334015942269 1.0425852893744369e-11 1
4 99 215 953.334015942269 1.0476934911895205e-11 1
4 99 216 953.334015942269 1.0528519952736338e-11 1
4 99 217 953.334015942269 1.0580021090064078e-11 1
4 99 218 953.334015942269 1.0631223933085695e-11 1
4 99 219 955.332245922739 1.0682924786628875e-11 1
4 99 220 955.332245922739 1.0734212105240782e-11 1
4 99 221 955.332245922739 1.0785268376595297e-11 1
4 99 222 955.332245922739 1.083681265783846e-11 1
4 99 223 962.248261547739 1.088827335156151e-11 1
4 99 224 962.248261547739 1.093826835387048e-11 1
4 99 225 962.248261547739 1.0989522412830875e-11 1
4 99 226 962.248261547739 1.1041259061138315e-11 1
4 99 227 965.261567211799 1.1092044855809356e-11 1
4 99 228 965.261567211799 1.1142343795810394e-11 1
4 99 229 965.261567211799 1.1193556583963283e-11 1
4 99 230 965.261567211799 1.1245046640579516e-11 1
4 99 231 969.591523266489 1.1295107245761474e-11 1
4 99 232 969.591523266489 1.1345615562835748e-11 1
4 99 233 969.591523266489 1.1395797975972416e-11 1
4 99 234 969.591523266489 1.1443844869039319e-11 1
4 99 235 974.469758129769 1.1493363649332787e-11 1
4 99 236 974.469758129769 1.1543312838512688e-11 1
4 99 237 974.469758129769 1.1592621696551838e-11 1
4 99 238 974.469758129769 1.1640898496232105e-11 1
4 99 239 984.150239086799 1.1689579069259135e-11 1
4 99 240 984.150239086799 1.1737107280119268e-11 1
4 99 241 984.150239086799 1.1783790531575438e-11 1
4 99 242 984.150239086799 1.1830846622538701e-11 1
4 99 243 984.150239086799 1.1877429858490644e-11 1
4 99 244 987.814362621949 1.192133534995708e-11 1
4 99 245 987.814362621949 1.1966698857924034e-11 1
4 99 246 987.814362621949 1.2012408922430941e-11 1
4 99 247 987.814362621949 1.2056398216611714e-11 1
4 99 248 990.999116039919 1.2099344533223443e-11 1
4 99 249 990.999116039919 1.2143253339642447e-11 1
4 99 250 990.999116039919 1.2187200124566548e-11 1
4 99 251 990.999116039919 1.2228727054027232e-11 1
4 99 252 994.233796215699 1.227053795059986e-11 1
4 99 253 994.233796215699 1.231160937175674e-11 1
4 99 254 994.233796215699 1.2349618425517456e-11 1
4 99 255 994.233796215699 1.238903568768941e-11 1
4 99 256 999.216096020389 1.2428705377995715e-11 1
4 99 257 999.216096020389 1.2466412284179437e-11 1
4 99 258 999.216096020389 1.2511720930225605e-11 1
4 99 259 1001.428925610239 1.2579943977246493e-11 1
4 99 260 1001.428925610239 1.2674091513262014e-11 1
4 99 261 1003.685151196169 1.2800968276317561e-11 1
4 99 262 1005.022309399299 1.2959819203079977e-11 1
4 99 263 1006.141205883669 1.313854381766798e-11 1
4 99 264 1008.038666821169 1.3350154962615249e-11 1
4 99 265 1010.928925610239 1.3801751710109388e-11 1
4 99 266 1013.868683911019 1.4730252917739603e-11 1
4 99 267 1015.931367016489 1.6651739150870746e-11 1
4 99 268 1020.660798168829 1.8566648818479336e-11 1
4 100 43 963.732514477419 7.857712003832472e-12 1
4 100 44 963.930085278199 7.853515768051484e-12 1
4 100 45 963.930085278199 7.849263236050275e-12 1
4 100 46 963.930085278199 7.845231294696759e-12 1
4 100 47 963.930085278199 7.842150237955064e-12 1
4 100 48 966.373749828989 7.83806013211454e-12 1
4 100 49 966.373749828989 7.833592561489627e-12 1
4 100 50 966.373749828989 7.829119410261385e-12 1
4 100 51 966.373749828989 7.824548516437739e-12 1
4 100 52 966.206940746949 7.819982956771935e-12 1
4 100 53 966.206940746949 7.815938484341618e-12 1
4 100 54 966.206940746949 7.812271326784075e-12 1
4 100 55 966.206940746949 7.807672639929689e-12 1
4 100 56 964.908234692269 7.803079363916406e-12 1
4 100 57 964.908234692269 7.798531334281045e-12 1
4 100 58 964.908234692269 7.794041959580112e-12 1
4 100 59 964.908234692269 7.78955775069538e-12 1
4 100 60 962.619050121949 7.78565219041466e-12 1
4 100 61 962.619050121949 7.781381346074264e-12 1
4 100 62 962.619050121949 7.777115184735526e-12 1
4 100 63 962.619050121949 7.77312572903056e-12 1
4 100 64 961.564972973519 7.769576515032688e-12 1
4 100 65 961.564972973519 7.765684903963014e-12 1
4 100 66 961.564972973519 7.761797189387552e-12 1
4 100 67 961.564972973519 7.758096401650034e-12 1
4 100 68 961.564972973519 7.754644306828024e-12 1
4 100 69 964.434479809449 7.751195282774344e-12 1
4 100 70 964.434479809449 7.74801982648528e-12 1
4 100 71 964.434479809449 7.74516154752378e-12 1
4 100 72 964.434479809449 7.742305376648262e-12 1
4 100 73 965.593537426639 7.73951924877438e-12 1
4 100 74 965.593537426639 7.737279798140365e-12 1
4 100 75 965.593537426639 7.735126423527737e-12 1
4 100 76 965.593537426639 7.732974247199837e-12 1
4 100 77 965.420685864139 7.731157573090627e-12 1
4 100 78 965.420685864139 7.729789770141208e-12 1
4 100 79 965.420685864139 7.728422451091874e-12 1
4 100 80 965.420685864139 7.727137615071656e-12 1
4 100 81 964.899140453989 7.726644295782859e-12 1
4 100 82 964.899140453989 7.726151039479452e-12 1
4 100 83 964.899140453989 7.725635965093195e-12 1
4 100 84 964.899140453989 7.725780487297888e-12 1
4 100 85 963.347504711799 7.72622860808555e-12 1
4 100 86 963.347504711799 7.726676780861199e-12 1
4 100 87 963.347504711799 7.727507456068292e-12 1
4 100 88 963.347504711799 7.728851208383916e-12 1
4 100 89 966.458649731329 7.73019542811658e-12 1
4 100 90 966.458649731329 7.73159405192377e-12 1
4 100 91 966.458649731329 7.73384309598898e-12 1
4 100 92 966.458649731329 7.736064244527979e-12 1
4 100 93 966.458649731329 7.738286669254736e-12 1
4 100 94 968.160615063359 7.741224779032626e-12 1
4 100 95 968.160615063359 7.744236634630765e-12 1
4 100 96 968.160615063359 7.747250834768699e-12 1
4 100 97 968.160615063359 7.750710282534392e-12 1
4 100 98 967.357148266489 7.754504234905162e-12 1
4 100 99 967.357148266489 7.75818212904362e-12 1
4 100 100 967.357148266489 7.761903782703584e-12 1
4 100 101 967.357148266489 7.76601798473607e-12 1
4 100 102 963.455659008669 7.770136550552402e-12 1
4 100 103 963.455659008669 7.774622329651097e-12 1
4 100 104 963.455659008669 7.77890693779863e-12 1
4 100 105 963.455659008669 7.78301700601776e-12 1
4 100 106 966.106782055549 7.787347945243867e-12 1
4 100 107 966.106782055549 7.792783129865293e-12 1
4 100 108 966.106782055549 7.796842449165983e-12 1
4 100 109 966.106782055549 7.800263986368048e-12 1
4 100 110 968.520173168829 7.80351904054504e-12 1
4 100 111 968.520173168829 7.805140336329825e-12 1
4 100 112 968.520173168829 7.806762305950636e-12 1
4 100 113 968.520173168829 7.809713737027669e-12 1
4 100 114 971.953950024299 7.809676459285796e-12 1
4 100 115 971.953950024299 7.808280734503087e-12 1
4 100 116 971.953950024299 7.807229562923899e-12 1
4 100 117 971.953950024299 7.805558527330737e-12 1
4 100 118 971.953950024299 7.801170785521149e-12 1
4 100 119 974.882172680549 7.796973345682469e-12 1
4 100 120 974.882172680549 7.79273343502157e-12 1
4 100 121 974.882172680549 7.788045264570606e-12 1
4 100 122 974.882172680549 7.783362731609409e-12 1
4 100 123 975.117341137579 7.777970505242665e-12 1
4 100 124 975.117341137579 7.772687768373249e-12 1
4 100 125 975.117341137579 7.769540448287915e-12 1
4 100 126 975.117341137579 7.766395675999338e-12 1
4 100 127 976.177094555549 7.76301123829249e-12 1
4 100 128 976.177094555549 7.760936525360114e-12 1
4 100 129 976.177094555549 7.759605022199129e-12 1
4 100 130 976.177094555549 7.75844344397736e-12 1
4 100 131 976.016877270389 7.758917408132922e-12 1
4 100 132 976.016877270389 7.759391430201065e-12 1
4 100 133 976.016877270389 7.758792936003007e-12 1
4 100 134 976.016877270389 7.760316696838443e-12 1
4 100 135 977.319367504769 7.762846856110853e-12 1
4 100 136 977.319367504769 7.765091132848707e-12 1
4 100 137 977.319367504769 7.767045399876971e-12 1
4 100 138 977.319367504769 7.771402161253414e-12 1
4 100 139 978.331086254769 7.776160269936224e-12 1
4 100 140 978.331086254769 7.78106695131252e-12 1
4 100 141 978.331086254769 7.787698232957135e-12 1
4 100 142 978.331086254769 7.794960745167952e-12 1
4 100 143 978.331086254769 7.802236815509832e-12 1
4 100 144 979.579926586799 7.81145711294458e-12 1
4 100 145 979.579926586799 7.821308645639591e-12 1
4 100 146 979.579926586799 7.831070056616783e-12 1
4 100 147 979.579926586799 7.841689098612936e-12 1
4 100 148 980.244416332889 7.854229727676765e-12 1
4 100 149 980.244416332889 7.866810531576465e-12 1
4 100 150 980.244416332889 7.879171908251823e-12 1
4 100 151 980.244416332889 7.894057812112397e-12 1
4 100 152 981.370331860239 7.909393208022828e-12 1
4 100 153 981.370331860239 7.924788302538011e-12 1
4 100 154 981.370331860239 7.9421689788075e-12 1
4 100 155 981.370331860239 7.960235098887028e-12 1
4 100 156 985.081574536019 7.978263500111429e-12 1
4 100 157 985.081574536019 7.996696401899553e-12 1
4 100 158 985.081574536019 8.017053249858168e-12 1
4 100 159 985.081574536019 8.037785917048065e-12 1
4 100 160 986.969575024299 8.058818429702198e-12 1
4 100 161 986.969575024299 8.081827491434315e-12 1
4 100 162 986.969575024299 8.104968317596794e-12 1
4 100 163 986.969575024299 8.127682728374365e-12 1
4 100 164 987.682282543829 8.151108588511708e-12 1
4 100 165 987.682282543829 8.176300634296291e-12 1
4 100 166 987.682282543829 8.201648881333366e-12 1
4 100 167 987.682282543829 8.227056830611747e-12 1
4 100 168 987.682282543829 8.25356197463308e-12 1
4 100 169 988.332856274299 8.28072925311514e-12 1
4 100 170 988.332856274299 8.308163346037682e-12 1
4 100 171 988.332856274299 8.336628688313988e-12 1
4 100 172 988.332856274299 8.36528975649975e-12 1
4 100 173 988.102082348519 8.39339549025548e-12 1
4 100 174 988.102082348519 8.422755503967558e-12 1
4 100 175 988.102082348519 8.452899164200402e-12 1
4 100 176 988.102082348519 8.483060789033267e-12 1
4 100 177 987.069245434449 8.513301342972887e-12 1
4 100 178 987.069245434449 8.54506870953084e-12 1
4 100 179 987.069245434449 8.577143027310637e-12 1
4 100 180 987.069245434449 8.609623442880811e-12 1
4 100 181 985.472443676639 8.643949653970235e-12 1
4 100 182 985.472443676639 8.678550675071721e-12 1
4 100 183 985.472443676639 8.71348722773909e-12 1
4 100 184 985.472443676639 8.750117900400364e-12 1
4 100 185 983.123871899299 8.787487787063359e-12 1
4 100 186 983.123871899299 8.825173471426801e-12 1
4 100 187 983.123871899299 8.863876579371155e-12 1
4 100 188 983.123871899299 8.903890228816208e-12 1
4 100 189 980.881928539919 8.94426677876292e-12 1
4 100 190 980.881928539919 8.984896970807619e-12 1
4 100 191 980.881928539919 9.02705829355757e-12 1
4 100 192 980.881928539919 9.06979719096813e-12 1
4 100 193 980.881928539919 9.112942710910999e-12 1
4 100 194 982.359284496949 9.156960941751793e-12 1
4 100 195 982.359284496949 9.201924237358715e-12 1
4 100 196 982.359284496949 9.247331277143468e-12 1
4 100 197 982.359284496949 9.293258757721631e-12 1
4 100 198 981.660004711799 9.340166393145767e-12 1
4 100 199 981.660004711799 9.38774614772476e-12 1
4 100 200 981.660004711799 9.43584738885805e-12 1
4 100 201 981.660004711799 9.484778042620148e-12 1
4 100 202 980.569001293829 9.534218812524779e-12 1
4 100 203 980.569001293829 9.583730491606494e-12 1
4 100 204 980.569001293829 9.633301682788697e-12 1
4 100 205 980.569001293829 9.684309287644502e-12 1
4 100 206 985.958344555549 9.735859930677143e-12 1
4 100 207 985.958344555549 9.787901436641094e-12 1
4 100 208 985.958344555549 9.84041977679303e-12 1
4 100 209 985.958344555549 9.893504746121206e-12 1
4 100 210 988.202057934449 9.94640628113432e-12 1
4 100 211 988.202057934449 9.99992625814272e-12 1
4 100 212 988.202057934449 1.0054635215126531e-11 1
4 100 213 988.202057934449 1.0109946083538413e-11 1
4 100 214 991.278107739139 1.0122226315224676e-11 1
4 100 215 991.278107739139 1.0122226315224676e-11 1
4 100 216 991.278107739139 1.031207171371261e-11 1
4 100 217 991.278107739139 1.031207171371261e-11 1
4 100 218 991.278107739139 1.031207171371261e-11 1
4 100 219 993.469513989139 1.0502547271559205e-11 1
4 100 220 993.469513989139 1.0502547271559205e-11 1
4 100 221 993.469513989139 1.0502547271559205e-11 1
4 100 222 993.469513989139 1.0698480017892103e-11 1
4 100 223 998.672455883669 1.0698480017892103e-11 1
4 100 224 998.672455883669 1.0698480017892103e-11 1
4 100 225 998.672455883669 1.089843581104603e-11 1
4 100 226 998.672455883669 1.089843581104603e-11 1
4 100 227 999.864594555549 1.089843581104603e-11 1
4 100 228 999.864594555549 1.089843581104603e-11 1
4 100 229 999.864594555549 1.1100477820555986e-11 1
4 100 230 999.864594555549 1.1100477820555986e-11 1
4 100 231 1000.548432446169 1.1100477820555986e-11 1
4 100 232 1000.548432446169 1.1302788875541688e-11 1
4 100 233 1000.548432446169 1.1302788875541688e-11 1
4 100 234 1000.548432446169 1.1302788875541688e-11 1
4 100 235 1001.525849438359 1.1504497016179716e-11 1
4 100 236 1001.525849438359 1.1504497016179716e-11 1
4 100 237 1001.525849438359 1.1504497016179716e-11 1
4 100 238 1001.525849438359 1.1504497016179716e-11 1
4 100 239 1002.449616528199 1.1504497016179716e-11 1
4 100 240 1002.449616528199 1.1504497016179716e-11 1
4 100 241 1002.449616528199 1.1504497016179716e-11 1
4 100 242 1002.449616528199 1.1504497016179716e-11 1
4 100 243 1002.449616528199 1.1832924223316465e-11 1
4 100 244 1003.588166332889 1.1832924223316465e-11 1
4 100 245 1003.588166332889 1.2014890279977645e-11 1
4 100 246 1003.588166332889 1.2014890279977645e-11 1
4 101 24 959.522980786019 8.396055338460146e-12 1
4 101 25 960.829255200079 8.366170373170636e-12 1
4 101 26 963.882050610239 8.333350066139275e-12 1
4 101 27 967.507172680549 8.254824535017892e-12 1
4 101 28 971.525849438359 8.134554040427526e-12 1
4 101 29 973.096039868049 8.035675563835927e-12 1
4 101 30 974.976166821169 7.98353152272608e-12 1
4 101 31 976.660370922739 7.947773391838911e-12 1
4 101 32 976.909943676639 7.91914877442045e-12 1
4 101 33 977.337800121949 7.897520697403273e-12 1
4 101 34 977.675019360239 7.881850288223728e-12 1
4 101 35 978.574311352419 7.871019250058793e-12 1
4 101 36 978.574311352419 7.863707445962687e-12 1
4 101 37 978.574311352419 7.857759095664801e-12 1
4 101 38 978.574311352419 7.851674260660933e-12 1
4 101 39 978.951813793829 7.845598842226727e-12 1
4 101 40 978.951813793829 7.839534415006407e-12 1
4 101 41 978.951813793829 7.83331765249635e-12 1
4 101 42 978.951813793829 7.827110741977574e-12 1
4 101 43 978.951813793829 7.820901747304624e-12 1
4 101 44 979.192658520389 7.814551896145392e-12 1
4 101 45 979.192658520389 7.808189078966994e-12 1
4 101 46 979.192658520389 7.801836614910685e-12 1
4 101 47 979.192658520389 7.795446345370152e-12 1
4 101 48 979.420930004769 7.789034559649226e-12 1
4 101 49 979.420930004769 7.782648053636674e-12 1
4 101 50 979.420930004769 7.776265513942259e-12 1
4 101 51 979.420930004769 7.76983083289063e-12 1
4 101 52 980.875641918829 7.763406792135902e-12 1
4 101 53 980.875641918829 7.756993365307855e-12 1
4 101 54 980.875641918829 7.750623989523837e-12 1
4 101 55 980.875641918829 7.744275582488396e-12 1
4 101 56 981.435578442269 7.73794146216125e-12 1
4 101 57 981.435578442269 7.731714226289226e-12 1
4 101 58 981.435578442269 7.74030940686852e-12 1
4 101 59 981.435578442269 7.74030940686852e-12 1
4 101 60 981.589326000859 7.693197138763524e-12 1
4 101 61 981.589326000859 7.693197138763524e-12 1
4 101 62 981.589326000859 7.673712651451087e-12 1
4 101 63 981.589326000859 7.673712651451087e-12 1
4 101 64 981.986847973519 7.673712651451087e-12 1
4 101 65 981.986847973519 7.655207295435164e-12 1
4 101 66 981.986847973519 7.655207295435164e-12 1
4 101 67 981.986847973519 7.655207295435164e-12 1
4 101 68 981.986847973519 7.655207295435164e-12 1
4 101 69 983.236786938359 7.637814500729372e-12 1
4 101 70 983.236786938359 7.637814500729372e-12 1
4 101 71 983.236786938359 7.637814500729372e-12 1
4 101 72 983.236786938359 7.621586198434903e-12 1
4 101 73 983.479096508669 7.621586198434903e-12 1
4 101 74 983.479096508669 7.621586198434903e-12 1
4 101 75 983.479096508669 7.606658147246865e-12 1
4 101 76 983.479096508669 7.606658147246865e-12 1
4 101 77 983.826691723519 7.606658147246865e-12 1
4 101 78 983.826691723519 7.606658147246865e-12 1
4 101 79 983.826691723519 7.606658147246865e-12 1
4 101 80 983.826691723519 7.606658147246865e-12 1
4 101 81 984.352326489139 7.606658147246865e-12 1
4 101 82 984.352326489139 7.606658147246865e-12 1
4 101 83 984.352326489139 7.571453163070964e-12 1
4 101 84 984.352326489139 7.571453163070964e-12 1
4 101 85 984.903901196169 7.562580596769593e-12 1
4 101 86 984.903901196169 7.562580596769593e-12 1
4 102 24 960.445283032109 8.78300276680096e-12 1
4 102 25 962.589326000859 8.698866649278362e-12 1
4 102 26 965.017731762579 8.682438385237923e-12 1
