1 19 27 997.3094293563316 8.025265765914338e-09 1
1 20 17 920.5426446883716 9.000000000000001e-07 1
1 20 18 928.4209405868016 1.6143736820163768e-07 1
1 20 19 935.8500177352416 5.339263459249444e-08 1
1 20 20 947.1466485946216 2.340047091986865e-08 1
1 20 21 951.7314874618016 1.6476161909824505e-08 1
1 20 22 971.3538019149316 1.093139158965714e-08 1
1 20 23 1000.3260309188316 7.837335980624142e-09 1
1 20 24 1012.2334405868016 7.080239920902328e-09 1
1 20 25 1016.2322198836816 6.904690488359578e-09 1
1 20 26 1021.7813531844616 7.171014814144638e-09 1
1 20 27 1031.9256402938317 7.156911756854627e-09 1
1 21 11 965.9700738875816 1.0642035279192093e-08 1
1 21 12 972.1081354110216 1.036982568711014e-08 1
1 21 13 978.9504816024316 1.1379525096831459e-08 1
1 21 14 983.6180841414916 1.2278974953409665e-08 1
1 21 15 986.8868829696216 1.2434236988851996e-08 1
1 21 16 991.4500543563316 1.2506955093842877e-08 1
1 21 17 994.8799249618016 1.2997363612564518e-08 1
1 21 18 997.9719659774316 1.326379531499846e-08 1
