6 55 104 992.6971728011409 1.5948830593746977e-11 1
6 55 105 1013.2989184066109 1.5515957230795964e-11 1
6 55 106 1036.792204539421 1.5391139532506605e-11 1
6 55 107 1029.7489306136408 1.537143009935029e-11 1
6 56 79 972.3205858870809 1.9224198535674538e-11 1
6 56 80 972.3205858870809 1.9136398023699248e-11 1
6 56 81 975.3067919417709 1.9050903394055262e-11 1
6 56 82 978.1145922347409 1.8967817993001293e-11 1
6 56 83 980.1128222152109 1.888767451398516e-11 1
6 56 84 987.0288378402109 1.8810338331618962e-11 1
6 56 85 987.0288378402109 1.873598161632089e-11 1
6 56 86 990.0421435042709 1.8664827624221123e-11 1
6 56 87 994.3720995589609 1.8596995626555464e-11 1
6 56 88 999.2503344222409 1.8532434661406764e-11 1
6 56 89 1008.9308153792709 1.8471394744736877e-11 1
6 56 90 1008.9308153792709 1.8413750150456002e-11 1
6 56 91 1012.5949389144209 1.835953363943053e-11 1
6 56 92 1015.7796923323909 1.8308789383961913e-11 1
6 56 93 1019.0143725081709 1.826142405662627e-11 1
6 56 94 1023.9966723128609 1.8217226313569886e-11 1
6 56 95 1023.9966723128609 1.8175988725707517e-11 1
6 56 96 1026.209501902711 1.8137613248881056e-11 1
6 56 97 1028.4657274886408 1.8101826364244083e-11 1
6 56 98 1028.841032664421 1.8060144434593378e-11 1
6 56 99 1029.8028856917708 1.80027735851613e-11 1
6 56 100 1031.313200633171 1.79200698744298e-11 1
6 56 101 1032.8192431136408 1.7770977948788172e-11 1
6 56 102 1035.709501902711 1.741711457506789e-11 1
6 56 103 1038.649260203491 1.6764812720956176e-11 1
6 56 104 1041.0492235823908 1.6047177762356847e-11 1
6 56 105 1045.441374461301 1.5558752118567038e-11 1
6 57 32 988.7106615706709 2.1578257337981045e-11 1
6 57 33 990.9875170394209 2.150449745694189e-11 1
6 57 34 989.6888109847409 2.145783283946e-11 1
6 57 35 989.6888109847409 2.142228225029523e-11 1
6 57 36 987.3996264144209 2.1388170124577808e-11 1
6 57 37 986.3455492659909 2.1355348534898063e-11 1
6 57 38 989.2150561019209 2.132438497095449e-11 1
6 57 39 990.3741137191109 2.1294870730530583e-11 1
6 57 40 990.3741137191109 2.1266808368320424e-11 1
6 57 41 990.2012621566109 2.124070358892106e-11 1
6 57 42 989.6797167464609 2.121614644603715e-11 1
6 57 43 988.1280810042709 2.119319629358966e-11 1
6 57 44 991.2392260238009 2.117209075845474e-11 1
6 57 45 991.2392260238009 2.11524383402279e-11 1
6 57 46 992.9411913558309 2.113421584946514e-11 1
6 57 47 992.1377245589609 2.111712353222825e-11 1
6 57 48 988.2362353011409 2.110081554842719e-11 1
6 57 49 990.8873583480209 2.108505049487258e-11 1
6 57 50 990.8873583480209 2.1069430000893793e-11 1
6 57 51 993.3007494613009 2.105305373956626e-11 1
6 57 52 996.7345263167709 2.1035800696031858e-11 1
6 57 53 999.6627489730209 2.101711131375225e-11 1
6 57 54 999.8979174300509 2.0995105759224197e-11 1
6 57 55 999.8979174300509 2.096823567679889e-11 1
6 57 56 1000.9576708480209 2.093526639953873e-11 1
6 57 57 1000.7974535628609 2.0896368757282708e-11 1
6 57 58 1002.0999437972409 2.0851611266942135e-11 1
6 57 59 1003.1116625472409 2.080138544706949e-11 1
6 57 60 1003.1116625472409 2.0745978711045157e-11 1
6 57 61 1004.3605028792709 2.068585599964501e-11 1
6 57 62 1005.0249926253609 2.0621287280447957e-11 1
6 57 63 1006.1509081527109 2.0552445141949216e-11 1
6 57 64 1009.8621508284909 2.0480248789995575e-11 1
6 57 65 1009.8621508284909 2.0404524010683544e-11 1
6 57 66 1011.7501513167709 2.032630593691193e-11 1
6 57 67 1012.4628588363009 2.02452669273457e-11 1
6 57 68 1013.1134325667709 2.016239662265706e-11 1
6 57 69 1012.8826586409909 2.0078130565728625e-11 1
6 57 70 1012.8826586409909 1.999227832496595e-11 1
6 57 71 1011.8498217269209 1.9905319391323423e-11 1
6 57 72 1010.2530199691109 1.9818284302608948e-11 1
6 57 73 1007.9044481917709 1.9730884895454555e-11 1
6 57 74 1005.6625048323909 1.964354158648789e-11 1
6 57 75 1005.6625048323909 1.9556342392062637e-11 1
6 57 76 1007.1398607894209 1.9470186750969176e-11 1
6 57 77 1006.4405810042709 1.938502667521068e-11 1
6 57 78 1005.3495775863009 1.9301436631039005e-11 1
6 57 79 1010.7389208480209 1.921887970069212e-11 1
6 57 80 1010.7389208480209 1.9138538028456012e-11 1
6 57 81 1012.9826342269209 1.9059647352308046e-11 1
6 57 82 1016.0586840316109 1.8963906768507707e-11 1
6 57 83 1018.2500902816109 1.888957456087118e-11 1
6 57 84 1023.4530321761409 1.8817859623521877e-11 1
6 57 85 1023.4530321761409 1.874880023527558e-11 1
6 57 86 1024.6451708480208 1.8682509093811647e-11 1
6 57 87 1025.3290087386408 1.861911277382051e-11 1
6 57 88 1026.306425730831 1.8558730611823738e-11 1
6 57 89 1027.230192820671 1.8558730611823738e-11 1
6 57 90 1027.230192820671 1.8437172779287678e-11 1
6 57 91 1028.368742625361 1.8385227406938076e-11 1
6 58 24 984.3035570784909 2.386018331587628e-11 1
6 58 25 985.6098314925509 2.3564554038835564e-11 1
6 58 26 988.6626269027109 2.320291744451702e-11 1
6 58 27 992.2877489730209 2.279514694740835e-11 1
6 58 28 996.3064257308309 2.2368287455648365e-11 1
6 58 29 998.1459643050509 2.196721571016403e-11 1
6 58 30 1001.4409472152109 2.1673768315776346e-11 1
6 58 31 1003.3548876448909 2.14994500310011e-11 1
6 58 32 1003.9732348128609 2.1394503475326868e-11 1
6 58 33 1005.6562182113009 2.132976523913669e-11 1
6 58 34 1006.2161547347409 2.128899671677164e-11 1
6 58 35 1006.2161547347409 2.1266301563139222e-11 1
6 58 36 1006.3699022933309 2.1236270030112594e-11 1
6 58 37 1006.7674242659909 2.1207558428706692e-11 1
6 58 38 1008.0173632308309 2.1180046880761307e-11 1
6 58 39 1008.2596728011409 2.1153726352715395e-11 1
6 58 40 1008.2596728011409 2.1128697223795288e-11 1
6 58 41 1008.6072680159909 2.1128697223795288e-11 1
6 58 42 1009.1329027816109 2.109971851373463e-11 1
6 58 43 1009.6844774886409 2.107781288102103e-11 1
6 59 24 985.2258593245809 2.3491138131591726e-11 1
6 59 25 987.3699022933309 2.324284008382704e-11 1
6 59 26 989.7983080550509 2.294209550361443e-11 1
