6 98 267 974.8912775008716 1.5996094636741515e-11 1
6 98 268 994.6105768172716 1.5538083346748116e-11 1
6 98 269 1016.8975641219616 1.5395303726389805e-11 1
6 98 270 1011.0605890243016 1.5375778331896145e-11 1
6 99 206 953.6322442977416 1.9221076948181546e-11 1
6 99 207 953.6322442977416 1.91944415525882e-11 1
6 99 208 953.6322442977416 1.916822667302816e-11 1
6 99 209 953.6322442977416 1.914208330194264e-11 1
6 99 210 956.6184503524316 1.9115912623885506e-11 1
6 99 211 956.6184503524316 1.9090377102869932e-11 1
6 99 212 956.6184503524316 1.906490971283678e-11 1
6 99 213 956.6184503524316 1.9039428783364787e-11 1
6 99 214 959.4262506454016 1.9014349814195503e-11 1
6 99 215 959.4262506454016 1.898962450433085e-11 1
6 99 216 959.4262506454016 1.8964963414071836e-11 1
6 99 217 959.4262506454016 1.8940631498180368e-11 1
6 99 218 959.4262506454016 1.8916716582945202e-11 1
6 99 219 961.4244806258716 1.889286198269551e-11 1
6 99 220 961.4244806258716 1.886901311541745e-11 1
6 99 221 961.4244806258716 1.884596955671507e-11 1
6 99 222 961.4244806258716 1.882298221270722e-11 1
6 99 223 968.3404962508716 1.8799984471691133e-11 1
6 99 224 968.3404962508716 1.877754293381004e-11 1
6 99 225 968.3404962508716 1.875546119384302e-11 1
6 99 226 968.3404962508716 1.8733431327596716e-11 1
6 99 227 971.3538019149316 1.8711733897404322e-11 1
6 99 228 971.3538019149316 1.8690533627117798e-11 1
6 99 229 971.3538019149316 1.8669413775673154e-11 1
6 99 230 971.3538019149316 1.864841992884103e-11 1
6 99 231 975.6837579696216 1.8628227422944803e-11 1
6 99 232 975.6837579696216 1.8608078598633966e-11 1
6 99 233 975.6837579696216 1.858793452270656e-11 1
6 99 234 975.6837579696216 1.856846562007394e-11 1
6 99 235 980.5619928329016 1.8549324641776987e-11 1
6 99 236 980.5619928329016 1.85302230851289e-11 1
6 99 237 980.5619928329016 1.8511544833949592e-11 1
6 99 238 980.5619928329016 1.8493418001983325e-11 1
6 99 239 990.2424737899316 1.8475326635517265e-11 1
6 99 240 990.2424737899316 1.8457318799610094e-11 1
6 99 241 990.2424737899316 1.8440214742485984e-11 1
6 99 242 990.2424737899316 1.8423142356042188e-11 1
6 99 243 990.2424737899316 1.840607671239473e-11 1
6 99 244 993.9065973250816 1.8389733598378683e-11 1
6 99 245 993.9065973250816 1.8373692509678242e-11 1
6 99 246 993.9065973250816 1.8357679381390342e-11 1
6 99 247 993.9065973250816 1.8342081674507093e-11 1
6 99 248 997.0913507430516 1.832704815890397e-11 1
6 99 249 997.0913507430516 1.8312047907710928e-11 1
6 99 250 997.0913507430516 1.8297159252942256e-11 1
6 99 251 997.0913507430516 1.82831335807777e-11 1
6 99 252 1000.3260309188316 1.8269129394877465e-11 1
6 99 253 1000.3260309188316 1.8255134428783752e-11 1
6 99 254 1000.3260309188316 1.824183223572155e-11 1
6 99 255 1000.3260309188316 1.822876429035316e-11 1
6 99 256 1005.3083307235216 1.821571505461281e-11 1
6 99 257 1005.3083307235216 1.8203045433467607e-11 1
6 99 258 1005.3083307235216 1.818779018789482e-11 1
6 99 259 1007.5211603133716 1.8165115987689383e-11 1
6 99 260 1007.5211603133716 1.8133234323417424e-11 1
6 99 261 1009.7773858993016 1.8088751521226575e-11 1
6 99 262 1011.1145441024316 1.8028056035182363e-11 1
6 99 263 1012.2334405868016 1.794411094915903e-11 1
6 99 264 1014.1309015243016 1.780127105231944e-11 1
6 99 265 1017.0211603133716 1.746391031278558e-11 1
6 99 266 1019.9609186141516 1.6884189904884824e-11 1
6 99 267 1022.0236017196216 1.612630169885234e-11 1
6 99 268 1026.7530328719618 1.560342315333144e-11 1
6 100 43 969.8247491805516 2.1608536463087907e-11 1
6 100 44 970.0223199813316 2.1596210103325865e-11 1
6 100 45 970.0223199813316 2.1583972857722816e-11 1
6 100 46 970.0223199813316 2.1571726321231734e-11 1
6 100 47 970.0223199813316 2.1559527578701246e-11 1
6 100 48 972.4659845321216 2.154766204570341e-11 1
6 100 49 972.4659845321216 2.153586401138424e-11 1
6 100 50 972.4659845321216 2.152411154843404e-11 1
6 100 51 972.4659845321216 2.151268671239652e-11 1
6 100 52 972.2991754500816 2.1501273998358317e-11 1
6 100 53 972.2991754500816 2.148980354951421e-11 1
6 100 54 972.2991754500816 2.1478542693002015e-11 1
6 100 55 972.2991754500816 2.146754589471709e-11 1
6 100 56 971.0004693954016 2.1456560351170544e-11 1
6 100 57 971.0004693954016 2.1445747949289436e-11 1
6 100 58 971.0004693954016 2.1435163279773623e-11 1
6 100 59 971.0004693954016 2.1424589053349894e-11 1
6 100 60 968.7112848250816 2.1413939868956054e-11 1
6 100 61 968.7112848250816 2.140383324497437e-11 1
6 100 62 968.7112848250816 2.1393736156432063e-11 1
6 100 63 968.7112848250816 2.1383562677745022e-11 1
6 100 64 967.6572076766516 2.137360304298005e-11 1
6 100 65 967.6572076766516 2.136391051843325e-11 1
6 100 66 967.6572076766516 2.1354226780654775e-11 1
6 100 67 967.6572076766516 2.1344756751018345e-11 1
6 100 68 967.6572076766516 2.1335569621760122e-11 1
6 100 69 970.5267145125816 2.1326390397678045e-11 1
6 100 70 970.5267145125816 2.131710982497083e-11 1
6 100 71 970.5267145125816 2.1308389178254384e-11 1
6 100 72 970.5267145125816 2.12996756637037e-11 1
6 100 73 971.6857721297716 2.1290884103568678e-11 1
6 100 74 971.6857721297716 2.1282352692489666e-11 1
6 100 75 971.6857721297716 2.127409966284069e-11 1
6 100 76 971.6857721297716 2.1265853031553452e-11 1
6 100 77 971.5129205672716 2.125783108271794e-11 1
6 100 78 971.5129205672716 2.1250107620686742e-11 1
6 100 79 971.5129205672716 2.124238976884227e-11 1
6 100 80 971.5129205672716 2.123459666081276e-11 1
6 100 81 970.9913751571216 2.1227362414580845e-11 1
6 100 82 970.9913751571216 2.1220133095826087e-11 1
6 100 83 970.9913751571216 2.1212840650542776e-11 1
6 100 84 970.9913751571216 2.1205898472192874e-11 1
6 100 85 969.4397394149316 2.119915485373736e-11 1
6 100 86 969.4397394149316 2.119241552295046e-11 1
6 100 87 969.4397394149316 2.1185896414628275e-11 1
6 100 88 969.4397394149316 2.117967064126169e-11 1
6 100 89 972.5508844344616 2.1173448525882132e-11 1
6 100 90 972.5508844344616 2.116719212095237e-11 1
6 100 91 972.5508844344616 2.116139276186087e-11 1
6 100 92 972.5508844344616 2.1155617758087823e-11 1
6 100 93 972.5508844344616 2.1149845905484464e-11 1
6 100 94 974.2528497664916 2.1144383124795968e-11 1
6 100 95 974.2528497664916 2.113898559215403e-11 1
6 100 96 974.2528497664916 2.1133590814468204e-11 1
6 100 97 974.2528497664916 2.112836990578771e-11 1
6 100 98 973.4493829696216 2.112331349257622e-11 1
6 100 99 973.4493829696216 2.111822885260071e-11 1
6 100 100 973.4493829696216 2.11131685032077e-11 1
6 100 101 973.4493829696216 2.1108321259343943e-11 1
6 100 102 969.5478937118016 2.1103476240667747e-11 1
6 100 103 969.5478937118016 2.1098700763857965e-11 1
6 100 104 969.5478937118016 2.109396825561308e-11 1
6 100 105 969.5478937118016 2.1089229582944343e-11 1
6 100 106 972.1990167586816 2.108452128083724e-11 1
6 100 107 972.1990167586816 2.1079940909529536e-11 1
6 100 108 972.1990167586816 2.107522814593245e-11 1
6 100 109 972.1990167586816 2.1070465371373242e-11 1
6 100 110 974.6124078719616 2.1065686055752967e-11 1
6 100 111 974.6124078719616 2.1060728608490718e-11 1
6 100 112 974.6124078719616 2.1055773493979562e-11 1
6 100 113 974.6124078719616 2.105090295441116e-11 1
6 100 114 978.0461847274316 2.1045738880785237e-11 1
6 100 115 978.0461847274316 2.1040458461262203e-11 1
6 100 116 978.0461847274316 2.1035208462178503e-11 1
6 100 117 978.0461847274316 2.102990126410412e-11 1
6 100 118 978.0461847274316 2.1024171421372272e-11 1
6 100 119 980.9744073836816 2.101837196908763e-11 1
6 100 120 980.9744073836816 2.1012479304272398e-11 1
6 100 121 980.9744073836816 2.100566017795599e-11 1
6 100 122 980.9744073836816 2.0998845476191026e-11 1
6 100 123 981.2095758407116 2.0992150299864472e-11 1
6 100 124 981.2095758407116 2.0984216108825186e-11 1
6 100 125 981.2095758407116 2.0975731410039397e-11 1
6 100 126 981.2095758407116 2.0967253569838802e-11 1
6 100 127 982.2693292586816 2.0958023171999843e-11 1
6 100 128 982.2693292586816 2.0947760317439377e-11 1
6 100 129 982.2693292586816 2.093749684018501e-11 1
6 100 130 982.2693292586816 2.0927073804947302e-11 1
6 100 131 982.1091119735216 2.0915026235246064e-11 1
6 100 132 982.1091119735216 2.0902992528966588e-11 1
6 100 133 982.1091119735216 2.0890955662367086e-11 1
6 100 134 982.1091119735216 2.0877574119706287e-11 1
6 100 135 983.4116022079016 2.0863787941330514e-11 1
6 100 136 983.4116022079016 2.0850009310280485e-11 1
6 100 137 983.4116022079016 2.083545723944915e-11 1
6 100 138 983.4116022079016 2.082004983494985e-11 1
6 100 139 984.4233209579016 2.0804716631298935e-11 1
6 100 140 984.4233209579016 2.0789235639887142e-11 1
6 100 141 984.4233209579016 2.0772193012275175e-11 1
6 100 142 984.4233209579016 2.0755281500034604e-11 1
6 100 143 984.4233209579016 2.0738397502134132e-11 1
6 100 144 985.6721612899316 2.0720389914371477e-11 1
6 100 145 985.6721612899316 2.070205187015494e-11 1
6 100 146 985.6721612899316 2.0683713838678857e-11 1
6 100 147 985.6721612899316 2.0664741810399725e-11 1
6 100 148 986.3366510360216 2.06451284341669e-11 1
6 100 149 986.3366510360216 2.0625552253633327e-11 1
6 100 150 986.3366510360216 2.060567509251673e-11 1
6 100 151 986.3366510360216 2.0584673601161437e-11 1
6 100 152 987.4625665633716 2.0563879959090017e-11 1
6 100 153 987.4625665633716 2.0543128284089353e-11 1
6 100 154 987.4625665633716 2.0521480032336718e-11 1
6 100 155 987.4625665633716 2.0499582575407263e-11 1
6 100 156 991.1738092391516 2.047769007503755e-11 1
6 100 157 991.1738092391516 2.0455153285342188e-11 1
6 100 158 991.1738092391516 2.0432235846373214e-11 1
6 100 159 991.1738092391516 2.0409468095916048e-11 1
6 100 160 993.0618097274316 2.0386654201579987e-11 1
6 100 161 993.0618097274316 2.0362959033534287e-11 1
6 100 162 993.0618097274316 2.033931888277208e-11 1
6 100 163 993.0618097274316 2.0315579413442762e-11 1
6 100 164 993.7745172469616 2.0291067909967305e-11 1
6 100 165 993.7745172469616 2.026673311308108e-11 1
6 100 166 993.7745172469616 2.0242456615047998e-11 1
6 100 167 993.7745172469616 2.0217753749525747e-11 1
6 100 168 993.7745172469616 2.019269413594135e-11 1
6 100 169 994.4250909774316 2.016780137916909e-11 1
6 100 170 994.4250909774316 2.014290713554827e-11 1
6 100 171 994.4250909774316 2.0117469935141625e-11 1
6 100 172 994.4250909774316 2.0092096899760512e-11 1
6 100 173 994.1943170516516 2.006660602764641e-11 1
6 100 174 994.1943170516516 2.0040815665614892e-11 1
6 100 175 994.1943170516516 2.0015033993021047e-11 1
6 100 176 994.1943170516516 1.998926351925193e-11 1
6 100 177 993.1614801375816 1.9963068388948982e-11 1
6 100 178 993.1614801375816 1.9936917414988027e-11 1
6 100 179 993.1614801375816 1.9910955753315718e-11 1
6 100 180 993.1614801375816 1.9885025415164017e-11 1
6 100 181 991.5646783797716 1.9858814101525738e-11 1
6 100 182 991.5646783797716 1.9832671797459488e-11 1
6 100 183 991.5646783797716 1.9806421154376355e-11 1
6 100 184 991.5646783797716 1.9780153589024118e-11 1
6 100 185 989.2161066024316 1.9753983832152697e-11 1
6 100 186 989.2161066024316 1.972781978089329e-11 1
6 100 187 989.2161066024316 1.9701484916369586e-11 1
6 100 188 989.2161066024316 1.9675320751172647e-11 1
6 100 189 986.9741632430516 1.964922598740691e-11 1
6 100 190 986.9741632430516 1.962287899543068e-11 1
6 100 191 986.9741632430516 1.9596593241090717e-11 1
6 100 192 986.9741632430516 1.9570619085607547e-11 1
6 100 193 986.9741632430516 1.9544713693476254e-11 1
6 100 194 988.4515192000816 1.951862446321926e-11 1
6 100 195 988.4515192000816 1.9492886016281503e-11 1
6 100 196 988.4515192000816 1.9467215360517487e-11 1
6 100 197 988.4515192000816 1.944149099787363e-11 1
6 100 198 987.7522394149316 1.9415923861046105e-11 1
6 100 199 987.7522394149316 1.9390537994651755e-11 1
6 100 200 987.7522394149316 1.9365237123080285e-11 1
6 100 201 987.7522394149316 1.9340182157727232e-11 1
6 100 202 986.6612359969616 1.93151919414028e-11 1
6 100 203 986.6612359969616 1.9290083764686056e-11 1
6 100 204 986.6612359969616 1.9265077996639715e-11 1
6 100 205 986.6612359969616 1.9240530476844797e-11 1
6 100 206 992.0505792586816 1.9216045434232492e-11 1
6 100 207 992.0505792586816 1.9191763815774348e-11 1
6 100 208 992.0505792586816 1.916773228942597e-11 1
6 100 209 992.0505792586816 1.9143760871363344e-11 1
6 100 210 994.2942926375816 1.911958682071684e-11 1
6 100 211 994.2942926375816 1.9095881524269487e-11 1
6 100 212 994.2942926375816 1.9072500659109012e-11 1
6 100 213 994.2942926375816 1.9049176978670897e-11 1
6 100 214 997.3703424422716 1.9044447408515658e-11 1
6 100 215 997.3703424422716 1.9044447408515658e-11 1
6 100 216 997.3703424422716 1.8963906768507707e-11 1
6 100 217 997.3703424422716 1.8963906768507707e-11 1
6 100 218 997.3703424422716 1.8963906768507707e-11 1
6 100 219 999.5617486922716 1.888957456087118e-11 1
6 100 220 999.5617486922716 1.888957456087118e-11 1
6 100 221 999.5617486922716 1.888957456087118e-11 1
6 100 222 999.5617486922716 1.8817859623521877e-11 1
6 100 223 1004.7646905868016 1.8817859623521877e-11 1
6 100 224 1004.7646905868016 1.8817859623521877e-11 1
6 100 225 1004.7646905868016 1.874880023527558e-11 1
6 100 226 1004.7646905868016 1.874880023527558e-11 1
6 100 227 1005.9568292586816 1.874880023527558e-11 1
6 100 228 1005.9568292586816 1.874880023527558e-11 1
6 100 229 1005.9568292586816 1.8682509093811647e-11 1
6 100 230 1005.9568292586816 1.8682509093811647e-11 1
6 100 231 1006.6406671493016 1.8682509093811647e-11 1
6 100 232 1006.6406671493016 1.861911277382051e-11 1
6 100 233 1006.6406671493016 1.861911277382051e-11 1
6 100 234 1006.6406671493016 1.861911277382051e-11 1
6 100 235 1007.6180841414916 1.8558730611823738e-11 1
6 100 236 1007.6180841414916 1.8558730611823738e-11 1
6 100 237 1007.6180841414916 1.8558730611823738e-11 1
6 100 238 1007.6180841414916 1.8558730611823738e-11 1
6 100 239 1008.5418512313316 1.8558730611823738e-11 1
6 100 240 1008.5418512313316 1.8558730611823738e-11 1
6 100 241 1008.5418512313316 1.8558730611823738e-11 1
6 100 242 1008.5418512313316 1.8558730611823738e-11 1
6 100 243 1008.5418512313316 1.8437172779287678e-11 1
6 100 244 1009.6804010360216 1.8437172779287678e-11 1
6 100 245 1009.6804010360216 1.8385227406938076e-11 1
6 100 246 1009.6804010360216 1.8385227406938076e-11 1
6 101 24 965.6152154891516 2.386018331587628e-11 1
6 101 25 966.9214899032116 2.3564554038835564e-11 1
6 101 26 969.9742853133716 2.320291744451702e-11 1
6 101 27 973.5994073836816 2.279514694740835e-11 1
6 101 28 977.6180841414916 2.2376565561785754e-11 1
6 101 29 979.1882745711816 2.2043946435912207e-11 1
6 101 30 981.0684015243016 2.1836410272737375e-11 1
6 101 31 982.7526056258716 2.1706689302702328e-11 1
6 101 32 983.0021783797716 2.1624544784266933e-11 1
6 101 33 983.4300348250816 2.1571770451919846e-11 1
6 101 34 983.7672540633716 2.1537693466325885e-11 1
6 101 35 984.6665460555516 2.151528321950758e-11 1
6 101 36 984.6665460555516 2.150053963919088e-11 1
6 101 37 984.6665460555516 2.1488906519616414e-11 1
6 101 38 984.6665460555516 2.1477483119289662e-11 1
6 101 39 985.0440484969616 2.1466071857760334e-11 1
6 101 40 985.0440484969616 2.145457234068494e-11 1
6 101 41 985.0440484969616 2.1443461143413735e-11 1
6 101 42 985.0440484969616 2.1432361449033112e-11 1
6 101 43 985.0440484969616 2.142120489872248e-11 1
6 101 44 985.2848932235216 2.141023002482277e-11 1
6 101 45 985.2848932235216 2.139951057787709e-11 1
6 101 46 985.2848932235216 2.1388801859358083e-11 1
6 101 47 985.2848932235216 2.1378176251962732e-11 1
6 101 48 985.5131647079016 2.136775152862877e-11 1
6 101 49 985.5131647079016 2.1357379412638613e-11 1
6 101 50 985.5131647079016 2.134703675296842e-11 1
6 101 51 985.5131647079016 2.1336939730982093e-11 1
6 101 52 986.9678766219616 2.1326941037378464e-11 1
6 101 53 986.9678766219616 2.1316951710352086e-11 1
6 101 54 986.9678766219616 2.130720408754027e-11 1
6 101 55 986.9678766219616 2.1297538455601896e-11 1
6 101 56 987.5278131454016 2.1287870142568582e-11 1
6 101 57 987.5278131454016 2.1278298862910003e-11 1
6 101 58 987.5278131454016 2.1277956620059307e-11 1
6 101 59 987.5278131454016 2.1277956620059307e-11 1
6 101 60 987.6815607039916 2.1266301563139222e-11 1
6 101 61 987.6815607039916 2.1266301563139222e-11 1
6 101 62 987.6815607039916 2.1236270030112594e-11 1
6 101 63 987.6815607039916 2.1236270030112594e-11 1
6 101 64 988.0790826766516 2.1236270030112594e-11 1
6 101 65 988.0790826766516 2.1207558428706692e-11 1
6 101 66 988.0790826766516 2.1207558428706692e-11 1
6 101 67 988.0790826766516 2.1207558428706692e-11 1
6 101 68 988.0790826766516 2.1207558428706692e-11 1
6 101 69 989.3290216414916 2.1180046880761307e-11 1
6 101 70 989.3290216414916 2.1180046880761307e-11 1
6 101 71 989.3290216414916 2.1180046880761307e-11 1
6 101 72 989.3290216414916 2.1153726352715395e-11 1
6 101 73 989.5713312118016 2.1153726352715395e-11 1
6 101 74 989.5713312118016 2.1153726352715395e-11 1
6 101 75 989.5713312118016 2.1128697223795288e-11 1
6 101 76 989.5713312118016 2.1128697223795288e-11 1
6 101 77 989.9189264266516 2.1128697223795288e-11 1
6 101 78 989.9189264266516 2.1128697223795288e-11 1
6 101 79 989.9189264266516 2.1128697223795288e-11 1
6 101 80 989.9189264266516 2.1128697223795288e-11 1
6 101 81 990.4445611922716 2.1128697223795288e-11 1
6 101 82 990.4445611922716 2.1128697223795288e-11 1
6 101 83 990.4445611922716 2.109971851373463e-11 1
6 101 84 990.4445611922716 2.109971851373463e-11 1
6 101 85 990.9961358993016 2.107781288102103e-11 1
6 101 86 990.9961358993016 2.107781288102103e-11 1
6 102 24 966.5375177352416 2.3491138131591726e-11 1
6 102 25 968.6815607039916 2.324284008382704e-11 1
6 102 26 971.1099664657116 2.294209550361443e-11 1
