2 98 267 969.4782446396423 1.3008478458616857e-10 1
2 98 268 989.1975439560423 1.1932245759540626e-10 1
2 98 269 1011.4845312607323 1.2705867499591648e-10 1
2 98 270 1005.6475561630723 1.6910120221127004e-10 1
2 99 206 948.2192114365123 1.1546178451676881e-10 1
2 99 207 948.2192114365123 1.1589315955349976e-10 1
2 99 208 948.2192114365123 1.1630712418426384e-10 1
2 99 209 948.2192114365123 1.1672405673865577e-10 1
2 99 210 951.2054174912023 1.171393618417111e-10 1
2 99 211 951.2054174912023 1.1752089963957334e-10 1
2 99 212 951.2054174912023 1.179049309935191e-10 1
2 99 213 951.2054174912023 1.1829172089147072e-10 1
2 99 214 954.0132177841723 1.186507919391163e-10 1
2 99 215 954.0132177841723 1.1900182286706034e-10 1
2 99 216 954.0132177841723 1.1935493702342886e-10 1
2 99 217 954.0132177841723 1.196929472266996e-10 1
2 99 218 954.0132177841723 1.2000968717020987e-10 1
2 99 219 956.0114477646423 1.203281079208776e-10 1
2 99 220 956.0114477646423 1.2064453152284243e-10 1
2 99 221 956.0114477646423 1.2092682696790818e-10 1
2 99 222 956.0114477646423 1.2121044659439415e-10 1
2 99 223 962.9274633896423 1.214953997413402e-10 1
2 99 224 962.9274633896423 1.2175210164589215e-10 1
2 99 225 962.9274633896423 1.2200106788637215e-10 1
2 99 226 962.9274633896423 1.2225105441638987e-10 1
2 99 227 965.9407690537023 1.2248692530820502e-10 1
2 99 228 965.9407690537023 1.2270297995130583e-10 1
2 99 229 965.9407690537023 1.2291963591034491e-10 1
2 99 230 965.9407690537023 1.2313385176632579e-10 1
2 99 231 970.2707251083923 1.233177740309194e-10 1
2 99 232 970.2707251083923 1.235022465585274e-10 1
2 99 233 970.2707251083923 1.2368785020404243e-10 1
2 99 234 970.2707251083923 1.2385263183694656e-10 1
2 99 235 975.1489599716723 1.2400811508832474e-10 1
2 99 236 975.1489599716723 1.241639892143797e-10 1
2 99 237 975.1489599716723 1.2430863462356169e-10 1
2 99 238 975.1489599716723 1.2443800481086845e-10 1
2 99 239 984.8294409287023 1.2456764455437546e-10 1
2 99 240 984.8294409287023 1.2469839100633546e-10 1
2 99 241 984.8294409287023 1.2480518244228448e-10 1
2 99 242 984.8294409287023 1.249121569469293e-10 1
2 99 243 984.8294409287023 1.2502196516147795e-10 1
2 99 244 988.4935644638523 1.2511879056883579e-10 1
2 99 245 988.4935644638523 1.2520222442076652e-10 1
2 99 246 988.4935644638523 1.252857696205245e-10 1
2 99 247 988.4935644638523 1.2536487718396844e-10 1
2 99 248 991.6783178818223 1.254298856313547e-10 1
2 99 249 991.6783178818223 1.2549127532669378e-10 1
2 99 250 991.6783178818223 1.2555078052498293e-10 1
2 99 251 991.6783178818223 1.2559156263133432e-10 1
2 99 252 994.9129980576023 1.2563237124043753e-10 1
2 99 253 994.9129980576023 1.256791595778776e-10 1
2 99 254 994.9129980576023 1.257176906216789e-10 1
2 99 255 994.9129980576023 1.2574081046233444e-10 1
2 99 256 999.8952978622923 1.2576393880816205e-10 1
2 99 257 999.8952978622923 1.2578453829493481e-10 1
2 99 258 999.8952978622923 1.2579884593003943e-10 1
2 99 259 1002.1081274521423 1.2581579011844608e-10 1
2 99 260 1002.1081274521423 1.2581582563846654e-10 1
2 99 261 1004.3643530380723 1.2578432138541192e-10 1
2 99 262 1005.7015112412023 1.2571675366281353e-10 1
2 99 263 1006.8204077255723 1.257686801686079e-10 1
2 99 264 1008.7178686630723 1.2686519989842164e-10 1
2 99 265 1011.6081274521423 1.3107624407839333e-10 1
2 99 266 1014.5478857529223 1.3268132564080683e-10 1
2 99 267 1016.6105688583923 1.2499022560263224e-10 1
2 99 268 1021.3400000107323 1.1289227896464085e-10 1
2 100 43 964.4117163193223 9.203075056389074e-11 1
2 100 44 964.6092871201023 9.202700789361159e-11 1
2 100 45 964.6092871201023 9.201939063792715e-11 1
2 100 46 964.6092871201023 9.200895915530837e-11 1
2 100 47 964.6092871201023 9.197746396964277e-11 1
2 100 48 967.0529516708923 9.194745238606351e-11 1
2 100 49 967.0529516708923 9.192241974031372e-11 1
2 100 50 967.0529516708923 9.189576359432864e-11 1
2 100 51 967.0529516708923 9.1853337398168e-11 1
2 100 52 966.8861425888523 9.181095035836064e-11 1
2 100 53 966.8861425888523 9.176007439047549e-11 1
2 100 54 966.8861425888523 9.168533053420381e-11 1
2 100 55 966.8861425888523 9.162453315984865e-11 1
2 100 56 965.5874365341723 9.156381636264314e-11 1
2 100 57 965.5874365341723 9.149378993670739e-11 1
2 100 58 965.5874365341723 9.141130410742316e-11 1
2 100 59 965.5874365341723 9.132896687365571e-11 1
2 100 60 963.2982519638523 9.123012778722005e-11 1
2 100 61 963.2982519638523 9.112100849218794e-11 1
2 100 62 963.2982519638523 9.101214991795041e-11 1
2 100 63 963.2982519638523 9.089595926776951e-11 1
2 100 64 962.2441748154223 9.075399593526325e-11 1
2 100 65 962.2441748154223 9.062016037789816e-11 1
2 100 66 962.2441748154223 9.048671897574906e-11 1
2 100 67 962.2441748154223 9.034280638462287e-11 1
2 100 68 962.2441748154223 9.018483693255128e-11 1
2 100 69 965.1136816513523 9.002741895305121e-11 1
2 100 70 965.1136816513523 8.985848547027302e-11 1
2 100 71 965.1136816513523 8.967869146550827e-11 1
2 100 72 965.1136816513523 8.949961550831875e-11 1
2 100 73 966.2727392685423 8.931599796959855e-11 1
2 100 74 966.2727392685423 8.911767160419555e-11 1
2 100 75 966.2727392685423 8.892449870721037e-11 1
2 100 76 966.2727392685423 8.87321614482335e-11 1
2 100 77 966.0998877060423 8.853726622797436e-11 1
2 100 78 966.0998877060423 8.833870323190186e-11 1
2 100 79 966.0998877060423 8.814102887943014e-11 1
2 100 80 966.0998877060423 8.794055289590958e-11 1
2 100 81 965.5783422958923 8.773975580976892e-11 1
2 100 82 965.5783422958923 8.753987360568557e-11 1
2 100 83 965.5783422958923 8.734175651935955e-11 1
2 100 84 965.5783422958923 8.714979327052471e-11 1
2 100 85 964.0267065537023 8.695286391019452e-11 1
2 100 86 964.0267065537023 8.675682253219042e-11 1
2 100 87 964.0267065537023 8.656381734291715e-11 1
2 100 88 964.0267065537023 8.637454436079582e-11 1
2 100 89 967.1378515732323 8.618609726883324e-11 1
2 100 90 967.1378515732323 8.600796033546751e-11 1
2 100 91 967.1378515732323 8.583304791424632e-11 1
2 100 92 967.1378515732323 8.565192363380273e-11 1
2 100 93 967.1378515732323 8.547156215800278e-11 1
2 100 94 968.8398169052623 8.530420116312354e-11 1
2 100 95 968.8398169052623 8.513155281180915e-11 1
2 100 96 968.8398169052623 8.495960189970525e-11 1
2 100 97 968.8398169052623 8.479398959020521e-11 1
2 100 98 968.0363501083923 8.463082680705039e-11 1
2 100 99 968.0363501083923 8.446569127646752e-11 1
2 100 100 968.0363501083923 8.430155022764339e-11 1
2 100 101 968.0363501083923 8.41414227826948e-11 1
2 100 102 964.1348608505723 8.398190249591188e-11 1
2 100 103 964.1348608505723 8.38275986009924e-11 1
2 100 104 964.1348608505723 8.367865429963788e-11 1
2 100 105 964.1348608505723 8.353030334882028e-11 1
2 100 106 966.7859838974523 8.338339279991681e-11 1
2 100 107 966.7859838974523 8.32450919735128e-11 1
2 100 108 966.7859838974523 8.311216787047582e-11 1
2 100 109 966.7859838974523 8.297974645166175e-11 1
2 100 110 969.1993750107323 8.284982488123148e-11 1
2 100 111 969.1993750107323 8.274030940741684e-11 1
2 100 112 969.1993750107323 8.26310830785965e-11 1
2 100 113 969.1993750107323 8.252022557601652e-11 1
2 100 114 972.6331518662023 8.243838522263838e-11 1
2 100 115 972.6331518662023 8.23663352242949e-11 1
2 100 116 972.6331518662023 8.229322143959476e-11 1
2 100 117 972.6331518662023 8.223739041203835e-11 1
2 100 118 972.6331518662023 8.221533452288715e-11 1
2 100 119 975.5613745224523 8.2194562286491e-11 1
2 100 120 975.5613745224523 8.217836499519407e-11 1
2 100 121 975.5613745224523 8.220622802457112e-11 1
2 100 122 975.5613745224523 8.22341099545851e-11 1
2 100 123 975.7965429794823 8.226926012188892e-11 1
2 100 124 975.7965429794823 8.23466775610226e-11 1
2 100 125 975.7965429794823 8.241793133299644e-11 1
2 100 126 975.7965429794823 8.248930852214103e-11 1
2 100 127 976.8562963974523 8.258878015655896e-11 1
2 100 128 976.8562963974523 8.271517519253091e-11 1
2 100 129 976.8562963974523 8.283696700619482e-11 1
2 100 130 976.8562963974523 8.29634313641528e-11 1
2 100 131 976.6960791122923 8.313205526269363e-11 1
2 100 132 976.6960791122923 8.330136601636537e-11 1
2 100 133 976.6960791122923 8.347960629369378e-11 1
2 100 134 976.6960791122923 8.368765066491423e-11 1
2 100 135 977.9985693466723 8.390331183700484e-11 1
2 100 136 977.9985693466723 8.412234868738978e-11 1
2 100 137 977.9985693466723 8.436822662109232e-11 1
2 100 138 977.9985693466723 8.462828564279732e-11 1
2 100 139 979.0102880966723 8.488690957279861e-11 1
2 100 140 979.0102880966723 8.515041161373085e-11 1
2 100 141 979.0102880966723 8.544462807641195e-11 1
2 100 142 979.0102880966723 8.573553659692005e-11 1
2 100 143 979.0102880966723 8.602843276442124e-11 1
2 100 144 980.2591284287023 8.633673911862984e-11 1
2 100 145 980.2591284287023 8.665151359521594e-11 1
2 100 146 980.2591284287023 8.696972932253622e-11 1
2 100 147 980.2591284287023 8.729795154561278e-11 1
2 100 148 980.9236181747923 8.763129808349901e-11 1
2 100 149 980.9236181747923 8.796720014185939e-11 1
2 100 150 980.9236181747923 8.831089430653569e-11 1
2 100 151 980.9236181747923 8.866217007725847e-11 1
2 100 152 982.0495337021423 8.901318171193336e-11 1
2 100 153 982.0495337021423 8.936698368861825e-11 1
2 100 154 982.0495337021423 8.972544528405412e-11 1
2 100 155 982.0495337021423 9.00873767539317e-11 1
2 100 156 985.7607763779223 9.045285677739347e-11 1
2 100 157 985.7607763779223 9.082412948766119e-11 1
2 100 158 985.7607763779223 9.119401238263407e-11 1
2 100 159 985.7607763779223 9.1565053836632e-11 1
2 100 160 987.6487768662023 9.193886170717488e-11 1
2 100 161 987.6487768662023 9.231315382129553e-11 1
2 100 162 987.6487768662023 9.269050595278617e-11 1
2 100 163 987.6487768662023 9.307729750609881e-11 1
2 100 164 988.3614843857323 9.348149477259798e-11 1
2 100 165 988.3614843857323 9.387110095793509e-11 1
2 100 166 988.3614843857323 9.426396828625666e-11 1
2 100 167 988.3614843857323 9.467680642162521e-11 1
2 100 168 988.3614843857323 9.509578205610019e-11 1
2 100 169 989.0120581162023 9.550928135495426e-11 1
2 100 170 989.0120581162023 9.592775102365627e-11 1
2 100 171 989.0120581162023 9.636313221368083e-11 1
2 100 172 989.0120581162023 9.680248349641424e-11 1
2 100 173 988.7812841904223 9.725988070533072e-11 1
2 100 174 988.7812841904223 9.772076919029118e-11 1
2 100 175 988.7812841904223 9.818128661192894e-11 1
2 100 176 988.7812841904223 9.864891349884558e-11 1
2 100 177 987.7484472763523 9.912507614939855e-11 1
2 100 178 987.7484472763523 9.959163087935352e-11 1
2 100 179 987.7484472763523 1.0006213241943492e-10 1
2 100 180 987.7484472763523 1.0053478715057965e-10 1
2 100 181 986.1516455185423 1.0098939708880203e-10 1
2 100 182 986.1516455185423 1.0144813711954996e-10 1
2 100 183 986.1516455185423 1.0191008811643752e-10 1
2 100 184 986.1516455185423 1.0235434219860352e-10 1
2 100 185 983.8030737412023 1.0279583809382575e-10 1
2 100 186 983.8030737412023 1.032416935583287e-10 1
2 100 187 983.8030737412023 1.0368172331415038e-10 1
2 100 188 983.8030737412023 1.0410876494382576e-10 1
2 100 189 981.5611303818223 1.0453933889863127e-10 1
2 100 190 981.5611303818223 1.0497863069209698e-10 1
2 100 191 981.5611303818223 1.0539960721590482e-10 1
2 100 192 981.5611303818223 1.0581826077547716e-10 1
2 100 193 981.5611303818223 1.0624025343222549e-10 1
2 100 194 983.0384863388523 1.0665472895372812e-10 1
2 100 195 983.0384863388523 1.0705937122241767e-10 1
2 100 196 983.0384863388523 1.0746709556606298e-10 1
2 100 197 983.0384863388523 1.078719631703855e-10 1
2 100 198 982.3392065537023 1.0826339753534171e-10 1
2 100 199 982.3392065537023 1.0865382102306439e-10 1
2 100 200 982.3392065537023 1.0904468112112824e-10 1
2 100 201 982.3392065537023 1.09415144314072e-10 1
2 100 202 981.2482031357323 1.0978813327586805e-10 1
2 100 203 981.2482031357323 1.1017073737697592e-10 1
2 100 204 981.2482031357323 1.1054294180920072e-10 1
2 100 205 981.2482031357323 1.1089689758045669e-10 1
2 100 206 986.6375463974523 1.1125312734828e-10 1
2 100 207 986.6375463974523 1.1159988714970262e-10 1
2 100 208 986.6375463974523 1.1193294652676623e-10 1
2 100 209 986.6375463974523 1.1226799982332717e-10 1
2 100 210 988.8812597763523 1.1261146918859107e-10 1
2 100 211 988.8812597763523 1.1292433592296467e-10 1
2 100 212 988.8812597763523 1.132311910500452e-10 1
2 100 213 988.8812597763523 1.1353971838766305e-10 1
2 100 214 991.9573095810423 1.134203854174739e-10 1
2 100 215 991.9573095810423 1.134203854174739e-10 1
2 100 216 991.9573095810423 1.1526542213216281e-10 1
2 100 217 991.9573095810423 1.1526542213216281e-10 1
2 100 218 991.9573095810423 1.1526542213216281e-10 1
2 100 219 994.1487158310423 1.1612209333744519e-10 1
2 100 220 994.1487158310423 1.1612209333744519e-10 1
2 100 221 994.1487158310423 1.1612209333744519e-10 1
2 100 222 994.1487158310423 1.1685318731439067e-10 1
2 100 223 999.3516577255723 1.1685318731439067e-10 1
2 100 224 999.3516577255723 1.1685318731439067e-10 1
2 100 225 999.3516577255723 1.1746918575837317e-10 1
2 100 226 999.3516577255723 1.1746918575837317e-10 1
2 100 227 1000.5437963974523 1.1746918575837317e-10 1
2 100 228 1000.5437963974523 1.1746918575837317e-10 1
2 100 229 1000.5437963974523 1.179871113627607e-10 1
2 100 230 1000.5437963974523 1.179871113627607e-10 1
2 100 231 1001.2276342880723 1.179871113627607e-10 1
2 100 232 1001.2276342880723 1.1841679691381569e-10 1
2 100 233 1001.2276342880723 1.1841679691381569e-10 1
2 100 234 1001.2276342880723 1.1841679691381569e-10 1
2 100 235 1002.2050512802623 1.1875959861371993e-10 1
2 100 236 1002.2050512802623 1.1875959861371993e-10 1
2 100 237 1002.2050512802623 1.1875959861371993e-10 1
2 100 238 1002.2050512802623 1.1875959861371993e-10 1
2 100 239 1003.1288183701023 1.1875959861371993e-10 1
2 100 240 1003.1288183701023 1.1875959861371993e-10 1
2 100 241 1003.1288183701023 1.1875959861371993e-10 1
2 100 242 1003.1288183701023 1.1875959861371993e-10 1
2 100 243 1003.1288183701023 1.2076016845541137e-10 1
2 100 244 1004.2673681747923 1.2076016845541137e-10 1
2 100 245 1004.2673681747923 1.2094279872147872e-10 1
2 100 246 1004.2673681747923 1.2094279872147872e-10 1
2 101 24 960.2021826279223 9.849946768491547e-11 1
2 101 25 961.5084570419823 1.0069703659704535e-10 1
2 101 26 964.5612524521423 1.0160733099324526e-10 1
2 101 27 968.1863745224523 1.0079146073551636e-10 1
2 101 28 972.2050512802623 9.708924198997966e-11 1
2 101 29 973.7752417099523 9.272402737842754e-11 1
2 101 30 975.6553686630723 9.107504590515298e-11 1
2 101 31 977.3395727646423 9.072130663203944e-11 1
2 101 32 977.5891455185423 9.078214572023811e-11 1
2 101 33 978.0170019638523 9.091199827793352e-11 1
2 101 34 978.3542212021423 9.099599949874331e-11 1
2 101 35 979.2535131943223 9.104227006436372e-11 1
2 101 36 979.2535131943223 9.106712927581821e-11 1
2 101 37 979.2535131943223 9.108264553100395e-11 1
2 101 38 979.2535131943223 9.109229253168503e-11 1
2 101 39 979.6310156357323 9.110194157610298e-11 1
2 101 40 979.6310156357323 9.111405234901137e-11 1
2 101 41 979.6310156357323 9.11156104777337e-11 1
2 101 42 979.6310156357323 9.111716865974714e-11 1
2 101 43 979.6310156357323 9.11199729612475e-11 1
2 101 44 979.8718603622923 9.112017637819504e-11 1
2 101 45 979.8718603622923 9.111645178580998e-11 1
2 101 46 979.8718603622923 9.111272749790242e-11 1
2 101 47 979.8718603622923 9.11091333876787e-11 1
2 101 48 980.1001318466723 9.110314161522174e-11 1
2 101 49 980.1001318466723 9.109598042440052e-11 1
2 101 50 980.1001318466723 9.108896658434942e-11 1
2 101 51 980.1001318466723 9.108237001691249e-11 1
2 101 52 981.5548437607323 9.107395909514182e-11 1
2 101 53 981.5548437607323 9.106554972662589e-11 1
2 101 54 981.5548437607323 9.105171517582559e-11 1
2 101 55 981.5548437607323 9.10361770951049e-11 1
2 101 56 982.1147802841723 9.102121502654191e-11 1
2 101 57 982.1147802841723 9.100272589153206e-11 1
2 101 58 982.1147802841723 9.093595936078081e-11 1
2 101 59 982.1147802841723 9.093595936078081e-11 1
2 101 60 982.2685278427623 9.119923740872158e-11 1
2 101 61 982.2685278427623 9.119923740872158e-11 1
2 101 62 982.2685278427623 9.104979007532319e-11 1
2 101 63 982.2685278427623 9.104979007532319e-11 1
2 101 64 982.6660498154223 9.104979007532319e-11 1
2 101 65 982.6660498154223 9.08554016098168e-11 1
2 101 66 982.6660498154223 9.08554016098168e-11 1
2 101 67 982.6660498154223 9.08554016098168e-11 1
2 101 68 982.6660498154223 9.08554016098168e-11 1
2 101 69 983.9159887802623 9.062792780023656e-11 1
2 101 70 983.9159887802623 9.062792780023656e-11 1
2 101 71 983.9159887802623 9.062792780023656e-11 1
2 101 72 983.9159887802623 9.037709295935868e-11 1
2 101 73 984.1582983505723 9.037709295935868e-11 1
2 101 74 984.1582983505723 9.037709295935868e-11 1
2 101 75 984.1582983505723 9.011543565098674e-11 1
2 101 76 984.1582983505723 9.011543565098674e-11 1
2 101 77 984.5058935654223 9.011543565098674e-11 1
2 101 78 984.5058935654223 9.011543565098674e-11 1
2 101 79 984.5058935654223 8.944641247357811e-11 1
2 101 80 984.5058935654223 8.944641247357811e-11 1
2 101 81 985.0315283310423 8.944641247357811e-11 1
2 101 82 985.0315283310423 8.944641247357811e-11 1
2 101 83 985.0315283310423 9.020182410396183e-11 1
2 101 84 985.0315283310423 9.020182410396183e-11 1
2 101 85 985.5831030380723 9.052946531310568e-11 1
2 101 86 985.5831030380723 8.901052259863635e-11 1
2 102 24 961.1244848740123 9.942954242019663e-11 1
2 102 25 963.2685278427623 1.0188492395087527e-10 1
2 102 26 965.6969336044823 1.0129407446047214e-10 1
