5 55 104 969.1720908224903 1.8372260423062438e-11 1
5 55 105 989.7738364279603 1.984564033334244e-11 1
5 55 106 1013.2671225607703 2.0534329000000472e-11 1
5 55 107 1006.2238486349903 2.1952718715721555e-11 1
5 56 79 948.7955039084303 1.0020482248458632e-11 1
5 56 80 948.7955039084303 1.0185222143759698e-11 1
5 56 81 951.7817099631203 1.0353140904696391e-11 1
5 56 82 954.5895102560903 1.0522515991026294e-11 1
5 56 83 956.5877402365603 1.0694181001144625e-11 1
5 56 84 963.5037558615603 1.0865354169971832e-11 1
5 56 85 963.5037558615603 1.1035238596841421e-11 1
5 56 86 966.5170615256203 1.1204755074438205e-11 1
5 56 87 970.8470175803103 1.1373548368175522e-11 1
5 56 88 975.7252524435903 1.1537502226478173e-11 1
5 56 89 985.4057334006203 1.1700128936264492e-11 1
5 56 90 985.4057334006203 1.1856838229305778e-11 1
5 56 91 989.0698569357703 1.2007093911450899e-11 1
5 56 92 992.2546103537403 1.2152843435368535e-11 1
5 56 93 995.4892905295203 1.2293584026110095e-11 1
5 56 94 1000.4715903342103 1.2424095230033501e-11 1
5 56 95 1000.4715903342103 1.2547428946740697e-11 1
5 56 96 1002.6844199240603 1.2660942093321015e-11 1
5 56 97 1004.9406455099903 1.2763950635535481e-11 1
5 56 98 1005.3159506857703 1.2878388617573299e-11 1
5 56 99 1006.2778037131203 1.301949906705244e-11 1
5 56 100 1007.7881186545203 1.3180530586286235e-11 1
5 56 101 1009.2941611349903 1.3389455824813566e-11 1
5 56 102 1012.1844199240603 1.3870949959786778e-11 1
5 56 103 1015.1241782248403 1.5018946707444842e-11 1
5 56 104 1017.5241416037403 1.6887979529096187e-11 1
5 56 105 1021.9162924826503 1.8809833717694135e-11 1
5 57 32 965.1855795920203 7.8472769779528e-12 1
5 57 33 967.4624350607703 7.821272425048337e-12 1
5 57 34 966.1637290060903 7.803611380741793e-12 1
5 57 35 966.1637290060903 7.788621829192087e-12 1
5 57 36 963.8745444357703 7.774795363989072e-12 1
5 57 37 962.8204672873403 7.762247519389707e-12 1
5 57 38 965.6899741232703 7.750460664094542e-12 1
5 57 39 966.8490317404603 7.740740118502473e-12 1
5 57 40 966.8490317404603 7.733223591696811e-12 1
5 57 41 966.6761801779603 7.728125194439856e-12 1
5 57 42 966.1546347678103 7.725877146482185e-12 1
5 57 43 964.6029990256203 7.726624841508825e-12 1
5 57 44 967.7141440451503 7.730485541544824e-12 1
5 57 45 967.7141440451503 7.737288156448678e-12 1
5 57 46 969.4161093771803 7.746901412735656e-12 1
5 57 47 968.6126425803103 7.758982341305278e-12 1
5 57 48 964.7111533224903 7.772444028004332e-12 1
5 57 49 967.3622763693703 7.78672084418307e-12 1
5 57 50 967.3622763693703 7.801008390035311e-12 1
5 57 51 969.7756674826503 7.807792136805232e-12 1
5 57 52 973.2094443381203 7.807152769620161e-12 1
5 57 53 976.1376669943703 7.796061218945337e-12 1
5 57 54 976.3728354514003 7.780712697657719e-12 1
5 57 55 976.3728354514003 7.766759978827352e-12 1
5 57 56 977.4325888693703 7.759315550083503e-12 1
5 57 57 977.2723715842103 7.759542560253826e-12 1
5 57 58 978.5748618185903 7.764996934507424e-12 1
5 57 59 979.5865805685903 7.777195682073385e-12 1
5 57 60 979.5865805685903 7.798966588574049e-12 1
5 57 61 980.8354209006203 7.830003961627755e-12 1
5 57 62 981.4999106467103 7.869520549271755e-12 1
5 57 63 982.6258261740603 7.9178651297985e-12 1
5 57 64 986.3370688498403 7.97623937063418e-12 1
5 57 65 986.3370688498403 8.042308394204849e-12 1
5 57 66 988.2250693381203 8.117713333465624e-12 1
5 57 67 988.9377768576503 8.198703340563599e-12 1
5 57 68 989.5883505881203 8.28666041135295e-12 1
5 57 69 989.3575766623403 8.381083078369089e-12 1
5 57 70 989.3575766623403 8.479668990358088e-12 1
5 57 71 988.3247397482703 8.58414941860395e-12 1
5 57 72 986.7279379904603 8.697732697749533e-12 1
5 57 73 984.3793662131203 8.820792449625822e-12 1
5 57 74 982.1374228537403 8.95308115971634e-12 1
5 57 75 982.1374228537403 9.093510260538158e-12 1
5 57 76 983.6147788107703 9.242046320070433e-12 1
5 57 77 982.9154990256203 9.398156501977538e-12 1
5 57 78 981.8244956076503 9.561624981948835e-12 1
5 57 79 987.2138388693703 9.72985786534169e-12 1
5 57 80 987.2138388693703 9.90507834198931e-12 1
5 57 81 989.4575522482703 1.0085024307856674e-11 1
5 57 82 992.5336020529603 1.031207171371261e-11 1
5 57 83 994.7250083029603 1.0502547271559205e-11 1
5 57 84 999.9279501974903 1.0698480017892103e-11 1
5 57 85 999.9279501974903 1.089843581104603e-11 1
5 57 86 1001.1200888693703 1.1100477820555986e-11 1
5 57 87 1001.8039267599903 1.1302788875541652e-11 1
5 57 88 1002.7813437521803 1.1504497016179679e-11 1
5 57 89 1003.7051108420203 1.1504497016179679e-11 1
5 57 90 1003.7051108420203 1.1832924223316503e-11 1
5 57 91 1004.8436606467103 1.2014890279977605e-11 1
5 58 24 960.7784750998403 8.396055338460146e-12 1
5 58 25 962.0847495139003 8.366170373170636e-12 1
5 58 26 965.1375449240603 8.333350066139275e-12 1
5 58 27 968.7626669943703 8.254824535017892e-12 1
5 58 28 972.7813437521803 8.131890057293443e-12 1
5 58 29 974.6208823264003 8.016367056711579e-12 1
5 58 30 977.9158652365603 7.936908412684573e-12 1
5 58 31 979.8298056662403 7.863167216582545e-12 1
5 58 32 980.4481528342103 7.805218345762342e-12 1
5 58 33 982.1311362326503 7.765220841284987e-12 1
5 58 34 982.6910727560903 7.738672714637476e-12 1
5 58 35 982.6910727560903 7.693197138763542e-12 1
5 58 36 982.8448203146803 7.67371265145107e-12 1
5 58 37 983.2423422873403 7.655207295435164e-12 1
5 58 38 984.4922812521803 7.637814500729356e-12 1
5 58 39 984.7345908224903 7.621586198434921e-12 1
5 58 40 984.7345908224903 7.606658147246865e-12 1
5 58 41 985.0821860373403 7.606658147246865e-12 1
5 58 42 985.6078208029603 7.571453163070964e-12 1
5 58 43 986.1593955099903 7.562580596769575e-12 1
5 59 24 961.7007773459303 8.783002766800983e-12 1
5 59 25 963.8448203146803 8.698866649278383e-12 1
5 59 26 966.2732260764003 8.682438385237923e-12 1
