1 19 27 1001.6110410217192 8.025265765914338e-09 1
1 20 17 924.8442563537592 9.000000000000001e-07 1
1 20 18 932.7225522521892 1.6143736820163768e-07 1
1 20 19 940.1516294006292 5.339263459249444e-08 1
1 20 20 951.4482602600092 2.340047091986865e-08 1
1 20 21 956.0330991271892 1.6476161909824505e-08 1
1 20 22 975.6554135803192 1.093139158965714e-08 1
1 20 23 1004.6276425842192 7.837335980624142e-09 1
1 20 24 1016.5350522521892 7.080239920902328e-09 1
1 20 25 1020.5338315490692 6.904690488359578e-09 1
1 20 26 1026.0829648498493 7.171014814144638e-09 1
1 20 27 1036.2272519592193 7.156911756854627e-09 1
1 21 11 970.2716855529692 1.0642035279192093e-08 1
1 21 12 976.4097470764092 1.036982568711014e-08 1
1 21 13 983.2520932678192 1.1379525096831459e-08 1
1 21 14 987.9196958068792 1.2278974953409665e-08 1
1 21 15 991.1884946350092 1.2434236988851996e-08 1
1 21 16 995.7516660217192 1.2506955093842877e-08 1
1 21 17 999.1815366271892 1.2997363612564518e-08 1
1 21 18 1002.2735776428192 1.326379531499846e-08 1
