6 98 267 960.2164013409609 1.5996094636741515e-11 1
6 98 268 979.9357006573609 1.5538083346748116e-11 1
6 98 269 1002.2226879620509 1.5395303726389805e-11 1
6 98 270 996.3857128643909 1.5375778331896145e-11 1
6 99 206 938.9573681378309 1.9221076948181546e-11 1
6 99 207 938.9573681378309 1.91944415525882e-11 1
6 99 208 938.9573681378309 1.916822667302816e-11 1
6 99 209 938.9573681378309 1.914208330194264e-11 1
6 99 210 941.9435741925209 1.9115912623885506e-11 1
6 99 211 941.9435741925209 1.9090377102869932e-11 1
6 99 212 941.9435741925209 1.906490971283678e-11 1
6 99 213 941.9435741925209 1.9039428783364787e-11 1
6 99 214 944.7513744854909 1.9014349814195503e-11 1
6 99 215 944.7513744854909 1.898962450433085e-11 1
6 99 216 944.7513744854909 1.8964963414071836e-11 1
6 99 217 944.7513744854909 1.8940631498180368e-11 1
6 99 218 944.7513744854909 1.8916716582945202e-11 1
6 99 219 946.7496044659609 1.889286198269551e-11 1
6 99 220 946.7496044659609 1.886901311541745e-11 1
6 99 221 946.7496044659609 1.884596955671507e-11 1
6 99 222 946.7496044659609 1.882298221270722e-11 1
6 99 223 953.6656200909609 1.8799984471691133e-11 1
6 99 224 953.6656200909609 1.877754293381004e-11 1
6 99 225 953.6656200909609 1.875546119384302e-11 1
6 99 226 953.6656200909609 1.8733431327596716e-11 1
6 99 227 956.6789257550209 1.8711733897404322e-11 1
6 99 228 956.6789257550209 1.8690533627117798e-11 1
6 99 229 956.6789257550209 1.8669413775673154e-11 1
6 99 230 956.6789257550209 1.864841992884103e-11 1
6 99 231 961.0088818097109 1.8628227422944803e-11 1
6 99 232 961.0088818097109 1.8608078598633966e-11 1
6 99 233 961.0088818097109 1.858793452270656e-11 1
6 99 234 961.0088818097109 1.856846562007394e-11 1
6 99 235 965.8871166729909 1.8549324641776987e-11 1
6 99 236 965.8871166729909 1.85302230851289e-11 1
6 99 237 965.8871166729909 1.8511544833949592e-11 1
6 99 238 965.8871166729909 1.8493418001983325e-11 1
6 99 239 975.5675976300209 1.8475326635517265e-11 1
6 99 240 975.5675976300209 1.8457318799610094e-11 1
6 99 241 975.5675976300209 1.8440214742485984e-11 1
6 99 242 975.5675976300209 1.8423142356042188e-11 1
6 99 243 975.5675976300209 1.840607671239473e-11 1
6 99 244 979.2317211651709 1.8389733598378683e-11 1
6 99 245 979.2317211651709 1.8373692509678242e-11 1
6 99 246 979.2317211651709 1.8357679381390342e-11 1
6 99 247 979.2317211651709 1.8342081674507093e-11 1
6 99 248 982.4164745831409 1.832704815890397e-11 1
6 99 249 982.4164745831409 1.8312047907710928e-11 1
6 99 250 982.4164745831409 1.8297159252942256e-11 1
6 99 251 982.4164745831409 1.82831335807777e-11 1
6 99 252 985.6511547589209 1.8269129394877465e-11 1
6 99 253 985.6511547589209 1.8255134428783752e-11 1
6 99 254 985.6511547589209 1.824183223572155e-11 1
6 99 255 985.6511547589209 1.822876429035316e-11 1
6 99 256 990.6334545636109 1.821571505461281e-11 1
6 99 257 990.6334545636109 1.8203045433467607e-11 1
6 99 258 990.6334545636109 1.818779018789482e-11 1
6 99 259 992.8462841534609 1.8165115987689383e-11 1
6 99 260 992.8462841534609 1.8133234323417424e-11 1
6 99 261 995.1025097393909 1.8088751521226575e-11 1
6 99 262 996.4396679425209 1.8028056035182363e-11 1
6 99 263 997.5585644268909 1.794411094915903e-11 1
6 99 264 999.4560253643909 1.780127105231944e-11 1
6 99 265 1002.3462841534609 1.746391031278558e-11 1
6 99 266 1005.2860424542409 1.6884189904884824e-11 1
6 99 267 1007.3487255597109 1.612630169885234e-11 1
6 99 268 1012.0781567120509 1.560342315333144e-11 1
6 100 43 955.1498730206409 2.1608536463087907e-11 1
6 100 44 955.3474438214209 2.1596210103325865e-11 1
6 100 45 955.3474438214209 2.1583972857722816e-11 1
6 100 46 955.3474438214209 2.1571726321231734e-11 1
6 100 47 955.3474438214209 2.1559527578701246e-11 1
6 100 48 957.7911083722109 2.154766204570341e-11 1
6 100 49 957.7911083722109 2.153586401138424e-11 1
6 100 50 957.7911083722109 2.152411154843404e-11 1
6 100 51 957.7911083722109 2.151268671239652e-11 1
6 100 52 957.6242992901709 2.1501273998358317e-11 1
6 100 53 957.6242992901709 2.148980354951421e-11 1
6 100 54 957.6242992901709 2.1478542693002015e-11 1
6 100 55 957.6242992901709 2.146754589471709e-11 1
6 100 56 956.3255932354909 2.1456560351170544e-11 1
6 100 57 956.3255932354909 2.1445747949289436e-11 1
6 100 58 956.3255932354909 2.1435163279773623e-11 1
6 100 59 956.3255932354909 2.1424589053349894e-11 1
6 100 60 954.0364086651709 2.1413939868956054e-11 1
6 100 61 954.0364086651709 2.140383324497437e-11 1
6 100 62 954.0364086651709 2.1393736156432063e-11 1
6 100 63 954.0364086651709 2.1383562677745022e-11 1
6 100 64 952.9823315167409 2.137360304298005e-11 1
6 100 65 952.9823315167409 2.136391051843325e-11 1
6 100 66 952.9823315167409 2.1354226780654775e-11 1
6 100 67 952.9823315167409 2.1344756751018345e-11 1
6 100 68 952.9823315167409 2.1335569621760122e-11 1
6 100 69 955.8518383526709 2.1326390397678045e-11 1
6 100 70 955.8518383526709 2.131710982497083e-11 1
6 100 71 955.8518383526709 2.1308389178254384e-11 1
6 100 72 955.8518383526709 2.12996756637037e-11 1
6 100 73 957.0108959698609 2.1290884103568678e-11 1
6 100 74 957.0108959698609 2.1282352692489666e-11 1
6 100 75 957.0108959698609 2.127409966284069e-11 1
6 100 76 957.0108959698609 2.1265853031553452e-11 1
6 100 77 956.8380444073609 2.125783108271794e-11 1
6 100 78 956.8380444073609 2.1250107620686742e-11 1
6 100 79 956.8380444073609 2.124238976884227e-11 1
6 100 80 956.8380444073609 2.123459666081276e-11 1
6 100 81 956.3164989972109 2.1227362414580845e-11 1
6 100 82 956.3164989972109 2.1220133095826087e-11 1
6 100 83 956.3164989972109 2.1212840650542776e-11 1
6 100 84 956.3164989972109 2.1205898472192874e-11 1
6 100 85 954.7648632550209 2.119915485373736e-11 1
6 100 86 954.7648632550209 2.119241552295046e-11 1
6 100 87 954.7648632550209 2.1185896414628275e-11 1
6 100 88 954.7648632550209 2.117967064126169e-11 1
6 100 89 957.8760082745509 2.1173448525882132e-11 1
6 100 90 957.8760082745509 2.116719212095237e-11 1
6 100 91 957.8760082745509 2.116139276186087e-11 1
6 100 92 957.8760082745509 2.1155617758087823e-11 1
6 100 93 957.8760082745509 2.1149845905484464e-11 1
6 100 94 959.5779736065809 2.1144383124795968e-11 1
6 100 95 959.5779736065809 2.113898559215403e-11 1
6 100 96 959.5779736065809 2.1133590814468204e-11 1
6 100 97 959.5779736065809 2.112836990578771e-11 1
6 100 98 958.7745068097109 2.112331349257622e-11 1
6 100 99 958.7745068097109 2.111822885260071e-11 1
6 100 100 958.7745068097109 2.11131685032077e-11 1
6 100 101 958.7745068097109 2.1108321259343943e-11 1
6 100 102 954.8730175518909 2.1103476240667747e-11 1
6 100 103 954.8730175518909 2.1098700763857965e-11 1
6 100 104 954.8730175518909 2.109396825561308e-11 1
6 100 105 954.8730175518909 2.1089229582944343e-11 1
6 100 106 957.5241405987709 2.108452128083724e-11 1
6 100 107 957.5241405987709 2.1079940909529536e-11 1
6 100 108 957.5241405987709 2.107522814593245e-11 1
6 100 109 957.5241405987709 2.1070465371373242e-11 1
6 100 110 959.9375317120509 2.1065686055752967e-11 1
6 100 111 959.9375317120509 2.1060728608490718e-11 1
6 100 112 959.9375317120509 2.1055773493979562e-11 1
6 100 113 959.9375317120509 2.105090295441116e-11 1
6 100 114 963.3713085675209 2.1045738880785237e-11 1
6 100 115 963.3713085675209 2.1040458461262203e-11 1
6 100 116 963.3713085675209 2.1035208462178503e-11 1
6 100 117 963.3713085675209 2.102990126410412e-11 1
6 100 118 963.3713085675209 2.1024171421372272e-11 1
6 100 119 966.2995312237709 2.101837196908763e-11 1
6 100 120 966.2995312237709 2.1012479304272398e-11 1
6 100 121 966.2995312237709 2.100566017795599e-11 1
6 100 122 966.2995312237709 2.0998845476191026e-11 1
6 100 123 966.5346996808009 2.0992150299864472e-11 1
6 100 124 966.5346996808009 2.0984216108825186e-11 1
6 100 125 966.5346996808009 2.0975731410039397e-11 1
6 100 126 966.5346996808009 2.0967253569838802e-11 1
6 100 127 967.5944530987709 2.0958023171999843e-11 1
6 100 128 967.5944530987709 2.0947760317439377e-11 1
6 100 129 967.5944530987709 2.093749684018501e-11 1
6 100 130 967.5944530987709 2.0927073804947302e-11 1
6 100 131 967.4342358136109 2.0915026235246064e-11 1
6 100 132 967.4342358136109 2.0902992528966588e-11 1
6 100 133 967.4342358136109 2.0890955662367086e-11 1
6 100 134 967.4342358136109 2.0877574119706287e-11 1
6 100 135 968.7367260479909 2.0863787941330514e-11 1
6 100 136 968.7367260479909 2.0850009310280485e-11 1
6 100 137 968.7367260479909 2.083545723944915e-11 1
6 100 138 968.7367260479909 2.082004983494985e-11 1
6 100 139 969.7484447979909 2.0804716631298935e-11 1
6 100 140 969.7484447979909 2.0789235639887142e-11 1
6 100 141 969.7484447979909 2.0772193012275175e-11 1
6 100 142 969.7484447979909 2.0755281500034604e-11 1
6 100 143 969.7484447979909 2.0738397502134132e-11 1
6 100 144 970.9972851300209 2.0720389914371477e-11 1
6 100 145 970.9972851300209 2.070205187015494e-11 1
6 100 146 970.9972851300209 2.0683713838678857e-11 1
6 100 147 970.9972851300209 2.0664741810399725e-11 1
6 100 148 971.6617748761109 2.06451284341669e-11 1
6 100 149 971.6617748761109 2.0625552253633327e-11 1
6 100 150 971.6617748761109 2.060567509251673e-11 1
6 100 151 971.6617748761109 2.0584673601161437e-11 1
6 100 152 972.7876904034609 2.0563879959090017e-11 1
6 100 153 972.7876904034609 2.0543128284089353e-11 1
6 100 154 972.7876904034609 2.0521480032336718e-11 1
6 100 155 972.7876904034609 2.0499582575407263e-11 1
6 100 156 976.4989330792409 2.047769007503755e-11 1
6 100 157 976.4989330792409 2.0455153285342188e-11 1
6 100 158 976.4989330792409 2.0432235846373214e-11 1
6 100 159 976.4989330792409 2.0409468095916048e-11 1
6 100 160 978.3869335675209 2.0386654201579987e-11 1
6 100 161 978.3869335675209 2.0362959033534287e-11 1
6 100 162 978.3869335675209 2.033931888277208e-11 1
6 100 163 978.3869335675209 2.0315579413442762e-11 1
6 100 164 979.0996410870509 2.0291067909967305e-11 1
6 100 165 979.0996410870509 2.026673311308108e-11 1
6 100 166 979.0996410870509 2.0242456615047998e-11 1
6 100 167 979.0996410870509 2.0217753749525747e-11 1
6 100 168 979.0996410870509 2.019269413594135e-11 1
6 100 169 979.7502148175209 2.016780137916909e-11 1
6 100 170 979.7502148175209 2.014290713554827e-11 1
6 100 171 979.7502148175209 2.0117469935141625e-11 1
6 100 172 979.7502148175209 2.0092096899760512e-11 1
6 100 173 979.5194408917409 2.006660602764641e-11 1
6 100 174 979.5194408917409 2.0040815665614892e-11 1
6 100 175 979.5194408917409 2.0015033993021047e-11 1
6 100 176 979.5194408917409 1.998926351925193e-11 1
6 100 177 978.4866039776709 1.9963068388948982e-11 1
6 100 178 978.4866039776709 1.9936917414988027e-11 1
6 100 179 978.4866039776709 1.9910955753315718e-11 1
6 100 180 978.4866039776709 1.9885025415164017e-11 1
6 100 181 976.8898022198609 1.9858814101525738e-11 1
6 100 182 976.8898022198609 1.9832671797459488e-11 1
6 100 183 976.8898022198609 1.9806421154376355e-11 1
6 100 184 976.8898022198609 1.9780153589024118e-11 1
6 100 185 974.5412304425209 1.9753983832152697e-11 1
6 100 186 974.5412304425209 1.972781978089329e-11 1
6 100 187 974.5412304425209 1.9701484916369586e-11 1
6 100 188 974.5412304425209 1.9675320751172647e-11 1
6 100 189 972.2992870831409 1.964922598740691e-11 1
6 100 190 972.2992870831409 1.962287899543068e-11 1
6 100 191 972.2992870831409 1.9596593241090717e-11 1
6 100 192 972.2992870831409 1.9570619085607547e-11 1
6 100 193 972.2992870831409 1.9544713693476254e-11 1
6 100 194 973.7766430401709 1.951862446321926e-11 1
6 100 195 973.7766430401709 1.9492886016281503e-11 1
6 100 196 973.7766430401709 1.9467215360517487e-11 1
6 100 197 973.7766430401709 1.944149099787363e-11 1
6 100 198 973.0773632550209 1.9415923861046105e-11 1
6 100 199 973.0773632550209 1.9390537994651755e-11 1
6 100 200 973.0773632550209 1.9365237123080285e-11 1
6 100 201 973.0773632550209 1.9340182157727232e-11 1
6 100 202 971.9863598370509 1.93151919414028e-11 1
6 100 203 971.9863598370509 1.9290083764686056e-11 1
6 100 204 971.9863598370509 1.9265077996639715e-11 1
6 100 205 971.9863598370509 1.9240530476844797e-11 1
6 100 206 977.3757030987709 1.9216045434232492e-11 1
6 100 207 977.3757030987709 1.9191763815774348e-11 1
6 100 208 977.3757030987709 1.916773228942597e-11 1
6 100 209 977.3757030987709 1.9143760871363344e-11 1
6 100 210 979.6194164776709 1.911958682071684e-11 1
6 100 211 979.6194164776709 1.9095881524269487e-11 1
6 100 212 979.6194164776709 1.9072500659109012e-11 1
6 100 213 979.6194164776709 1.9049176978670897e-11 1
6 100 214 982.6954662823609 1.9044447408515658e-11 1
6 100 215 982.6954662823609 1.9044447408515658e-11 1
6 100 216 982.6954662823609 1.8963906768507707e-11 1
6 100 217 982.6954662823609 1.8963906768507707e-11 1
6 100 218 982.6954662823609 1.8963906768507707e-11 1
6 100 219 984.8868725323609 1.888957456087118e-11 1
6 100 220 984.8868725323609 1.888957456087118e-11 1
6 100 221 984.8868725323609 1.888957456087118e-11 1
6 100 222 984.8868725323609 1.8817859623521877e-11 1
6 100 223 990.0898144268909 1.8817859623521877e-11 1
6 100 224 990.0898144268909 1.8817859623521877e-11 1
6 100 225 990.0898144268909 1.874880023527558e-11 1
6 100 226 990.0898144268909 1.874880023527558e-11 1
6 100 227 991.2819530987709 1.874880023527558e-11 1
6 100 228 991.2819530987709 1.874880023527558e-11 1
6 100 229 991.2819530987709 1.8682509093811647e-11 1
6 100 230 991.2819530987709 1.8682509093811647e-11 1
6 100 231 991.9657909893909 1.8682509093811647e-11 1
6 100 232 991.9657909893909 1.861911277382051e-11 1
6 100 233 991.9657909893909 1.861911277382051e-11 1
6 100 234 991.9657909893909 1.861911277382051e-11 1
6 100 235 992.9432079815809 1.8558730611823738e-11 1
6 100 236 992.9432079815809 1.8558730611823738e-11 1
6 100 237 992.9432079815809 1.8558730611823738e-11 1
6 100 238 992.9432079815809 1.8558730611823738e-11 1
6 100 239 993.8669750714209 1.8558730611823738e-11 1
6 100 240 993.8669750714209 1.8558730611823738e-11 1
6 100 241 993.8669750714209 1.8558730611823738e-11 1
6 100 242 993.8669750714209 1.8558730611823738e-11 1
6 100 243 993.8669750714209 1.8437172779287678e-11 1
6 100 244 995.0055248761109 1.8437172779287678e-11 1
6 100 245 995.0055248761109 1.8385227406938076e-11 1
6 100 246 995.0055248761109 1.8385227406938076e-11 1
6 101 24 950.9403393292409 2.386018331587628e-11 1
6 101 25 952.2466137433009 2.3564554038835564e-11 1
6 101 26 955.2994091534609 2.320291744451702e-11 1
6 101 27 958.9245312237709 2.279514694740835e-11 1
6 101 28 962.9432079815809 2.2376565561785754e-11 1
6 101 29 964.5133984112709 2.2043946435912207e-11 1
6 101 30 966.3935253643909 2.1836410272737375e-11 1
6 101 31 968.0777294659609 2.1706689302702328e-11 1
6 101 32 968.3273022198609 2.1624544784266933e-11 1
6 101 33 968.7551586651709 2.1571770451919846e-11 1
6 101 34 969.0923779034609 2.1537693466325885e-11 1
6 101 35 969.9916698956409 2.151528321950758e-11 1
6 101 36 969.9916698956409 2.150053963919088e-11 1
6 101 37 969.9916698956409 2.1488906519616414e-11 1
6 101 38 969.9916698956409 2.1477483119289662e-11 1
6 101 39 970.3691723370509 2.1466071857760334e-11 1
6 101 40 970.3691723370509 2.145457234068494e-11 1
6 101 41 970.3691723370509 2.1443461143413735e-11 1
6 101 42 970.3691723370509 2.1432361449033112e-11 1
6 101 43 970.3691723370509 2.142120489872248e-11 1
6 101 44 970.6100170636109 2.141023002482277e-11 1
6 101 45 970.6100170636109 2.139951057787709e-11 1
6 101 46 970.6100170636109 2.1388801859358083e-11 1
6 101 47 970.6100170636109 2.1378176251962732e-11 1
6 101 48 970.8382885479909 2.136775152862877e-11 1
6 101 49 970.8382885479909 2.1357379412638613e-11 1
6 101 50 970.8382885479909 2.134703675296842e-11 1
6 101 51 970.8382885479909 2.1336939730982093e-11 1
6 101 52 972.2930004620509 2.1326941037378464e-11 1
6 101 53 972.2930004620509 2.1316951710352086e-11 1
6 101 54 972.2930004620509 2.130720408754027e-11 1
6 101 55 972.2930004620509 2.1297538455601896e-11 1
6 101 56 972.8529369854909 2.1287870142568582e-11 1
6 101 57 972.8529369854909 2.1278298862910003e-11 1
6 101 58 972.8529369854909 2.1277956620059307e-11 1
6 101 59 972.8529369854909 2.1277956620059307e-11 1
6 101 60 973.0066845440809 2.1266301563139222e-11 1
6 101 61 973.0066845440809 2.1266301563139222e-11 1
6 101 62 973.0066845440809 2.1236270030112594e-11 1
6 101 63 973.0066845440809 2.1236270030112594e-11 1
6 101 64 973.4042065167409 2.1236270030112594e-11 1
6 101 65 973.4042065167409 2.1207558428706692e-11 1
6 101 66 973.4042065167409 2.1207558428706692e-11 1
6 101 67 973.4042065167409 2.1207558428706692e-11 1
6 101 68 973.4042065167409 2.1207558428706692e-11 1
6 101 69 974.6541454815809 2.1180046880761307e-11 1
6 101 70 974.6541454815809 2.1180046880761307e-11 1
6 101 71 974.6541454815809 2.1180046880761307e-11 1
6 101 72 974.6541454815809 2.1153726352715395e-11 1
6 101 73 974.8964550518909 2.1153726352715395e-11 1
6 101 74 974.8964550518909 2.1153726352715395e-11 1
6 101 75 974.8964550518909 2.1128697223795288e-11 1
6 101 76 974.8964550518909 2.1128697223795288e-11 1
6 101 77 975.2440502667409 2.1128697223795288e-11 1
6 101 78 975.2440502667409 2.1128697223795288e-11 1
6 101 79 975.2440502667409 2.1128697223795288e-11 1
6 101 80 975.2440502667409 2.1128697223795288e-11 1
6 101 81 975.7696850323609 2.1128697223795288e-11 1
6 101 82 975.7696850323609 2.1128697223795288e-11 1
6 101 83 975.7696850323609 2.109971851373463e-11 1
6 101 84 975.7696850323609 2.109971851373463e-11 1
6 101 85 976.3212597393909 2.107781288102103e-11 1
6 101 86 976.3212597393909 2.107781288102103e-11 1
6 102 24 951.8626415753309 2.3491138131591726e-11 1
6 102 25 954.0066845440809 2.324284008382704e-11 1
6 102 26 956.4350903058009 2.294209550361443e-11 1
