2 19 27 998.4414324261705 3.1351201793252124e-10 1
2 20 17 921.6746477582105 1.86218191297687e-10 1
2 20 18 929.5529436566405 1.8464022906941621e-10 1
2 20 19 936.9820208050805 1.9766020944635173e-10 1
2 20 20 948.2786516644605 2.2434893003946843e-10 1
2 20 21 952.8634905316405 2.554288094682041e-10 1
2 20 22 972.4858049847705 2.767110880162794e-10 1
2 20 23 1001.4580339886705 2.830114595474337e-10 1
2 20 24 1013.3654436566405 2.8269137906288287e-10 1
2 20 25 1017.3642229535205 2.9108968591064874e-10 1
2 20 26 1022.9133562543005 2.8241918725190666e-10 1
2 20 27 1033.0576433636704 2.6121777980122466e-10 1
2 21 11 967.1020769574205 2.2368257687503054e-10 1
2 21 12 973.2401384808605 2.277061364630045e-10 1
2 21 13 980.0824846722705 2.0938762469381843e-10 1
2 21 14 984.7500872113305 2.0328187962949494e-10 1
2 21 15 988.0188860394605 2.0486672395384064e-10 1
2 21 16 992.5820574261705 2.0391283755053223e-10 1
2 21 17 996.0119280316405 1.9647858610462982e-10 1
2 21 18 999.1039690472705 1.9068198526201937e-10 1
