6 113 272 1019.2730372952285 7.710785887119746e-12 1
6 113 273 1009.7966266396818 7.707129094412332e-12 1
6 113 274 994.9189331469315 7.707129094412332e-12 1
6 114 266 993.750415678888 8.077751732291227e-12 1
6 114 267 999.8763616815843 7.924464504275776e-12 1
6 114 268 1006.971449537222 7.805186813360916e-12 1
6 114 269 1022.2191982179247 7.72890324741193e-12 1
6 114 270 1026.8263507722143 7.69197892401517e-12 1
6 114 271 1028.2121289899658 7.676712323788558e-12 1
6 114 272 1026.6663297216253 7.67235010006591e-12 1
6 114 273 1022.2470315761203 7.685715049675145e-12 1
6 114 274 1010.8659757068746 7.685715049675145e-12 1
6 115 260 1018.9017884989427 8.957957694331327e-12 1
6 115 261 1020.2306956388459 8.88802789615072e-12 1
6 115 262 1021.6331117244393 8.781079040212386e-12 1
6 115 263 1023.7599718461378 8.639438140590547e-12 1
6 115 264 1024.577462786923 8.472136652234491e-12 1
6 115 265 1025.2465862513675 8.292688985135013e-12 1
6 115 266 1021.1876764829971 8.117353337638305e-12 1
6 115 267 1028.5495898389438 7.96051982457988e-12 1
6 115 268 1029.6026817165407 7.834372405193931e-12 1
6 115 269 1032.526305890258 7.746820638160683e-12 1
6 116 199 965.2990865472203 9.61727114567997e-12 1
6 116 200 965.7568056771206 9.604095406973806e-12 1
6 116 201 966.2198463998603 9.591043913587318e-12 1
6 116 202 966.7951555802779 9.578170347568526e-12 1
6 116 203 967.3820050973635 9.565334320965932e-12 1
6 116 204 967.968854614465 9.552615938221363e-12 1
6 116 205 968.5557041315601 9.54006740639121e-12 1
6 116 206 969.3328170931035 9.52755179937935e-12 1
6 116 207 970.1621322993954 9.515000418742327e-12 1
6 116 208 970.9914475056645 9.502820794055162e-12 1
6 116 209 971.8207627119981 9.490672310431112e-12 1
6 116 210 972.6035343254805 9.47850610584893e-12 1
6 116 211 973.3574830718727 9.466589819841992e-12 1
6 116 212 974.1114318183062 9.454815265669195e-12 1
6 116 213 974.8653805646986 9.443058887790548e-12 1
6 116 214 975.6269689542393 9.431381116042716e-12 1
6 116 215 976.3978786693498 9.419997978927384e-12 1
6 116 216 977.1687883844784 9.408671244174918e-12 1
6 116 217 977.939698099589 9.39738443233786e-12 1
6 116 218 978.867580610319 9.386413619493036e-12 1
6 116 219 980.1926042941786 9.37552314426173e-12 1
6 116 220 981.5176279779357 9.364657910833721e-12 1
6 116 221 982.8426516616054 9.354088896217974e-12 1
6 116 222 984.0586222615807 9.343652904985701e-12 1
6 116 223 984.8582346382884 9.333230871129276e-12 1
6 116 224 985.6148168753513 9.322921716570602e-12 1
6 116 225 986.3713991124052 9.312935767985898e-12 1
6 116 226 987.200381905232 9.302994638338587e-12 1
6 116 227 988.3995930269493 9.29309423121943e-12 1
6 116 228 989.6988779280705 9.283621462843982e-12 1
6 116 229 990.9981628292924 9.274167986636094e-12 1
6 116 230 992.3639428035849 9.264704593959277e-12 1
6 116 231 994.2860688810295 9.255536472385688e-12 1
6 116 232 996.4670048550265 9.246561349354498e-12 1
6 116 233 998.6479408289068 9.237605016516146e-12 1
6 116 234 1000.8094022556405 9.228821191503283e-12 1
6 116 235 1002.3405133275852 9.220332152905941e-12 1
6 116 236 1003.4326810730497 9.211872456472808e-12 1
6 116 237 1004.5248488185725 9.20344918924154e-12 1
6 116 238 1005.6170165640661 9.195477150958943e-12 1
6 116 239 1006.4597661241685 9.187518911501262e-12 1
6 116 240 1007.0258514839 9.17955698605842e-12 1
6 116 241 1007.5823016136458 9.171938896136117e-12 1
6 116 242 1008.1387517434061 9.164474975351745e-12 1
6 116 243 1008.7764876426522 9.157020177255261e-12 1
6 116 244 1009.5719247201106 9.149721976846782e-12 1
6 116 245 1010.3784993391747 9.142723805843618e-12 1
6 116 246 1011.1850739582176 9.135745156757762e-12 1
6 116 247 1012.0501647278752 9.128795990756221e-12 1
6 116 248 1013.150679378007 9.122246238503373e-12 1
6 116 249 1014.2738367759932 9.115697427598336e-12 1
6 116 250 1015.3969941740388 9.109158012659369e-12 1
6 116 251 1016.476495455976 9.102929531630166e-12 1
6 116 252 1016.728325905529 9.096831148631343e-12 1
6 116 253 1016.8844503042219 9.090739400246527e-12 1
6 116 254 1017.0405747029187 9.084794857678105e-12 1
6 116 255 1017.1966991016116 9.077671117663213e-12 1
6 116 256 1017.3666002553667 9.067060539671043e-12 1
6 116 257 1017.6031619155599 9.0521066394126e-12 1
6 116 258 1018.027130446319 9.031139954954249e-12 1
6 116 259 1019.2999930789578 9.002204499361862e-12 1
6 116 260 1020.4670172284273 8.961394836249116e-12 1
6 116 261 1021.9819449583644 8.901366682794104e-12 1
6 116 262 1023.3905880095097 8.811684899880476e-12 1
6 116 263 1025.99997003829 8.661757421097163e-12 1
6 117 121 974.0581793929589 1.049977592756935e-11 1
6 117 122 974.0411950700142 1.0494633113858676e-11 1
6 117 123 973.8026170230839 1.0489497141608682e-11 1
6 117 124 973.5396335416685 1.0483997707680049e-11 1
6 117 125 973.2766500602326 1.0477901096981707e-11 1
6 117 126 973.0361542892916 1.0471811572713838e-11 1
6 117 127 972.9026005713916 1.0465647692283286e-11 1
6 117 128 972.7978084419437 1.0458602910371982e-11 1
6 117 129 972.6930163125102 1.0451601627213603e-11 1
6 117 130 972.6429603704274 1.0444609711496405e-11 1
6 117 131 973.0362737442333 1.0436952168985853e-11 1
6 117 132 973.6284570319488 1.0429081212338926e-11 1
6 117 133 974.2206403196531 1.0421223462186928e-11 1
6 117 134 974.8041601989886 1.0413069346274211e-11 1
6 117 135 975.0520002028697 1.0404423941298385e-11 1
6 117 136 975.0803311722493 1.0395792880032583e-11 1
6 117 137 975.1086621416291 1.0387063071522123e-11 1
6 117 138 975.1369931110099 1.0377597064545355e-11 1
6 117 139 975.1392807903702 1.036820432308355e-11 1
6 117 140 975.1135679416948 1.0358828568947985e-11 1
6 117 141 975.0870042525291 1.0348885764136266e-11 1
6 117 142 975.0604405633642 1.0338803806593651e-11 1
6 117 143 975.4179623910834 1.0328743655867444e-11 1
6 117 144 976.519099929174 1.0318449217556032e-11 1
6 117 145 977.6628448380503 1.0307760300036731e-11 1
6 117 146 978.806589746993 1.0297093504974548e-11 1
6 117 147 979.9510899603257 1.028633217941365e-11 1
6 117 148 981.0987363231405 1.0274998373141683e-11 1
6 117 149 982.2466218761238 1.026376651593256e-11 1
6 117 150 983.3945074291296 1.0252559187557345e-11 1
6 117 151 984.5135810350985 1.0240962457360476e-11 1
6 117 152 984.9463753389401 1.0229225236304212e-11 1
6 117 153 985.3173442403228 1.0217499985378233e-11 1
6 117 154 985.6883131416765 1.0205495625323387e-11 1
6 117 155 986.0592820430343 1.0193278925573184e-11 1
6 117 156 986.6480113201402 1.0181136307539372e-11 1
6 117 157 987.2944978294927 1.0168994923844105e-11 1
6 117 158 987.9409843388635 1.0156349303452196e-11 1
6 117 159 988.5874708482281 1.0143831888738468e-11 1
6 117 160 989.0094910977768 1.0131345290766754e-11 1
6 117 161 989.2958112902818 1.0118604915713844e-11 1
6 117 162 989.5821314827785 1.0105781983708949e-11 1
6 117 163 989.8684516752975 1.0092973416125802e-11 1
6 117 164 989.915441188224 1.0079982591235773e-11 1
6 117 165 989.6770177167707 1.0066892654951813e-11 1
6 117 166 989.4385942453039 1.0053836671942528e-11 1
6 117 167 989.2001707738506 1.0040681735241159e-11 1
6 117 168 988.8579013971247 1.0027286847799329e-11 1
6 117 169 988.2600896456447 1.0014032182592141e-11 1
6 117 170 987.6622778941819 1.0000812512738442e-11 1
6 117 171 987.0644661426727 9.987339492656499e-12 1
6 117 172 986.4582316534736 9.973946984731641e-12 1
6 117 173 985.821393353276 9.960594880697297e-12 1
6 117 174 985.1812846368152 9.947205336897234e-12 1
6 117 175 984.5411759204402 9.933732252123522e-12 1
6 117 176 983.9458990228444 9.920295615472243e-12 1
6 117 177 983.571377216094 9.906750826246864e-12 1
6 117 178 983.2564252093861 9.893128095572818e-12 1
6 117 179 982.9414732026848 9.879654448806036e-12 1
6 117 180 982.612557797252 9.866217452176595e-12 1
6 117 181 982.1688920155493 9.8527650379486e-12 1
6 117 182 981.6727707918589 9.839328354408168e-12 1
6 117 183 981.1766495681628 9.825907542640845e-12 1
6 117 184 980.689325644899 9.812414412056701e-12 1
6 117 185 980.5107917474322 9.79903034312037e-12 1
6 117 186 980.5407608124399 9.785682736014938e-12 1
6 117 187 980.5707298774471 9.772236794304313e-12 1
6 117 188 980.600698942455 9.758852805734251e-12 1
6 117 189 980.6448789257145 9.74561348526214e-12 1
6 117 190 980.7045687323468 9.732410038296808e-12 1
6 117 191 980.7647675750158 9.71928359834409e-12 1
6 117 192 980.8249664176799 9.706209139568915e-12 1
6 117 193 980.9598024111272 9.693151276978632e-12 1
6 117 194 981.2392034674311 9.680023574407996e-12 1
6 117 195 981.5278721242845 9.667090615015893e-12 1
6 117 196 981.8165407811458 9.65425253008134e-12 1
6 117 197 982.281051724216 9.64145429635676e-12 1
6 117 198 983.4648725289115 9.628810640037524e-12 1
6 117 199 984.7106577306403 9.616200101684544e-12 1
6 117 200 985.956442932335 9.603553415666979e-12 1
6 117 201 987.1699771920388 9.59095486440725e-12 1
6 117 202 987.7031205120715 9.57861599390797e-12 1
6 117 203 988.1663248602571 9.566314122814758e-12 1
6 117 204 988.6295292084556 9.554111283247108e-12 1
6 117 205 989.0927335566488 9.542049786764927e-12 1
6 117 206 989.8537693510006 9.530018705726997e-12 1
6 117 207 990.6965206324504 9.517944390791514e-12 1
6 117 208 991.5392719138774 9.50616521067722e-12 1
6 117 209 992.3820231953697 9.494509115826031e-12 1
6 117 210 993.2370180395143 9.482881570480627e-12 1
6 117 211 994.0995949064542 9.471473791037304e-12 1
6 117 212 994.9621717734414 9.460170483479446e-12 1
6 117 213 995.8247486403816 9.448878166586828e-12 1
6 117 214 996.8747289879686 9.437667129987536e-12 1
6 117 215 998.1533651547074 9.426764044114416e-12 1
6 117 216 999.4320013214765 9.415886121261485e-12 1
6 117 217 1000.7106374882156 9.404944107300491e-12 1
6 117 218 1001.859984846037 9.394351776664825e-12 1
6 117 219 1002.682231517402 9.38386611228515e-12 1
6 117 220 1003.5044781887032 9.373403829310673e-12 1
6 117 221 1004.3267248599502 9.363217003685375e-12 1
6 117 222 1005.1531173468429 9.353153879837447e-12 1
6 117 223 1005.9953383121681 9.343098474970732e-12 1
6 117 224 1006.8391951324157 9.333110518751473e-12 1
6 117 225 1007.6830519526535 9.323445011961668e-12 1
6 117 226 1008.4781986101921 9.313832467170317e-12 1
6 117 227 1009.0242604097791 9.304258132253212e-12 1
6 117 228 1009.5029938576632 9.295086902331769e-12 1
6 117 229 1009.9817273055844 9.28593373481356e-12 1
6 117 230 1010.4902708484221 9.27675153018474e-12 1
6 117 231 1011.2482273082016 9.267833684636536e-12 1
6 117 232 1012.1222096210682 9.259142101685994e-12 1
6 117 233 1012.996191933888 9.250469269147535e-12 1
6 117 234 1013.8612039352114 9.241963542635761e-12 1
6 117 235 1014.4358657173802 9.233720151594154e-12 1
6 117 236 1014.8083426509673 9.225491452871604e-12 1
6 117 237 1015.1808195845746 9.21724593059328e-12 1
6 117 238 1015.5532965181717 9.209405417612154e-12 1
6 117 239 1015.8944780357257 9.201613750786806e-12 1
6 118 61 985.9214149558096 1.0753394195060379e-11 1
6 118 62 986.5478716422122 1.0701206874477358e-11 1
6 118 63 985.2831346568831 1.0669592149162899e-11 1
6 118 64 985.2402151249847 1.0650084908055313e-11 1
6 118 65 986.6124423613165 1.0637659750846058e-11 1
6 118 66 986.9504267190589 1.062977315644879e-11 1
6 118 67 987.6263954345488 1.0624479198046471e-11 1
6 118 68 987.8866399801262 1.0620471853475498e-11 1
6 118 69 987.9657360955229 1.0616514095968616e-11 1
6 118 70 988.0448322109243 1.0612559287108403e-11 1
6 118 71 988.1239283263209 1.0608763771359156e-11 1
6 118 72 988.1479925549934 1.0605034047397635e-11 1
6 118 73 987.9895345319977 1.0601300943883297e-11 1
6 118 74 987.8104234802115 1.0597609099209872e-11 1
6 118 75 987.6313124284283 1.0594087903250183e-11 1
6 118 76 987.4609027725791 1.0590587206280122e-11 1
6 118 77 987.3305684127748 1.0587098816061551e-11 1
6 118 78 987.210958138222 1.0583821173109694e-11 1
6 118 79 987.0913478636684 1.0580545558970188e-11 1
6 118 80 987.0113163443855 1.0577256681415035e-11 1
6 118 81 987.2483380877384 1.0574106676493972e-11 1
6 118 82 987.6246937810479 1.0571022215979187e-11 1
6 118 83 988.0010494743253 1.0567939582611969e-11 1
6 118 84 988.3764839224041 1.056493466752782e-11 1
6 118 85 988.711633507339 1.0562044664673177e-11 1
6 118 86 989.02130330008 1.0559149979469443e-11 1
6 118 87 989.3309730928453 1.0556264577284728e-11 1
6 118 88 989.6406428855865 1.0553531016581783e-11 1
6 118 89 989.7804374606364 1.0550775522139476e-11 1
6 118 90 989.7400913219686 1.054802146622379e-11 1
6 118 91 989.6947870805923 1.054536385991831e-11 1
6 118 92 989.6494828392144 1.0542745932545727e-11 1
6 118 93 989.575161473204 1.0540135236765697e-11 1
6 118 94 989.4446182849857 1.0537600931372729e-11 1
6 118 95 989.311252049656 1.0535066351288284e-11 1
6 118 96 989.1778858143305 1.0532503299099802e-11 1
6 118 97 989.0708170663602 1.0529942979003275e-11 1
6 118 98 989.0754569777561 1.0527414887403422e-11 1
6 118 99 989.0874521029095 1.0524888009430863e-11 1
6 118 100 989.099447228064 1.0522400403687113e-11 1
6 118 101 989.1221136672144 1.051986547285919e-11 1
6 118 102 989.4371226474794 1.0517293607642165e-11 1
6 118 103 989.7747967864597 1.051473480670934e-11 1
6 118 104 990.1124709254295 1.051222663111337e-11 1
6 118 105 990.4501450644256 1.0509572828597766e-11 1
6 118 106 990.8362259559514 1.0506872580073798e-11 1
6 118 107 991.2347100011624 1.0504164665911977e-11 1
6 118 108 991.6331940463971 1.0501269307512532e-11 1
6 118 109 992.031678091608 1.0498375544821163e-11 1
6 118 110 992.4142144496478 1.04955581949269e-11 1
6 118 111 992.7873402355169 1.049259736066819e-11 1
6 118 112 993.1604660213926 1.0489366844677888e-11 1
6 118 113 993.5335918072616 1.048613331929446e-11 1
6 118 114 993.9225203161749 1.0482764116800342e-11 1
6 118 115 994.3298691772161 1.0479066338251141e-11 1
6 118 116 994.7372180382256 1.047531170318673e-11 1
6 118 117 995.1445668992386 1.0471534236466012e-11 1
6 118 118 995.4581055997893 1.0467186771749507e-11 1
6 118 119 995.5470411275761 1.046275107033433e-11 1
6 118 120 995.6359766553654 1.0458319126779429e-11 1
6 118 121 995.7249121831541 1.045334285070444e-11 1
6 118 122 995.8250826420019 1.0448150258144231e-11 1
6 118 123 995.9642061437377 1.0442968526142682e-11 1
6 118 124 996.1076197757102 1.0437505937823712e-11 1
6 118 125 996.2510334076941 1.0431522265757328e-11 1
6 118 126 996.3988483381039 1.0425551196846697e-11 1
6 118 127 996.5675939849374 1.04195482389634e-11 1
6 118 128 996.7419688546616 1.0412755064574944e-11 1
6 118 129 996.916343724362 1.0405993454808346e-11 1
6 118 130 997.1176596046203 1.0399240620759095e-11 1
6 118 131 997.5372007210076 1.0391942904557078e-11 1
6 118 132 998.054625097172 1.0384432234332143e-11 1
6 118 133 998.5720494733265 1.037692279065574e-11 1
6 118 134 999.0848312258817 1.0369059802033807e-11 1
6 118 135 999.417725889751 1.0360790597382857e-11 1
6 118 136 999.6329881185156 1.0352569276845552e-11 1
6 118 137 999.8482503472824 1.0344323546205829e-11 1
6 118 138 1000.0635125760554 1.0335345080077395e-11 1
6 118 139 1000.2702008581645 1.0326460130550444e-11 1
6 118 140 1000.4676708336156 1.0317590444088578e-11 1
6 118 141 1000.6648606961824 1.0308247364743818e-11 1
6 118 142 1000.8620505587435 1.0298724293828437e-11 1
6 118 143 1001.0473185116912 1.0289203688915114e-11 1
6 118 144 1001.2095048358883 1.0279403099486205e-11 1
6 118 145 1001.3703686389408 1.0269317194896448e-11 1
6 118 146 1001.5312324420026 1.0259251063003154e-11 1
6 118 147 1001.7207378602819 1.0249065464165478e-11 1
6 118 148 1002.0295472244002 1.02383477962177e-11 1
6 118 149 1002.3474268290503 1.022776089558417e-11 1
6 118 150 1002.6653064337066 1.0217195866973116e-11 1
6 118 151 1002.9773199914906 1.0206151914822286e-11 1
6 118 152 1003.1496086446167 1.0195111471659306e-11 1
6 118 153 1003.3093097864588 1.0184100021857743e-11 1
6 118 154 1003.4690109282884 1.0172924138624452e-11 1
6 118 155 1003.6287120701197 1.0161465161025073e-11 1
6 118 156 1003.8136406220651 1.0150031969605585e-11 1
6 118 157 1004.0052603150322 1.013848277789772e-11 1
6 118 158 1004.1968800080045 1.0126557813338801e-11 1
6 118 159 1004.3884997009752 1.0114788971716803e-11 1
6 118 160 1004.5489338231624 1.0103047453269093e-11 1
6 118 161 1004.6905148502983 1.0091072146848743e-11 1
6 119 54 981.2374836809512 1.138557970057825e-11 1
6 119 55 983.3380849166557 1.127549225881073e-11 1
6 119 56 984.8307755023593 1.1166040856219055e-11 1
6 119 57 985.4833124612018 1.1060102450899321e-11 1
6 119 58 986.8873918834165 1.095942199193282e-11 1
6 119 59 988.8276248186297 1.0865548963671218e-11 1
6 119 60 990.4907659201306 1.0779773031103998e-11 1
6 119 61 991.6906246637786 1.0708591296472148e-11 1
6 119 62 993.3261444401728 1.0659758845903422e-11 1
6 119 63 994.4710969447758 1.0630185775492689e-11 1
6 119 64 995.0713775446679 1.061186280399358e-11 1
6 119 65 995.655444518377 1.0600186203404314e-11 1
6 119 66 995.7151023090682 1.0592716592537556e-11 1
6 119 67 995.8344178904518 1.0587760281624443e-11 1
6 119 68 995.9442285968036 1.0583954836034466e-11 1
6 119 69 996.1709050595188 1.058017489276308e-11 1
6 119 70 996.3975815222478 1.057639764845827e-11 1
6 119 71 996.6242579849629 1.057274266497996e-11 1
6 119 72 996.8202642665001 1.0569139440146909e-11 1
6 119 73 996.9145478766557 1.0565538698647436e-11 1
6 119 74 996.9973212120864 1.0561997318897858e-11 1
6 119 75 997.0800945475155 1.0558551475856412e-11 1
6 119 76 997.1657449439293 1.0555107880488653e-11 1
6 119 77 997.2646459810264 1.0551686242484143e-11 1
6 119 78 997.367092868405 1.0548408891970636e-11 1
6 119 79 997.4695397557846 1.0545121561293786e-11 1
6 120 48 973.5049608734679 1.184607937015121e-11 1
6 120 49 974.4910151195016 1.1772481987303479e-11 1
6 120 50 975.6132503107322 1.1690778861171886e-11 1
6 120 51 977.0781799273599 1.1601809411707585e-11 1
6 120 52 978.8975293664862 1.1506781743828891e-11 1
6 120 53 980.9407315197059 1.1407119998289978e-11 1
6 120 54 983.1639083526944 1.1304516832435836e-11 1
6 120 55 984.7546414766202 1.1200733426835944e-11 1
6 120 56 986.0837729235261 1.1097561534075478e-11 1
6 120 57 988.0120991030433 1.099752302929308e-11 1
6 121 48 973.8104757014846 1.1748293712020087e-11 1
6 121 49 975.2713539214573 1.1675344231799142e-11 1
6 121 50 976.3643010033567 1.1595692270086926e-11 1
6 121 51 977.6084662316181 1.1516556279753315e-11 1
