2 55 104 987.387049309897 1.2882203858808065e-10 1
2 55 105 1007.988794915367 1.1898291960161562e-10 1
2 55 106 1031.482081048177 1.292073155228986e-10 1
2 55 107 1024.438807122397 1.6860563836846748e-10 1
2 56 79 967.010462395837 1.1541024505989865e-10 1
2 56 80 967.010462395837 1.168150609367819e-10 1
2 56 81 969.996668450527 1.1811754666156431e-10 1
2 56 82 972.804468743497 1.1931390892623914e-10 1
2 56 83 974.802698723967 1.2039757164077744e-10 1
2 56 84 981.718714348967 1.2136722787339685e-10 1
2 56 85 981.718714348967 1.2222203215407405e-10 1
2 56 86 984.732020013027 1.2296684860873398e-10 1
2 56 87 989.061976067717 1.236041456871767e-10 1
2 56 88 993.940210930997 1.241459056051941e-10 1
2 56 89 1003.620691888027 1.2459607990951078e-10 1
2 56 90 1003.620691888027 1.2497142635638727e-10 1
2 56 91 1007.284815423177 1.2527608223894353e-10 1
2 56 92 1010.469568841147 1.255046323430792e-10 1
2 56 93 1013.704249016927 1.2565546935426987e-10 1
2 56 94 1018.686548821617 1.2576125813431524e-10 1
2 56 95 1018.686548821617 1.2580806272237224e-10 1
2 56 96 1020.899378411467 1.2581628801164767e-10 1
2 56 97 1023.155603997397 1.2579696783469923e-10 1
2 56 98 1023.530909173177 1.2575319259457552e-10 1
2 56 99 1024.492762200527 1.2569882898176574e-10 1
2 56 100 1026.003077141927 1.2585847129815094e-10 1
2 56 101 1027.509119622397 1.2721117947159413e-10 1
2 56 102 1030.399378411467 1.3160907972955489e-10 1
2 56 103 1033.339136712247 1.3266557893416811e-10 1
2 56 104 1035.739100091147 1.2326466278831854e-10 1
2 56 105 1040.131250970057 1.1191935303456004e-10 1
2 57 32 983.400538079427 9.201583040010145e-11 1
2 57 33 985.677393548177 9.182292293909261e-11 1
2 57 34 984.378687493497 9.157084843133458e-11 1
2 57 35 984.378687493497 9.131010309773213e-11 1
2 57 36 982.089502923177 9.095152438669302e-11 1
2 57 37 981.035425774747 9.050216275248719e-11 1
2 57 38 983.904932610677 8.999257653028161e-11 1
2 57 39 985.063990227867 8.940074910865597e-11 1
2 57 40 985.063990227867 8.875440789806736e-11 1
2 57 41 984.891138665367 8.809793778098304e-11 1
2 57 42 984.369593255217 8.743025867901864e-11 1
2 57 43 982.817957513027 8.677949557269574e-11 1
2 57 44 985.929102532557 8.61457856381387e-11 1
2 57 45 985.929102532557 8.555248985611782e-11 1
2 57 46 987.631067864587 8.497949291038863e-11 1
2 57 47 986.827601067717 8.442986816498e-11 1
2 57 48 982.926111809897 8.389477347311403e-11 1
2 57 49 985.577234856777 8.339986258133116e-11 1
2 57 50 985.577234856777 8.295100752508871e-11 1
2 57 51 987.990625970057 8.257084932673986e-11 1
2 57 52 991.424402825527 8.230237438203943e-11 1
2 57 53 994.352625481777 8.219004679626044e-11 1
2 57 54 994.587793938807 8.225021785492928e-11 1
2 57 55 994.587793938807 8.248103061410713e-11 1
2 57 56 995.647547356777 8.286349787163746e-11 1
2 57 57 995.487330071617 8.339575712307654e-11 1
2 57 58 996.789820305997 8.409560252077812e-11 1
2 57 59 997.801539055997 8.494335617842267e-11 1
2 57 60 997.801539055997 8.589661112039067e-11 1
2 57 61 999.050379388027 8.693207703502966e-11 1
2 57 62 999.714869134117 8.80408656386844e-11 1
2 57 63 1000.840784661467 8.920770188797063e-11 1
2 57 64 1004.552027337247 9.040999543286987e-11 1
2 57 65 1004.552027337247 9.164613603571849e-11 1
2 57 66 1006.440027825527 9.29003127095801e-11 1
2 57 67 1007.152735345057 9.421827231370469e-11 1
2 57 68 1007.803309075527 9.559967235225166e-11 1
2 57 69 1007.572535149747 9.704761672304198e-11 1
2 57 70 1007.572535149747 9.859290964369992e-11 1
2 57 71 1006.539698235677 1.0016503104790974e-10 1
2 57 72 1004.942896477867 1.0170248723120288e-10 1
2 57 73 1002.594324700527 1.0318951926017026e-10 1
2 57 74 1000.352381341147 1.0463388053823188e-10 1
2 57 75 1000.352381341147 1.0605027078655042e-10 1
2 57 76 1001.829737298177 1.0741968723967701e-10 1
2 57 77 1001.130457513027 1.0873909082090025e-10 1
2 57 78 1000.039454095057 1.099953786252491e-10 1
2 57 79 1005.428797356777 1.1121172831614568e-10 1
2 57 80 1005.428797356777 1.1234170622069179e-10 1
2 57 81 1007.672510735677 1.1340091437943332e-10 1
2 57 82 1010.748560540367 1.1526542213216281e-10 1
2 57 83 1012.939966790367 1.1612209333744519e-10 1
2 57 84 1018.142908684897 1.1685318731439067e-10 1
2 57 85 1018.142908684897 1.1746918575837317e-10 1
2 57 86 1019.335047356777 1.179871113627607e-10 1
2 57 87 1020.018885247397 1.1841679691381569e-10 1
2 57 88 1020.996302239587 1.1875959861371993e-10 1
2 57 89 1021.920069329427 1.1875959861371993e-10 1
2 57 90 1021.920069329427 1.2076016845541137e-10 1
2 57 91 1023.058619134117 1.2094279872147872e-10 1
2 58 24 978.993433587247 9.849946768491547e-11 1
2 58 25 980.299708001307 1.0069703659704535e-10 1
2 58 26 983.352503411467 1.0160733099324526e-10 1
2 58 27 986.977625481777 1.0079146073551636e-10 1
2 58 28 990.996302239587 9.697546725219942e-11 1
2 58 29 992.835840813807 9.196729661597941e-11 1
2 58 30 996.130823723967 9.072648573170657e-11 1
2 58 31 998.044764153647 9.106896836082203e-11 1
2 58 32 998.663111321617 9.111471083729038e-11 1
2 58 33 1000.346094720057 9.107633546115684e-11 1
2 58 34 1000.906031243497 9.102261923935008e-11 1
2 58 35 1000.906031243497 9.119923740872158e-11 1
2 58 36 1001.059778802087 9.104979007532319e-11 1
2 58 37 1001.457300774747 9.08554016098168e-11 1
2 58 38 1002.707239739587 9.062792780023656e-11 1
2 58 39 1002.949549309897 9.037709295935868e-11 1
2 58 40 1002.949549309897 9.011543565098674e-11 1
2 58 41 1003.297144524747 8.944641247357811e-11 1
2 58 42 1003.822779290367 9.020182410396183e-11 1
2 58 43 1004.374353997397 8.901052259863635e-11 1
2 59 24 979.915735833337 9.942954242019663e-11 1
2 59 25 982.059778802087 1.0188492395087527e-10 1
2 59 26 984.488184563807 1.0129407446047214e-10 1
