3 19 27 991.217194653199 3.135120179325225e-10 1
3 20 17 914.450409985239 1.8621819129768744e-10 1
3 20 18 922.328705883669 1.8464022906941621e-10 1
3 20 19 929.757783032109 1.9766020944635124e-10 1
3 20 20 941.054413891489 2.243489300394678e-10 1
3 20 21 945.639252758669 2.554288094682041e-10 1
3 20 22 965.261567211799 2.767110880162784e-10 1
3 20 23 994.233796215699 2.8301145954743473e-10 1
3 20 24 1006.141205883669 2.8269137906288184e-10 1
3 20 25 1010.139985180549 2.910896859106498e-10 1
3 20 26 1015.689118481329 2.824191872519056e-10 1
3 20 27 1025.833405590699 2.6121777980122554e-10 1
3 21 11 959.877839184449 2.236825768750299e-10 1
3 21 12 966.015900707889 2.277061364630045e-10 1
3 21 13 972.858246899299 2.0938762469381843e-10 1
3 21 14 977.525849438359 2.0328187962949494e-10 1
3 21 15 980.794648266489 2.048667239538401e-10 1
3 21 16 985.357819653199 2.0391283755053274e-10 1
3 21 17 988.787690258669 1.9647858610462982e-10 1
3 21 18 991.879731274299 1.906819852620189e-10 1
