2 19 27 996.5067362704459 3.1351201793252124e-10 1
2 20 17 919.7399516024859 1.86218191297687e-10 1
2 20 18 927.6182475009159 1.8464022906941621e-10 1
2 20 19 935.0473246493559 1.9766020944635173e-10 1
2 20 20 946.3439555087359 2.2434893003946843e-10 1
2 20 21 950.9287943759159 2.554288094682041e-10 1
2 20 22 970.5511088290459 2.767110880162794e-10 1
2 20 23 999.5233378329459 2.830114595474337e-10 1
2 20 24 1011.4307475009159 2.8269137906288287e-10 1
2 20 25 1015.4295267977959 2.9108968591064874e-10 1
2 20 26 1020.9786600985759 2.8241918725190666e-10 1
2 20 27 1031.122947207946 2.6121777980122466e-10 1
2 21 11 965.1673808016959 2.2368257687503054e-10 1
2 21 12 971.3054423251359 2.277061364630045e-10 1
2 21 13 978.1477885165459 2.0938762469381843e-10 1
2 21 14 982.8153910556059 2.0328187962949494e-10 1
2 21 15 986.0841898837359 2.0486672395384064e-10 1
2 21 16 990.6473612704459 2.0391283755053223e-10 1
2 21 17 994.0772318759159 1.9647858610462982e-10 1
2 21 18 997.1692728915459 1.9068198526201937e-10 1
