4 55 104 963.9442948272346 1.8372260423062345e-11 1
4 55 105 984.5460404327046 1.9845640333342327e-11 1
4 55 106 1008.0393265655146 2.0534329000000592e-11 1
4 55 107 1000.9960526397346 2.195271871572142e-11 1
4 56 79 943.5677079131746 1.002048224845866e-11 1
4 56 80 943.5677079131746 1.0185222143759727e-11 1
4 56 81 946.5539139678646 1.0353140904696422e-11 1
4 56 82 949.3617142608346 1.0522515991026294e-11 1
4 56 83 951.3599442413046 1.0694181001144592e-11 1
4 56 84 958.2759598663046 1.0865354169971832e-11 1
4 56 85 958.2759598663046 1.1035238596841455e-11 1
4 56 86 961.2892655303646 1.1204755074438205e-11 1
4 56 87 965.6192215850546 1.1373548368175559e-11 1
4 56 88 970.4974564483346 1.1537502226478173e-11 1
4 56 89 980.1779374053646 1.1700128936264492e-11 1
4 56 90 980.1779374053646 1.1856838229305817e-11 1
4 56 91 983.8420609405146 1.2007093911450899e-11 1
4 56 92 987.0268143584846 1.2152843435368577e-11 1
4 56 93 990.2614945342646 1.2293584026110095e-11 1
4 56 94 995.2437943389546 1.2424095230033457e-11 1
4 56 95 995.2437943389546 1.2547428946740697e-11 1
4 56 96 997.4566239288046 1.2660942093321015e-11 1
4 56 97 999.7128495147346 1.2763950635535526e-11 1
4 56 98 1000.0881546905146 1.2878388617573252e-11 1
4 56 99 1001.0500077178646 1.301949906705244e-11 1
4 56 100 1002.5603226592646 1.3180530586286186e-11 1
4 56 101 1004.0663651397346 1.3389455824813516e-11 1
4 56 102 1006.9566239288046 1.3870949959786833e-11 1
4 56 103 1009.8963822295846 1.5018946707444906e-11 1
4 56 104 1012.2963456084846 1.6887979529096187e-11 1
4 56 105 1016.6884964873946 1.880983371769403e-11 1
4 57 32 959.9577835967646 7.847276977952783e-12 1
4 57 33 962.2346390655146 7.821272425048337e-12 1
4 57 34 960.9359330108346 7.803611380741793e-12 1
4 57 35 960.9359330108346 7.78862182919207e-12 1
4 57 36 958.6467484405146 7.774795363989054e-12 1
4 57 37 957.5926712920846 7.762247519389725e-12 1
4 57 38 960.4621781280146 7.750460664094526e-12 1
4 57 39 961.6212357452046 7.740740118502455e-12 1
4 57 40 961.6212357452046 7.733223591696811e-12 1
4 57 41 961.4483841827046 7.728125194439856e-12 1
4 57 42 960.9268387725546 7.725877146482203e-12 1
4 57 43 959.3752030303646 7.726624841508825e-12 1
4 57 44 962.4863480498946 7.730485541544824e-12 1
4 57 45 962.4863480498946 7.737288156448678e-12 1
4 57 46 964.1883133819246 7.746901412735638e-12 1
4 57 47 963.3848465850546 7.758982341305278e-12 1
4 57 48 959.4833573272346 7.772444028004332e-12 1
4 57 49 962.1344803741146 7.78672084418307e-12 1
4 57 50 962.1344803741146 7.801008390035311e-12 1
4 57 51 964.5478714873946 7.807792136805232e-12 1
4 57 52 967.9816483428646 7.807152769620161e-12 1
4 57 53 970.9098709991146 7.796061218945337e-12 1
4 57 54 971.1450394561446 7.780712697657719e-12 1
4 57 55 971.1450394561446 7.766759978827352e-12 1
4 57 56 972.2047928741146 7.759315550083485e-12 1
4 57 57 972.0445755889546 7.759542560253826e-12 1
4 57 58 973.3470658233346 7.764996934507406e-12 1
4 57 59 974.3587845733346 7.777195682073385e-12 1
4 57 60 974.3587845733346 7.798966588574031e-12 1
4 57 61 975.6076249053646 7.830003961627755e-12 1
4 57 62 976.2721146514546 7.869520549271755e-12 1
4 57 63 977.3980301788046 7.9178651297985e-12 1
4 57 64 981.1092728545846 7.97623937063418e-12 1
4 57 65 981.1092728545846 8.04230839420483e-12 1
4 57 66 982.9972733428646 8.117713333465605e-12 1
4 57 67 983.7099808623946 8.198703340563599e-12 1
4 57 68 984.3605545928646 8.286660411352969e-12 1
4 57 69 984.1297806670846 8.381083078369089e-12 1
4 57 70 984.1297806670846 8.479668990358088e-12 1
4 57 71 983.0969437530146 8.584149418603971e-12 1
4 57 72 981.5001419952046 8.697732697749512e-12 1
4 57 73 979.1515702178646 8.820792449625822e-12 1
4 57 74 976.9096268584846 8.95308115971634e-12 1
4 57 75 976.9096268584846 9.093510260538158e-12 1
4 57 76 978.3869828155146 9.242046320070433e-12 1
4 57 77 977.6877030303646 9.398156501977564e-12 1
4 57 78 976.5966996123946 9.561624981948809e-12 1
4 57 79 981.9860428741146 9.729857865341717e-12 1
4 57 80 981.9860428741146 9.905078341989281e-12 1
4 57 81 984.2297562530146 1.0085024307856674e-11 1
4 57 82 987.3058060577046 1.031207171371261e-11 1
4 57 83 989.4972123077046 1.0502547271559205e-11 1
4 57 84 994.7001542022346 1.0698480017892103e-11 1
4 57 85 994.7001542022346 1.089843581104603e-11 1
4 57 86 995.8922928741146 1.1100477820555986e-11 1
4 57 87 996.5761307647346 1.1302788875541688e-11 1
4 57 88 997.5535477569246 1.1504497016179716e-11 1
4 57 89 998.4773148467646 1.1504497016179716e-11 1
4 57 90 998.4773148467646 1.1832924223316465e-11 1
4 57 91 999.6158646514546 1.2014890279977645e-11 1
4 58 24 955.5506791045846 8.396055338460146e-12 1
4 58 25 956.8569535186446 8.366170373170636e-12 1
4 58 26 959.9097489288046 8.333350066139275e-12 1
4 58 27 963.5348709991146 8.254824535017892e-12 1
4 58 28 967.5535477569246 8.131890057293462e-12 1
4 58 29 969.3930863311446 8.016367056711579e-12 1
4 58 30 972.6880692413046 7.936908412684556e-12 1
4 58 31 974.6020096709846 7.863167216582527e-12 1
4 58 32 975.2203568389546 7.805218345762342e-12 1
4 58 33 976.9033402373946 7.765220841284987e-12 1
4 58 34 977.4632767608346 7.738672714637493e-12 1
4 58 35 977.4632767608346 7.693197138763524e-12 1
4 58 36 977.6170243194246 7.673712651451087e-12 1
4 58 37 978.0145462920846 7.655207295435164e-12 1
4 58 38 979.2644852569246 7.637814500729372e-12 1
4 58 39 979.5067948272346 7.621586198434903e-12 1
4 58 40 979.5067948272346 7.606658147246865e-12 1
4 58 41 979.8543900420846 7.606658147246865e-12 1
4 58 42 980.3800248077046 7.571453163070964e-12 1
4 58 43 980.9315995147346 7.562580596769593e-12 1
4 59 24 956.4729813506746 8.78300276680096e-12 1
4 59 25 958.6170243194246 8.698866649278362e-12 1
4 59 26 961.0454300811446 8.682438385237923e-12 1
