5 55 104 972.0741350560771 1.8372260423062438e-11 1
5 55 105 992.6758806615471 1.984564033334244e-11 1
5 55 106 1016.1691667943571 2.0534329000000472e-11 1
5 55 107 1009.1258928685771 2.1952718715721555e-11 1
5 56 79 951.6975481420171 1.0020482248458632e-11 1
5 56 80 951.6975481420171 1.0185222143759698e-11 1
5 56 81 954.6837541967071 1.0353140904696391e-11 1
5 56 82 957.4915544896771 1.0522515991026294e-11 1
5 56 83 959.4897844701471 1.0694181001144625e-11 1
5 56 84 966.4058000951471 1.0865354169971832e-11 1
5 56 85 966.4058000951471 1.1035238596841421e-11 1
5 56 86 969.4191057592071 1.1204755074438205e-11 1
5 56 87 973.7490618138971 1.1373548368175522e-11 1
5 56 88 978.6272966771771 1.1537502226478173e-11 1
5 56 89 988.3077776342071 1.1700128936264492e-11 1
5 56 90 988.3077776342071 1.1856838229305778e-11 1
5 56 91 991.9719011693571 1.2007093911450899e-11 1
5 56 92 995.1566545873271 1.2152843435368535e-11 1
5 56 93 998.3913347631071 1.2293584026110095e-11 1
5 56 94 1003.3736345677971 1.2424095230033501e-11 1
5 56 95 1003.3736345677971 1.2547428946740697e-11 1
5 56 96 1005.5864641576471 1.2660942093321015e-11 1
5 56 97 1007.8426897435771 1.2763950635535481e-11 1
5 56 98 1008.2179949193571 1.2878388617573299e-11 1
5 56 99 1009.1798479467071 1.301949906705244e-11 1
5 56 100 1010.6901628881071 1.3180530586286235e-11 1
5 56 101 1012.1962053685771 1.3389455824813566e-11 1
5 56 102 1015.0864641576471 1.3870949959786778e-11 1
5 56 103 1018.0262224584271 1.5018946707444842e-11 1
5 56 104 1020.4261858373271 1.6887979529096187e-11 1
5 56 105 1024.8183367162371 1.8809833717694135e-11 1
5 57 32 968.0876238256071 7.8472769779528e-12 1
5 57 33 970.3644792943571 7.821272425048337e-12 1
5 57 34 969.0657732396771 7.803611380741793e-12 1
5 57 35 969.0657732396771 7.788621829192087e-12 1
5 57 36 966.7765886693571 7.774795363989072e-12 1
5 57 37 965.7225115209271 7.762247519389707e-12 1
5 57 38 968.5920183568571 7.750460664094542e-12 1
5 57 39 969.7510759740471 7.740740118502473e-12 1
5 57 40 969.7510759740471 7.733223591696811e-12 1
5 57 41 969.5782244115471 7.728125194439856e-12 1
5 57 42 969.0566790013971 7.725877146482185e-12 1
5 57 43 967.5050432592071 7.726624841508825e-12 1
5 57 44 970.6161882787371 7.730485541544824e-12 1
5 57 45 970.6161882787371 7.737288156448678e-12 1
5 57 46 972.3181536107671 7.746901412735656e-12 1
5 57 47 971.5146868138971 7.758982341305278e-12 1
5 57 48 967.6131975560771 7.772444028004332e-12 1
5 57 49 970.2643206029571 7.78672084418307e-12 1
5 57 50 970.2643206029571 7.801008390035311e-12 1
5 57 51 972.6777117162371 7.807792136805232e-12 1
5 57 52 976.1114885717071 7.807152769620161e-12 1
5 57 53 979.0397112279571 7.796061218945337e-12 1
5 57 54 979.2748796849871 7.780712697657719e-12 1
5 57 55 979.2748796849871 7.766759978827352e-12 1
5 57 56 980.3346331029571 7.759315550083503e-12 1
5 57 57 980.1744158177971 7.759542560253826e-12 1
5 57 58 981.4769060521771 7.764996934507424e-12 1
5 57 59 982.4886248021771 7.777195682073385e-12 1
5 57 60 982.4886248021771 7.798966588574049e-12 1
5 57 61 983.7374651342071 7.830003961627755e-12 1
5 57 62 984.4019548802971 7.869520549271755e-12 1
5 57 63 985.5278704076471 7.9178651297985e-12 1
5 57 64 989.2391130834271 7.97623937063418e-12 1
5 57 65 989.2391130834271 8.042308394204849e-12 1
5 57 66 991.1271135717071 8.117713333465624e-12 1
5 57 67 991.8398210912371 8.198703340563599e-12 1
5 57 68 992.4903948217071 8.28666041135295e-12 1
5 57 69 992.2596208959271 8.381083078369089e-12 1
5 57 70 992.2596208959271 8.479668990358088e-12 1
5 57 71 991.2267839818571 8.58414941860395e-12 1
5 57 72 989.6299822240471 8.697732697749533e-12 1
5 57 73 987.2814104467071 8.820792449625822e-12 1
5 57 74 985.0394670873271 8.95308115971634e-12 1
5 57 75 985.0394670873271 9.093510260538158e-12 1
5 57 76 986.5168230443571 9.242046320070433e-12 1
5 57 77 985.8175432592071 9.398156501977538e-12 1
5 57 78 984.7265398412371 9.561624981948835e-12 1
5 57 79 990.1158831029571 9.72985786534169e-12 1
5 57 80 990.1158831029571 9.90507834198931e-12 1
5 57 81 992.3595964818571 1.0085024307856674e-11 1
5 57 82 995.4356462865471 1.031207171371261e-11 1
5 57 83 997.6270525365471 1.0502547271559205e-11 1
5 57 84 1002.8299944310771 1.0698480017892103e-11 1
5 57 85 1002.8299944310771 1.089843581104603e-11 1
5 57 86 1004.0221331029571 1.1100477820555986e-11 1
5 57 87 1004.7059709935771 1.1302788875541652e-11 1
5 57 88 1005.6833879857671 1.1504497016179679e-11 1
5 57 89 1006.6071550756071 1.1504497016179679e-11 1
5 57 90 1006.6071550756071 1.1832924223316503e-11 1
5 57 91 1007.7457048802971 1.2014890279977605e-11 1
5 58 24 963.6805193334271 8.396055338460146e-12 1
5 58 25 964.9867937474871 8.366170373170636e-12 1
5 58 26 968.0395891576471 8.333350066139275e-12 1
5 58 27 971.6647112279571 8.254824535017892e-12 1
5 58 28 975.6833879857671 8.131890057293443e-12 1
5 58 29 977.5229265599871 8.016367056711579e-12 1
5 58 30 980.8179094701471 7.936908412684573e-12 1
5 58 31 982.7318498998271 7.863167216582545e-12 1
5 58 32 983.3501970677971 7.805218345762342e-12 1
5 58 33 985.0331804662371 7.765220841284987e-12 1
5 58 34 985.5931169896771 7.738672714637476e-12 1
5 58 35 985.5931169896771 7.693197138763542e-12 1
5 58 36 985.7468645482671 7.67371265145107e-12 1
5 58 37 986.1443865209271 7.655207295435164e-12 1
5 58 38 987.3943254857671 7.637814500729356e-12 1
5 58 39 987.6366350560771 7.621586198434921e-12 1
5 58 40 987.6366350560771 7.606658147246865e-12 1
5 58 41 987.9842302709271 7.606658147246865e-12 1
5 58 42 988.5098650365471 7.571453163070964e-12 1
5 58 43 989.0614397435771 7.562580596769575e-12 1
5 59 24 964.6028215795171 8.783002766800983e-12 1
5 59 25 966.7468645482671 8.698866649278383e-12 1
5 59 26 969.1752703099871 8.682438385237923e-12 1
