4 98 267 964.373939888369 1.821252149981353e-11 1
4 98 268 984.093239204769 1.9768134176170344e-11 1
4 98 269 1006.380226509459 2.047880734507865e-11 1
4 98 270 1000.543251411799 2.1825366763030495e-11 1
4 99 206 943.114906685239 1.002614492363583e-11 1
4 99 207 943.114906685239 1.0075163399283268e-11 1
4 99 208 943.114906685239 1.0124510342471673e-11 1
4 99 209 943.114906685239 1.0174343055734247e-11 1
4 99 210 946.101112739929 1.0224287138427208e-11 1
4 99 211 946.101112739929 1.0274432785487394e-11 1
4 99 212 946.101112739929 1.0325072741757102e-11 1
4 99 213 946.101112739929 1.0375850493289626e-11 1
4 99 214 948.908913032899 1.0425852893744369e-11 1
4 99 215 948.908913032899 1.0476934911895205e-11 1
4 99 216 948.908913032899 1.0528519952736338e-11 1
4 99 217 948.908913032899 1.0580021090064078e-11 1
4 99 218 948.908913032899 1.0631223933085695e-11 1
4 99 219 950.907143013369 1.0682924786628875e-11 1
4 99 220 950.907143013369 1.0734212105240782e-11 1
4 99 221 950.907143013369 1.0785268376595297e-11 1
4 99 222 950.907143013369 1.083681265783846e-11 1
4 99 223 957.823158638369 1.088827335156151e-11 1
4 99 224 957.823158638369 1.093826835387048e-11 1
4 99 225 957.823158638369 1.0989522412830875e-11 1
4 99 226 957.823158638369 1.1041259061138315e-11 1
4 99 227 960.836464302429 1.1092044855809356e-11 1
4 99 228 960.836464302429 1.1142343795810394e-11 1
4 99 229 960.836464302429 1.1193556583963283e-11 1
4 99 230 960.836464302429 1.1245046640579516e-11 1
4 99 231 965.166420357119 1.1295107245761474e-11 1
4 99 232 965.166420357119 1.1345615562835748e-11 1
4 99 233 965.166420357119 1.1395797975972416e-11 1
4 99 234 965.166420357119 1.1443844869039319e-11 1
4 99 235 970.044655220399 1.1493363649332787e-11 1
4 99 236 970.044655220399 1.1543312838512688e-11 1
4 99 237 970.044655220399 1.1592621696551838e-11 1
4 99 238 970.044655220399 1.1640898496232105e-11 1
4 99 239 979.725136177429 1.1689579069259135e-11 1
4 99 240 979.725136177429 1.1737107280119268e-11 1
4 99 241 979.725136177429 1.1783790531575438e-11 1
4 99 242 979.725136177429 1.1830846622538701e-11 1
4 99 243 979.725136177429 1.1877429858490644e-11 1
4 99 244 983.389259712579 1.192133534995708e-11 1
4 99 245 983.389259712579 1.1966698857924034e-11 1
4 99 246 983.389259712579 1.2012408922430941e-11 1
4 99 247 983.389259712579 1.2056398216611714e-11 1
4 99 248 986.574013130549 1.2099344533223443e-11 1
4 99 249 986.574013130549 1.2143253339642447e-11 1
4 99 250 986.574013130549 1.2187200124566548e-11 1
4 99 251 986.574013130549 1.2228727054027232e-11 1
4 99 252 989.808693306329 1.227053795059986e-11 1
4 99 253 989.808693306329 1.231160937175674e-11 1
4 99 254 989.808693306329 1.2349618425517456e-11 1
4 99 255 989.808693306329 1.238903568768941e-11 1
4 99 256 994.790993111019 1.2428705377995715e-11 1
4 99 257 994.790993111019 1.2466412284179437e-11 1
4 99 258 994.790993111019 1.2511720930225605e-11 1
4 99 259 997.003822700869 1.2579943977246493e-11 1
4 99 260 997.003822700869 1.2674091513262014e-11 1
4 99 261 999.260048286799 1.2800968276317561e-11 1
4 99 262 1000.597206489929 1.2959819203079977e-11 1
4 99 263 1001.716102974299 1.313854381766798e-11 1
4 99 264 1003.613563911799 1.3350154962615249e-11 1
4 99 265 1006.503822700869 1.3801751710109388e-11 1
4 99 266 1009.443581001649 1.4730252917739603e-11 1
4 99 267 1011.506264107119 1.6651739150870746e-11 1
4 99 268 1016.235695259459 1.8566648818479336e-11 1
4 100 43 959.307411568049 7.857712003832472e-12 1
4 100 44 959.504982368829 7.853515768051484e-12 1
4 100 45 959.504982368829 7.849263236050275e-12 1
4 100 46 959.504982368829 7.845231294696759e-12 1
4 100 47 959.504982368829 7.842150237955064e-12 1
4 100 48 961.948646919619 7.83806013211454e-12 1
4 100 49 961.948646919619 7.833592561489627e-12 1
4 100 50 961.948646919619 7.829119410261385e-12 1
4 100 51 961.948646919619 7.824548516437739e-12 1
4 100 52 961.781837837579 7.819982956771935e-12 1
4 100 53 961.781837837579 7.815938484341618e-12 1
4 100 54 961.781837837579 7.812271326784075e-12 1
4 100 55 961.781837837579 7.807672639929689e-12 1
4 100 56 960.483131782899 7.803079363916406e-12 1
4 100 57 960.483131782899 7.798531334281045e-12 1
4 100 58 960.483131782899 7.794041959580112e-12 1
4 100 59 960.483131782899 7.78955775069538e-12 1
4 100 60 958.193947212579 7.78565219041466e-12 1
4 100 61 958.193947212579 7.781381346074264e-12 1
4 100 62 958.193947212579 7.777115184735526e-12 1
4 100 63 958.193947212579 7.77312572903056e-12 1
4 100 64 957.139870064149 7.769576515032688e-12 1
4 100 65 957.139870064149 7.765684903963014e-12 1
4 100 66 957.139870064149 7.761797189387552e-12 1
4 100 67 957.139870064149 7.758096401650034e-12 1
4 100 68 957.139870064149 7.754644306828024e-12 1
4 100 69 960.009376900079 7.751195282774344e-12 1
4 100 70 960.009376900079 7.74801982648528e-12 1
4 100 71 960.009376900079 7.74516154752378e-12 1
4 100 72 960.009376900079 7.742305376648262e-12 1
4 100 73 961.168434517269 7.73951924877438e-12 1
4 100 74 961.168434517269 7.737279798140365e-12 1
4 100 75 961.168434517269 7.735126423527737e-12 1
4 100 76 961.168434517269 7.732974247199837e-12 1
4 100 77 960.995582954769 7.731157573090627e-12 1
4 100 78 960.995582954769 7.729789770141208e-12 1
4 100 79 960.995582954769 7.728422451091874e-12 1
4 100 80 960.995582954769 7.727137615071656e-12 1
4 100 81 960.474037544619 7.726644295782859e-12 1
4 100 82 960.474037544619 7.726151039479452e-12 1
4 100 83 960.474037544619 7.725635965093195e-12 1
4 100 84 960.474037544619 7.725780487297888e-12 1
4 100 85 958.922401802429 7.72622860808555e-12 1
4 100 86 958.922401802429 7.726676780861199e-12 1
4 100 87 958.922401802429 7.727507456068292e-12 1
4 100 88 958.922401802429 7.728851208383916e-12 1
4 100 89 962.033546821959 7.73019542811658e-12 1
4 100 90 962.033546821959 7.73159405192377e-12 1
4 100 91 962.033546821959 7.73384309598898e-12 1
4 100 92 962.033546821959 7.736064244527979e-12 1
4 100 93 962.033546821959 7.738286669254736e-12 1
4 100 94 963.735512153989 7.741224779032626e-12 1
4 100 95 963.735512153989 7.744236634630765e-12 1
4 100 96 963.735512153989 7.747250834768699e-12 1
4 100 97 963.735512153989 7.750710282534392e-12 1
4 100 98 962.932045357119 7.754504234905162e-12 1
4 100 99 962.932045357119 7.75818212904362e-12 1
4 100 100 962.932045357119 7.761903782703584e-12 1
4 100 101 962.932045357119 7.76601798473607e-12 1
4 100 102 959.030556099299 7.770136550552402e-12 1
4 100 103 959.030556099299 7.774622329651097e-12 1
4 100 104 959.030556099299 7.77890693779863e-12 1
4 100 105 959.030556099299 7.78301700601776e-12 1
4 100 106 961.681679146179 7.787347945243867e-12 1
4 100 107 961.681679146179 7.792783129865293e-12 1
4 100 108 961.681679146179 7.796842449165983e-12 1
4 100 109 961.681679146179 7.800263986368048e-12 1
4 100 110 964.095070259459 7.80351904054504e-12 1
4 100 111 964.095070259459 7.805140336329825e-12 1
4 100 112 964.095070259459 7.806762305950636e-12 1
4 100 113 964.095070259459 7.809713737027669e-12 1
4 100 114 967.528847114929 7.809676459285796e-12 1
4 100 115 967.528847114929 7.808280734503087e-12 1
4 100 116 967.528847114929 7.807229562923899e-12 1
4 100 117 967.528847114929 7.805558527330737e-12 1
4 100 118 967.528847114929 7.801170785521149e-12 1
4 100 119 970.457069771179 7.796973345682469e-12 1
4 100 120 970.457069771179 7.79273343502157e-12 1
4 100 121 970.457069771179 7.788045264570606e-12 1
4 100 122 970.457069771179 7.783362731609409e-12 1
4 100 123 970.692238228209 7.777970505242665e-12 1
4 100 124 970.692238228209 7.772687768373249e-12 1
4 100 125 970.692238228209 7.769540448287915e-12 1
4 100 126 970.692238228209 7.766395675999338e-12 1
4 100 127 971.751991646179 7.76301123829249e-12 1
4 100 128 971.751991646179 7.760936525360114e-12 1
4 100 129 971.751991646179 7.759605022199129e-12 1
4 100 130 971.751991646179 7.75844344397736e-12 1
4 100 131 971.591774361019 7.758917408132922e-12 1
4 100 132 971.591774361019 7.759391430201065e-12 1
4 100 133 971.591774361019 7.758792936003007e-12 1
4 100 134 971.591774361019 7.760316696838443e-12 1
4 100 135 972.894264595399 7.762846856110853e-12 1
4 100 136 972.894264595399 7.765091132848707e-12 1
4 100 137 972.894264595399 7.767045399876971e-12 1
4 100 138 972.894264595399 7.771402161253414e-12 1
4 100 139 973.905983345399 7.776160269936224e-12 1
4 100 140 973.905983345399 7.78106695131252e-12 1
4 100 141 973.905983345399 7.787698232957135e-12 1
4 100 142 973.905983345399 7.794960745167952e-12 1
4 100 143 973.905983345399 7.802236815509832e-12 1
4 100 144 975.154823677429 7.81145711294458e-12 1
4 100 145 975.154823677429 7.821308645639591e-12 1
4 100 146 975.154823677429 7.831070056616783e-12 1
4 100 147 975.154823677429 7.841689098612936e-12 1
4 100 148 975.819313423519 7.854229727676765e-12 1
4 100 149 975.819313423519 7.866810531576465e-12 1
4 100 150 975.819313423519 7.879171908251823e-12 1
4 100 151 975.819313423519 7.894057812112397e-12 1
4 100 152 976.945228950869 7.909393208022828e-12 1
4 100 153 976.945228950869 7.924788302538011e-12 1
4 100 154 976.945228950869 7.9421689788075e-12 1
4 100 155 976.945228950869 7.960235098887028e-12 1
4 100 156 980.656471626649 7.978263500111429e-12 1
4 100 157 980.656471626649 7.996696401899553e-12 1
4 100 158 980.656471626649 8.017053249858168e-12 1
4 100 159 980.656471626649 8.037785917048065e-12 1
4 100 160 982.544472114929 8.058818429702198e-12 1
4 100 161 982.544472114929 8.081827491434315e-12 1
4 100 162 982.544472114929 8.104968317596794e-12 1
4 100 163 982.544472114929 8.127682728374365e-12 1
4 100 164 983.257179634459 8.151108588511708e-12 1
4 100 165 983.257179634459 8.176300634296291e-12 1
4 100 166 983.257179634459 8.201648881333366e-12 1
4 100 167 983.257179634459 8.227056830611747e-12 1
4 100 168 983.257179634459 8.25356197463308e-12 1
4 100 169 983.907753364929 8.28072925311514e-12 1
4 100 170 983.907753364929 8.308163346037682e-12 1
4 100 171 983.907753364929 8.336628688313988e-12 1
4 100 172 983.907753364929 8.36528975649975e-12 1
4 100 173 983.676979439149 8.39339549025548e-12 1
4 100 174 983.676979439149 8.422755503967558e-12 1
4 100 175 983.676979439149 8.452899164200402e-12 1
4 100 176 983.676979439149 8.483060789033267e-12 1
4 100 177 982.644142525079 8.513301342972887e-12 1
4 100 178 982.644142525079 8.54506870953084e-12 1
4 100 179 982.644142525079 8.577143027310637e-12 1
4 100 180 982.644142525079 8.609623442880811e-12 1
4 100 181 981.047340767269 8.643949653970235e-12 1
4 100 182 981.047340767269 8.678550675071721e-12 1
4 100 183 981.047340767269 8.71348722773909e-12 1
4 100 184 981.047340767269 8.750117900400364e-12 1
4 100 185 978.698768989929 8.787487787063359e-12 1
4 100 186 978.698768989929 8.825173471426801e-12 1
4 100 187 978.698768989929 8.863876579371155e-12 1
4 100 188 978.698768989929 8.903890228816208e-12 1
4 100 189 976.456825630549 8.94426677876292e-12 1
4 100 190 976.456825630549 8.984896970807619e-12 1
4 100 191 976.456825630549 9.02705829355757e-12 1
4 100 192 976.456825630549 9.06979719096813e-12 1
4 100 193 976.456825630549 9.112942710910999e-12 1
4 100 194 977.934181587579 9.156960941751793e-12 1
4 100 195 977.934181587579 9.201924237358715e-12 1
4 100 196 977.934181587579 9.247331277143468e-12 1
4 100 197 977.934181587579 9.293258757721631e-12 1
4 100 198 977.234901802429 9.340166393145767e-12 1
4 100 199 977.234901802429 9.38774614772476e-12 1
4 100 200 977.234901802429 9.43584738885805e-12 1
4 100 201 977.234901802429 9.484778042620148e-12 1
4 100 202 976.143898384459 9.534218812524779e-12 1
4 100 203 976.143898384459 9.583730491606494e-12 1
4 100 204 976.143898384459 9.633301682788697e-12 1
4 100 205 976.143898384459 9.684309287644502e-12 1
4 100 206 981.533241646179 9.735859930677143e-12 1
4 100 207 981.533241646179 9.787901436641094e-12 1
4 100 208 981.533241646179 9.84041977679303e-12 1
4 100 209 981.533241646179 9.893504746121206e-12 1
4 100 210 983.776955025079 9.94640628113432e-12 1
4 100 211 983.776955025079 9.99992625814272e-12 1
4 100 212 983.776955025079 1.0054635215126531e-11 1
4 100 213 983.776955025079 1.0109946083538413e-11 1
4 100 214 986.853004829769 1.0122226315224676e-11 1
4 100 215 986.853004829769 1.0122226315224676e-11 1
4 100 216 986.853004829769 1.031207171371261e-11 1
4 100 217 986.853004829769 1.031207171371261e-11 1
4 100 218 986.853004829769 1.031207171371261e-11 1
4 100 219 989.044411079769 1.0502547271559205e-11 1
4 100 220 989.044411079769 1.0502547271559205e-11 1
4 100 221 989.044411079769 1.0502547271559205e-11 1
4 100 222 989.044411079769 1.0698480017892103e-11 1
4 100 223 994.247352974299 1.0698480017892103e-11 1
4 100 224 994.247352974299 1.0698480017892103e-11 1
4 100 225 994.247352974299 1.089843581104603e-11 1
4 100 226 994.247352974299 1.089843581104603e-11 1
4 100 227 995.439491646179 1.089843581104603e-11 1
4 100 228 995.439491646179 1.089843581104603e-11 1
4 100 229 995.439491646179 1.1100477820555986e-11 1
4 100 230 995.439491646179 1.1100477820555986e-11 1
4 100 231 996.123329536799 1.1100477820555986e-11 1
4 100 232 996.123329536799 1.1302788875541688e-11 1
4 100 233 996.123329536799 1.1302788875541688e-11 1
4 100 234 996.123329536799 1.1302788875541688e-11 1
4 100 235 997.100746528989 1.1504497016179716e-11 1
4 100 236 997.100746528989 1.1504497016179716e-11 1
4 100 237 997.100746528989 1.1504497016179716e-11 1
4 100 238 997.100746528989 1.1504497016179716e-11 1
4 100 239 998.024513618829 1.1504497016179716e-11 1
4 100 240 998.024513618829 1.1504497016179716e-11 1
4 100 241 998.024513618829 1.1504497016179716e-11 1
4 100 242 998.024513618829 1.1504497016179716e-11 1
4 100 243 998.024513618829 1.1832924223316465e-11 1
4 100 244 999.163063423519 1.1832924223316465e-11 1
4 100 245 999.163063423519 1.2014890279977645e-11 1
4 100 246 999.163063423519 1.2014890279977645e-11 1
4 101 24 955.097877876649 8.396055338460146e-12 1
4 101 25 956.404152290709 8.366170373170636e-12 1
4 101 26 959.456947700869 8.333350066139275e-12 1
4 101 27 963.082069771179 8.254824535017892e-12 1
4 101 28 967.100746528989 8.134554040427526e-12 1
4 101 29 968.670936958679 8.035675563835927e-12 1
4 101 30 970.551063911799 7.98353152272608e-12 1
4 101 31 972.235268013369 7.947773391838911e-12 1
4 101 32 972.484840767269 7.91914877442045e-12 1
4 101 33 972.912697212579 7.897520697403273e-12 1
4 101 34 973.249916450869 7.881850288223728e-12 1
4 101 35 974.149208443049 7.871019250058793e-12 1
4 101 36 974.149208443049 7.863707445962687e-12 1
4 101 37 974.149208443049 7.857759095664801e-12 1
4 101 38 974.149208443049 7.851674260660933e-12 1
4 101 39 974.526710884459 7.845598842226727e-12 1
4 101 40 974.526710884459 7.839534415006407e-12 1
4 101 41 974.526710884459 7.83331765249635e-12 1
4 101 42 974.526710884459 7.827110741977574e-12 1
4 101 43 974.526710884459 7.820901747304624e-12 1
4 101 44 974.767555611019 7.814551896145392e-12 1
4 101 45 974.767555611019 7.808189078966994e-12 1
4 101 46 974.767555611019 7.801836614910685e-12 1
4 101 47 974.767555611019 7.795446345370152e-12 1
4 101 48 974.995827095399 7.789034559649226e-12 1
4 101 49 974.995827095399 7.782648053636674e-12 1
4 101 50 974.995827095399 7.776265513942259e-12 1
4 101 51 974.995827095399 7.76983083289063e-12 1
4 101 52 976.450539009459 7.763406792135902e-12 1
4 101 53 976.450539009459 7.756993365307855e-12 1
4 101 54 976.450539009459 7.750623989523837e-12 1
4 101 55 976.450539009459 7.744275582488396e-12 1
4 101 56 977.010475532899 7.73794146216125e-12 1
4 101 57 977.010475532899 7.731714226289226e-12 1
4 101 58 977.010475532899 7.74030940686852e-12 1
4 101 59 977.010475532899 7.74030940686852e-12 1
4 101 60 977.164223091489 7.693197138763524e-12 1
4 101 61 977.164223091489 7.693197138763524e-12 1
4 101 62 977.164223091489 7.673712651451087e-12 1
4 101 63 977.164223091489 7.673712651451087e-12 1
4 101 64 977.561745064149 7.673712651451087e-12 1
4 101 65 977.561745064149 7.655207295435164e-12 1
4 101 66 977.561745064149 7.655207295435164e-12 1
4 101 67 977.561745064149 7.655207295435164e-12 1
4 101 68 977.561745064149 7.655207295435164e-12 1
4 101 69 978.811684028989 7.637814500729372e-12 1
4 101 70 978.811684028989 7.637814500729372e-12 1
4 101 71 978.811684028989 7.637814500729372e-12 1
4 101 72 978.811684028989 7.621586198434903e-12 1
4 101 73 979.053993599299 7.621586198434903e-12 1
4 101 74 979.053993599299 7.621586198434903e-12 1
4 101 75 979.053993599299 7.606658147246865e-12 1
4 101 76 979.053993599299 7.606658147246865e-12 1
4 101 77 979.401588814149 7.606658147246865e-12 1
4 101 78 979.401588814149 7.606658147246865e-12 1
4 101 79 979.401588814149 7.606658147246865e-12 1
4 101 80 979.401588814149 7.606658147246865e-12 1
4 101 81 979.927223579769 7.606658147246865e-12 1
4 101 82 979.927223579769 7.606658147246865e-12 1
4 101 83 979.927223579769 7.571453163070964e-12 1
4 101 84 979.927223579769 7.571453163070964e-12 1
4 101 85 980.478798286799 7.562580596769593e-12 1
4 101 86 980.478798286799 7.562580596769593e-12 1
4 102 24 956.020180122739 8.78300276680096e-12 1
4 102 25 958.164223091489 8.698866649278362e-12 1
4 102 26 960.592628853209 8.682438385237923e-12 1
