6 55 104 958.5518438400023 1.5948830593746977e-11 1
6 55 105 979.1535894454723 1.5515957230795964e-11 1
6 55 106 1002.6468755782823 1.5391139532506605e-11 1
6 55 107 995.6036016525023 1.537143009935029e-11 1
6 56 79 938.1752569259423 1.9224198535674538e-11 1
6 56 80 938.1752569259423 1.9136398023699248e-11 1
6 56 81 941.1614629806323 1.9050903394055262e-11 1
6 56 82 943.9692632736023 1.8967817993001293e-11 1
6 56 83 945.9674932540723 1.888767451398516e-11 1
6 56 84 952.8835088790723 1.8810338331618962e-11 1
6 56 85 952.8835088790723 1.873598161632089e-11 1
6 56 86 955.8968145431323 1.8664827624221123e-11 1
6 56 87 960.2267705978223 1.8596995626555464e-11 1
6 56 88 965.1050054611023 1.8532434661406764e-11 1
6 56 89 974.7854864181323 1.8471394744736877e-11 1
6 56 90 974.7854864181323 1.8413750150456002e-11 1
6 56 91 978.4496099532823 1.835953363943053e-11 1
6 56 92 981.6343633712523 1.8308789383961913e-11 1
6 56 93 984.8690435470323 1.826142405662627e-11 1
6 56 94 989.8513433517223 1.8217226313569886e-11 1
6 56 95 989.8513433517223 1.8175988725707517e-11 1
6 56 96 992.0641729415723 1.8137613248881056e-11 1
6 56 97 994.3203985275023 1.8101826364244083e-11 1
6 56 98 994.6957037032823 1.8060144434593378e-11 1
6 56 99 995.6575567306323 1.80027735851613e-11 1
6 56 100 997.1678716720323 1.79200698744298e-11 1
6 56 101 998.6739141525023 1.7770977948788172e-11 1
6 56 102 1001.5641729415723 1.741711457506789e-11 1
6 56 103 1004.5039312423523 1.6764812720956176e-11 1
6 56 104 1006.9038946212523 1.6047177762356847e-11 1
6 56 105 1011.2960455001623 1.5558752118567038e-11 1
6 57 32 954.5653326095323 2.1578257337981045e-11 1
6 57 33 956.8421880782823 2.150449745694189e-11 1
6 57 34 955.5434820236023 2.145783283946e-11 1
6 57 35 955.5434820236023 2.142228225029523e-11 1
6 57 36 953.2542974532823 2.1388170124577808e-11 1
6 57 37 952.2002203048523 2.1355348534898063e-11 1
6 57 38 955.0697271407823 2.132438497095449e-11 1
6 57 39 956.2287847579723 2.1294870730530583e-11 1
6 57 40 956.2287847579723 2.1266808368320424e-11 1
6 57 41 956.0559331954723 2.124070358892106e-11 1
6 57 42 955.5343877853223 2.121614644603715e-11 1
6 57 43 953.9827520431323 2.119319629358966e-11 1
6 57 44 957.0938970626623 2.117209075845474e-11 1
6 57 45 957.0938970626623 2.11524383402279e-11 1
6 57 46 958.7958623946923 2.113421584946514e-11 1
6 57 47 957.9923955978223 2.111712353222825e-11 1
6 57 48 954.0909063400023 2.110081554842719e-11 1
6 57 49 956.7420293868823 2.108505049487258e-11 1
6 57 50 956.7420293868823 2.1069430000893793e-11 1
6 57 51 959.1554205001623 2.105305373956626e-11 1
6 57 52 962.5891973556323 2.1035800696031858e-11 1
6 57 53 965.5174200118823 2.101711131375225e-11 1
6 57 54 965.7525884689123 2.0995105759224197e-11 1
6 57 55 965.7525884689123 2.096823567679889e-11 1
6 57 56 966.8123418868823 2.093526639953873e-11 1
6 57 57 966.6521246017223 2.0896368757282708e-11 1
6 57 58 967.9546148361023 2.0851611266942135e-11 1
6 57 59 968.9663335861023 2.080138544706949e-11 1
6 57 60 968.9663335861023 2.0745978711045157e-11 1
6 57 61 970.2151739181323 2.068585599964501e-11 1
6 57 62 970.8796636642223 2.0621287280447957e-11 1
6 57 63 972.0055791915723 2.0552445141949216e-11 1
6 57 64 975.7168218673523 2.0480248789995575e-11 1
6 57 65 975.7168218673523 2.0404524010683544e-11 1
6 57 66 977.6048223556323 2.032630593691193e-11 1
6 57 67 978.3175298751623 2.02452669273457e-11 1
6 57 68 978.9681036056323 2.016239662265706e-11 1
6 57 69 978.7373296798523 2.0078130565728625e-11 1
6 57 70 978.7373296798523 1.999227832496595e-11 1
6 57 71 977.7044927657823 1.9905319391323423e-11 1
6 57 72 976.1076910079723 1.9818284302608948e-11 1
6 57 73 973.7591192306323 1.9730884895454555e-11 1
6 57 74 971.5171758712523 1.964354158648789e-11 1
6 57 75 971.5171758712523 1.9556342392062637e-11 1
6 57 76 972.9945318282823 1.9470186750969176e-11 1
6 57 77 972.2952520431323 1.938502667521068e-11 1
6 57 78 971.2042486251623 1.9301436631039005e-11 1
6 57 79 976.5935918868823 1.921887970069212e-11 1
6 57 80 976.5935918868823 1.9138538028456012e-11 1
6 57 81 978.8373052657823 1.9059647352308046e-11 1
6 57 82 981.9133550704723 1.8963906768507707e-11 1
6 57 83 984.1047613204723 1.888957456087118e-11 1
6 57 84 989.3077032150023 1.8817859623521877e-11 1
6 57 85 989.3077032150023 1.874880023527558e-11 1
6 57 86 990.4998418868823 1.8682509093811647e-11 1
6 57 87 991.1836797775023 1.861911277382051e-11 1
6 57 88 992.1610967696923 1.8558730611823738e-11 1
6 57 89 993.0848638595323 1.8558730611823738e-11 1
6 57 90 993.0848638595323 1.8437172779287678e-11 1
6 57 91 994.2234136642223 1.8385227406938076e-11 1
6 58 24 950.1582281173523 2.386018331587628e-11 1
6 58 25 951.4645025314123 2.3564554038835564e-11 1
6 58 26 954.5172979415723 2.320291744451702e-11 1
6 58 27 958.1424200118823 2.279514694740835e-11 1
6 58 28 962.1610967696923 2.2368287455648365e-11 1
6 58 29 964.0006353439123 2.196721571016403e-11 1
6 58 30 967.2956182540723 2.1673768315776346e-11 1
6 58 31 969.2095586837523 2.14994500310011e-11 1
6 58 32 969.8279058517223 2.1394503475326868e-11 1
6 58 33 971.5108892501623 2.132976523913669e-11 1
6 58 34 972.0708257736023 2.128899671677164e-11 1
6 58 35 972.0708257736023 2.1266301563139222e-11 1
6 58 36 972.2245733321923 2.1236270030112594e-11 1
6 58 37 972.6220953048523 2.1207558428706692e-11 1
6 58 38 973.8720342696923 2.1180046880761307e-11 1
6 58 39 974.1143438400023 2.1153726352715395e-11 1
6 58 40 974.1143438400023 2.1128697223795288e-11 1
6 58 41 974.4619390548523 2.1128697223795288e-11 1
6 58 42 974.9875738204723 2.109971851373463e-11 1
6 58 43 975.5391485275023 2.107781288102103e-11 1
6 59 24 951.0805303634423 2.3491138131591726e-11 1
6 59 25 953.2245733321923 2.324284008382704e-11 1
6 59 26 955.6529790939123 2.294209550361443e-11 1
