6 113 272 1005.9154010711303 7.710785887119746e-12 1
6 113 273 996.4389904155836 7.707129094412332e-12 1
6 113 274 981.5612969228333 7.707129094412332e-12 1
6 114 266 980.3927794547898 8.077751732291227e-12 1
6 114 267 986.5187254574861 7.924464504275776e-12 1
6 114 268 993.6138133131238 7.805186813360916e-12 1
6 114 269 1008.8615619938265 7.72890324741193e-12 1
6 114 270 1013.468714548116 7.69197892401517e-12 1
6 114 271 1014.8544927658675 7.676712323788558e-12 1
6 114 272 1013.3086934975271 7.67235010006591e-12 1
6 114 273 1008.8893953520221 7.685715049675145e-12 1
6 114 274 997.5083394827764 7.685715049675145e-12 1
6 115 260 1005.5441522748445 8.957957694331327e-12 1
6 115 261 1006.8730594147477 8.88802789615072e-12 1
6 115 262 1008.2754755003411 8.781079040212386e-12 1
6 115 263 1010.4023356220396 8.639438140590547e-12 1
6 115 264 1011.2198265628247 8.472136652234491e-12 1
6 115 265 1011.8889500272692 8.292688985135013e-12 1
6 115 266 1007.8300402588989 8.117353337638305e-12 1
6 115 267 1015.1919536148456 7.96051982457988e-12 1
6 115 268 1016.2450454924424 7.834372405193931e-12 1
6 115 269 1019.1686696661598 7.746820638160683e-12 1
6 116 199 951.9414503231221 9.61727114567997e-12 1
6 116 200 952.3991694530224 9.604095406973806e-12 1
6 116 201 952.8622101757621 9.591043913587318e-12 1
6 116 202 953.4375193561797 9.578170347568526e-12 1
6 116 203 954.0243688732653 9.565334320965932e-12 1
6 116 204 954.6112183903668 9.552615938221363e-12 1
6 116 205 955.1980679074619 9.54006740639121e-12 1
6 116 206 955.9751808690053 9.52755179937935e-12 1
6 116 207 956.8044960752972 9.515000418742327e-12 1
6 116 208 957.6338112815663 9.502820794055162e-12 1
6 116 209 958.4631264878999 9.490672310431112e-12 1
6 116 210 959.2458981013823 9.47850610584893e-12 1
6 116 211 959.9998468477745 9.466589819841992e-12 1
6 116 212 960.753795594208 9.454815265669195e-12 1
6 116 213 961.5077443406004 9.443058887790548e-12 1
6 116 214 962.2693327301411 9.431381116042716e-12 1
6 116 215 963.0402424452516 9.419997978927384e-12 1
6 116 216 963.8111521603802 9.408671244174918e-12 1
6 116 217 964.5820618754908 9.39738443233786e-12 1
6 116 218 965.5099443862208 9.386413619493036e-12 1
6 116 219 966.8349680700804 9.37552314426173e-12 1
6 116 220 968.1599917538375 9.364657910833721e-12 1
6 116 221 969.4850154375072 9.354088896217974e-12 1
6 116 222 970.7009860374825 9.343652904985701e-12 1
6 116 223 971.5005984141902 9.333230871129276e-12 1
6 116 224 972.2571806512531 9.322921716570602e-12 1
6 116 225 973.013762888307 9.312935767985898e-12 1
6 116 226 973.8427456811338 9.302994638338587e-12 1
6 116 227 975.0419568028511 9.29309423121943e-12 1
6 116 228 976.3412417039723 9.283621462843982e-12 1
6 116 229 977.6405266051942 9.274167986636094e-12 1
6 116 230 979.0063065794867 9.264704593959277e-12 1
6 116 231 980.9284326569312 9.255536472385688e-12 1
6 116 232 983.1093686309283 9.246561349354498e-12 1
6 116 233 985.2903046048086 9.237605016516146e-12 1
6 116 234 987.4517660315423 9.228821191503283e-12 1
6 116 235 988.982877103487 9.220332152905941e-12 1
6 116 236 990.0750448489515 9.211872456472808e-12 1
6 116 237 991.1672125944743 9.20344918924154e-12 1
6 116 238 992.259380339968 9.195477150958943e-12 1
6 116 239 993.1021299000703 9.187518911501262e-12 1
6 116 240 993.6682152598019 9.17955698605842e-12 1
6 116 241 994.2246653895476 9.171938896136117e-12 1
6 116 242 994.781115519308 9.164474975351745e-12 1
6 116 243 995.418851418554 9.157020177255261e-12 1
6 116 244 996.2142884960124 9.149721976846782e-12 1
6 116 245 997.0208631150765 9.142723805843618e-12 1
6 116 246 997.8274377341194 9.135745156757762e-12 1
6 116 247 998.692528503777 9.128795990756221e-12 1
6 116 248 999.7930431539088 9.122246238503373e-12 1
6 116 249 1000.916200551895 9.115697427598336e-12 1
6 116 250 1002.0393579499406 9.109158012659369e-12 1
6 116 251 1003.1188592318778 9.102929531630166e-12 1
6 116 252 1003.3706896814308 9.096831148631343e-12 1
6 116 253 1003.5268140801237 9.090739400246527e-12 1
6 116 254 1003.6829384788205 9.084794857678105e-12 1
6 116 255 1003.8390628775134 9.077671117663213e-12 1
6 116 256 1004.0089640312685 9.067060539671043e-12 1
6 116 257 1004.2455256914617 9.0521066394126e-12 1
6 116 258 1004.6694942222208 9.031139954954249e-12 1
6 116 259 1005.9423568548596 9.002204499361862e-12 1
6 116 260 1007.1093810043291 8.961394836249116e-12 1
6 116 261 1008.6243087342662 8.901366682794104e-12 1
6 116 262 1010.0329517854115 8.811684899880476e-12 1
6 116 263 1012.6423338141917 8.661757421097163e-12 1
6 117 121 960.7005431688607 1.049977592756935e-11 1
6 117 122 960.683558845916 1.0494633113858676e-11 1
6 117 123 960.4449807989857 1.0489497141608682e-11 1
6 117 124 960.1819973175703 1.0483997707680049e-11 1
6 117 125 959.9190138361344 1.0477901096981707e-11 1
6 117 126 959.6785180651934 1.0471811572713838e-11 1
6 117 127 959.5449643472934 1.0465647692283286e-11 1
6 117 128 959.4401722178455 1.0458602910371982e-11 1
6 117 129 959.335380088412 1.0451601627213603e-11 1
6 117 130 959.2853241463292 1.0444609711496405e-11 1
6 117 131 959.6786375201351 1.0436952168985853e-11 1
6 117 132 960.2708208078506 1.0429081212338926e-11 1
6 117 133 960.8630040955549 1.0421223462186928e-11 1
6 117 134 961.4465239748904 1.0413069346274211e-11 1
6 117 135 961.6943639787715 1.0404423941298385e-11 1
6 117 136 961.7226949481511 1.0395792880032583e-11 1
6 117 137 961.7510259175309 1.0387063071522123e-11 1
6 117 138 961.7793568869117 1.0377597064545355e-11 1
6 117 139 961.781644566272 1.036820432308355e-11 1
6 117 140 961.7559317175966 1.0358828568947985e-11 1
6 117 141 961.7293680284309 1.0348885764136266e-11 1
6 117 142 961.702804339266 1.0338803806593651e-11 1
6 117 143 962.0603261669852 1.0328743655867444e-11 1
6 117 144 963.1614637050758 1.0318449217556032e-11 1
6 117 145 964.3052086139521 1.0307760300036731e-11 1
6 117 146 965.4489535228948 1.0297093504974548e-11 1
6 117 147 966.5934537362275 1.028633217941365e-11 1
6 117 148 967.7411000990423 1.0274998373141683e-11 1
6 117 149 968.8889856520256 1.026376651593256e-11 1
6 117 150 970.0368712050314 1.0252559187557345e-11 1
6 117 151 971.1559448110003 1.0240962457360476e-11 1
6 117 152 971.5887391148419 1.0229225236304212e-11 1
6 117 153 971.9597080162246 1.0217499985378233e-11 1
6 117 154 972.3306769175783 1.0205495625323387e-11 1
6 117 155 972.7016458189361 1.0193278925573184e-11 1
6 117 156 973.290375096042 1.0181136307539372e-11 1
6 117 157 973.9368616053945 1.0168994923844105e-11 1
6 117 158 974.5833481147653 1.0156349303452196e-11 1
6 117 159 975.2298346241299 1.0143831888738468e-11 1
6 117 160 975.6518548736786 1.0131345290766754e-11 1
6 117 161 975.9381750661836 1.0118604915713844e-11 1
6 117 162 976.2244952586803 1.0105781983708949e-11 1
6 117 163 976.5108154511993 1.0092973416125802e-11 1
6 117 164 976.5578049641258 1.0079982591235773e-11 1
6 117 165 976.3193814926725 1.0066892654951813e-11 1
6 117 166 976.0809580212057 1.0053836671942528e-11 1
6 117 167 975.8425345497524 1.0040681735241159e-11 1
6 117 168 975.5002651730265 1.0027286847799329e-11 1
6 117 169 974.9024534215465 1.0014032182592141e-11 1
6 117 170 974.3046416700837 1.0000812512738442e-11 1
6 117 171 973.7068299185745 9.987339492656499e-12 1
6 117 172 973.1005954293754 9.973946984731641e-12 1
6 117 173 972.4637571291778 9.960594880697297e-12 1
6 117 174 971.823648412717 9.947205336897234e-12 1
6 117 175 971.183539696342 9.933732252123522e-12 1
6 117 176 970.5882627987462 9.920295615472243e-12 1
6 117 177 970.2137409919958 9.906750826246864e-12 1
6 117 178 969.8987889852879 9.893128095572818e-12 1
6 117 179 969.5838369785866 9.879654448806036e-12 1
6 117 180 969.2549215731538 9.866217452176595e-12 1
6 117 181 968.8112557914511 9.8527650379486e-12 1
6 117 182 968.3151345677607 9.839328354408168e-12 1
6 117 183 967.8190133440646 9.825907542640845e-12 1
6 117 184 967.3316894208008 9.812414412056701e-12 1
6 117 185 967.153155523334 9.79903034312037e-12 1
6 117 186 967.1831245883417 9.785682736014938e-12 1
6 117 187 967.2130936533489 9.772236794304313e-12 1
6 117 188 967.2430627183568 9.758852805734251e-12 1
6 117 189 967.2872427016163 9.74561348526214e-12 1
6 117 190 967.3469325082486 9.732410038296808e-12 1
6 117 191 967.4071313509176 9.71928359834409e-12 1
6 117 192 967.4673301935817 9.706209139568915e-12 1
6 117 193 967.602166187029 9.693151276978632e-12 1
6 117 194 967.8815672433329 9.680023574407996e-12 1
6 117 195 968.1702359001863 9.667090615015893e-12 1
6 117 196 968.4589045570476 9.65425253008134e-12 1
6 117 197 968.9234155001178 9.64145429635676e-12 1
6 117 198 970.1072363048133 9.628810640037524e-12 1
6 117 199 971.3530215065421 9.616200101684544e-12 1
6 117 200 972.5988067082368 9.603553415666979e-12 1
6 117 201 973.8123409679406 9.59095486440725e-12 1
6 117 202 974.3454842879732 9.57861599390797e-12 1
6 117 203 974.8086886361589 9.566314122814758e-12 1
6 117 204 975.2718929843574 9.554111283247108e-12 1
6 117 205 975.7350973325506 9.542049786764927e-12 1
6 117 206 976.4961331269024 9.530018705726997e-12 1
6 117 207 977.3388844083522 9.517944390791514e-12 1
6 117 208 978.1816356897792 9.50616521067722e-12 1
6 117 209 979.0243869712715 9.494509115826031e-12 1
6 117 210 979.8793818154161 9.482881570480627e-12 1
6 117 211 980.741958682356 9.471473791037304e-12 1
6 117 212 981.6045355493432 9.460170483479446e-12 1
6 117 213 982.4671124162834 9.448878166586828e-12 1
6 117 214 983.5170927638704 9.437667129987536e-12 1
6 117 215 984.7957289306092 9.426764044114416e-12 1
6 117 216 986.0743650973783 9.415886121261485e-12 1
6 117 217 987.3530012641174 9.404944107300491e-12 1
6 117 218 988.5023486219388 9.394351776664825e-12 1
6 117 219 989.3245952933038 9.38386611228515e-12 1
6 117 220 990.146841964605 9.373403829310673e-12 1
6 117 221 990.969088635852 9.363217003685375e-12 1
6 117 222 991.7954811227447 9.353153879837447e-12 1
6 117 223 992.6377020880699 9.343098474970732e-12 1
6 117 224 993.4815589083175 9.333110518751473e-12 1
6 117 225 994.3254157285553 9.323445011961668e-12 1
6 117 226 995.1205623860939 9.313832467170317e-12 1
6 117 227 995.6666241856809 9.304258132253212e-12 1
6 117 228 996.145357633565 9.295086902331769e-12 1
6 117 229 996.6240910814862 9.28593373481356e-12 1
6 117 230 997.1326346243239 9.27675153018474e-12 1
6 117 231 997.8905910841034 9.267833684636536e-12 1
6 117 232 998.76457339697 9.259142101685994e-12 1
6 117 233 999.6385557097898 9.250469269147535e-12 1
6 117 234 1000.5035677111132 9.241963542635761e-12 1
6 117 235 1001.078229493282 9.233720151594154e-12 1
6 117 236 1001.4507064268691 9.225491452871604e-12 1
6 117 237 1001.8231833604764 9.21724593059328e-12 1
6 117 238 1002.1956602940735 9.209405417612154e-12 1
6 117 239 1002.5368418116275 9.201613750786806e-12 1
6 118 61 972.5637787317114 1.0753394195060379e-11 1
6 118 62 973.190235418114 1.0701206874477358e-11 1
6 118 63 971.9254984327849 1.0669592149162899e-11 1
6 118 64 971.8825789008865 1.0650084908055313e-11 1
6 118 65 973.2548061372183 1.0637659750846058e-11 1
6 118 66 973.5927904949607 1.062977315644879e-11 1
6 118 67 974.2687592104506 1.0624479198046471e-11 1
6 118 68 974.529003756028 1.0620471853475498e-11 1
6 118 69 974.6080998714247 1.0616514095968616e-11 1
6 118 70 974.687195986826 1.0612559287108403e-11 1
6 118 71 974.7662921022227 1.0608763771359156e-11 1
6 118 72 974.7903563308952 1.0605034047397635e-11 1
6 118 73 974.6318983078995 1.0601300943883297e-11 1
6 118 74 974.4527872561133 1.0597609099209872e-11 1
6 118 75 974.2736762043301 1.0594087903250183e-11 1
6 118 76 974.1032665484809 1.0590587206280122e-11 1
6 118 77 973.9729321886766 1.0587098816061551e-11 1
6 118 78 973.8533219141239 1.0583821173109694e-11 1
6 118 79 973.7337116395702 1.0580545558970188e-11 1
6 118 80 973.6536801202873 1.0577256681415035e-11 1
6 118 81 973.8907018636402 1.0574106676493972e-11 1
6 118 82 974.2670575569497 1.0571022215979187e-11 1
6 118 83 974.6434132502271 1.0567939582611969e-11 1
6 118 84 975.0188476983059 1.056493466752782e-11 1
6 118 85 975.3539972832408 1.0562044664673177e-11 1
6 118 86 975.6636670759818 1.0559149979469443e-11 1
6 118 87 975.9733368687471 1.0556264577284728e-11 1
6 118 88 976.2830066614883 1.0553531016581783e-11 1
6 118 89 976.4228012365382 1.0550775522139476e-11 1
6 118 90 976.3824550978704 1.054802146622379e-11 1
6 118 91 976.3371508564941 1.054536385991831e-11 1
6 118 92 976.2918466151162 1.0542745932545727e-11 1
6 118 93 976.2175252491058 1.0540135236765697e-11 1
6 118 94 976.0869820608875 1.0537600931372729e-11 1
6 118 95 975.9536158255578 1.0535066351288284e-11 1
6 118 96 975.8202495902323 1.0532503299099802e-11 1
6 118 97 975.713180842262 1.0529942979003275e-11 1
6 118 98 975.7178207536579 1.0527414887403422e-11 1
6 118 99 975.7298158788113 1.0524888009430863e-11 1
6 118 100 975.7418110039658 1.0522400403687113e-11 1
6 118 101 975.7644774431162 1.051986547285919e-11 1
6 118 102 976.0794864233812 1.0517293607642165e-11 1
6 118 103 976.4171605623615 1.051473480670934e-11 1
6 118 104 976.7548347013313 1.051222663111337e-11 1
6 118 105 977.0925088403274 1.0509572828597766e-11 1
6 118 106 977.4785897318532 1.0506872580073798e-11 1
6 118 107 977.8770737770642 1.0504164665911977e-11 1
6 118 108 978.2755578222989 1.0501269307512532e-11 1
6 118 109 978.6740418675098 1.0498375544821163e-11 1
6 118 110 979.0565782255496 1.04955581949269e-11 1
6 118 111 979.4297040114187 1.049259736066819e-11 1
6 118 112 979.8028297972944 1.0489366844677888e-11 1
6 118 113 980.1759555831634 1.048613331929446e-11 1
6 118 114 980.5648840920767 1.0482764116800342e-11 1
6 118 115 980.9722329531179 1.0479066338251141e-11 1
6 118 116 981.3795818141274 1.047531170318673e-11 1
6 118 117 981.7869306751404 1.0471534236466012e-11 1
6 118 118 982.1004693756911 1.0467186771749507e-11 1
6 118 119 982.1894049034779 1.046275107033433e-11 1
6 118 120 982.2783404312672 1.0458319126779429e-11 1
6 118 121 982.3672759590559 1.045334285070444e-11 1
6 118 122 982.4674464179037 1.0448150258144231e-11 1
6 118 123 982.6065699196395 1.0442968526142682e-11 1
6 118 124 982.749983551612 1.0437505937823712e-11 1
6 118 125 982.8933971835959 1.0431522265757328e-11 1
6 118 126 983.0412121140057 1.0425551196846697e-11 1
6 118 127 983.2099577608392 1.04195482389634e-11 1
6 118 128 983.3843326305634 1.0412755064574944e-11 1
6 118 129 983.5587075002638 1.0405993454808346e-11 1
6 118 130 983.7600233805221 1.0399240620759095e-11 1
6 118 131 984.1795644969094 1.0391942904557078e-11 1
6 118 132 984.6969888730738 1.0384432234332143e-11 1
6 118 133 985.2144132492283 1.037692279065574e-11 1
6 118 134 985.7271950017835 1.0369059802033807e-11 1
6 118 135 986.0600896656528 1.0360790597382857e-11 1
6 118 136 986.2753518944174 1.0352569276845552e-11 1
6 118 137 986.4906141231842 1.0344323546205829e-11 1
6 118 138 986.7058763519572 1.0335345080077395e-11 1
6 118 139 986.9125646340663 1.0326460130550444e-11 1
6 118 140 987.1100346095174 1.0317590444088578e-11 1
6 118 141 987.3072244720842 1.0308247364743818e-11 1
6 118 142 987.5044143346453 1.0298724293828437e-11 1
6 118 143 987.689682287593 1.0289203688915114e-11 1
6 118 144 987.8518686117901 1.0279403099486205e-11 1
6 118 145 988.0127324148426 1.0269317194896448e-11 1
6 118 146 988.1735962179044 1.0259251063003154e-11 1
6 118 147 988.3631016361837 1.0249065464165478e-11 1
6 118 148 988.671911000302 1.02383477962177e-11 1
6 118 149 988.9897906049521 1.022776089558417e-11 1
6 118 150 989.3076702096084 1.0217195866973116e-11 1
6 118 151 989.6196837673924 1.0206151914822286e-11 1
6 118 152 989.7919724205185 1.0195111471659306e-11 1
6 118 153 989.9516735623606 1.0184100021857743e-11 1
6 118 154 990.1113747041902 1.0172924138624452e-11 1
6 118 155 990.2710758460215 1.0161465161025073e-11 1
6 118 156 990.4560043979669 1.0150031969605585e-11 1
6 118 157 990.647624090934 1.013848277789772e-11 1
6 118 158 990.8392437839063 1.0126557813338801e-11 1
6 118 159 991.030863476877 1.0114788971716803e-11 1
6 118 160 991.1912975990642 1.0103047453269093e-11 1
6 118 161 991.3328786262001 1.0091072146848743e-11 1
6 119 54 967.879847456853 1.138557970057825e-11 1
6 119 55 969.9804486925575 1.127549225881073e-11 1
6 119 56 971.4731392782611 1.1166040856219055e-11 1
6 119 57 972.1256762371036 1.1060102450899321e-11 1
6 119 58 973.5297556593183 1.095942199193282e-11 1
6 119 59 975.4699885945315 1.0865548963671218e-11 1
6 119 60 977.1331296960324 1.0779773031103998e-11 1
6 119 61 978.3329884396804 1.0708591296472148e-11 1
6 119 62 979.9685082160746 1.0659758845903422e-11 1
6 119 63 981.1134607206776 1.0630185775492689e-11 1
6 119 64 981.7137413205697 1.061186280399358e-11 1
6 119 65 982.2978082942788 1.0600186203404314e-11 1
6 119 66 982.35746608497 1.0592716592537556e-11 1
6 119 67 982.4767816663536 1.0587760281624443e-11 1
6 119 68 982.5865923727054 1.0583954836034466e-11 1
6 119 69 982.8132688354206 1.058017489276308e-11 1
6 119 70 983.0399452981496 1.057639764845827e-11 1
6 119 71 983.2666217608647 1.057274266497996e-11 1
6 119 72 983.4626280424019 1.0569139440146909e-11 1
6 119 73 983.5569116525575 1.0565538698647436e-11 1
6 119 74 983.6396849879882 1.0561997318897858e-11 1
6 119 75 983.7224583234173 1.0558551475856412e-11 1
6 119 76 983.8081087198311 1.0555107880488653e-11 1
6 119 77 983.9070097569282 1.0551686242484143e-11 1
6 119 78 984.0094566443069 1.0548408891970636e-11 1
6 119 79 984.1119035316864 1.0545121561293786e-11 1
6 120 48 960.1473246493697 1.184607937015121e-11 1
6 120 49 961.1333788954034 1.1772481987303479e-11 1
6 120 50 962.255614086634 1.1690778861171886e-11 1
6 120 51 963.7205437032617 1.1601809411707585e-11 1
6 120 52 965.539893142388 1.1506781743828891e-11 1
6 120 53 967.5830952956077 1.1407119998289978e-11 1
6 120 54 969.8062721285962 1.1304516832435836e-11 1
6 120 55 971.397005252522 1.1200733426835944e-11 1
6 120 56 972.7261366994279 1.1097561534075478e-11 1
6 120 57 974.6544628789451 1.099752302929308e-11 1
6 121 48 960.4528394773864 1.1748293712020087e-11 1
6 121 49 961.9137176973591 1.1675344231799142e-11 1
6 121 50 963.0066647792585 1.1595692270086926e-11 1
6 121 51 964.2508300075199 1.1516556279753315e-11 1
