3 55 104 965.9613184789474 1.288220385880811e-10 1
3 55 105 986.5630640844174 1.1898291960161562e-10 1
3 55 106 1010.0563502172274 1.292073155228986e-10 1
3 55 107 1003.0130762914474 1.6860563836846748e-10 1
3 56 79 945.5847315648874 1.1541024505989828e-10 1
3 56 80 945.5847315648874 1.168150609367819e-10 1
3 56 81 948.5709376195774 1.1811754666156431e-10 1
3 56 82 951.3787379125474 1.1931390892623914e-10 1
3 56 83 953.3769678930174 1.2039757164077703e-10 1
3 56 84 960.2929835180174 1.2136722787339726e-10 1
3 56 85 960.2929835180174 1.2222203215407405e-10 1
3 56 86 963.3062891820774 1.2296684860873398e-10 1
3 56 87 967.6362452367674 1.236041456871767e-10 1
3 56 88 972.5144801000474 1.241459056051941e-10 1
3 56 89 982.1949610570774 1.2459607990951078e-10 1
3 56 90 982.1949610570774 1.2497142635638727e-10 1
3 56 91 985.8590845922274 1.2527608223894307e-10 1
3 56 92 989.0438380101974 1.255046323430792e-10 1
3 56 93 992.2785181859774 1.2565546935426987e-10 1
3 56 94 997.2608179906674 1.2576125813431568e-10 1
3 56 95 997.2608179906674 1.2580806272237224e-10 1
3 56 96 999.4736475805174 1.2581628801164814e-10 1
3 56 97 1001.7298731664474 1.2579696783469923e-10 1
3 56 98 1002.1051783422274 1.2575319259457552e-10 1
3 56 99 1003.0670313695774 1.2569882898176527e-10 1
3 56 100 1004.5773463109774 1.2585847129815047e-10 1
3 56 101 1006.0833887914474 1.2721117947159413e-10 1
3 56 102 1008.9736475805174 1.3160907972955489e-10 1
3 56 103 1011.9134058812974 1.3266557893416811e-10 1
3 56 104 1014.3133692601974 1.2326466278831854e-10 1
3 56 105 1018.7055201391074 1.119193530345604e-10 1
3 57 32 961.9748072484774 9.201583040010168e-11 1
3 57 33 964.2516627172274 9.182292293909261e-11 1
3 57 34 962.9529566625474 9.157084843133434e-11 1
3 57 35 962.9529566625474 9.131010309773213e-11 1
3 57 36 960.6637720922274 9.095152438669302e-11 1
3 57 37 959.6096949437974 9.050216275248696e-11 1
3 57 38 962.4792017797274 8.999257653028161e-11 1
3 57 39 963.6382593969174 8.940074910865597e-11 1
3 57 40 963.6382593969174 8.875440789806736e-11 1
3 57 41 963.4654078344174 8.809793778098304e-11 1
3 57 42 962.9438624242674 8.743025867901864e-11 1
3 57 43 961.3922266820774 8.677949557269574e-11 1
3 57 44 964.5033717016074 8.61457856381387e-11 1
3 57 45 964.5033717016074 8.555248985611803e-11 1
3 57 46 966.2053370336374 8.497949291038883e-11 1
3 57 47 965.4018702367674 8.442986816498019e-11 1
3 57 48 961.5003809789474 8.389477347311403e-11 1
3 57 49 964.1515040258274 8.339986258133116e-11 1
3 57 50 964.1515040258274 8.295100752508871e-11 1
3 57 51 966.5648951391074 8.257084932673986e-11 1
3 57 52 969.9986719945774 8.230237438203943e-11 1
3 57 53 972.9268946508274 8.219004679626044e-11 1
3 57 54 973.1620631078574 8.225021785492947e-11 1
3 57 55 973.1620631078574 8.248103061410693e-11 1
3 57 56 974.2218165258274 8.286349787163746e-11 1
3 57 57 974.0615992406674 8.339575712307635e-11 1
3 57 58 975.3640894750474 8.409560252077812e-11 1
3 57 59 976.3758082250474 8.494335617842267e-11 1
3 57 60 976.3758082250474 8.589661112039088e-11 1
3 57 61 977.6246485570774 8.693207703502944e-11 1
3 57 62 978.2891383031674 8.80408656386844e-11 1
3 57 63 979.4150538305174 8.92077018879704e-11 1
3 57 64 983.1262965062974 9.040999543287011e-11 1
3 57 65 983.1262965062974 9.164613603571873e-11 1
3 57 66 985.0142969945774 9.29003127095801e-11 1
3 57 67 985.7270045141074 9.421827231370469e-11 1
3 57 68 986.3775782445774 9.559967235225166e-11 1
3 57 69 986.1468043187974 9.704761672304224e-11 1
3 57 70 986.1468043187974 9.859290964369965e-11 1
3 57 71 985.1139674047274 1.0016503104790974e-10 1
3 57 72 983.5171656469174 1.0170248723120288e-10 1
3 57 73 981.1685938695774 1.0318951926017055e-10 1
3 57 74 978.9266505101974 1.0463388053823188e-10 1
3 57 75 978.9266505101974 1.060502707865501e-10 1
3 57 76 980.4040064672274 1.0741968723967701e-10 1
3 57 77 979.7047266820774 1.0873909082090059e-10 1
3 57 78 978.6137232641074 1.099953786252491e-10 1
3 57 79 984.0030665258274 1.1121172831614568e-10 1
3 57 80 984.0030665258274 1.1234170622069179e-10 1
3 57 81 986.2467799047274 1.1340091437943294e-10 1
3 57 82 989.3228297094174 1.1526542213216281e-10 1
3 57 83 991.5142359594174 1.1612209333744557e-10 1
3 57 84 996.7171778539474 1.1685318731439028e-10 1
3 57 85 996.7171778539474 1.1746918575837356e-10 1
3 57 86 997.9093165258274 1.1798711136276108e-10 1
3 57 87 998.5931544164474 1.1841679691381569e-10 1
3 57 88 999.5705714086374 1.1875959861372035e-10 1
3 57 89 1000.4943384984774 1.1875959861372035e-10 1
3 57 90 1000.4943384984774 1.2076016845541178e-10 1
3 57 91 1001.6328883031674 1.2094279872147872e-10 1
3 58 24 957.5677027562974 9.849946768491547e-11 1
3 58 25 958.8739771703574 1.0069703659704535e-10 1
3 58 26 961.9267725805174 1.0160733099324496e-10 1
3 58 27 965.5518946508274 1.0079146073551606e-10 1
3 58 28 969.5705714086374 9.697546725219969e-11 1
3 58 29 971.4101099828574 9.196729661597917e-11 1
3 58 30 974.7050928930174 9.072648573170657e-11 1
3 58 31 976.6190333226974 9.106896836082179e-11 1
3 58 32 977.2373804906674 9.111471083729061e-11 1
3 58 33 978.9203638891074 9.107633546115708e-11 1
3 58 34 979.4803004125474 9.102261923935008e-11 1
3 58 35 979.4803004125474 9.119923740872182e-11 1
3 58 36 979.6340479711374 9.104979007532319e-11 1
3 58 37 980.0315699437974 9.08554016098168e-11 1
3 58 38 981.2815089086374 9.06279278002368e-11 1
3 58 39 981.5238184789474 9.037709295935844e-11 1
3 58 40 981.5238184789474 9.011543565098674e-11 1
3 58 41 981.8714136937974 8.944641247357788e-11 1
3 58 42 982.3970484594174 9.02018241039616e-11 1
3 58 43 982.9486231664474 8.901052259863657e-11 1
3 59 24 958.4900050023874 9.942954242019663e-11 1
3 59 25 960.6340479711374 1.0188492395087497e-10 1
3 59 26 963.0624537328574 1.0129407446047244e-10 1
