5 98 267 979.1928891662592 1.8212521499813435e-11 1
5 98 268 998.9121884826592 1.9768134176170344e-11 1
5 98 269 1021.1991757873492 2.0478807345078532e-11 1
5 98 270 1015.3622006896892 2.182536676303063e-11 1
5 99 206 957.9338559631292 1.002614492363583e-11 1
5 99 207 957.9338559631292 1.0075163399283268e-11 1
5 99 208 957.9338559631292 1.0124510342471644e-11 1
5 99 209 957.9338559631292 1.0174343055734247e-11 1
5 99 210 960.9200620178192 1.0224287138427208e-11 1
5 99 211 960.9200620178192 1.0274432785487394e-11 1
5 99 212 960.9200620178192 1.0325072741757102e-11 1
5 99 213 960.9200620178192 1.0375850493289626e-11 1
5 99 214 963.7278623107892 1.0425852893744338e-11 1
5 99 215 963.7278623107892 1.0476934911895205e-11 1
5 99 216 963.7278623107892 1.0528519952736338e-11 1
5 99 217 963.7278623107892 1.0580021090064078e-11 1
5 99 218 963.7278623107892 1.0631223933085662e-11 1
5 99 219 965.7260922912592 1.0682924786628907e-11 1
5 99 220 965.7260922912592 1.0734212105240782e-11 1
5 99 221 965.7260922912592 1.0785268376595263e-11 1
5 99 222 965.7260922912592 1.0836812657838494e-11 1
5 99 223 972.6421079162592 1.0888273351561475e-11 1
5 99 224 972.6421079162592 1.093826835387048e-11 1
5 99 225 972.6421079162592 1.0989522412830875e-11 1
5 99 226 972.6421079162592 1.1041259061138279e-11 1
5 99 227 975.6554135803192 1.1092044855809356e-11 1
5 99 228 975.6554135803192 1.114234379581043e-11 1
5 99 229 975.6554135803192 1.1193556583963283e-11 1
5 99 230 975.6554135803192 1.1245046640579552e-11 1
5 99 231 979.9853696350092 1.1295107245761438e-11 1
5 99 232 979.9853696350092 1.1345615562835748e-11 1
5 99 233 979.9853696350092 1.1395797975972453e-11 1
5 99 234 979.9853696350092 1.1443844869039319e-11 1
5 99 235 984.8636044982892 1.1493363649332826e-11 1
5 99 236 984.8636044982892 1.1543312838512688e-11 1
5 99 237 984.8636044982892 1.1592621696551838e-11 1
5 99 238 984.8636044982892 1.1640898496232105e-11 1
5 99 239 994.5440854553192 1.1689579069259096e-11 1
5 99 240 994.5440854553192 1.1737107280119309e-11 1
5 99 241 994.5440854553192 1.1783790531575438e-11 1
5 99 242 994.5440854553192 1.1830846622538701e-11 1
5 99 243 994.5440854553192 1.1877429858490603e-11 1
5 99 244 998.2082089904692 1.192133534995704e-11 1
5 99 245 998.2082089904692 1.1966698857924034e-11 1
5 99 246 998.2082089904692 1.2012408922430982e-11 1
5 99 247 998.2082089904692 1.2056398216611714e-11 1
5 99 248 1001.3929624084392 1.2099344533223443e-11 1
5 99 249 1001.3929624084392 1.2143253339642447e-11 1
5 99 250 1001.3929624084392 1.218720012456659e-11 1
5 99 251 1001.3929624084392 1.222872705402719e-11 1
5 99 252 1004.6276425842192 1.227053795059986e-11 1
5 99 253 1004.6276425842192 1.2311609371756696e-11 1
5 99 254 1004.6276425842192 1.23496184255175e-11 1
5 99 255 1004.6276425842192 1.2389035687689366e-11 1
5 99 256 1009.6099423889092 1.242870537799576e-11 1
5 99 257 1009.6099423889092 1.2466412284179437e-11 1
5 99 258 1009.6099423889092 1.251172093022556e-11 1
5 99 259 1011.8227719787592 1.2579943977246493e-11 1
5 99 260 1011.8227719787592 1.2674091513262014e-11 1
5 99 261 1014.0789975646892 1.2800968276317514e-11 1
5 99 262 1015.4161557678192 1.2959819203080024e-11 1
5 99 263 1016.5350522521892 1.313854381766798e-11 1
5 99 264 1018.4325131896892 1.3350154962615249e-11 1
5 99 265 1021.3227719787592 1.3801751710109388e-11 1
5 99 266 1024.2625302795393 1.4730252917739665e-11 1
5 99 267 1026.3252133850092 1.6651739150870823e-11 1
5 99 268 1031.0546445373493 1.8566648818479336e-11 1
5 100 43 974.1263608459392 7.857712003832472e-12 1
5 100 44 974.3239316467192 7.853515768051484e-12 1
5 100 45 974.3239316467192 7.849263236050275e-12 1
5 100 46 974.3239316467192 7.845231294696759e-12 1
5 100 47 974.3239316467192 7.842150237955064e-12 1
5 100 48 976.7675961975092 7.838060132114522e-12 1
5 100 49 976.7675961975092 7.833592561489627e-12 1
5 100 50 976.7675961975092 7.829119410261401e-12 1
5 100 51 976.7675961975092 7.824548516437739e-12 1
5 100 52 976.6007871154692 7.819982956771953e-12 1
5 100 53 976.6007871154692 7.8159384843416e-12 1
5 100 54 976.6007871154692 7.812271326784093e-12 1
5 100 55 976.6007871154692 7.807672639929689e-12 1
5 100 56 975.3020810607892 7.803079363916406e-12 1
5 100 57 975.3020810607892 7.798531334281029e-12 1
5 100 58 975.3020810607892 7.794041959580128e-12 1
5 100 59 975.3020810607892 7.78955775069538e-12 1
5 100 60 973.0128964904692 7.785652190414678e-12 1
5 100 61 973.0128964904692 7.781381346074247e-12 1
5 100 62 973.0128964904692 7.777115184735542e-12 1
5 100 63 973.0128964904692 7.773125729030543e-12 1
5 100 64 971.9588193420392 7.769576515032672e-12 1
5 100 65 971.9588193420392 7.76568490396303e-12 1
5 100 66 971.9588193420392 7.761797189387552e-12 1
5 100 67 971.9588193420392 7.758096401650034e-12 1
5 100 68 971.9588193420392 7.754644306828024e-12 1
5 100 69 974.8283261779692 7.751195282774344e-12 1
5 100 70 974.8283261779692 7.748019826485263e-12 1
5 100 71 974.8283261779692 7.745161547523795e-12 1
5 100 72 974.8283261779692 7.742305376648262e-12 1
5 100 73 975.9873837951592 7.73951924877438e-12 1
5 100 74 975.9873837951592 7.737279798140348e-12 1
5 100 75 975.9873837951592 7.735126423527753e-12 1
5 100 76 975.9873837951592 7.732974247199837e-12 1
5 100 77 975.8145322326592 7.731157573090645e-12 1
5 100 78 975.8145322326592 7.729789770141208e-12 1
5 100 79 975.8145322326592 7.728422451091874e-12 1
5 100 80 975.8145322326592 7.727137615071639e-12 1
5 100 81 975.2929868225092 7.726644295782843e-12 1
5 100 82 975.2929868225092 7.726151039479452e-12 1
5 100 83 975.2929868225092 7.725635965093195e-12 1
5 100 84 975.2929868225092 7.725780487297872e-12 1
5 100 85 973.7413510803192 7.72622860808555e-12 1
5 100 86 973.7413510803192 7.726676780861199e-12 1
5 100 87 973.7413510803192 7.727507456068276e-12 1
5 100 88 973.7413510803192 7.728851208383916e-12 1
5 100 89 976.8524960998492 7.730195428116598e-12 1
5 100 90 976.8524960998492 7.731594051923754e-12 1
5 100 91 976.8524960998492 7.733843095988995e-12 1
5 100 92 976.8524960998492 7.736064244527979e-12 1
5 100 93 976.8524960998492 7.738286669254752e-12 1
5 100 94 978.5544614318792 7.74122477903261e-12 1
5 100 95 978.5544614318792 7.744236634630747e-12 1
5 100 96 978.5544614318792 7.747250834768681e-12 1
5 100 97 978.5544614318792 7.750710282534376e-12 1
5 100 98 977.7509946350092 7.75450423490518e-12 1
5 100 99 977.7509946350092 7.758182129043638e-12 1
5 100 100 977.7509946350092 7.761903782703584e-12 1
5 100 101 977.7509946350092 7.766017984736088e-12 1
5 100 102 973.8495053771892 7.770136550552384e-12 1
5 100 103 973.8495053771892 7.774622329651097e-12 1
5 100 104 973.8495053771892 7.77890693779863e-12 1
5 100 105 973.8495053771892 7.783017006017743e-12 1
5 100 106 976.5006284240692 7.787347945243885e-12 1
5 100 107 976.5006284240692 7.792783129865293e-12 1
5 100 108 976.5006284240692 7.796842449165983e-12 1
5 100 109 976.5006284240692 7.800263986368066e-12 1
5 100 110 978.9140195373492 7.803519040545058e-12 1
5 100 111 978.9140195373492 7.805140336329825e-12 1
5 100 112 978.9140195373492 7.806762305950654e-12 1
5 100 113 978.9140195373492 7.80971373702765e-12 1
5 100 114 982.3477963928192 7.809676459285796e-12 1
5 100 115 982.3477963928192 7.808280734503087e-12 1
5 100 116 982.3477963928192 7.807229562923899e-12 1
5 100 117 982.3477963928192 7.805558527330721e-12 1
5 100 118 982.3477963928192 7.801170785521149e-12 1
5 100 119 985.2760190490692 7.79697334568245e-12 1
5 100 120 985.2760190490692 7.792733435021552e-12 1
5 100 121 985.2760190490692 7.788045264570606e-12 1
5 100 122 985.2760190490692 7.783362731609409e-12 1
5 100 123 985.5111875060992 7.777970505242683e-12 1
5 100 124 985.5111875060992 7.772687768373249e-12 1
5 100 125 985.5111875060992 7.769540448287915e-12 1
5 100 126 985.5111875060992 7.766395675999338e-12 1
5 100 127 986.5709409240692 7.763011238292506e-12 1
5 100 128 986.5709409240692 7.760936525360132e-12 1
5 100 129 986.5709409240692 7.759605022199129e-12 1
5 100 130 986.5709409240692 7.75844344397736e-12 1
5 100 131 986.4107236389092 7.758917408132922e-12 1
5 100 132 986.4107236389092 7.759391430201065e-12 1
5 100 133 986.4107236389092 7.758792936002991e-12 1
5 100 134 986.4107236389092 7.760316696838443e-12 1
5 100 135 987.7132138732892 7.762846856110853e-12 1
5 100 136 987.7132138732892 7.76509113284869e-12 1
5 100 137 987.7132138732892 7.767045399876955e-12 1
5 100 138 987.7132138732892 7.771402161253414e-12 1
5 100 139 988.7249326232892 7.776160269936224e-12 1
5 100 140 988.7249326232892 7.78106695131252e-12 1
5 100 141 988.7249326232892 7.787698232957135e-12 1
5 100 142 988.7249326232892 7.794960745167935e-12 1
5 100 143 988.7249326232892 7.802236815509848e-12 1
5 100 144 989.9737729553192 7.81145711294458e-12 1
5 100 145 989.9737729553192 7.821308645639573e-12 1
5 100 146 989.9737729553192 7.831070056616783e-12 1
5 100 147 989.9737729553192 7.841689098612954e-12 1
5 100 148 990.6382627014092 7.854229727676783e-12 1
5 100 149 990.6382627014092 7.866810531576447e-12 1
5 100 150 990.6382627014092 7.87917190825184e-12 1
5 100 151 990.6382627014092 7.89405781211238e-12 1
5 100 152 991.7641782287592 7.909393208022846e-12 1
5 100 153 991.7641782287592 7.92478830253803e-12 1
5 100 154 991.7641782287592 7.942168978807483e-12 1
5 100 155 991.7641782287592 7.960235098887028e-12 1
5 100 156 995.4754209045392 7.978263500111429e-12 1
5 100 157 995.4754209045392 7.996696401899571e-12 1
5 100 158 995.4754209045392 8.017053249858186e-12 1
5 100 159 995.4754209045392 8.037785917048065e-12 1
5 100 160 997.3634213928192 8.058818429702198e-12 1
5 100 161 997.3634213928192 8.081827491434333e-12 1
5 100 162 997.3634213928192 8.104968317596775e-12 1
5 100 163 997.3634213928192 8.127682728374365e-12 1
5 100 164 998.0761289123492 8.151108588511688e-12 1
5 100 165 998.0761289123492 8.176300634296291e-12 1
5 100 166 998.0761289123492 8.201648881333366e-12 1
5 100 167 998.0761289123492 8.227056830611747e-12 1
5 100 168 998.0761289123492 8.25356197463308e-12 1
5 100 169 998.7267026428192 8.28072925311514e-12 1
5 100 170 998.7267026428192 8.308163346037682e-12 1
5 100 171 998.7267026428192 8.336628688313988e-12 1
5 100 172 998.7267026428192 8.36528975649973e-12 1
5 100 173 998.4959287170392 8.393395490255499e-12 1
5 100 174 998.4959287170392 8.422755503967558e-12 1
5 100 175 998.4959287170392 8.452899164200402e-12 1
5 100 176 998.4959287170392 8.483060789033288e-12 1
5 100 177 997.4630918029692 8.513301342972887e-12 1
5 100 178 997.4630918029692 8.54506870953084e-12 1
5 100 179 997.4630918029692 8.577143027310616e-12 1
5 100 180 997.4630918029692 8.60962344288079e-12 1
5 100 181 995.8662900451592 8.643949653970235e-12 1
5 100 182 995.8662900451592 8.678550675071721e-12 1
5 100 183 995.8662900451592 8.71348722773909e-12 1
5 100 184 995.8662900451592 8.750117900400364e-12 1
5 100 185 993.5177182678192 8.787487787063359e-12 1
5 100 186 993.5177182678192 8.825173471426801e-12 1
5 100 187 993.5177182678192 8.863876579371155e-12 1
5 100 188 993.5177182678192 8.903890228816187e-12 1
5 100 189 991.2757749084392 8.94426677876292e-12 1
5 100 190 991.2757749084392 8.984896970807619e-12 1
5 100 191 991.2757749084392 9.027058293557547e-12 1
5 100 192 991.2757749084392 9.06979719096813e-12 1
5 100 193 991.2757749084392 9.112942710910999e-12 1
5 100 194 992.7531308654692 9.15696094175177e-12 1
5 100 195 992.7531308654692 9.201924237358739e-12 1
5 100 196 992.7531308654692 9.247331277143468e-12 1
5 100 197 992.7531308654692 9.293258757721631e-12 1
5 100 198 992.0538510803192 9.340166393145767e-12 1
5 100 199 992.0538510803192 9.38774614772476e-12 1
5 100 200 992.0538510803192 9.43584738885805e-12 1
5 100 201 992.0538510803192 9.484778042620148e-12 1
5 100 202 990.9628476623492 9.534218812524804e-12 1
5 100 203 990.9628476623492 9.583730491606468e-12 1
5 100 204 990.9628476623492 9.633301682788697e-12 1
5 100 205 990.9628476623492 9.684309287644475e-12 1
5 100 206 996.3521909240692 9.73585993067717e-12 1
5 100 207 996.3521909240692 9.787901436641122e-12 1
5 100 208 996.3521909240692 9.84041977679303e-12 1
5 100 209 996.3521909240692 9.893504746121235e-12 1
5 100 210 998.5959043029692 9.94640628113435e-12 1
5 100 211 998.5959043029692 9.999926258142749e-12 1
5 100 212 998.5959043029692 1.0054635215126531e-11 1
5 100 213 998.5959043029692 1.0109946083538384e-11 1
5 100 214 1001.6719541076592 1.0122226315224647e-11 1
5 100 215 1001.6719541076592 1.0122226315224647e-11 1
5 100 216 1001.6719541076592 1.031207171371261e-11 1
5 100 217 1001.6719541076592 1.031207171371261e-11 1
5 100 218 1001.6719541076592 1.031207171371261e-11 1
5 100 219 1003.8633603576592 1.0502547271559205e-11 1
5 100 220 1003.8633603576592 1.0502547271559205e-11 1
5 100 221 1003.8633603576592 1.0502547271559205e-11 1
5 100 222 1003.8633603576592 1.0698480017892103e-11 1
5 100 223 1009.0663022521892 1.0698480017892103e-11 1
5 100 224 1009.0663022521892 1.0698480017892103e-11 1
5 100 225 1009.0663022521892 1.089843581104603e-11 1
5 100 226 1009.0663022521892 1.089843581104603e-11 1
5 100 227 1010.2584409240692 1.089843581104603e-11 1
5 100 228 1010.2584409240692 1.089843581104603e-11 1
5 100 229 1010.2584409240692 1.1100477820555986e-11 1
5 100 230 1010.2584409240692 1.1100477820555986e-11 1
5 100 231 1010.9422788146892 1.1100477820555986e-11 1
5 100 232 1010.9422788146892 1.1302788875541652e-11 1
5 100 233 1010.9422788146892 1.1302788875541652e-11 1
5 100 234 1010.9422788146892 1.1302788875541652e-11 1
5 100 235 1011.9196958068792 1.1504497016179679e-11 1
5 100 236 1011.9196958068792 1.1504497016179679e-11 1
5 100 237 1011.9196958068792 1.1504497016179679e-11 1
5 100 238 1011.9196958068792 1.1504497016179679e-11 1
5 100 239 1012.8434628967192 1.1504497016179679e-11 1
5 100 240 1012.8434628967192 1.1504497016179679e-11 1
5 100 241 1012.8434628967192 1.1504497016179679e-11 1
5 100 242 1012.8434628967192 1.1504497016179679e-11 1
5 100 243 1012.8434628967192 1.1832924223316503e-11 1
5 100 244 1013.9820127014092 1.1832924223316503e-11 1
5 100 245 1013.9820127014092 1.2014890279977605e-11 1
5 100 246 1013.9820127014092 1.2014890279977605e-11 1
5 101 24 969.9168271545392 8.396055338460146e-12 1
5 101 25 971.2231015685992 8.366170373170636e-12 1
5 101 26 974.2758969787592 8.333350066139275e-12 1
5 101 27 977.9010190490692 8.254824535017892e-12 1
5 101 28 981.9196958068792 8.134554040427526e-12 1
5 101 29 983.4898862365692 8.035675563835927e-12 1
5 101 30 985.3700131896892 7.98353152272608e-12 1
5 101 31 987.0542172912592 7.947773391838911e-12 1
5 101 32 987.3037900451592 7.919148774420431e-12 1
5 101 33 987.7316464904692 7.897520697403273e-12 1
5 101 34 988.0688657287592 7.88185028822371e-12 1
5 101 35 988.9681577209392 7.87101925005881e-12 1
5 101 36 988.9681577209392 7.863707445962687e-12 1
5 101 37 988.9681577209392 7.857759095664783e-12 1
5 101 38 988.9681577209392 7.851674260660933e-12 1
5 101 39 989.3456601623492 7.845598842226727e-12 1
5 101 40 989.3456601623492 7.839534415006407e-12 1
5 101 41 989.3456601623492 7.833317652496332e-12 1
5 101 42 989.3456601623492 7.827110741977592e-12 1
5 101 43 989.3456601623492 7.820901747304624e-12 1
5 101 44 989.5865048889092 7.81455189614541e-12 1
5 101 45 989.5865048889092 7.808189078966994e-12 1
5 101 46 989.5865048889092 7.801836614910685e-12 1
5 101 47 989.5865048889092 7.795446345370134e-12 1
5 101 48 989.8147763732892 7.789034559649244e-12 1
5 101 49 989.8147763732892 7.782648053636657e-12 1
5 101 50 989.8147763732892 7.776265513942241e-12 1
5 101 51 989.8147763732892 7.76983083289063e-12 1
5 101 52 991.2694882873492 7.763406792135884e-12 1
5 101 53 991.2694882873492 7.756993365307837e-12 1
5 101 54 991.2694882873492 7.750623989523837e-12 1
5 101 55 991.2694882873492 7.744275582488378e-12 1
5 101 56 991.8294248107892 7.73794146216125e-12 1
5 101 57 991.8294248107892 7.73171422628921e-12 1
5 101 58 991.8294248107892 7.740309406868504e-12 1
5 101 59 991.8294248107892 7.740309406868504e-12 1
5 101 60 991.9831723693792 7.693197138763542e-12 1
5 101 61 991.9831723693792 7.693197138763542e-12 1
5 101 62 991.9831723693792 7.67371265145107e-12 1
5 101 63 991.9831723693792 7.67371265145107e-12 1
5 101 64 992.3806943420392 7.67371265145107e-12 1
5 101 65 992.3806943420392 7.655207295435164e-12 1
5 101 66 992.3806943420392 7.655207295435164e-12 1
5 101 67 992.3806943420392 7.655207295435164e-12 1
5 101 68 992.3806943420392 7.655207295435164e-12 1
5 101 69 993.6306333068792 7.637814500729356e-12 1
5 101 70 993.6306333068792 7.637814500729356e-12 1
5 101 71 993.6306333068792 7.637814500729356e-12 1
5 101 72 993.6306333068792 7.621586198434921e-12 1
5 101 73 993.8729428771892 7.621586198434921e-12 1
5 101 74 993.8729428771892 7.621586198434921e-12 1
5 101 75 993.8729428771892 7.606658147246865e-12 1
5 101 76 993.8729428771892 7.606658147246865e-12 1
5 101 77 994.2205380920392 7.606658147246865e-12 1
5 101 78 994.2205380920392 7.606658147246865e-12 1
5 101 79 994.2205380920392 7.606658147246865e-12 1
5 101 80 994.2205380920392 7.606658147246865e-12 1
5 101 81 994.7461728576592 7.606658147246865e-12 1
5 101 82 994.7461728576592 7.606658147246865e-12 1
5 101 83 994.7461728576592 7.571453163070964e-12 1
5 101 84 994.7461728576592 7.571453163070964e-12 1
5 101 85 995.2977475646892 7.562580596769575e-12 1
5 101 86 995.2977475646892 7.562580596769575e-12 1
5 102 24 970.8391294006292 8.783002766800983e-12 1
5 102 25 972.9831723693792 8.698866649278383e-12 1
5 102 26 975.4115781310992 8.682438385237923e-12 1
