1 55 104 987.387049309897 5.003528887733262e-11 1
1 55 105 1007.988794915367 4.364633795739214e-11 1
1 55 106 1031.482081048177 3.341105817578202e-11 1
1 55 107 1024.438807122397 3.092874486475607e-11 1
1 56 79 967.010462395837 6.804033975770371e-11 1
1 56 80 967.010462395837 6.6712344508914e-11 1
1 56 81 969.996668450527 6.246467613491871e-11 1
1 56 82 972.804468743497 5.895601245907813e-11 1
1 56 83 974.802698723967 5.651751920138212e-11 1
1 56 84 981.718714348967 5.093645689102921e-11 1
1 56 85 981.718714348967 5.0454226857594435e-11 1
1 56 86 984.732020013027 4.820877508154395e-11 1
1 56 87 989.061976067717 4.549809269474973e-11 1
1 56 88 993.940210930997 4.286018822992719e-11 1
1 56 89 1003.620691888027 3.865087448819795e-11 1
1 56 90 1003.620691888027 3.8495157877008866e-11 1
1 56 91 1007.284815423177 3.706043363541583e-11 1
1 56 92 1010.469568841147 3.589759399509956e-11 1
1 56 93 1013.704249016927 3.480493417740161e-11 1
1 56 94 1018.686548821617 3.330162732120486e-11 1
1 56 95 1018.686548821617 3.32577615610879e-11 1
1 56 96 1020.899378411467 3.2627579869768866e-11 1
1 56 97 1023.155603997397 3.2021501388601526e-11 1
1 56 98 1023.530909173177 3.191926014654935e-11 1
1 56 99 1024.492762200527 3.169120370473025e-11 1
1 56 100 1026.003077141927 3.136410779232521e-11 1
1 56 101 1027.509119622397 3.1058152311063874e-11 1
1 56 102 1030.399378411467 3.0468451273472673e-11 1
1 56 103 1033.339136712247 3.072673107452424e-11 1
1 56 104 1035.739100091147 3.246600125631509e-11 1
1 56 105 1040.131250970057 3.388855909503504e-11 1
1 57 32 983.400538079427 6.87938865773912e-11 1
1 57 33 985.677393548177 6.749445426878218e-11 1
1 57 34 984.378687493497 7.006531957469707e-11 1
1 57 35 984.378687493497 7.100576216133952e-11 1
1 57 36 982.089502923177 7.516199308613712e-11 1
1 57 37 981.035425774747 7.801254317924067e-11 1
1 57 38 983.904932610677 7.516810785945479e-11 1
1 57 39 985.063990227867 7.491334241863496e-11 1
1 57 40 985.063990227867 7.634308277773833e-11 1
1 57 41 984.891138665367 7.804704790562029e-11 1
1 57 42 984.369593255217 8.034060558120399e-11 1
1 57 43 982.817957513027 8.446646997152407e-11 1
1 57 44 985.929102532557 8.055969595451032e-11 1
1 57 45 985.929102532557 8.175935936706659e-11 1
1 57 46 987.631067864587 8.006282125320897e-11 1
1 57 47 986.827601067717 8.238579660445531e-11 1
1 57 48 982.926111809897 9.074739519003257e-11 1
1 57 49 985.577234856777 8.656016492700535e-11 1
1 57 50 985.577234856777 8.745252307805675e-11 1
1 57 51 987.990625970057 8.394561740418799e-11 1
1 57 52 991.424402825527 7.90460670951744e-11 1
1 57 53 994.352625481777 7.53524088631208e-11 1
1 57 54 994.587793938807 7.54882572152884e-11 1
1 57 55 994.587793938807 7.571211960150445e-11 1
1 57 56 995.647547356777 7.415662191667217e-11 1
1 57 57 995.487330071617 7.401485228882573e-11 1
1 57 58 996.789820305997 7.167745465515695e-11 1
1 57 59 997.801539055997 6.960746263849314e-11 1
1 57 60 997.801539055997 6.862962116436678e-11 1
1 57 61 999.050379388027 6.61285112912212e-11 1
1 57 62 999.714869134117 6.428870669754727e-11 1
1 57 63 1000.840784661467 6.201094074052568e-11 1
1 57 64 1004.552027337247 5.7585513991909424e-11 1
1 57 65 1004.552027337247 5.6533457117314415e-11 1
1 57 66 1006.440027825527 5.4060869776699624e-11 1
1 57 67 1007.152735345057 5.2566725668574283e-11 1
1 57 68 1007.803309075527 5.1154233000519954e-11 1
1 57 69 1007.572535149747 5.0334928117086935e-11 1
1 57 70 1007.572535149747 4.937421666250664e-11 1
1 57 71 1006.539698235677 4.906237448834775e-11 1
1 57 72 1004.942896477867 4.9095433513136605e-11 1
1 57 73 1002.594324700527 4.9598184324459715e-11 1
1 57 74 1000.352381341147 5.0053164692274694e-11 1
1 57 75 1000.352381341147 4.913515735260925e-11 1
1 57 76 1001.829737298177 4.7418101096277715e-11 1
1 57 77 1001.130457513027 4.7005927261270395e-11 1
1 57 78 1000.039454095057 4.68348005790822e-11 1
1 57 79 1005.428797356777 4.340851473230615e-11 1
1 57 80 1005.428797356777 4.280265118713331e-11 1
1 57 81 1007.672510735677 4.126390158585803e-11 1
1 57 82 1010.748560540367 3.927681657374407e-11 1
1 57 83 1012.939966790367 3.8051155626186356e-11 1
1 57 84 1018.142908684897 3.592482187239519e-11 1
1 57 85 1018.142908684897 3.562153424365739e-11 1
1 57 86 1019.335047356777 3.4976727901912105e-11 1
1 57 87 1020.018885247397 3.452663122475002e-11 1
1 57 88 1020.996302239587 3.402314795106338e-11 1
1 57 89 1021.920069329427 3.375789977402536e-11 1
1 57 90 1021.920069329427 3.3301202199011177e-11 1
1 57 91 1023.058619134117 3.2850075914672475e-11 1
1 58 24 978.993433587247 4.770294088069093e-11 1
1 58 25 980.299708001307 4.7344283215779755e-11 1
1 58 26 983.352503411467 4.693193993227221e-11 1
1 58 27 986.977625481777 4.749434680231474e-11 1
1 58 28 990.996302239587 4.9811836799052155e-11 1
1 58 29 992.835840813807 5.4819500932797037e-11 1
1 58 30 996.130823723967 5.5859995115651946e-11 1
1 58 31 998.044764153647 5.601338179870128e-11 1
1 58 32 998.663111321617 5.6813372132343854e-11 1
1 58 33 1000.346094720057 5.637252497285574e-11 1
1 58 34 1000.906031243497 5.6535426051492305e-11 1
1 58 35 1000.906031243497 5.7052618016632513e-11 1
1 58 36 1001.059778802087 5.747914784637585e-11 1
1 58 37 1001.457300774747 5.7725914651333224e-11 1
1 58 38 1002.707239739587 5.727464756113134e-11 1
1 58 39 1002.949549309897 5.7654969283703856e-11 1
1 58 40 1002.949549309897 5.823160247974893e-11 1
1 58 41 1003.297144524747 5.850107074027135e-11 1
1 58 42 1003.822779290367 5.8054771828346127e-11 1
1 58 43 1004.374353997397 5.887198559102295e-11 1
1 59 24 979.915735833337 4.592504244857009e-11 1
1 59 25 982.059778802087 4.520718696043973e-11 1
1 59 26 984.488184563807 4.544323028587353e-11 1
