5 19 27 991.8963964951023 5.1003088278201924e-11 1
5 20 17 915.1296118271423 1.8495888104119526e-11 1
5 20 18 923.0079077255723 1.8255565855051855e-11 1
5 20 19 930.4369848740123 1.8433970252612886e-11 1
5 20 20 941.7336157333923 1.9627136506441836e-11 1
5 20 21 946.3184546005723 2.191107033014144e-11 1
5 20 22 965.9407690537023 2.4902343258559568e-11 1
5 20 23 994.9129980576023 2.7745815462468582e-11 1
5 20 24 1006.8204077255723 2.946467908827323e-11 1
5 20 25 1010.8191870224523 3.07448840775889e-11 1
5 20 26 1016.3683203232323 3.5180985623983445e-11 1
5 20 27 1026.5126074326024 4.582602358491166e-11 1
5 21 11 960.5570410263523 1.9074575773860805e-11 1
5 21 12 966.6951025497923 1.91218879265004e-11 1
5 21 13 973.5374487412023 1.8789733029720065e-11 1
5 21 14 978.2050512802623 1.8010091103290164e-11 1
5 21 15 981.4738501083923 1.7607359325968274e-11 1
5 21 16 986.0370214951023 1.718508262664105e-11 1
5 21 17 989.4668921005723 1.6968323058202036e-11 1
5 21 18 992.5589331162023 1.6881594372801875e-11 1
