6 98 267 979.1928891662592 1.5996094636741515e-11 1
6 98 268 998.9121884826592 1.5538083346748116e-11 1
6 98 269 1021.1991757873492 1.5395303726389805e-11 1
6 98 270 1015.3622006896892 1.5375778331896145e-11 1
6 99 206 957.9338559631292 1.9221076948181546e-11 1
6 99 207 957.9338559631292 1.91944415525882e-11 1
6 99 208 957.9338559631292 1.916822667302816e-11 1
6 99 209 957.9338559631292 1.914208330194264e-11 1
6 99 210 960.9200620178192 1.9115912623885506e-11 1
6 99 211 960.9200620178192 1.9090377102869932e-11 1
6 99 212 960.9200620178192 1.906490971283678e-11 1
6 99 213 960.9200620178192 1.9039428783364787e-11 1
6 99 214 963.7278623107892 1.9014349814195503e-11 1
6 99 215 963.7278623107892 1.898962450433085e-11 1
6 99 216 963.7278623107892 1.8964963414071836e-11 1
6 99 217 963.7278623107892 1.8940631498180368e-11 1
6 99 218 963.7278623107892 1.8916716582945202e-11 1
6 99 219 965.7260922912592 1.889286198269551e-11 1
6 99 220 965.7260922912592 1.886901311541745e-11 1
6 99 221 965.7260922912592 1.884596955671507e-11 1
6 99 222 965.7260922912592 1.882298221270722e-11 1
6 99 223 972.6421079162592 1.8799984471691133e-11 1
6 99 224 972.6421079162592 1.877754293381004e-11 1
6 99 225 972.6421079162592 1.875546119384302e-11 1
6 99 226 972.6421079162592 1.8733431327596716e-11 1
6 99 227 975.6554135803192 1.8711733897404322e-11 1
6 99 228 975.6554135803192 1.8690533627117798e-11 1
6 99 229 975.6554135803192 1.8669413775673154e-11 1
6 99 230 975.6554135803192 1.864841992884103e-11 1
6 99 231 979.9853696350092 1.8628227422944803e-11 1
6 99 232 979.9853696350092 1.8608078598633966e-11 1
6 99 233 979.9853696350092 1.858793452270656e-11 1
6 99 234 979.9853696350092 1.856846562007394e-11 1
6 99 235 984.8636044982892 1.8549324641776987e-11 1
6 99 236 984.8636044982892 1.85302230851289e-11 1
6 99 237 984.8636044982892 1.8511544833949592e-11 1
6 99 238 984.8636044982892 1.8493418001983325e-11 1
6 99 239 994.5440854553192 1.8475326635517265e-11 1
6 99 240 994.5440854553192 1.8457318799610094e-11 1
6 99 241 994.5440854553192 1.8440214742485984e-11 1
6 99 242 994.5440854553192 1.8423142356042188e-11 1
6 99 243 994.5440854553192 1.840607671239473e-11 1
6 99 244 998.2082089904692 1.8389733598378683e-11 1
6 99 245 998.2082089904692 1.8373692509678242e-11 1
6 99 246 998.2082089904692 1.8357679381390342e-11 1
6 99 247 998.2082089904692 1.8342081674507093e-11 1
6 99 248 1001.3929624084392 1.832704815890397e-11 1
6 99 249 1001.3929624084392 1.8312047907710928e-11 1
6 99 250 1001.3929624084392 1.8297159252942256e-11 1
6 99 251 1001.3929624084392 1.82831335807777e-11 1
6 99 252 1004.6276425842192 1.8269129394877465e-11 1
6 99 253 1004.6276425842192 1.8255134428783752e-11 1
6 99 254 1004.6276425842192 1.824183223572155e-11 1
6 99 255 1004.6276425842192 1.822876429035316e-11 1
6 99 256 1009.6099423889092 1.821571505461281e-11 1
6 99 257 1009.6099423889092 1.8203045433467607e-11 1
6 99 258 1009.6099423889092 1.818779018789482e-11 1
6 99 259 1011.8227719787592 1.8165115987689383e-11 1
6 99 260 1011.8227719787592 1.8133234323417424e-11 1
6 99 261 1014.0789975646892 1.8088751521226575e-11 1
6 99 262 1015.4161557678192 1.8028056035182363e-11 1
6 99 263 1016.5350522521892 1.794411094915903e-11 1
6 99 264 1018.4325131896892 1.780127105231944e-11 1
6 99 265 1021.3227719787592 1.746391031278558e-11 1
6 99 266 1024.2625302795393 1.6884189904884824e-11 1
6 99 267 1026.3252133850092 1.612630169885234e-11 1
6 99 268 1031.0546445373493 1.560342315333144e-11 1
6 100 43 974.1263608459392 2.1608536463087907e-11 1
6 100 44 974.3239316467192 2.1596210103325865e-11 1
6 100 45 974.3239316467192 2.1583972857722816e-11 1
6 100 46 974.3239316467192 2.1571726321231734e-11 1
6 100 47 974.3239316467192 2.1559527578701246e-11 1
6 100 48 976.7675961975092 2.154766204570341e-11 1
6 100 49 976.7675961975092 2.153586401138424e-11 1
6 100 50 976.7675961975092 2.152411154843404e-11 1
6 100 51 976.7675961975092 2.151268671239652e-11 1
6 100 52 976.6007871154692 2.1501273998358317e-11 1
6 100 53 976.6007871154692 2.148980354951421e-11 1
6 100 54 976.6007871154692 2.1478542693002015e-11 1
6 100 55 976.6007871154692 2.146754589471709e-11 1
6 100 56 975.3020810607892 2.1456560351170544e-11 1
6 100 57 975.3020810607892 2.1445747949289436e-11 1
6 100 58 975.3020810607892 2.1435163279773623e-11 1
6 100 59 975.3020810607892 2.1424589053349894e-11 1
6 100 60 973.0128964904692 2.1413939868956054e-11 1
6 100 61 973.0128964904692 2.140383324497437e-11 1
6 100 62 973.0128964904692 2.1393736156432063e-11 1
6 100 63 973.0128964904692 2.1383562677745022e-11 1
6 100 64 971.9588193420392 2.137360304298005e-11 1
6 100 65 971.9588193420392 2.136391051843325e-11 1
6 100 66 971.9588193420392 2.1354226780654775e-11 1
6 100 67 971.9588193420392 2.1344756751018345e-11 1
6 100 68 971.9588193420392 2.1335569621760122e-11 1
6 100 69 974.8283261779692 2.1326390397678045e-11 1
6 100 70 974.8283261779692 2.131710982497083e-11 1
6 100 71 974.8283261779692 2.1308389178254384e-11 1
6 100 72 974.8283261779692 2.12996756637037e-11 1
6 100 73 975.9873837951592 2.1290884103568678e-11 1
6 100 74 975.9873837951592 2.1282352692489666e-11 1
6 100 75 975.9873837951592 2.127409966284069e-11 1
6 100 76 975.9873837951592 2.1265853031553452e-11 1
6 100 77 975.8145322326592 2.125783108271794e-11 1
6 100 78 975.8145322326592 2.1250107620686742e-11 1
6 100 79 975.8145322326592 2.124238976884227e-11 1
6 100 80 975.8145322326592 2.123459666081276e-11 1
6 100 81 975.2929868225092 2.1227362414580845e-11 1
6 100 82 975.2929868225092 2.1220133095826087e-11 1
6 100 83 975.2929868225092 2.1212840650542776e-11 1
6 100 84 975.2929868225092 2.1205898472192874e-11 1
6 100 85 973.7413510803192 2.119915485373736e-11 1
6 100 86 973.7413510803192 2.119241552295046e-11 1
6 100 87 973.7413510803192 2.1185896414628275e-11 1
6 100 88 973.7413510803192 2.117967064126169e-11 1
6 100 89 976.8524960998492 2.1173448525882132e-11 1
6 100 90 976.8524960998492 2.116719212095237e-11 1
6 100 91 976.8524960998492 2.116139276186087e-11 1
6 100 92 976.8524960998492 2.1155617758087823e-11 1
6 100 93 976.8524960998492 2.1149845905484464e-11 1
6 100 94 978.5544614318792 2.1144383124795968e-11 1
6 100 95 978.5544614318792 2.113898559215403e-11 1
6 100 96 978.5544614318792 2.1133590814468204e-11 1
6 100 97 978.5544614318792 2.112836990578771e-11 1
6 100 98 977.7509946350092 2.112331349257622e-11 1
6 100 99 977.7509946350092 2.111822885260071e-11 1
6 100 100 977.7509946350092 2.11131685032077e-11 1
6 100 101 977.7509946350092 2.1108321259343943e-11 1
6 100 102 973.8495053771892 2.1103476240667747e-11 1
6 100 103 973.8495053771892 2.1098700763857965e-11 1
6 100 104 973.8495053771892 2.109396825561308e-11 1
6 100 105 973.8495053771892 2.1089229582944343e-11 1
6 100 106 976.5006284240692 2.108452128083724e-11 1
6 100 107 976.5006284240692 2.1079940909529536e-11 1
6 100 108 976.5006284240692 2.107522814593245e-11 1
6 100 109 976.5006284240692 2.1070465371373242e-11 1
6 100 110 978.9140195373492 2.1065686055752967e-11 1
6 100 111 978.9140195373492 2.1060728608490718e-11 1
6 100 112 978.9140195373492 2.1055773493979562e-11 1
6 100 113 978.9140195373492 2.105090295441116e-11 1
6 100 114 982.3477963928192 2.1045738880785237e-11 1
6 100 115 982.3477963928192 2.1040458461262203e-11 1
6 100 116 982.3477963928192 2.1035208462178503e-11 1
6 100 117 982.3477963928192 2.102990126410412e-11 1
6 100 118 982.3477963928192 2.1024171421372272e-11 1
6 100 119 985.2760190490692 2.101837196908763e-11 1
6 100 120 985.2760190490692 2.1012479304272398e-11 1
6 100 121 985.2760190490692 2.100566017795599e-11 1
6 100 122 985.2760190490692 2.0998845476191026e-11 1
6 100 123 985.5111875060992 2.0992150299864472e-11 1
6 100 124 985.5111875060992 2.0984216108825186e-11 1
6 100 125 985.5111875060992 2.0975731410039397e-11 1
6 100 126 985.5111875060992 2.0967253569838802e-11 1
6 100 127 986.5709409240692 2.0958023171999843e-11 1
6 100 128 986.5709409240692 2.0947760317439377e-11 1
6 100 129 986.5709409240692 2.093749684018501e-11 1
6 100 130 986.5709409240692 2.0927073804947302e-11 1
6 100 131 986.4107236389092 2.0915026235246064e-11 1
6 100 132 986.4107236389092 2.0902992528966588e-11 1
6 100 133 986.4107236389092 2.0890955662367086e-11 1
6 100 134 986.4107236389092 2.0877574119706287e-11 1
6 100 135 987.7132138732892 2.0863787941330514e-11 1
6 100 136 987.7132138732892 2.0850009310280485e-11 1
6 100 137 987.7132138732892 2.083545723944915e-11 1
6 100 138 987.7132138732892 2.082004983494985e-11 1
6 100 139 988.7249326232892 2.0804716631298935e-11 1
6 100 140 988.7249326232892 2.0789235639887142e-11 1
6 100 141 988.7249326232892 2.0772193012275175e-11 1
6 100 142 988.7249326232892 2.0755281500034604e-11 1
6 100 143 988.7249326232892 2.0738397502134132e-11 1
6 100 144 989.9737729553192 2.0720389914371477e-11 1
6 100 145 989.9737729553192 2.070205187015494e-11 1
6 100 146 989.9737729553192 2.0683713838678857e-11 1
6 100 147 989.9737729553192 2.0664741810399725e-11 1
6 100 148 990.6382627014092 2.06451284341669e-11 1
6 100 149 990.6382627014092 2.0625552253633327e-11 1
6 100 150 990.6382627014092 2.060567509251673e-11 1
6 100 151 990.6382627014092 2.0584673601161437e-11 1
6 100 152 991.7641782287592 2.0563879959090017e-11 1
6 100 153 991.7641782287592 2.0543128284089353e-11 1
6 100 154 991.7641782287592 2.0521480032336718e-11 1
6 100 155 991.7641782287592 2.0499582575407263e-11 1
6 100 156 995.4754209045392 2.047769007503755e-11 1
6 100 157 995.4754209045392 2.0455153285342188e-11 1
6 100 158 995.4754209045392 2.0432235846373214e-11 1
6 100 159 995.4754209045392 2.0409468095916048e-11 1
6 100 160 997.3634213928192 2.0386654201579987e-11 1
6 100 161 997.3634213928192 2.0362959033534287e-11 1
6 100 162 997.3634213928192 2.033931888277208e-11 1
6 100 163 997.3634213928192 2.0315579413442762e-11 1
6 100 164 998.0761289123492 2.0291067909967305e-11 1
6 100 165 998.0761289123492 2.026673311308108e-11 1
6 100 166 998.0761289123492 2.0242456615047998e-11 1
6 100 167 998.0761289123492 2.0217753749525747e-11 1
6 100 168 998.0761289123492 2.019269413594135e-11 1
6 100 169 998.7267026428192 2.016780137916909e-11 1
6 100 170 998.7267026428192 2.014290713554827e-11 1
6 100 171 998.7267026428192 2.0117469935141625e-11 1
6 100 172 998.7267026428192 2.0092096899760512e-11 1
6 100 173 998.4959287170392 2.006660602764641e-11 1
6 100 174 998.4959287170392 2.0040815665614892e-11 1
6 100 175 998.4959287170392 2.0015033993021047e-11 1
6 100 176 998.4959287170392 1.998926351925193e-11 1
6 100 177 997.4630918029692 1.9963068388948982e-11 1
6 100 178 997.4630918029692 1.9936917414988027e-11 1
6 100 179 997.4630918029692 1.9910955753315718e-11 1
6 100 180 997.4630918029692 1.9885025415164017e-11 1
6 100 181 995.8662900451592 1.9858814101525738e-11 1
6 100 182 995.8662900451592 1.9832671797459488e-11 1
6 100 183 995.8662900451592 1.9806421154376355e-11 1
6 100 184 995.8662900451592 1.9780153589024118e-11 1
6 100 185 993.5177182678192 1.9753983832152697e-11 1
6 100 186 993.5177182678192 1.972781978089329e-11 1
6 100 187 993.5177182678192 1.9701484916369586e-11 1
6 100 188 993.5177182678192 1.9675320751172647e-11 1
6 100 189 991.2757749084392 1.964922598740691e-11 1
6 100 190 991.2757749084392 1.962287899543068e-11 1
6 100 191 991.2757749084392 1.9596593241090717e-11 1
6 100 192 991.2757749084392 1.9570619085607547e-11 1
6 100 193 991.2757749084392 1.9544713693476254e-11 1
6 100 194 992.7531308654692 1.951862446321926e-11 1
6 100 195 992.7531308654692 1.9492886016281503e-11 1
6 100 196 992.7531308654692 1.9467215360517487e-11 1
6 100 197 992.7531308654692 1.944149099787363e-11 1
6 100 198 992.0538510803192 1.9415923861046105e-11 1
6 100 199 992.0538510803192 1.9390537994651755e-11 1
6 100 200 992.0538510803192 1.9365237123080285e-11 1
6 100 201 992.0538510803192 1.9340182157727232e-11 1
6 100 202 990.9628476623492 1.93151919414028e-11 1
6 100 203 990.9628476623492 1.9290083764686056e-11 1
6 100 204 990.9628476623492 1.9265077996639715e-11 1
6 100 205 990.9628476623492 1.9240530476844797e-11 1
6 100 206 996.3521909240692 1.9216045434232492e-11 1
6 100 207 996.3521909240692 1.9191763815774348e-11 1
6 100 208 996.3521909240692 1.916773228942597e-11 1
6 100 209 996.3521909240692 1.9143760871363344e-11 1
6 100 210 998.5959043029692 1.911958682071684e-11 1
6 100 211 998.5959043029692 1.9095881524269487e-11 1
6 100 212 998.5959043029692 1.9072500659109012e-11 1
6 100 213 998.5959043029692 1.9049176978670897e-11 1
6 100 214 1001.6719541076592 1.9044447408515658e-11 1
6 100 215 1001.6719541076592 1.9044447408515658e-11 1
6 100 216 1001.6719541076592 1.8963906768507707e-11 1
6 100 217 1001.6719541076592 1.8963906768507707e-11 1
6 100 218 1001.6719541076592 1.8963906768507707e-11 1
6 100 219 1003.8633603576592 1.888957456087118e-11 1
6 100 220 1003.8633603576592 1.888957456087118e-11 1
6 100 221 1003.8633603576592 1.888957456087118e-11 1
6 100 222 1003.8633603576592 1.8817859623521877e-11 1
6 100 223 1009.0663022521892 1.8817859623521877e-11 1
6 100 224 1009.0663022521892 1.8817859623521877e-11 1
6 100 225 1009.0663022521892 1.874880023527558e-11 1
6 100 226 1009.0663022521892 1.874880023527558e-11 1
6 100 227 1010.2584409240692 1.874880023527558e-11 1
6 100 228 1010.2584409240692 1.874880023527558e-11 1
6 100 229 1010.2584409240692 1.8682509093811647e-11 1
6 100 230 1010.2584409240692 1.8682509093811647e-11 1
6 100 231 1010.9422788146892 1.8682509093811647e-11 1
6 100 232 1010.9422788146892 1.861911277382051e-11 1
6 100 233 1010.9422788146892 1.861911277382051e-11 1
6 100 234 1010.9422788146892 1.861911277382051e-11 1
6 100 235 1011.9196958068792 1.8558730611823738e-11 1
6 100 236 1011.9196958068792 1.8558730611823738e-11 1
6 100 237 1011.9196958068792 1.8558730611823738e-11 1
6 100 238 1011.9196958068792 1.8558730611823738e-11 1
6 100 239 1012.8434628967192 1.8558730611823738e-11 1
6 100 240 1012.8434628967192 1.8558730611823738e-11 1
6 100 241 1012.8434628967192 1.8558730611823738e-11 1
6 100 242 1012.8434628967192 1.8558730611823738e-11 1
6 100 243 1012.8434628967192 1.8437172779287678e-11 1
6 100 244 1013.9820127014092 1.8437172779287678e-11 1
6 100 245 1013.9820127014092 1.8385227406938076e-11 1
6 100 246 1013.9820127014092 1.8385227406938076e-11 1
6 101 24 969.9168271545392 2.386018331587628e-11 1
6 101 25 971.2231015685992 2.3564554038835564e-11 1
6 101 26 974.2758969787592 2.320291744451702e-11 1
6 101 27 977.9010190490692 2.279514694740835e-11 1
6 101 28 981.9196958068792 2.2376565561785754e-11 1
6 101 29 983.4898862365692 2.2043946435912207e-11 1
6 101 30 985.3700131896892 2.1836410272737375e-11 1
6 101 31 987.0542172912592 2.1706689302702328e-11 1
6 101 32 987.3037900451592 2.1624544784266933e-11 1
6 101 33 987.7316464904692 2.1571770451919846e-11 1
6 101 34 988.0688657287592 2.1537693466325885e-11 1
6 101 35 988.9681577209392 2.151528321950758e-11 1
6 101 36 988.9681577209392 2.150053963919088e-11 1
6 101 37 988.9681577209392 2.1488906519616414e-11 1
6 101 38 988.9681577209392 2.1477483119289662e-11 1
6 101 39 989.3456601623492 2.1466071857760334e-11 1
6 101 40 989.3456601623492 2.145457234068494e-11 1
6 101 41 989.3456601623492 2.1443461143413735e-11 1
6 101 42 989.3456601623492 2.1432361449033112e-11 1
6 101 43 989.3456601623492 2.142120489872248e-11 1
6 101 44 989.5865048889092 2.141023002482277e-11 1
6 101 45 989.5865048889092 2.139951057787709e-11 1
6 101 46 989.5865048889092 2.1388801859358083e-11 1
6 101 47 989.5865048889092 2.1378176251962732e-11 1
6 101 48 989.8147763732892 2.136775152862877e-11 1
6 101 49 989.8147763732892 2.1357379412638613e-11 1
6 101 50 989.8147763732892 2.134703675296842e-11 1
6 101 51 989.8147763732892 2.1336939730982093e-11 1
6 101 52 991.2694882873492 2.1326941037378464e-11 1
6 101 53 991.2694882873492 2.1316951710352086e-11 1
6 101 54 991.2694882873492 2.130720408754027e-11 1
6 101 55 991.2694882873492 2.1297538455601896e-11 1
6 101 56 991.8294248107892 2.1287870142568582e-11 1
6 101 57 991.8294248107892 2.1278298862910003e-11 1
6 101 58 991.8294248107892 2.1277956620059307e-11 1
6 101 59 991.8294248107892 2.1277956620059307e-11 1
6 101 60 991.9831723693792 2.1266301563139222e-11 1
6 101 61 991.9831723693792 2.1266301563139222e-11 1
6 101 62 991.9831723693792 2.1236270030112594e-11 1
6 101 63 991.9831723693792 2.1236270030112594e-11 1
6 101 64 992.3806943420392 2.1236270030112594e-11 1
6 101 65 992.3806943420392 2.1207558428706692e-11 1
6 101 66 992.3806943420392 2.1207558428706692e-11 1
6 101 67 992.3806943420392 2.1207558428706692e-11 1
6 101 68 992.3806943420392 2.1207558428706692e-11 1
6 101 69 993.6306333068792 2.1180046880761307e-11 1
6 101 70 993.6306333068792 2.1180046880761307e-11 1
6 101 71 993.6306333068792 2.1180046880761307e-11 1
6 101 72 993.6306333068792 2.1153726352715395e-11 1
6 101 73 993.8729428771892 2.1153726352715395e-11 1
6 101 74 993.8729428771892 2.1153726352715395e-11 1
6 101 75 993.8729428771892 2.1128697223795288e-11 1
6 101 76 993.8729428771892 2.1128697223795288e-11 1
6 101 77 994.2205380920392 2.1128697223795288e-11 1
6 101 78 994.2205380920392 2.1128697223795288e-11 1
6 101 79 994.2205380920392 2.1128697223795288e-11 1
6 101 80 994.2205380920392 2.1128697223795288e-11 1
6 101 81 994.7461728576592 2.1128697223795288e-11 1
6 101 82 994.7461728576592 2.1128697223795288e-11 1
6 101 83 994.7461728576592 2.109971851373463e-11 1
6 101 84 994.7461728576592 2.109971851373463e-11 1
6 101 85 995.2977475646892 2.107781288102103e-11 1
6 101 86 995.2977475646892 2.107781288102103e-11 1
6 102 24 970.8391294006292 2.3491138131591726e-11 1
6 102 25 972.9831723693792 2.324284008382704e-11 1
6 102 26 975.4115781310992 2.294209550361443e-11 1
