2 19 27 986.5245273818672 3.1351201793252124e-10 1
2 20 17 909.7577427139072 1.86218191297687e-10 1
2 20 18 917.6360386123372 1.8464022906941621e-10 1
2 20 19 925.0651157607772 1.9766020944635173e-10 1
2 20 20 936.3617466201572 2.2434893003946843e-10 1
2 20 21 940.9465854873372 2.554288094682041e-10 1
2 20 22 960.5688999404672 2.767110880162794e-10 1
2 20 23 989.5411289443672 2.830114595474337e-10 1
2 20 24 1001.4485386123372 2.8269137906288287e-10 1
2 20 25 1005.4473179092172 2.9108968591064874e-10 1
2 20 26 1010.9964512099972 2.8241918725190666e-10 1
2 20 27 1021.1407383193672 2.6121777980122466e-10 1
2 21 11 955.1851719131172 2.2368257687503054e-10 1
2 21 12 961.3232334365572 2.277061364630045e-10 1
2 21 13 968.1655796279672 2.0938762469381843e-10 1
2 21 14 972.8331821670272 2.0328187962949494e-10 1
2 21 15 976.1019809951572 2.0486672395384064e-10 1
2 21 16 980.6651523818672 2.0391283755053223e-10 1
2 21 17 984.0950229873372 1.9647858610462982e-10 1
2 21 18 987.1870640029672 1.9068198526201937e-10 1
