2 113 272 1013.4072032060636 8.454411023420913e-11 1
2 113 273 1003.9307925505169 9.621629874971682e-11 1
2 113 274 989.0530990577666 9.621629874971682e-11 1
2 114 266 987.8845815897231 6.642782373579309e-11 1
2 114 267 994.0105275924194 6.268341116044766e-11 1
2 114 268 1001.1056154480572 5.984726088640311e-11 1
2 114 269 1016.3533641287598 5.835173320064869e-11 1
2 114 270 1020.9605166830494 5.973437253905326e-11 1
2 114 271 1022.3462949008008 6.531448132448565e-11 1
2 114 272 1020.8004956324604 7.543363472936246e-11 1
2 114 273 1016.3811974869554 8.080150516474462e-11 1
2 114 274 1005.0001416177097 8.080150516474462e-11 1
2 115 260 1013.0359544097778 6.282302319949792e-11 1
2 115 261 1014.364861549681 6.359381653386679e-11 1
2 115 262 1015.7672776352745 6.527582018821457e-11 1
2 115 263 1017.8941377569729 6.727919894355275e-11 1
2 115 264 1018.711628697758 6.834742241129968e-11 1
2 115 265 1019.3807521622025 6.742996592232429e-11 1
2 115 266 1015.3218423938322 6.456387907107484e-11 1
2 115 267 1022.6837557497789 6.099713760662053e-11 1
2 115 268 1023.7368476273757 5.788113116800752e-11 1
2 115 269 1026.660471801093 5.606064330397174e-11 1
2 116 199 959.4332524580554 5.749030874618514e-11 1
2 116 200 959.8909715879557 5.772327823817095e-11 1
2 116 201 960.3540123106955 5.794109259628406e-11 1
2 116 202 960.929321491113 5.815880268401228e-11 1
2 116 203 961.5161710081986 5.837830302885134e-11 1
2 116 204 962.1030205253002 5.859185261439688e-11 1
2 116 205 962.6898700423952 5.879441028853523e-11 1
2 116 206 963.4669830039386 5.899837334396478e-11 1
2 116 207 964.2962982102305 5.91977139835103e-11 1
2 116 208 965.1256134164996 5.938280285853853e-11 1
2 116 209 965.9549286228332 5.956905276958562e-11 1
2 116 210 966.7377002363156 5.975368715767722e-11 1
2 116 211 967.4916489827078 5.992474826704133e-11 1
2 116 212 968.2455977291413 6.009219389433516e-11 1
2 116 213 968.9995464755337 6.025986365516569e-11 1
2 116 214 969.7611348650744 6.04150672500393e-11 1
2 116 215 970.5320445801849 6.056126647477942e-11 1
2 116 216 971.3029542953135 6.071016614003981e-11 1
2 116 217 972.0738640104241 6.08586059504822e-11 1
2 116 218 973.0017465211541 6.098428080631084e-11 1
2 116 219 974.3267702050138 6.11139771231909e-11 1
2 116 220 975.6517938887708 6.124422627055169e-11 1
2 116 221 976.9768175724405 6.13603558343969e-11 1
2 116 222 978.1927881724158 6.147098103258584e-11 1
2 116 223 978.9924005491235 6.158163183698871e-11 1
2 116 224 979.7489827861864 6.16830896850713e-11 1
2 116 225 980.5055650232404 6.177532759794514e-11 1
2 116 226 981.3345478160671 6.186877138928655e-11 1
2 116 227 982.5337589377845 6.196170838560544e-11 1
2 116 228 983.8330438389056 6.203839374871616e-11 1
2 116 229 985.1323287401275 6.211526916249335e-11 1
2 116 230 986.49810871442 6.219207102501381e-11 1
2 116 231 988.4202347918646 6.225880534375933e-11 1
2 116 232 990.6011707658616 6.231967532672939e-11 1
2 116 233 992.782106739742 6.238060794850993e-11 1
2 116 234 994.9435681664756 6.24373438087789e-11 1
2 116 235 996.4746792384203 6.24844739760803e-11 1
2 116 236 997.5668469838848 6.253018953530685e-11 1
2 116 237 998.6590147294077 6.25753540809828e-11 1
2 116 238 999.7511824749013 6.260767077850323e-11 1
2 116 239 1000.5939320350036 6.264002087283294e-11 1
2 116 240 1001.1600173947352 6.267426705066069e-11 1
2 116 241 1001.7164675244809 6.269967848558341e-11 1
2 116 242 1002.2729176542413 6.272061462772325e-11 1
2 116 243 1002.9106535534874 6.2742092398068e-11 1
2 116 244 1003.7060906309457 6.276391115931567e-11 1
2 116 245 1004.5126652500098 6.277741832040752e-11 1
2 116 246 1005.3192398690527 6.278954386845813e-11 1
2 116 247 1006.1843306387103 6.280147102878783e-11 1
2 116 248 1007.2848452888421 6.280816925664149e-11 1
2 116 249 1008.4080026868284 6.28126118792086e-11 1
2 116 250 1009.5311600848739 6.281705513030173e-11 1
2 116 251 1010.6106613668111 6.281770261619474e-11 1
2 116 252 1010.8624918163641 6.281681750999578e-11 1
2 116 253 1011.018616215057 6.281624847376856e-11 1
2 116 254 1011.1747406137538 6.281611521304087e-11 1
2 116 255 1011.3308650124467 6.280941808681549e-11 1
2 116 256 1011.5007661662019 6.279721752641975e-11 1
2 116 257 1011.737327826395 6.277188356404447e-11 1
2 116 258 1012.1612963571541 6.273004571038367e-11 1
2 116 259 1013.4341589897929 6.266927000197749e-11 1
2 116 260 1014.6011831392624 6.267584299690933e-11 1
2 116 261 1016.1161108691995 6.304250998430494e-11 1
2 116 262 1017.5247539203448 6.391522549882335e-11 1
2 116 263 1020.134135949125 6.558131668982339e-11 1
2 117 121 968.192345303794 4.114911858786033e-11 1
2 117 122 968.1753609808493 4.122383170702647e-11 1
2 117 123 967.9367829339191 4.1298788632818476e-11 1
2 117 124 967.6737994525037 4.1381852808478556e-11 1
2 117 125 967.4108159710677 4.147814340564878e-11 1
2 117 126 967.1703202001268 4.157488316124664e-11 1
2 117 127 967.0367664822268 4.167314936926039e-11 1
2 117 128 966.9319743527789 4.1788352502315764e-11 1
2 117 129 966.8271822233453 4.190511514547248e-11 1
2 117 130 966.7771262812626 4.2022532120027676e-11 1
2 117 131 967.1704396550684 4.2150288080239004e-11 1
2 117 132 967.7626229427839 4.2284180656879315e-11 1
2 117 133 968.3548062304882 4.241896724433293e-11 1
2 117 134 968.9383261098237 4.255935489578789e-11 1
2 117 135 969.1861661137049 4.270849194028686e-11 1
2 117 136 969.2144970830844 4.2858677876263714e-11 1
2 117 137 969.2428280524642 4.3009941567502504e-11 1
2 117 138 969.271159021845 4.317163339890952e-11 1
2 117 139 969.2734467012053 4.333425312111767e-11 1
2 117 140 969.2477338525299 4.349810259364049e-11 1
2 117 141 969.2211701633643 4.3667175144473285e-11 1
2 117 142 969.1946064741993 4.383875874112792e-11 1
2 117 143 969.5521283019185 4.401168385251194e-11 1
2 117 144 970.6532658400091 4.418686959898273e-11 1
2 117 145 971.7970107488854 4.436492689539536e-11 1
2 117 146 972.9407556578282 4.454442501236855e-11 1
2 117 147 974.0852558711608 4.472597259647031e-11 1
2 117 148 975.2329022339757 4.4911046025253727e-11 1
2 117 149 976.3807877869589 4.5095744364384036e-11 1
2 117 150 977.5286733399647 4.5281968134417705e-11 1
2 117 151 978.6477469459336 4.547161747251144e-11 1
2 117 152 979.0805412497753 4.5663627985913135e-11 1
2 117 153 979.4515101511579 4.5858056425282536e-11 1
2 117 154 979.8224790525117 4.60639625622806e-11 1
2 117 155 980.1934479538694 4.627092918383596e-11 1
2 117 156 980.7821772309753 4.6475616938491716e-11 1
2 117 157 981.4286637403278 4.668307927150704e-11 1
2 117 158 982.0751502496986 4.690910004890216e-11 1
2 117 159 982.7216367590632 4.712944801749523e-11 1
2 117 160 983.143657008612 4.735187585436894e-11 1
2 117 161 983.4299772011169 4.758186867179649e-11 1
2 117 162 983.7162973936137 4.781633104021788e-11 1
2 117 163 984.0026175861326 4.805395973870838e-11 1
2 117 164 984.0496070990591 4.829782111612511e-11 1
2 117 165 983.8111836276058 4.8540111324678963e-11 1
2 117 166 983.572760156139 4.8784844729429077e-11 1
2 117 167 983.3343366846857 4.902966481732043e-11 1
2 117 168 982.9920673079598 4.9266091189792456e-11 1
2 117 169 982.3942555564798 4.9507737388935566e-11 1
2 117 170 981.796443805017 4.975176578273964e-11 1
2 117 171 981.1986320535078 4.998752669345271e-11 1
2 117 172 980.5923975643087 5.0223031491211934e-11 1
2 117 173 979.9555592641111 5.0460818893661616e-11 1
2 117 174 979.3154505476504 5.0696408649431265e-11 1
2 117 175 978.6753418312753 5.092683545596178e-11 1
2 117 176 978.0800649336795 5.115936651217625e-11 1
2 117 177 977.7055431269291 5.139473352224097e-11 1
2 117 178 977.3905911202212 5.162351021070071e-11 1
2 117 179 977.07563911352 5.1852367402240875e-11 1
2 117 180 976.7467237080871 5.208326276744475e-11 1
2 117 181 976.3030579263844 5.230906639842697e-11 1
2 117 182 975.806936702694 5.2533922237769384e-11 1
2 117 183 975.3108154789979 5.276126558629413e-11 1
2 117 184 974.8234915557341 5.2989000143108806e-11 1
2 117 185 974.6449576582673 5.320935614962373e-11 1
2 117 186 974.674926723275 5.3431552520635485e-11 1
2 117 187 974.7048957882822 5.36606234177893e-11 1
2 117 188 974.7348648532901 5.3881887852220264e-11 1
2 117 189 974.7790448365496 5.409918931399461e-11 1
2 117 190 974.838734643182 5.4318250592753127e-11 1
2 117 191 974.8989334858509 5.453146996637571e-11 1
2 117 192 974.959132328515 5.4743268491201855e-11 1
2 117 193 975.0939683219623 5.495787721454552e-11 1
2 117 194 975.3733693782663 5.517797962623594e-11 1
2 117 195 975.6620380351196 5.538612698742584e-11 1
2 117 196 975.9507066919809 5.559258775746171e-11 1
2 117 197 976.4152176350511 5.5799941818149386e-11 1
2 117 198 977.5990384397467 5.599514841224474e-11 1
2 117 199 978.8448236414754 5.6191725595165656e-11 1
2 117 200 980.0906088431701 5.639335568475138e-11 1
2 117 201 981.3041431028739 5.658978679890008e-11 1
2 117 202 981.8372864229066 5.677389991770782e-11 1
2 117 203 982.3004907710922 5.695895320585901e-11 1
2 117 204 982.7636951192907 5.7138627566963245e-11 1
2 117 205 983.2268994674839 5.730857993826531e-11 1
2 117 206 983.9879352618357 5.747954633379778e-11 1
2 117 207 984.8306865432855 5.7659085168459803e-11 1
2 117 208 985.6734378247126 5.7820993486591146e-11 1
2 117 209 986.5161891062048 5.7977873463402253e-11 1
2 117 210 987.3711839503494 5.813560705004541e-11 1
2 117 211 988.2337608172893 5.828023045403837e-11 1
2 117 212 989.0963376842765 5.841990857921149e-11 1
2 117 213 989.9589145512167 5.856160693231488e-11 1
2 117 214 991.0088948988038 5.870266098032324e-11 1
2 117 215 992.2875310655426 5.882569159235047e-11 1
2 117 216 993.5661672323116 5.894923898918478e-11 1
2 117 217 994.8448033990508 5.908297442241329e-11 1
2 117 218 995.9941507568722 5.919919023496899e-11 1
2 117 219 996.8163974282371 5.930688679594263e-11 1
2 117 220 997.6386440995383 5.941497591931483e-11 1
2 117 221 998.4608907707853 5.951172312840605e-11 1
2 117 222 999.287283257678 5.960403338700972e-11 1
2 117 223 1000.1295042230032 5.969793339154983e-11 1
2 117 224 1000.9733610432509 5.979520979528857e-11 1
2 117 225 1001.8172178634886 5.98757678415812e-11 1
2 117 226 1002.6123645210272 5.995303344607584e-11 1
2 117 227 1003.1584263206142 6.00298568542795e-11 1
2 117 228 1003.6371597684983 6.009344985045889e-11 1
2 117 229 1004.1158932164195 6.015717772478152e-11 1
2 117 230 1004.6244367592573 6.022447303972698e-11 1
2 117 231 1005.3823932190368 6.028561693532615e-11 1
2 117 232 1006.2563755319034 6.033626626791899e-11 1
2 117 233 1007.1303578447231 6.038681937434864e-11 1
2 117 234 1007.9953698460465 6.043278012675113e-11 1
2 117 235 1008.5700316282154 6.047113902295309e-11 1
2 117 236 1008.9425085618025 6.050954664567295e-11 1
2 117 237 1009.3149854954097 6.055158924347356e-11 1
2 117 238 1009.6874624290068 6.05823529556758e-11 1
2 117 239 1010.0286439465608 6.060990221949261e-11 1
2 118 61 980.0555808666447 4.6114395748623315e-11 1
2 118 62 980.6820375530473 4.5994549336495706e-11 1
2 118 63 979.4173005677183 4.576177641372486e-11 1
2 118 64 979.3743810358199 4.5511383760917e-11 1
2 118 65 980.7466082721517 4.531245480817762e-11 1
2 118 66 981.084592629894 4.516483431494836e-11 1
2 118 67 981.760561345384 4.5061379521696723e-11 1
2 118 68 982.0208058909614 4.49696042139822e-11 1
2 118 69 982.099902006358 4.48827085218999e-11 1
2 118 70 982.1789981217594 4.479614800282574e-11 1
2 118 71 982.258094237156 4.470608148619826e-11 1
2 118 72 982.2821584658285 4.461483281590524e-11 1
2 118 73 982.1237004428328 4.4523265684064016e-11 1
2 118 74 981.9445893910466 4.442529843285812e-11 1
2 118 75 981.7654783392634 4.4328129233090265e-11 1
2 118 76 981.5950686834142 4.423313936442577e-11 1
2 118 77 981.46473432361 4.413830087634169e-11 1
2 118 78 981.3451240490572 4.403857260500142e-11 1
2 118 79 981.2255137745035 4.393929397973687e-11 1
2 118 80 981.1454822552206 4.383935954985354e-11 1
2 118 81 981.3825039985735 4.3739273868670825e-11 1
2 118 82 981.758859691883 4.363951112402583e-11 1
2 118 83 982.1352153851604 4.354019046369892e-11 1
2 118 84 982.5106498332392 4.3442119875225785e-11 1
2 118 85 982.8457994181741 4.334480378038222e-11 1
2 118 86 983.1554692109152 4.3247366496199196e-11 1
2 118 87 983.4651390036804 4.3150590385179314e-11 1
2 118 88 983.7748087964217 4.305835023187671e-11 1
2 118 89 983.9146033714716 4.296525395324895e-11 1
2 118 90 983.8742572328038 4.287255937226022e-11 1
2 118 91 983.8289529914274 4.278397645812245e-11 1
2 118 92 983.7836487500496 4.26972517140808e-11 1
2 118 93 983.7093273840392 4.2610926323557726e-11 1
2 118 94 983.5787841958208 4.252617899776277e-11 1
2 118 95 983.4454179604911 4.2443971530599956e-11 1
2 118 96 983.3120517251656 4.236252008191902e-11 1
2 118 97 983.2049829771953 4.228167475372984e-11 1
2 118 98 983.2096228885912 4.220725315908791e-11 1
2 118 99 983.2216180137447 4.213309308872355e-11 1
2 118 100 983.2336131388992 4.205847521162421e-11 1
2 118 101 983.2562795780495 4.199286207584908e-11 1
2 118 102 983.5712885583146 4.1931321098853574e-11 1
2 118 103 983.9089626972948 4.1869553323971834e-11 1
2 118 104 984.2466368362647 4.180988393334375e-11 1
2 118 105 984.5843109752607 4.1761932438034576e-11 1
2 118 106 984.9703918667865 4.1716068783971946e-11 1
2 118 107 985.3688759119975 4.1671115872245187e-11 1
2 118 108 985.7673599572322 4.164313834948571e-11 1
2 118 109 986.1658440024431 4.161519836911452e-11 1
2 118 110 986.548380360483 4.158483202581627e-11 1
2 118 111 986.921506146352 4.1566564692907956e-11 1
2 118 112 987.2946319322277 4.155867746285654e-11 1
2 118 113 987.6677577180967 4.15509150788611e-11 1
2 118 114 988.05668622701 4.155002342868842e-11 1
2 118 115 988.4640350880512 4.1562696052782823e-11 1
2 118 116 988.8713839490607 4.157668152448336e-11 1
2 118 117 989.2787328100737 4.159166157030653e-11 1
2 118 118 989.5922715106244 4.162592940010983e-11 1
2 118 119 989.6812070384112 4.165727548197135e-11 1
2 118 120 989.7701425662005 4.1688668809256365e-11 1
2 118 121 989.8590780939892 4.173052772716676e-11 1
2 118 122 989.959248552837 4.177668684284264e-11 1
2 118 123 990.0983720545728 4.18239470150887e-11 1
2 118 124 990.2417856865453 4.188640767279093e-11 1
2 118 125 990.3851993185292 4.195433442364374e-11 1
2 118 126 990.533014248939 4.201831899302224e-11 1
2 118 127 990.7017598957725 4.208402954712197e-11 1
2 118 128 990.8761347654968 4.2177936081424016e-11 1
2 118 129 991.0505096351972 4.2262962581890195e-11 1
2 118 130 991.2518255154554 4.234833258466369e-11 1
2 118 131 991.6713666318427 4.244858641451601e-11 1
2 118 132 992.1887910080071 4.2555216241515656e-11 1
2 118 133 992.7062153841616 4.2664040314745e-11 1
2 118 134 993.2189971367168 4.279158455097513e-11 1
2 118 135 993.5518918005861 4.2921730951257914e-11 1
2 118 136 993.7671540293508 4.3048256047514363e-11 1
2 118 137 993.9824162581175 4.317658355077709e-11 1
2 118 138 994.1976784868905 4.332485645394158e-11 1
2 118 139 994.4043667689996 4.346736499578541e-11 1
2 118 140 994.6018367444507 4.361081413884629e-11 1
2 118 141 994.7990266070175 4.376247546141577e-11 1
2 118 142 994.9962164695786 4.391814844519374e-11 1
2 118 143 995.1814844225263 4.4075835792664e-11 1
2 118 144 995.3436707467234 4.424100439465616e-11 1
2 118 145 995.5045345497759 4.440677654632453e-11 1
2 118 146 995.6653983528378 4.4573795675257585e-11 1
2 118 147 995.854903771117 4.474650771032639e-11 1
2 118 148 996.1637131352353 4.4922144579679864e-11 1
2 118 149 996.4815927398854 4.509641224019641e-11 1
2 118 150 996.7994723445418 4.527203724857347e-11 1
2 118 151 997.1114859023257 4.545168970179615e-11 1
2 118 152 997.2837745554518 4.5630507726507546e-11 1
2 118 153 997.4434756972939 4.5810642681220396e-11 1
2 118 154 997.6031768391235 4.599124388058967e-11 1
2 118 155 997.7628779809548 4.6171687025435983e-11 1
2 118 156 997.9478065329002 4.6353551657267984e-11 1
2 118 157 998.1394262258673 4.653891639132121e-11 1
2 118 158 998.3310459188397 4.672241998958203e-11 1
2 118 159 998.5226656118103 4.6903712595255517e-11 1
2 118 160 998.6830997339976 4.7086417586520946e-11 1
2 118 161 998.8246807611334 4.7268278142990257e-11 1
2 119 54 975.3716495917863 5.047679805603366e-11 1
2 119 55 977.4722508274908 4.9741332704618606e-11 1
2 119 56 978.9649414131944 4.8434943492445626e-11 1
2 119 57 979.6174783720369 4.6982271592989194e-11 1
2 119 58 981.0215577942516 4.5968382467601136e-11 1
2 119 59 982.9617907294648 4.56088138230651e-11 1
2 119 60 984.6249318309657 4.576137329103683e-11 1
2 119 61 985.8247905746138 4.5858073737847694e-11 1
2 119 62 987.4603103510079 4.582714878201363e-11 1
2 119 63 988.6052628556109 4.5694731380461584e-11 1
2 119 64 989.2055434555031 4.554147147032457e-11 1
2 119 65 989.7896104292121 4.5414880905015046e-11 1
2 119 66 989.8492682199034 4.532160975210509e-11 1
2 119 67 989.968583801287 4.526198135948412e-11 1
2 119 68 990.0783945076387 4.520496694425213e-11 1
2 119 69 990.3050709703539 4.5155209856072754e-11 1
2 119 70 990.531747433083 4.510556218267304e-11 1
2 119 71 990.758423895798 4.504616177189451e-11 1
2 119 72 990.9544301773352 4.4994750365433983e-11 1
2 119 73 991.0487137874908 4.4943790275081975e-11 1
2 119 74 991.1314871229215 4.489031236631685e-11 1
2 119 75 991.2142604583506 4.483265908785107e-11 1
2 119 76 991.2999108547644 4.4775153709316584e-11 1
2 119 77 991.3988118918616 4.470816752391915e-11 1
2 119 78 991.5012587792402 4.4633192911390235e-11 1
2 119 79 991.6037056666197 4.4565903545696324e-11 1
2 120 48 967.639126784303 4.985848028599102e-11 1
2 120 49 968.6251810303368 5.053262264656096e-11 1
2 120 50 969.7474162215673 5.091163691293989e-11 1
2 120 51 971.212345838195 5.1003720171872945e-11 1
2 120 52 973.0316952773213 5.080144189089031e-11 1
2 120 53 975.074897430541 5.0322989994860456e-11 1
2 120 54 977.2980742635295 4.9536729418184057e-11 1
2 120 55 978.8888073874554 4.836684038733702e-11 1
2 120 56 980.2179388343612 4.691968403200026e-11 1
2 120 57 982.1462650138784 4.5763896178979944e-11 1
2 121 48 967.9446416123197 5.002390227690845e-11 1
2 121 49 969.4055198322924 5.071938686425014e-11 1
2 121 50 970.4984669141918 5.100657955784175e-11 1
2 121 51 971.7426321424532 5.089514602766015e-11 1
