1 113 272 1016.3092474396504 1.527067235830073e-11 1
1 113 273 1006.8328367841037 1.5618640525435177e-11 1
1 113 274 991.9551432913535 1.7671837150601038e-11 1
1 114 266 990.7866258233099 2.111102719650229e-11 1
1 114 267 996.9125718260062 2.108147879603878e-11 1
1 114 268 1004.007659681644 2.0636284286491045e-11 1
1 114 269 1019.2554083623467 1.8305580023115162e-11 1
1 114 270 1023.8625609166362 1.737847094233314e-11 1
1 114 271 1025.2483391343876 1.6322740893232148e-11 1
1 114 272 1023.7025398660472 1.5342754599044593e-11 1
1 114 273 1019.2832417205423 1.524453690386873e-11 1
1 114 274 1007.9021858512965 1.6692612035736417e-11 1
1 115 260 1015.9379986433646 1.5780288829238933e-11 1
1 115 261 1017.2669057832678 1.5634256893169114e-11 1
1 115 262 1018.6693218688613 1.5446114925966355e-11 1
1 115 263 1020.7961819905597 1.5204321712639698e-11 1
1 115 264 1021.6136729313448 1.5267856492501733e-11 1
1 115 265 1022.2827963957893 1.5588618678393065e-11 1
1 115 266 1018.223886627419 1.6793146925052934e-11 1
1 115 267 1025.5857999833659 1.6578060933410055e-11 1
1 115 268 1026.6388918609625 1.7161729395985733e-11 1
1 115 269 1029.56251603468 1.718289347125047e-11 1
1 116 199 962.3352966916423 3.242906177652327e-11 1
1 116 200 962.7930158215426 3.199457742915531e-11 1
1 116 201 963.2560565442823 3.1578298807516606e-11 1
1 116 202 963.8313657246998 3.111911614282981e-11 1
1 116 203 964.4182152417854 3.0667590606836545e-11 1
1 116 204 965.005064758887 3.0232773787751905e-11 1
1 116 205 965.591914275982 2.981615783437879e-11 1
1 116 206 966.3690272375254 2.932880870449494e-11 1
1 116 207 967.1983424438173 2.8837978765681104e-11 1
1 116 208 968.0276576500864 2.8370116747799072e-11 1
1 116 209 968.85697285642 2.7917193381158972e-11 1
1 116 210 969.6397444699024 2.749737128363755e-11 1
1 116 211 970.3936932162947 2.71063192246291e-11 1
1 116 212 971.1476419627281 2.6727898491408278e-11 1
1 116 213 971.9015907091206 2.6360245806550815e-11 1
1 116 214 972.6631790986612 2.6005604754111023e-11 1
1 116 215 973.4340888137717 2.56603862767172e-11 1
1 116 216 974.2049985289003 2.5323172689758146e-11 1
1 116 217 974.975908244011 2.4995178067284502e-11 1
1 116 218 975.903790754741 2.4636502802314092e-11 1
1 116 219 977.2288144386006 2.4169391163917793e-11 1
1 116 220 978.5538381223577 2.3719662941252543e-11 1
1 116 221 979.8788618060273 2.3290772985282213e-11 1
1 116 222 981.0948324060026 2.2907411929437303e-11 1
1 116 223 981.8944447827104 2.264299088113359e-11 1
1 116 224 982.6510270197732 2.23995949344653e-11 1
1 116 225 983.4076092568272 2.21632068508871e-11 1
1 116 226 984.236592049654 2.1913525915354642e-11 1
1 116 227 985.4358031713713 2.1583052917582357e-11 1
1 116 228 986.7350880724924 2.1244260916107135e-11 1
1 116 229 988.0343729737143 2.0915940662830555e-11 1
1 116 230 989.4001529480068 2.0584407692416372e-11 1
1 116 231 991.3222790254514 2.0153454252893534e-11 1
1 116 232 993.5032149994485 1.968925100067523e-11 1
1 116 233 995.6841509733288 1.924590465285937e-11 1
1 116 234 997.8456124000625 1.8827348989102906e-11 1
1 116 235 999.3767234720071 1.8536275325827868e-11 1
1 116 236 1000.4688912174717 1.8327016422978928e-11 1
1 116 237 1001.5610589629945 1.8122562434075056e-11 1
1 116 238 1002.6532267084881 1.792533403959184e-11 1
1 116 239 1003.4959762685904 1.777165228903672e-11 1
1 116 240 1004.062061628322 1.7664188760586238e-11 1
1 116 241 1004.6185117580677 1.756121488394926e-11 1
1 116 242 1005.1749618878281 1.7459855235635992e-11 1
1 116 243 1005.8126977870742 1.7347543145771484e-11 1
1 116 244 1006.6081348645325 1.7215065477683738e-11 1
1 116 245 1007.4147094835967 1.7083823270513358e-11 1
1 116 246 1008.2212841026395 1.695424028277286e-11 1
1 116 247 1009.0863748722971 1.6818473923451395e-11 1
1 116 248 1010.1868895224289 1.665488296041666e-11 1
1 116 249 1011.3100469204152 1.649079723219929e-11 1
1 116 250 1012.4332043184608 1.6329913142160383e-11 1
1 116 251 1013.5127056003979 1.6179248624967386e-11 1
1 116 252 1013.764536049951 1.6138968823483937e-11 1
1 116 253 1013.9206604486438 1.6111393415450842e-11 1
1 116 254 1014.0767848473406 1.6085315382393596e-11 1
1 116 255 1014.2329092460335 1.6058683491709954e-11 1
1 116 256 1014.4028103997887 1.6027051911879606e-11 1
1 116 257 1014.6393720599818 1.5986855351698396e-11 1
1 116 258 1015.063340590741 1.5925610996759116e-11 1
1 116 259 1016.3362032233797 1.5766326556297357e-11 1
1 116 260 1017.5032273728492 1.5641070470506007e-11 1
1 116 261 1019.0181551027863 1.549318240727905e-11 1
1 116 262 1020.4267981539316 1.5376991631912878e-11 1
1 116 263 1023.0361801827119 1.5153641872140385e-11 1
1 117 121 971.0943895373808 4.9668072594613284e-11 1
1 117 122 971.0774052144361 4.968695712308476e-11 1
1 117 123 970.8388271675059 4.998094874841643e-11 1
1 117 124 970.5758436860905 5.027695986523798e-11 1
1 117 125 970.3128602046545 5.052296793573872e-11 1
1 117 126 970.0723644337136 5.0742428169295505e-11 1
1 117 127 969.9388107158136 5.082804243048331e-11 1
1 117 128 969.8340185863657 5.079916747823264e-11 1
1 117 129 969.7292264569321 5.076252797450562e-11 1
1 117 130 969.6791705148494 5.065561749478072e-11 1
1 117 131 970.0724838886553 4.994602375879247e-11 1
1 117 132 970.6646671763707 4.898810695693489e-11 1
1 117 133 971.256850464075 4.8065937431280716e-11 1
1 117 134 971.8403703434105 4.716571492267038e-11 1
1 117 135 972.0882103472917 4.6626319117659113e-11 1
1 117 136 972.1165413166713 4.633354969183298e-11 1
1 117 137 972.144872286051 4.605028898126401e-11 1
1 117 138 972.1732032554319 4.572598303065084e-11 1
1 117 139 972.1754909347922 4.542792032738174e-11 1
1 117 140 972.1497780861167 4.516225557994178e-11 1
1 117 141 972.1232143969511 4.4882438820292256e-11 1
1 117 142 972.0966507077861 4.459189670677626e-11 1
1 117 143 972.4541725355053 4.393111219168705e-11 1
1 117 144 973.5553100735959 4.259512488403916e-11 1
1 117 145 974.6990549824723 4.128812022398996e-11 1
1 117 146 975.842799891415 4.0058936899623496e-11 1
1 117 147 976.9873001047476 3.890543777472317e-11 1
1 117 148 978.1349464675625 3.780009698615696e-11 1
1 117 149 979.2828320205457 3.675187207731702e-11 1
1 117 150 980.4307175735515 3.576021462908466e-11 1
1 117 151 981.5497911795204 3.483010098514661e-11 1
1 117 152 981.9825854833621 3.434408665604347e-11 1
1 117 153 982.3535543847447 3.390725996622958e-11 1
1 117 154 982.7245232860985 3.3477954449167123e-11 1
1 117 155 983.0954921874562 3.305094785278105e-11 1
1 117 156 983.6842214645621 3.25194899547082e-11 1
1 117 157 984.3307079739146 3.197467628636183e-11 1
1 117 158 984.9771944832854 3.1435595387068873e-11 1
1 117 159 985.6236809926501 3.091518627822446e-11 1
1 117 160 986.0457012421988 3.051588399207573e-11 1
1 117 161 986.3320214347037 3.018204338851951e-11 1
1 117 162 986.6183416272005 2.985288881084051e-11 1
1 117 163 986.9046618197194 2.953083606744435e-11 1
1 117 164 986.951651332646 2.931630173628652e-11 1
1 117 165 986.7132278611926 2.92232318012824e-11 1
1 117 166 986.4748043897258 2.9130750931082666e-11 1
1 117 167 986.2363809182725 2.9040705521592226e-11 1
1 117 168 985.8941115415466 2.899389998593031e-11 1
1 117 169 985.2962997900667 2.9053124747787688e-11 1
1 117 170 984.6984880386038 2.9112591957316266e-11 1
1 117 171 984.1006762870946 2.9173757403909926e-11 1
1 117 172 983.4944417978955 2.9237748967606716e-11 1
1 117 173 982.8576034976979 2.931511989102231e-11 1
1 117 174 982.2174947812372 2.939450908602815e-11 1
1 117 175 981.5773860648621 2.947465045946548e-11 1
1 117 176 980.9821091672663 2.953566242978304e-11 1
1 117 177 980.6075873605159 2.950106773943656e-11 1
1 117 178 980.292635353808 2.9440782060143304e-11 1
1 117 179 979.9776833471068 2.938056120670557e-11 1
1 117 180 979.6487679416739 2.932658958615709e-11 1
1 117 181 979.2051021599713 2.932288761640734e-11 1
1 117 182 978.7089809362808 2.9342082916185336e-11 1
1 117 183 978.2128597125848 2.9361334365272907e-11 1
1 117 184 977.7255357893209 2.937782897970545e-11 1
1 117 185 977.5470018918542 2.92628186856445e-11 1
1 117 186 977.5769709568618 2.9060396770912757e-11 1
1 117 187 977.606940021869 2.8861322664313873e-11 1
1 117 188 977.6369090868769 2.8668447266021645e-11 1
1 117 189 977.6810890701364 2.8471783878271906e-11 1
1 117 190 977.7407788767688 2.8271600567852756e-11 1
1 117 191 977.8009777194377 2.8077127391249668e-11 1
1 117 192 977.8611765621018 2.7886552248663336e-11 1
1 117 193 977.9960125555491 2.7670027742344904e-11 1
1 117 194 978.2754136118531 2.7405145207641156e-11 1
1 117 195 978.5640822687064 2.7144450738938836e-11 1
1 117 196 978.8527509255678 2.6888236903177324e-11 1
1 117 197 979.317261868638 2.65748307176474e-11 1
1 117 198 980.5010826733335 2.6027839843486096e-11 1
1 117 199 981.7468678750622 2.5482777444317768e-11 1
1 117 200 982.9926530767569 2.4960666518217497e-11 1
1 117 201 984.2061873364607 2.4473698986299954e-11 1
1 117 202 984.7393306564934 2.4203261696660397e-11 1
1 117 203 985.202535004679 2.3958756811344262e-11 1
1 117 204 985.6657393528775 2.3721124438869514e-11 1
1 117 205 986.1289437010707 2.3491343439166896e-11 1
1 117 206 986.8899794954225 2.3185640830812123e-11 1
1 117 207 987.7327307768724 2.2867769999215865e-11 1
1 117 208 988.5754820582994 2.25634053190388e-11 1
1 117 209 989.4182333397916 2.2265949065582532e-11 1
1 117 210 990.2732281839362 2.1973277426008647e-11 1
1 117 211 991.1358050508761 2.168993569776408e-11 1
1 117 212 991.9983819178633 2.1415193248318537e-11 1
1 117 213 992.8609587848035 2.114749940580527e-11 1
1 117 214 993.9109391323906 2.0848115647460168e-11 1
1 117 215 995.1895752991294 2.051084781611318e-11 1
1 117 216 996.4682114658984 2.018431848191066e-11 1
1 117 217 997.7468476326376 1.9869293806469688e-11 1
1 117 218 998.896194990459 1.959261881876188e-11 1
1 117 219 999.7184416618239 1.9383789063914338e-11 1
1 117 220 1000.5406883331251 1.9179364023849523e-11 1
1 117 221 1001.3629350043722 1.898197841451798e-11 1
1 117 222 1002.1893274912649 1.8788979326908976e-11 1
1 117 223 1003.03154845659 1.859729438821924e-11 1
1 117 224 1003.8754052768377 1.8411799041087272e-11 1
1 117 225 1004.7192620970754 1.823133563165955e-11 1
1 117 226 1005.514408754614 1.806184132965122e-11 1
1 117 227 1006.0604705542011 1.7935595227499385e-11 1
1 117 228 1006.5392040020852 1.7824923779218036e-11 1
1 117 229 1007.0179374500063 1.7715609749579807e-11 1
1 117 230 1007.5264809928441 1.7603598879724607e-11 1
1 117 231 1008.2844374526236 1.745783265292572e-11 1
1 117 232 1009.1584197654902 1.7296785877910762e-11 1
1 117 233 1010.0324020783099 1.71386504399417e-11 1
1 117 234 1010.8974140796333 1.6985773389356622e-11 1
1 117 235 1011.4720758618022 1.6878626524457905e-11 1
1 117 236 1011.8445527953893 1.6801311351643158e-11 1
1 117 237 1012.2170297289965 1.6725711605364537e-11 1
1 117 238 1012.5895066625936 1.6653213910290023e-11 1
1 117 239 1012.9306881801476 1.6584928467684352e-11 1
1 118 61 982.9576251002316 3.057176916065255e-11 1
1 118 62 983.5840817866341 3.1148028646319254e-11 1
1 118 63 982.3193448013051 3.250597963097311e-11 1
1 118 64 982.2764252694067 3.310257043929521e-11 1
1 118 65 983.6486525057385 3.2762951996912274e-11 1
1 118 66 983.9866368634808 3.285501898908887e-11 1
1 118 67 984.6626055789708 3.267911491155571e-11 1
1 118 68 984.9228501245482 3.269164617166314e-11 1
1 118 69 985.0019462399448 3.2797212907795676e-11 1
1 118 70 985.0810423553462 3.2903463637580024e-11 1
1 118 71 985.1601384707428 3.300888418733251e-11 1
1 118 72 985.1842026994153 3.314456494377484e-11 1
1 118 73 985.0257446764197 3.338341600782109e-11 1
1 118 74 984.8466336246335 3.364087577568446e-11 1
1 118 75 984.6675225728502 3.389744704205172e-11 1
1 118 76 984.497112917001 3.4151491358790516e-11 1
1 118 77 984.3667785571968 3.438557537522855e-11 1
1 118 78 984.247168282644 3.461459009341336e-11 1
1 118 79 984.1275580080903 3.484667583163924e-11 1
1 118 80 984.0475264888074 3.5057718992138373e-11 1
1 118 81 984.2845482321603 3.506804571697568e-11 1
1 118 82 984.6609039254698 3.4994198120383227e-11 1
1 118 83 985.0372596187473 3.4920782219601763e-11 1
1 118 84 985.412694066826 3.4842574059412686e-11 1
1 118 85 985.747843651761 3.4784474935183303e-11 1
1 118 86 986.057513444502 3.4744552041895113e-11 1
1 118 87 986.3671832372672 3.470389435860387e-11 1
1 118 88 986.6768530300085 3.464888695343746e-11 1
1 118 89 986.8166476050584 3.470226986101349e-11 1
1 118 90 986.7763014663906 3.486496119078826e-11 1
1 118 91 986.7309972250142 3.5025809047224993e-11 1
1 118 92 986.6856929836364 3.518553327699008e-11 1
1 118 93 986.611371617626 3.5363629158901656e-11 1
1 118 94 986.4808284294077 3.5568089466146605e-11 1
1 118 95 986.3474621940779 3.5780379249756255e-11 1
1 118 96 986.2140959587524 3.599900763876042e-11 1
1 118 97 986.1070272107821 3.6202875595667306e-11 1
1 118 98 986.111667122178 3.6330826419194065e-11 1
1 118 99 986.1236622473315 3.6454796857548394e-11 1
1 118 100 986.135657372486 3.657416965441289e-11 1
1 118 101 986.1583238116364 3.668310040554732e-11 1
1 118 102 986.4733327919014 3.659690851174585e-11 1
1 118 103 986.8110069308816 3.649492554292592e-11 1
1 118 104 987.1486810698515 3.638395408417535e-11 1
1 118 105 987.4863552088475 3.627360373182045e-11 1
1 118 106 987.8724361003733 3.613363619345864e-11 1
1 118 107 988.2709201455843 3.598609845424253e-11 1
1 118 108 988.669404190819 3.5827072885797646e-11 1
1 118 109 989.06788823603 3.5669446628179674e-11 1
1 118 110 989.4504245940698 3.552420138582574e-11 1
1 118 111 989.8235503799389 3.5376328586269065e-11 1
1 118 112 990.1966761658146 3.5218821378832836e-11 1
1 118 113 990.5698019516835 3.506252703062641e-11 1
1 118 114 990.9587304605968 3.48911343233376e-11 1
1 118 115 991.366079321638 3.4692518955746844e-11 1
1 118 116 991.7734281826475 3.44924208957833e-11 1
1 118 117 992.1807770436606 3.429323049975909e-11 1
1 118 118 992.4943157442112 3.412193236049995e-11 1
1 118 119 992.583251271998 3.408155850463647e-11 1
1 118 120 992.6721867997874 3.404128007840827e-11 1
1 118 121 992.761122327576 3.3977881683256724e-11 1
1 118 122 992.8612927864239 3.389893375055121e-11 1
1 118 123 993.0004162881596 3.379790595733701e-11 1
1 118 124 993.1438299201321 3.368156673782798e-11 1
1 118 125 993.287243552116 3.3547178860039673e-11 1
1 118 126 993.4350584825258 3.341188921703571e-11 1
1 118 127 993.6038041293593 3.326457518475924e-11 1
1 118 128 993.7781789990836 3.308459068108683e-11 1
1 118 129 993.952553868784 3.2908009432169255e-11 1
1 118 130 994.1538697490422 3.2718876229098865e-11 1
1 118 131 994.5734108654295 3.239674680474354e-11 1
1 118 132 995.0908352415939 3.202268596035847e-11 1
1 118 133 995.6082596177484 3.16567888366633e-11 1
1 118 134 996.1210413703036 3.1290027898177394e-11 1
1 118 135 996.4539360341729 3.100564849047539e-11 1
1 118 136 996.6691982629376 3.078294491788324e-11 1
1 118 137 996.8844604917043 3.05624828235119e-11 1
1 118 138 997.0997227204773 3.032631118786562e-11 1
1 118 139 997.3064110025864 3.0098490938318337e-11 1
1 118 140 997.5038809780375 2.987818212445892e-11 1
1 118 141 997.7010708406043 2.965001320956465e-11 1
1 118 142 997.8982607031654 2.942085761762483e-11 1
1 118 143 998.0835286561131 2.9200237444990904e-11 1
1 118 144 998.2457149803103 2.8987467640876067e-11 1
1 118 145 998.4065787833628 2.87707643974079e-11 1
1 118 146 998.5674425864246 2.8557277153178978e-11 1
1 118 147 998.7569480047039 2.8334997206009664e-11 1
1 118 148 999.0657573688221 2.805980290798004e-11 1
1 118 149 999.3836369734722 2.778584129358362e-11 1
1 118 150 999.7015165781286 2.7517177596170343e-11 1
1 118 151 1000.0135301359126 2.725130885145975e-11 1
1 118 152 1000.1858187890386 2.7038442751776844e-11 1
1 118 153 1000.3455199308808 2.6833371668702653e-11 1
1 118 154 1000.5052210727104 2.6629450969955345e-11 1
1 118 155 1000.6649222145417 2.642548168562052e-11 1
1 118 156 1000.8498507664871 2.6215941311825064e-11 1
1 118 157 1001.0414704594541 2.6009038127716395e-11 1
1 118 158 1001.2330901524265 2.580224124214636e-11 1
1 118 159 1001.4247098453972 2.5597682318475092e-11 1
1 118 160 1001.5851439675844 2.5406402277258527e-11 1
1 118 161 1001.7267249947203 2.5222258821437238e-11 1
1 119 54 978.2736938253731 2.411878059295927e-11 1
1 119 55 980.3742950610776 2.4564627847258954e-11 1
1 119 56 981.8669856467812 2.5518456972834908e-11 1
1 119 57 982.5195226056237 2.6922759792801647e-11 1
1 119 58 983.9236020278385 2.7870050949715468e-11 1
1 119 59 985.8638349630517 2.8223930032740165e-11 1
1 119 60 987.5269760645525 2.838437850325448e-11 1
1 119 61 988.7268348082006 2.8736029696626772e-11 1
1 119 62 990.3623545845948 2.876671974107512e-11 1
1 119 63 991.5073070891978 2.8818785136814016e-11 1
1 119 64 992.1075876890899 2.8951976670528277e-11 1
1 119 65 992.6916546627989 2.8974229007966983e-11 1
1 119 66 992.7513124534902 2.912948623871607e-11 1
1 119 67 992.8706280348738 2.919839050758722e-11 1
1 119 68 992.9804387412255 2.9250093945341054e-11 1
1 119 69 993.2071152039407 2.9247708555711107e-11 1
1 119 70 993.4337916666698 2.9245323555107814e-11 1
1 119 71 993.6604681293849 2.924604587916398e-11 1
1 119 72 993.856474410922 2.925428066809045e-11 1
1 119 73 993.9507580210776 2.930594191941402e-11 1
1 119 74 994.0335313565083 2.936353096554531e-11 1
1 119 75 994.1163046919374 2.9422636138084785e-11 1
1 119 76 994.2019550883513 2.948072943424775e-11 1
1 119 77 994.3008561254484 2.953849101600888e-11 1
1 119 78 994.403303012827 2.959849979422081e-11 1
1 119 79 994.5057499002065 2.9655186239371746e-11 1
1 120 48 970.5411710178898 2.3629557583325758e-11 1
1 120 49 971.5272252639236 2.339383724288371e-11 1
1 120 50 972.6494604551541 2.3240326351372388e-11 1
1 120 51 974.1143900717818 2.31390574869761e-11 1
1 120 52 975.9337395109081 2.3113899247904485e-11 1
1 120 53 977.9769416641278 2.3220159053466476e-11 1
1 120 54 980.2001184971164 2.3512019126528264e-11 1
1 120 55 981.7908516210422 2.4297996456608732e-11 1
1 120 56 983.119983067948 2.547915262276329e-11 1
1 120 57 985.0483092474652 2.642970230185086e-11 1
1 121 48 970.8466858459066 2.313513497989822e-11 1
1 121 49 972.3075640658792 2.275153451387258e-11 1
1 121 50 973.4005111477786 2.25894725553831e-11 1
1 121 51 974.64467637604 2.2697093491066568e-11 1
