2 113 272 1001.4902981617603 8.454411023420913e-11 1
2 113 273 992.0138875062136 9.621629874971682e-11 1
2 113 274 977.1361940134633 9.621629874971682e-11 1
2 114 266 975.9676765454197 6.642782373579309e-11 1
2 114 267 982.0936225481161 6.268341116044766e-11 1
2 114 268 989.1887104037538 5.984726088640311e-11 1
2 114 269 1004.4364590844565 5.835173320064869e-11 1
2 114 270 1009.043611638746 5.973437253905326e-11 1
2 114 271 1010.4293898564974 6.531448132448565e-11 1
2 114 272 1008.8835905881571 7.543363472936246e-11 1
2 114 273 1004.4642924426521 8.080150516474462e-11 1
2 114 274 993.0832365734063 8.080150516474462e-11 1
2 115 260 1001.1190493654744 6.282302319949792e-11 1
2 115 261 1002.4479565053776 6.359381653386679e-11 1
2 115 262 1003.8503725909711 6.527582018821457e-11 1
2 115 263 1005.9772327126695 6.727919894355275e-11 1
2 115 264 1006.7947236534546 6.834742241129968e-11 1
2 115 265 1007.4638471178991 6.742996592232429e-11 1
2 115 266 1003.4049373495288 6.456387907107484e-11 1
2 115 267 1010.7668507054756 6.099713760662053e-11 1
2 115 268 1011.8199425830724 5.788113116800752e-11 1
2 115 269 1014.7435667567897 5.606064330397174e-11 1
2 116 199 947.5163474137521 5.749030874618514e-11 1
2 116 200 947.9740665436524 5.772327823817095e-11 1
2 116 201 948.4371072663921 5.794109259628406e-11 1
2 116 202 949.0124164468097 5.815880268401228e-11 1
2 116 203 949.5992659638953 5.837830302885134e-11 1
2 116 204 950.1861154809968 5.859185261439688e-11 1
2 116 205 950.7729649980919 5.879441028853523e-11 1
2 116 206 951.5500779596352 5.899837334396478e-11 1
2 116 207 952.3793931659271 5.91977139835103e-11 1
2 116 208 953.2087083721963 5.938280285853853e-11 1
2 116 209 954.0380235785299 5.956905276958562e-11 1
2 116 210 954.8207951920123 5.975368715767722e-11 1
2 116 211 955.5747439384045 5.992474826704133e-11 1
2 116 212 956.328692684838 6.009219389433516e-11 1
2 116 213 957.0826414312304 6.025986365516569e-11 1
2 116 214 957.844229820771 6.04150672500393e-11 1
2 116 215 958.6151395358816 6.056126647477942e-11 1
2 116 216 959.3860492510101 6.071016614003981e-11 1
2 116 217 960.1569589661208 6.08586059504822e-11 1
2 116 218 961.0848414768508 6.098428080631084e-11 1
2 116 219 962.4098651607104 6.11139771231909e-11 1
2 116 220 963.7348888444675 6.124422627055169e-11 1
2 116 221 965.0599125281371 6.13603558343969e-11 1
2 116 222 966.2758831281125 6.147098103258584e-11 1
2 116 223 967.0754955048202 6.158163183698871e-11 1
2 116 224 967.832077741883 6.16830896850713e-11 1
2 116 225 968.588659978937 6.177532759794514e-11 1
2 116 226 969.4176427717638 6.186877138928655e-11 1
2 116 227 970.6168538934811 6.196170838560544e-11 1
2 116 228 971.9161387946023 6.203839374871616e-11 1
2 116 229 973.2154236958241 6.211526916249335e-11 1
2 116 230 974.5812036701167 6.219207102501381e-11 1
2 116 231 976.5033297475612 6.225880534375933e-11 1
2 116 232 978.6842657215583 6.231967532672939e-11 1
2 116 233 980.8652016954386 6.238060794850993e-11 1
2 116 234 983.0266631221723 6.24373438087789e-11 1
2 116 235 984.557774194117 6.24844739760803e-11 1
2 116 236 985.6499419395815 6.253018953530685e-11 1
2 116 237 986.7421096851043 6.25753540809828e-11 1
2 116 238 987.8342774305979 6.260767077850323e-11 1
2 116 239 988.6770269907003 6.264002087283294e-11 1
2 116 240 989.2431123504318 6.267426705066069e-11 1
2 116 241 989.7995624801775 6.269967848558341e-11 1
2 116 242 990.3560126099379 6.272061462772325e-11 1
2 116 243 990.993748509184 6.2742092398068e-11 1
2 116 244 991.7891855866424 6.276391115931567e-11 1
2 116 245 992.5957602057065 6.277741832040752e-11 1
2 116 246 993.4023348247493 6.278954386845813e-11 1
2 116 247 994.267425594407 6.280147102878783e-11 1
2 116 248 995.3679402445388 6.280816925664149e-11 1
2 116 249 996.491097642525 6.28126118792086e-11 1
2 116 250 997.6142550405706 6.281705513030173e-11 1
2 116 251 998.6937563225077 6.281770261619474e-11 1
2 116 252 998.9455867720608 6.281681750999578e-11 1
2 116 253 999.1017111707537 6.281624847376856e-11 1
2 116 254 999.2578355694504 6.281611521304087e-11 1
2 116 255 999.4139599681433 6.280941808681549e-11 1
2 116 256 999.5838611218985 6.279721752641975e-11 1
2 116 257 999.8204227820917 6.277188356404447e-11 1
2 116 258 1000.2443913128508 6.273004571038367e-11 1
2 116 259 1001.5172539454895 6.266927000197749e-11 1
2 116 260 1002.684278094959 6.267584299690933e-11 1
2 116 261 1004.1992058248961 6.304250998430494e-11 1
2 116 262 1005.6078488760414 6.391522549882335e-11 1
2 116 263 1008.2172309048217 6.558131668982339e-11 1
2 117 121 956.2754402594907 4.114911858786033e-11 1
2 117 122 956.2584559365459 4.122383170702647e-11 1
2 117 123 956.0198778896157 4.1298788632818476e-11 1
2 117 124 955.7568944082003 4.1381852808478556e-11 1
2 117 125 955.4939109267643 4.147814340564878e-11 1
2 117 126 955.2534151558234 4.157488316124664e-11 1
2 117 127 955.1198614379234 4.167314936926039e-11 1
2 117 128 955.0150693084755 4.1788352502315764e-11 1
2 117 129 954.9102771790419 4.190511514547248e-11 1
2 117 130 954.8602212369592 4.2022532120027676e-11 1
2 117 131 955.2535346107651 4.2150288080239004e-11 1
2 117 132 955.8457178984805 4.2284180656879315e-11 1
2 117 133 956.4379011861848 4.241896724433293e-11 1
2 117 134 957.0214210655204 4.255935489578789e-11 1
2 117 135 957.2692610694015 4.270849194028686e-11 1
2 117 136 957.2975920387811 4.2858677876263714e-11 1
2 117 137 957.3259230081609 4.3009941567502504e-11 1
2 117 138 957.3542539775417 4.317163339890952e-11 1
2 117 139 957.356541656902 4.333425312111767e-11 1
2 117 140 957.3308288082266 4.349810259364049e-11 1
2 117 141 957.3042651190609 4.3667175144473285e-11 1
2 117 142 957.277701429896 4.383875874112792e-11 1
2 117 143 957.6352232576152 4.401168385251194e-11 1
2 117 144 958.7363607957058 4.418686959898273e-11 1
2 117 145 959.8801057045821 4.436492689539536e-11 1
2 117 146 961.0238506135248 4.454442501236855e-11 1
2 117 147 962.1683508268575 4.472597259647031e-11 1
2 117 148 963.3159971896723 4.4911046025253727e-11 1
2 117 149 964.4638827426555 4.5095744364384036e-11 1
2 117 150 965.6117682956614 4.5281968134417705e-11 1
2 117 151 966.7308419016302 4.547161747251144e-11 1
2 117 152 967.1636362054719 4.5663627985913135e-11 1
2 117 153 967.5346051068545 4.5858056425282536e-11 1
2 117 154 967.9055740082083 4.60639625622806e-11 1
2 117 155 968.276542909566 4.627092918383596e-11 1
2 117 156 968.865272186672 4.6475616938491716e-11 1
2 117 157 969.5117586960245 4.668307927150704e-11 1
2 117 158 970.1582452053952 4.690910004890216e-11 1
2 117 159 970.8047317147599 4.712944801749523e-11 1
2 117 160 971.2267519643086 4.735187585436894e-11 1
2 117 161 971.5130721568136 4.758186867179649e-11 1
2 117 162 971.7993923493103 4.781633104021788e-11 1
2 117 163 972.0857125418293 4.805395973870838e-11 1
2 117 164 972.1327020547558 4.829782111612511e-11 1
2 117 165 971.8942785833025 4.8540111324678963e-11 1
2 117 166 971.6558551118356 4.8784844729429077e-11 1
2 117 167 971.4174316403823 4.902966481732043e-11 1
2 117 168 971.0751622636565 4.9266091189792456e-11 1
2 117 169 970.4773505121765 4.9507737388935566e-11 1
2 117 170 969.8795387607137 4.975176578273964e-11 1
2 117 171 969.2817270092045 4.998752669345271e-11 1
2 117 172 968.6754925200054 5.0223031491211934e-11 1
2 117 173 968.0386542198078 5.0460818893661616e-11 1
2 117 174 967.398545503347 5.0696408649431265e-11 1
2 117 175 966.758436786972 5.092683545596178e-11 1
2 117 176 966.1631598893762 5.115936651217625e-11 1
2 117 177 965.7886380826258 5.139473352224097e-11 1
2 117 178 965.4736860759178 5.162351021070071e-11 1
2 117 179 965.1587340692166 5.1852367402240875e-11 1
2 117 180 964.8298186637837 5.208326276744475e-11 1
2 117 181 964.3861528820811 5.230906639842697e-11 1
2 117 182 963.8900316583906 5.2533922237769384e-11 1
2 117 183 963.3939104346946 5.276126558629413e-11 1
2 117 184 962.9065865114308 5.2989000143108806e-11 1
2 117 185 962.728052613964 5.320935614962373e-11 1
2 117 186 962.7580216789717 5.3431552520635485e-11 1
2 117 187 962.7879907439789 5.36606234177893e-11 1
2 117 188 962.8179598089868 5.3881887852220264e-11 1
2 117 189 962.8621397922462 5.409918931399461e-11 1
2 117 190 962.9218295988786 5.4318250592753127e-11 1
2 117 191 962.9820284415475 5.453146996637571e-11 1
2 117 192 963.0422272842117 5.4743268491201855e-11 1
2 117 193 963.1770632776589 5.495787721454552e-11 1
2 117 194 963.4564643339629 5.517797962623594e-11 1
2 117 195 963.7451329908163 5.538612698742584e-11 1
2 117 196 964.0338016476776 5.559258775746171e-11 1
2 117 197 964.4983125907478 5.5799941818149386e-11 1
2 117 198 965.6821333954433 5.599514841224474e-11 1
2 117 199 966.927918597172 5.6191725595165656e-11 1
2 117 200 968.1737037988668 5.639335568475138e-11 1
2 117 201 969.3872380585706 5.658978679890008e-11 1
2 117 202 969.9203813786032 5.677389991770782e-11 1
2 117 203 970.3835857267889 5.695895320585901e-11 1
2 117 204 970.8467900749873 5.7138627566963245e-11 1
2 117 205 971.3099944231806 5.730857993826531e-11 1
2 117 206 972.0710302175323 5.747954633379778e-11 1
2 117 207 972.9137814989822 5.7659085168459803e-11 1
2 117 208 973.7565327804092 5.7820993486591146e-11 1
2 117 209 974.5992840619015 5.7977873463402253e-11 1
2 117 210 975.454278906046 5.813560705004541e-11 1
2 117 211 976.316855772986 5.828023045403837e-11 1
2 117 212 977.1794326399731 5.841990857921149e-11 1
2 117 213 978.0420095069134 5.856160693231488e-11 1
2 117 214 979.0919898545004 5.870266098032324e-11 1
2 117 215 980.3706260212392 5.882569159235047e-11 1
2 117 216 981.6492621880083 5.894923898918478e-11 1
2 117 217 982.9278983547474 5.908297442241329e-11 1
2 117 218 984.0772457125688 5.919919023496899e-11 1
2 117 219 984.8994923839338 5.930688679594263e-11 1
2 117 220 985.7217390552349 5.941497591931483e-11 1
2 117 221 986.543985726482 5.951172312840605e-11 1
2 117 222 987.3703782133747 5.960403338700972e-11 1
2 117 223 988.2125991786999 5.969793339154983e-11 1
2 117 224 989.0564559989475 5.979520979528857e-11 1
2 117 225 989.9003128191853 5.98757678415812e-11 1
2 117 226 990.6954594767238 5.995303344607584e-11 1
2 117 227 991.2415212763109 6.00298568542795e-11 1
2 117 228 991.720254724195 6.009344985045889e-11 1
2 117 229 992.1989881721162 6.015717772478152e-11 1
2 117 230 992.7075317149539 6.022447303972698e-11 1
2 117 231 993.4654881747334 6.028561693532615e-11 1
2 117 232 994.3394704876 6.033626626791899e-11 1
2 117 233 995.2134528004198 6.038681937434864e-11 1
2 117 234 996.0784648017432 6.043278012675113e-11 1
2 117 235 996.653126583912 6.047113902295309e-11 1
2 117 236 997.0256035174991 6.050954664567295e-11 1
2 117 237 997.3980804511064 6.055158924347356e-11 1
2 117 238 997.7705573847035 6.05823529556758e-11 1
2 117 239 998.1117389022575 6.060990221949261e-11 1
2 118 61 968.1386758223414 4.6114395748623315e-11 1
2 118 62 968.7651325087439 4.5994549336495706e-11 1
2 118 63 967.5003955234149 4.576177641372486e-11 1
2 118 64 967.4574759915165 4.5511383760917e-11 1
2 118 65 968.8297032278483 4.531245480817762e-11 1
2 118 66 969.1676875855907 4.516483431494836e-11 1
2 118 67 969.8436563010806 4.5061379521696723e-11 1
2 118 68 970.103900846658 4.49696042139822e-11 1
2 118 69 970.1829969620546 4.48827085218999e-11 1
2 118 70 970.262093077456 4.479614800282574e-11 1
2 118 71 970.3411891928527 4.470608148619826e-11 1
2 118 72 970.3652534215252 4.461483281590524e-11 1
2 118 73 970.2067953985295 4.4523265684064016e-11 1
2 118 74 970.0276843467433 4.442529843285812e-11 1
2 118 75 969.84857329496 4.4328129233090265e-11 1
2 118 76 969.6781636391108 4.423313936442577e-11 1
2 118 77 969.5478292793066 4.413830087634169e-11 1
2 118 78 969.4282190047538 4.403857260500142e-11 1
2 118 79 969.3086087302001 4.393929397973687e-11 1
2 118 80 969.2285772109173 4.383935954985354e-11 1
2 118 81 969.4655989542701 4.3739273868670825e-11 1
2 118 82 969.8419546475797 4.363951112402583e-11 1
2 118 83 970.2183103408571 4.354019046369892e-11 1
2 118 84 970.5937447889359 4.3442119875225785e-11 1
2 118 85 970.9288943738708 4.334480378038222e-11 1
2 118 86 971.2385641666118 4.3247366496199196e-11 1
2 118 87 971.5482339593771 4.3150590385179314e-11 1
2 118 88 971.8579037521183 4.305835023187671e-11 1
2 118 89 971.9976983271682 4.296525395324895e-11 1
2 118 90 971.9573521885004 4.287255937226022e-11 1
2 118 91 971.912047947124 4.278397645812245e-11 1
2 118 92 971.8667437057462 4.26972517140808e-11 1
2 118 93 971.7924223397358 4.2610926323557726e-11 1
2 118 94 971.6618791515175 4.252617899776277e-11 1
2 118 95 971.5285129161878 4.2443971530599956e-11 1
2 118 96 971.3951466808622 4.236252008191902e-11 1
2 118 97 971.288077932892 4.228167475372984e-11 1
2 118 98 971.2927178442878 4.220725315908791e-11 1
2 118 99 971.3047129694413 4.213309308872355e-11 1
2 118 100 971.3167080945958 4.205847521162421e-11 1
2 118 101 971.3393745337462 4.199286207584908e-11 1
2 118 102 971.6543835140112 4.1931321098853574e-11 1
2 118 103 971.9920576529914 4.1869553323971834e-11 1
2 118 104 972.3297317919613 4.180988393334375e-11 1
2 118 105 972.6674059309573 4.1761932438034576e-11 1
2 118 106 973.0534868224831 4.1716068783971946e-11 1
2 118 107 973.4519708676942 4.1671115872245187e-11 1
2 118 108 973.8504549129289 4.164313834948571e-11 1
2 118 109 974.2489389581398 4.161519836911452e-11 1
2 118 110 974.6314753161796 4.158483202581627e-11 1
2 118 111 975.0046011020487 4.1566564692907956e-11 1
2 118 112 975.3777268879244 4.155867746285654e-11 1
2 118 113 975.7508526737934 4.15509150788611e-11 1
2 118 114 976.1397811827067 4.155002342868842e-11 1
2 118 115 976.5471300437479 4.1562696052782823e-11 1
2 118 116 976.9544789047574 4.157668152448336e-11 1
2 118 117 977.3618277657704 4.159166157030653e-11 1
2 118 118 977.6753664663211 4.162592940010983e-11 1
2 118 119 977.7643019941079 4.165727548197135e-11 1
2 118 120 977.8532375218972 4.1688668809256365e-11 1
2 118 121 977.9421730496858 4.173052772716676e-11 1
2 118 122 978.0423435085337 4.177668684284264e-11 1
2 118 123 978.1814670102694 4.18239470150887e-11 1
2 118 124 978.324880642242 4.188640767279093e-11 1
2 118 125 978.4682942742259 4.195433442364374e-11 1
2 118 126 978.6161092046357 4.201831899302224e-11 1
2 118 127 978.7848548514692 4.208402954712197e-11 1
2 118 128 978.9592297211934 4.2177936081424016e-11 1
2 118 129 979.1336045908938 4.2262962581890195e-11 1
2 118 130 979.334920471152 4.234833258466369e-11 1
2 118 131 979.7544615875394 4.244858641451601e-11 1
2 118 132 980.2718859637038 4.2555216241515656e-11 1
2 118 133 980.7893103398583 4.2664040314745e-11 1
2 118 134 981.3020920924134 4.279158455097513e-11 1
2 118 135 981.6349867562827 4.2921730951257914e-11 1
2 118 136 981.8502489850474 4.3048256047514363e-11 1
2 118 137 982.0655112138141 4.317658355077709e-11 1
2 118 138 982.2807734425871 4.332485645394158e-11 1
2 118 139 982.4874617246962 4.346736499578541e-11 1
2 118 140 982.6849317001473 4.361081413884629e-11 1
2 118 141 982.8821215627141 4.376247546141577e-11 1
2 118 142 983.0793114252753 4.391814844519374e-11 1
2 118 143 983.264579378223 4.4075835792664e-11 1
2 118 144 983.4267657024201 4.424100439465616e-11 1
2 118 145 983.5876295054726 4.440677654632453e-11 1
2 118 146 983.7484933085344 4.4573795675257585e-11 1
2 118 147 983.9379987268137 4.474650771032639e-11 1
2 118 148 984.246808090932 4.4922144579679864e-11 1
2 118 149 984.564687695582 4.509641224019641e-11 1
2 118 150 984.8825673002384 4.527203724857347e-11 1
2 118 151 985.1945808580224 4.545168970179615e-11 1
2 118 152 985.3668695111485 4.5630507726507546e-11 1
2 118 153 985.5265706529906 4.5810642681220396e-11 1
2 118 154 985.6862717948202 4.599124388058967e-11 1
2 118 155 985.8459729366515 4.6171687025435983e-11 1
2 118 156 986.0309014885969 4.6353551657267984e-11 1
2 118 157 986.2225211815639 4.653891639132121e-11 1
2 118 158 986.4141408745363 4.672241998958203e-11 1
2 118 159 986.605760567507 4.6903712595255517e-11 1
2 118 160 986.7661946896942 4.7086417586520946e-11 1
2 118 161 986.9077757168301 4.7268278142990257e-11 1
2 119 54 963.454744547483 5.047679805603366e-11 1
2 119 55 965.5553457831875 4.9741332704618606e-11 1
2 119 56 967.0480363688911 4.8434943492445626e-11 1
2 119 57 967.7005733277335 4.6982271592989194e-11 1
2 119 58 969.1046527499483 4.5968382467601136e-11 1
2 119 59 971.0448856851615 4.56088138230651e-11 1
2 119 60 972.7080267866623 4.576137329103683e-11 1
2 119 61 973.9078855303104 4.5858073737847694e-11 1
2 119 62 975.5434053067046 4.582714878201363e-11 1
2 119 63 976.6883578113076 4.5694731380461584e-11 1
2 119 64 977.2886384111997 4.554147147032457e-11 1
2 119 65 977.8727053849087 4.5414880905015046e-11 1
2 119 66 977.9323631756 4.532160975210509e-11 1
2 119 67 978.0516787569836 4.526198135948412e-11 1
2 119 68 978.1614894633353 4.520496694425213e-11 1
2 119 69 978.3881659260505 4.5155209856072754e-11 1
2 119 70 978.6148423887796 4.510556218267304e-11 1
2 119 71 978.8415188514947 4.504616177189451e-11 1
2 119 72 979.0375251330319 4.4994750365433983e-11 1
2 119 73 979.1318087431874 4.4943790275081975e-11 1
2 119 74 979.2145820786182 4.489031236631685e-11 1
2 119 75 979.2973554140473 4.483265908785107e-11 1
2 119 76 979.3830058104611 4.4775153709316584e-11 1
2 119 77 979.4819068475582 4.470816752391915e-11 1
2 119 78 979.5843537349368 4.4633192911390235e-11 1
2 119 79 979.6868006223164 4.4565903545696324e-11 1
2 120 48 955.7222217399997 4.985848028599102e-11 1
2 120 49 956.7082759860334 5.053262264656096e-11 1
2 120 50 957.8305111772639 5.091163691293989e-11 1
2 120 51 959.2954407938917 5.1003720171872945e-11 1
2 120 52 961.114790233018 5.080144189089031e-11 1
2 120 53 963.1579923862377 5.0322989994860456e-11 1
2 120 54 965.3811692192262 4.9536729418184057e-11 1
2 120 55 966.971902343152 4.836684038733702e-11 1
2 120 56 968.3010337900579 4.691968403200026e-11 1
2 120 57 970.2293599695751 4.5763896178979944e-11 1
2 121 48 956.0277365680164 5.002390227690845e-11 1
2 121 49 957.488614787989 5.071938686425014e-11 1
2 121 50 958.5815618698884 5.100657955784175e-11 1
2 121 51 959.8257270981499 5.089514602766015e-11 1
