5 19 27 1008.938188164676 5.1003088278201924e-11 1
5 20 17 932.171403496716 1.8495888104119526e-11 1
5 20 18 940.049699395146 1.8255565855051855e-11 1
5 20 19 947.478776543586 1.8433970252612886e-11 1
5 20 20 958.775407402966 1.9627136506441836e-11 1
5 20 21 963.360246270146 2.191107033014144e-11 1
5 20 22 982.982560723276 2.4902343258559568e-11 1
5 20 23 1011.954789727176 2.7745815462468582e-11 1
5 20 24 1023.862199395146 2.946467908827323e-11 1
5 20 25 1027.860978692026 3.07448840775889e-11 1
5 20 26 1033.4101119928062 3.5180985623983445e-11 1
5 20 27 1043.5543991021761 4.582602358491166e-11 1
5 21 11 977.598832695926 1.9074575773860805e-11 1
5 21 12 983.736894219366 1.91218879265004e-11 1
5 21 13 990.579240410776 1.8789733029720065e-11 1
5 21 14 995.246842949836 1.8010091103290164e-11 1
5 21 15 998.515641777966 1.7607359325968274e-11 1
5 21 16 1003.078813164676 1.718508262664105e-11 1
5 21 17 1006.508683770146 1.6968323058202036e-11 1
5 21 18 1009.600724785776 1.6881594372801875e-11 1
