6 98 267 976.0232805707105 1.5996094636741515e-11 1
6 98 268 995.7425798871105 1.5538083346748116e-11 1
6 98 269 1018.0295671918005 1.5395303726389805e-11 1
6 98 270 1012.1925920941405 1.5375778331896145e-11 1
6 99 206 954.7642473675805 1.9221076948181546e-11 1
6 99 207 954.7642473675805 1.91944415525882e-11 1
6 99 208 954.7642473675805 1.916822667302816e-11 1
6 99 209 954.7642473675805 1.914208330194264e-11 1
6 99 210 957.7504534222705 1.9115912623885506e-11 1
6 99 211 957.7504534222705 1.9090377102869932e-11 1
6 99 212 957.7504534222705 1.906490971283678e-11 1
6 99 213 957.7504534222705 1.9039428783364787e-11 1
6 99 214 960.5582537152405 1.9014349814195503e-11 1
6 99 215 960.5582537152405 1.898962450433085e-11 1
6 99 216 960.5582537152405 1.8964963414071836e-11 1
6 99 217 960.5582537152405 1.8940631498180368e-11 1
6 99 218 960.5582537152405 1.8916716582945202e-11 1
6 99 219 962.5564836957105 1.889286198269551e-11 1
6 99 220 962.5564836957105 1.886901311541745e-11 1
6 99 221 962.5564836957105 1.884596955671507e-11 1
6 99 222 962.5564836957105 1.882298221270722e-11 1
6 99 223 969.4724993207105 1.8799984471691133e-11 1
6 99 224 969.4724993207105 1.877754293381004e-11 1
6 99 225 969.4724993207105 1.875546119384302e-11 1
6 99 226 969.4724993207105 1.8733431327596716e-11 1
6 99 227 972.4858049847705 1.8711733897404322e-11 1
6 99 228 972.4858049847705 1.8690533627117798e-11 1
6 99 229 972.4858049847705 1.8669413775673154e-11 1
6 99 230 972.4858049847705 1.864841992884103e-11 1
6 99 231 976.8157610394605 1.8628227422944803e-11 1
6 99 232 976.8157610394605 1.8608078598633966e-11 1
6 99 233 976.8157610394605 1.858793452270656e-11 1
6 99 234 976.8157610394605 1.856846562007394e-11 1
6 99 235 981.6939959027405 1.8549324641776987e-11 1
6 99 236 981.6939959027405 1.85302230851289e-11 1
6 99 237 981.6939959027405 1.8511544833949592e-11 1
6 99 238 981.6939959027405 1.8493418001983325e-11 1
6 99 239 991.3744768597705 1.8475326635517265e-11 1
6 99 240 991.3744768597705 1.8457318799610094e-11 1
6 99 241 991.3744768597705 1.8440214742485984e-11 1
6 99 242 991.3744768597705 1.8423142356042188e-11 1
6 99 243 991.3744768597705 1.840607671239473e-11 1
6 99 244 995.0386003949205 1.8389733598378683e-11 1
6 99 245 995.0386003949205 1.8373692509678242e-11 1
6 99 246 995.0386003949205 1.8357679381390342e-11 1
6 99 247 995.0386003949205 1.8342081674507093e-11 1
6 99 248 998.2233538128905 1.832704815890397e-11 1
6 99 249 998.2233538128905 1.8312047907710928e-11 1
6 99 250 998.2233538128905 1.8297159252942256e-11 1
6 99 251 998.2233538128905 1.82831335807777e-11 1
6 99 252 1001.4580339886705 1.8269129394877465e-11 1
6 99 253 1001.4580339886705 1.8255134428783752e-11 1
6 99 254 1001.4580339886705 1.824183223572155e-11 1
6 99 255 1001.4580339886705 1.822876429035316e-11 1
6 99 256 1006.4403337933605 1.821571505461281e-11 1
6 99 257 1006.4403337933605 1.8203045433467607e-11 1
6 99 258 1006.4403337933605 1.818779018789482e-11 1
6 99 259 1008.6531633832105 1.8165115987689383e-11 1
6 99 260 1008.6531633832105 1.8133234323417424e-11 1
6 99 261 1010.9093889691405 1.8088751521226575e-11 1
6 99 262 1012.2465471722705 1.8028056035182363e-11 1
6 99 263 1013.3654436566405 1.794411094915903e-11 1
6 99 264 1015.2629045941405 1.780127105231944e-11 1
6 99 265 1018.1531633832105 1.746391031278558e-11 1
6 99 266 1021.0929216839905 1.6884189904884824e-11 1
6 99 267 1023.1556047894605 1.612630169885234e-11 1
6 99 268 1027.8850359418004 1.560342315333144e-11 1
6 100 43 970.9567522503905 2.1608536463087907e-11 1
6 100 44 971.1543230511705 2.1596210103325865e-11 1
6 100 45 971.1543230511705 2.1583972857722816e-11 1
6 100 46 971.1543230511705 2.1571726321231734e-11 1
6 100 47 971.1543230511705 2.1559527578701246e-11 1
6 100 48 973.5979876019605 2.154766204570341e-11 1
6 100 49 973.5979876019605 2.153586401138424e-11 1
6 100 50 973.5979876019605 2.152411154843404e-11 1
6 100 51 973.5979876019605 2.151268671239652e-11 1
6 100 52 973.4311785199205 2.1501273998358317e-11 1
6 100 53 973.4311785199205 2.148980354951421e-11 1
6 100 54 973.4311785199205 2.1478542693002015e-11 1
6 100 55 973.4311785199205 2.146754589471709e-11 1
6 100 56 972.1324724652405 2.1456560351170544e-11 1
6 100 57 972.1324724652405 2.1445747949289436e-11 1
6 100 58 972.1324724652405 2.1435163279773623e-11 1
6 100 59 972.1324724652405 2.1424589053349894e-11 1
6 100 60 969.8432878949205 2.1413939868956054e-11 1
6 100 61 969.8432878949205 2.140383324497437e-11 1
6 100 62 969.8432878949205 2.1393736156432063e-11 1
6 100 63 969.8432878949205 2.1383562677745022e-11 1
6 100 64 968.7892107464905 2.137360304298005e-11 1
6 100 65 968.7892107464905 2.136391051843325e-11 1
6 100 66 968.7892107464905 2.1354226780654775e-11 1
6 100 67 968.7892107464905 2.1344756751018345e-11 1
6 100 68 968.7892107464905 2.1335569621760122e-11 1
6 100 69 971.6587175824205 2.1326390397678045e-11 1
6 100 70 971.6587175824205 2.131710982497083e-11 1
6 100 71 971.6587175824205 2.1308389178254384e-11 1
6 100 72 971.6587175824205 2.12996756637037e-11 1
6 100 73 972.8177751996105 2.1290884103568678e-11 1
6 100 74 972.8177751996105 2.1282352692489666e-11 1
6 100 75 972.8177751996105 2.127409966284069e-11 1
6 100 76 972.8177751996105 2.1265853031553452e-11 1
6 100 77 972.6449236371105 2.125783108271794e-11 1
6 100 78 972.6449236371105 2.1250107620686742e-11 1
6 100 79 972.6449236371105 2.124238976884227e-11 1
6 100 80 972.6449236371105 2.123459666081276e-11 1
6 100 81 972.1233782269605 2.1227362414580845e-11 1
6 100 82 972.1233782269605 2.1220133095826087e-11 1
6 100 83 972.1233782269605 2.1212840650542776e-11 1
6 100 84 972.1233782269605 2.1205898472192874e-11 1
6 100 85 970.5717424847705 2.119915485373736e-11 1
6 100 86 970.5717424847705 2.119241552295046e-11 1
6 100 87 970.5717424847705 2.1185896414628275e-11 1
6 100 88 970.5717424847705 2.117967064126169e-11 1
6 100 89 973.6828875043005 2.1173448525882132e-11 1
6 100 90 973.6828875043005 2.116719212095237e-11 1
6 100 91 973.6828875043005 2.116139276186087e-11 1
6 100 92 973.6828875043005 2.1155617758087823e-11 1
6 100 93 973.6828875043005 2.1149845905484464e-11 1
6 100 94 975.3848528363305 2.1144383124795968e-11 1
6 100 95 975.3848528363305 2.113898559215403e-11 1
6 100 96 975.3848528363305 2.1133590814468204e-11 1
6 100 97 975.3848528363305 2.112836990578771e-11 1
6 100 98 974.5813860394605 2.112331349257622e-11 1
6 100 99 974.5813860394605 2.111822885260071e-11 1
6 100 100 974.5813860394605 2.11131685032077e-11 1
6 100 101 974.5813860394605 2.1108321259343943e-11 1
6 100 102 970.6798967816405 2.1103476240667747e-11 1
6 100 103 970.6798967816405 2.1098700763857965e-11 1
6 100 104 970.6798967816405 2.109396825561308e-11 1
6 100 105 970.6798967816405 2.1089229582944343e-11 1
6 100 106 973.3310198285205 2.108452128083724e-11 1
6 100 107 973.3310198285205 2.1079940909529536e-11 1
6 100 108 973.3310198285205 2.107522814593245e-11 1
6 100 109 973.3310198285205 2.1070465371373242e-11 1
6 100 110 975.7444109418005 2.1065686055752967e-11 1
6 100 111 975.7444109418005 2.1060728608490718e-11 1
6 100 112 975.7444109418005 2.1055773493979562e-11 1
6 100 113 975.7444109418005 2.105090295441116e-11 1
6 100 114 979.1781877972705 2.1045738880785237e-11 1
6 100 115 979.1781877972705 2.1040458461262203e-11 1
6 100 116 979.1781877972705 2.1035208462178503e-11 1
6 100 117 979.1781877972705 2.102990126410412e-11 1
6 100 118 979.1781877972705 2.1024171421372272e-11 1
6 100 119 982.1064104535205 2.101837196908763e-11 1
6 100 120 982.1064104535205 2.1012479304272398e-11 1
6 100 121 982.1064104535205 2.100566017795599e-11 1
6 100 122 982.1064104535205 2.0998845476191026e-11 1
6 100 123 982.3415789105505 2.0992150299864472e-11 1
6 100 124 982.3415789105505 2.0984216108825186e-11 1
6 100 125 982.3415789105505 2.0975731410039397e-11 1
6 100 126 982.3415789105505 2.0967253569838802e-11 1
6 100 127 983.4013323285205 2.0958023171999843e-11 1
6 100 128 983.4013323285205 2.0947760317439377e-11 1
6 100 129 983.4013323285205 2.093749684018501e-11 1
6 100 130 983.4013323285205 2.0927073804947302e-11 1
6 100 131 983.2411150433605 2.0915026235246064e-11 1
6 100 132 983.2411150433605 2.0902992528966588e-11 1
6 100 133 983.2411150433605 2.0890955662367086e-11 1
6 100 134 983.2411150433605 2.0877574119706287e-11 1
6 100 135 984.5436052777405 2.0863787941330514e-11 1
6 100 136 984.5436052777405 2.0850009310280485e-11 1
6 100 137 984.5436052777405 2.083545723944915e-11 1
6 100 138 984.5436052777405 2.082004983494985e-11 1
6 100 139 985.5553240277405 2.0804716631298935e-11 1
6 100 140 985.5553240277405 2.0789235639887142e-11 1
6 100 141 985.5553240277405 2.0772193012275175e-11 1
6 100 142 985.5553240277405 2.0755281500034604e-11 1
6 100 143 985.5553240277405 2.0738397502134132e-11 1
6 100 144 986.8041643597705 2.0720389914371477e-11 1
6 100 145 986.8041643597705 2.070205187015494e-11 1
6 100 146 986.8041643597705 2.0683713838678857e-11 1
6 100 147 986.8041643597705 2.0664741810399725e-11 1
6 100 148 987.4686541058605 2.06451284341669e-11 1
6 100 149 987.4686541058605 2.0625552253633327e-11 1
6 100 150 987.4686541058605 2.060567509251673e-11 1
6 100 151 987.4686541058605 2.0584673601161437e-11 1
6 100 152 988.5945696332105 2.0563879959090017e-11 1
6 100 153 988.5945696332105 2.0543128284089353e-11 1
6 100 154 988.5945696332105 2.0521480032336718e-11 1
6 100 155 988.5945696332105 2.0499582575407263e-11 1
6 100 156 992.3058123089905 2.047769007503755e-11 1
6 100 157 992.3058123089905 2.0455153285342188e-11 1
6 100 158 992.3058123089905 2.0432235846373214e-11 1
6 100 159 992.3058123089905 2.0409468095916048e-11 1
6 100 160 994.1938127972705 2.0386654201579987e-11 1
6 100 161 994.1938127972705 2.0362959033534287e-11 1
6 100 162 994.1938127972705 2.033931888277208e-11 1
6 100 163 994.1938127972705 2.0315579413442762e-11 1
6 100 164 994.9065203168005 2.0291067909967305e-11 1
6 100 165 994.9065203168005 2.026673311308108e-11 1
6 100 166 994.9065203168005 2.0242456615047998e-11 1
6 100 167 994.9065203168005 2.0217753749525747e-11 1
6 100 168 994.9065203168005 2.019269413594135e-11 1
6 100 169 995.5570940472705 2.016780137916909e-11 1
6 100 170 995.5570940472705 2.014290713554827e-11 1
6 100 171 995.5570940472705 2.0117469935141625e-11 1
6 100 172 995.5570940472705 2.0092096899760512e-11 1
6 100 173 995.3263201214905 2.006660602764641e-11 1
6 100 174 995.3263201214905 2.0040815665614892e-11 1
6 100 175 995.3263201214905 2.0015033993021047e-11 1
6 100 176 995.3263201214905 1.998926351925193e-11 1
6 100 177 994.2934832074205 1.9963068388948982e-11 1
6 100 178 994.2934832074205 1.9936917414988027e-11 1
6 100 179 994.2934832074205 1.9910955753315718e-11 1
6 100 180 994.2934832074205 1.9885025415164017e-11 1
6 100 181 992.6966814496105 1.9858814101525738e-11 1
6 100 182 992.6966814496105 1.9832671797459488e-11 1
6 100 183 992.6966814496105 1.9806421154376355e-11 1
6 100 184 992.6966814496105 1.9780153589024118e-11 1
6 100 185 990.3481096722705 1.9753983832152697e-11 1
6 100 186 990.3481096722705 1.972781978089329e-11 1
6 100 187 990.3481096722705 1.9701484916369586e-11 1
6 100 188 990.3481096722705 1.9675320751172647e-11 1
6 100 189 988.1061663128905 1.964922598740691e-11 1
6 100 190 988.1061663128905 1.962287899543068e-11 1
6 100 191 988.1061663128905 1.9596593241090717e-11 1
6 100 192 988.1061663128905 1.9570619085607547e-11 1
6 100 193 988.1061663128905 1.9544713693476254e-11 1
6 100 194 989.5835222699205 1.951862446321926e-11 1
6 100 195 989.5835222699205 1.9492886016281503e-11 1
6 100 196 989.5835222699205 1.9467215360517487e-11 1
6 100 197 989.5835222699205 1.944149099787363e-11 1
6 100 198 988.8842424847705 1.9415923861046105e-11 1
6 100 199 988.8842424847705 1.9390537994651755e-11 1
6 100 200 988.8842424847705 1.9365237123080285e-11 1
6 100 201 988.8842424847705 1.9340182157727232e-11 1
6 100 202 987.7932390668005 1.93151919414028e-11 1
6 100 203 987.7932390668005 1.9290083764686056e-11 1
6 100 204 987.7932390668005 1.9265077996639715e-11 1
6 100 205 987.7932390668005 1.9240530476844797e-11 1
6 100 206 993.1825823285205 1.9216045434232492e-11 1
6 100 207 993.1825823285205 1.9191763815774348e-11 1
6 100 208 993.1825823285205 1.916773228942597e-11 1
6 100 209 993.1825823285205 1.9143760871363344e-11 1
6 100 210 995.4262957074205 1.911958682071684e-11 1
6 100 211 995.4262957074205 1.9095881524269487e-11 1
6 100 212 995.4262957074205 1.9072500659109012e-11 1
6 100 213 995.4262957074205 1.9049176978670897e-11 1
6 100 214 998.5023455121105 1.9044447408515658e-11 1
6 100 215 998.5023455121105 1.9044447408515658e-11 1
6 100 216 998.5023455121105 1.8963906768507707e-11 1
6 100 217 998.5023455121105 1.8963906768507707e-11 1
6 100 218 998.5023455121105 1.8963906768507707e-11 1
6 100 219 1000.6937517621105 1.888957456087118e-11 1
6 100 220 1000.6937517621105 1.888957456087118e-11 1
6 100 221 1000.6937517621105 1.888957456087118e-11 1
6 100 222 1000.6937517621105 1.8817859623521877e-11 1
6 100 223 1005.8966936566405 1.8817859623521877e-11 1
6 100 224 1005.8966936566405 1.8817859623521877e-11 1
6 100 225 1005.8966936566405 1.874880023527558e-11 1
6 100 226 1005.8966936566405 1.874880023527558e-11 1
6 100 227 1007.0888323285205 1.874880023527558e-11 1
6 100 228 1007.0888323285205 1.874880023527558e-11 1
6 100 229 1007.0888323285205 1.8682509093811647e-11 1
6 100 230 1007.0888323285205 1.8682509093811647e-11 1
6 100 231 1007.7726702191405 1.8682509093811647e-11 1
6 100 232 1007.7726702191405 1.861911277382051e-11 1
6 100 233 1007.7726702191405 1.861911277382051e-11 1
6 100 234 1007.7726702191405 1.861911277382051e-11 1
6 100 235 1008.7500872113305 1.8558730611823738e-11 1
6 100 236 1008.7500872113305 1.8558730611823738e-11 1
6 100 237 1008.7500872113305 1.8558730611823738e-11 1
6 100 238 1008.7500872113305 1.8558730611823738e-11 1
6 100 239 1009.6738543011705 1.8558730611823738e-11 1
6 100 240 1009.6738543011705 1.8558730611823738e-11 1
6 100 241 1009.6738543011705 1.8558730611823738e-11 1
6 100 242 1009.6738543011705 1.8558730611823738e-11 1
6 100 243 1009.6738543011705 1.8437172779287678e-11 1
6 100 244 1010.8124041058605 1.8437172779287678e-11 1
6 100 245 1010.8124041058605 1.8385227406938076e-11 1
6 100 246 1010.8124041058605 1.8385227406938076e-11 1
6 101 24 966.7472185589905 2.386018331587628e-11 1
6 101 25 968.0534929730505 2.3564554038835564e-11 1
6 101 26 971.1062883832105 2.320291744451702e-11 1
6 101 27 974.7314104535205 2.279514694740835e-11 1
6 101 28 978.7500872113305 2.2376565561785754e-11 1
6 101 29 980.3202776410205 2.2043946435912207e-11 1
6 101 30 982.2004045941405 2.1836410272737375e-11 1
6 101 31 983.8846086957105 2.1706689302702328e-11 1
6 101 32 984.1341814496105 2.1624544784266933e-11 1
6 101 33 984.5620378949205 2.1571770451919846e-11 1
6 101 34 984.8992571332105 2.1537693466325885e-11 1
6 101 35 985.7985491253905 2.151528321950758e-11 1
6 101 36 985.7985491253905 2.150053963919088e-11 1
6 101 37 985.7985491253905 2.1488906519616414e-11 1
6 101 38 985.7985491253905 2.1477483119289662e-11 1
6 101 39 986.1760515668005 2.1466071857760334e-11 1
6 101 40 986.1760515668005 2.145457234068494e-11 1
6 101 41 986.1760515668005 2.1443461143413735e-11 1
6 101 42 986.1760515668005 2.1432361449033112e-11 1
6 101 43 986.1760515668005 2.142120489872248e-11 1
6 101 44 986.4168962933605 2.141023002482277e-11 1
6 101 45 986.4168962933605 2.139951057787709e-11 1
6 101 46 986.4168962933605 2.1388801859358083e-11 1
6 101 47 986.4168962933605 2.1378176251962732e-11 1
6 101 48 986.6451677777405 2.136775152862877e-11 1
6 101 49 986.6451677777405 2.1357379412638613e-11 1
6 101 50 986.6451677777405 2.134703675296842e-11 1
6 101 51 986.6451677777405 2.1336939730982093e-11 1
6 101 52 988.0998796918005 2.1326941037378464e-11 1
6 101 53 988.0998796918005 2.1316951710352086e-11 1
6 101 54 988.0998796918005 2.130720408754027e-11 1
6 101 55 988.0998796918005 2.1297538455601896e-11 1
6 101 56 988.6598162152405 2.1287870142568582e-11 1
6 101 57 988.6598162152405 2.1278298862910003e-11 1
6 101 58 988.6598162152405 2.1277956620059307e-11 1
6 101 59 988.6598162152405 2.1277956620059307e-11 1
6 101 60 988.8135637738305 2.1266301563139222e-11 1
6 101 61 988.8135637738305 2.1266301563139222e-11 1
6 101 62 988.8135637738305 2.1236270030112594e-11 1
6 101 63 988.8135637738305 2.1236270030112594e-11 1
6 101 64 989.2110857464905 2.1236270030112594e-11 1
6 101 65 989.2110857464905 2.1207558428706692e-11 1
6 101 66 989.2110857464905 2.1207558428706692e-11 1
6 101 67 989.2110857464905 2.1207558428706692e-11 1
6 101 68 989.2110857464905 2.1207558428706692e-11 1
6 101 69 990.4610247113305 2.1180046880761307e-11 1
6 101 70 990.4610247113305 2.1180046880761307e-11 1
6 101 71 990.4610247113305 2.1180046880761307e-11 1
6 101 72 990.4610247113305 2.1153726352715395e-11 1
6 101 73 990.7033342816405 2.1153726352715395e-11 1
6 101 74 990.7033342816405 2.1153726352715395e-11 1
6 101 75 990.7033342816405 2.1128697223795288e-11 1
6 101 76 990.7033342816405 2.1128697223795288e-11 1
6 101 77 991.0509294964905 2.1128697223795288e-11 1
6 101 78 991.0509294964905 2.1128697223795288e-11 1
6 101 79 991.0509294964905 2.1128697223795288e-11 1
6 101 80 991.0509294964905 2.1128697223795288e-11 1
6 101 81 991.5765642621105 2.1128697223795288e-11 1
6 101 82 991.5765642621105 2.1128697223795288e-11 1
6 101 83 991.5765642621105 2.109971851373463e-11 1
6 101 84 991.5765642621105 2.109971851373463e-11 1
6 101 85 992.1281389691405 2.107781288102103e-11 1
6 101 86 992.1281389691405 2.107781288102103e-11 1
6 102 24 967.6695208050805 2.3491138131591726e-11 1
6 102 25 969.8135637738305 2.324284008382704e-11 1
6 102 26 972.2419695355505 2.294209550361443e-11 1
