2 98 267 980.7982753380306 1.3008478458616857e-10 1
2 98 268 1000.5175746544306 1.1932245759540626e-10 1
2 98 269 1022.8045619591206 1.2705867499591648e-10 1
2 98 270 1016.9675868614606 1.6910120221127004e-10 1
2 99 206 959.5392421349006 1.1546178451676881e-10 1
2 99 207 959.5392421349006 1.1589315955349976e-10 1
2 99 208 959.5392421349006 1.1630712418426384e-10 1
2 99 209 959.5392421349006 1.1672405673865577e-10 1
2 99 210 962.5254481895906 1.171393618417111e-10 1
2 99 211 962.5254481895906 1.1752089963957334e-10 1
2 99 212 962.5254481895906 1.179049309935191e-10 1
2 99 213 962.5254481895906 1.1829172089147072e-10 1
2 99 214 965.3332484825606 1.186507919391163e-10 1
2 99 215 965.3332484825606 1.1900182286706034e-10 1
2 99 216 965.3332484825606 1.1935493702342886e-10 1
2 99 217 965.3332484825606 1.196929472266996e-10 1
2 99 218 965.3332484825606 1.2000968717020987e-10 1
2 99 219 967.3314784630306 1.203281079208776e-10 1
2 99 220 967.3314784630306 1.2064453152284243e-10 1
2 99 221 967.3314784630306 1.2092682696790818e-10 1
2 99 222 967.3314784630306 1.2121044659439415e-10 1
2 99 223 974.2474940880306 1.214953997413402e-10 1
2 99 224 974.2474940880306 1.2175210164589215e-10 1
2 99 225 974.2474940880306 1.2200106788637215e-10 1
2 99 226 974.2474940880306 1.2225105441638987e-10 1
2 99 227 977.2607997520906 1.2248692530820502e-10 1
2 99 228 977.2607997520906 1.2270297995130583e-10 1
2 99 229 977.2607997520906 1.2291963591034491e-10 1
2 99 230 977.2607997520906 1.2313385176632579e-10 1
2 99 231 981.5907558067806 1.233177740309194e-10 1
2 99 232 981.5907558067806 1.235022465585274e-10 1
2 99 233 981.5907558067806 1.2368785020404243e-10 1
2 99 234 981.5907558067806 1.2385263183694656e-10 1
2 99 235 986.4689906700606 1.2400811508832474e-10 1
2 99 236 986.4689906700606 1.241639892143797e-10 1
2 99 237 986.4689906700606 1.2430863462356169e-10 1
2 99 238 986.4689906700606 1.2443800481086845e-10 1
2 99 239 996.1494716270906 1.2456764455437546e-10 1
2 99 240 996.1494716270906 1.2469839100633546e-10 1
2 99 241 996.1494716270906 1.2480518244228448e-10 1
2 99 242 996.1494716270906 1.249121569469293e-10 1
2 99 243 996.1494716270906 1.2502196516147795e-10 1
2 99 244 999.8135951622406 1.2511879056883579e-10 1
2 99 245 999.8135951622406 1.2520222442076652e-10 1
2 99 246 999.8135951622406 1.252857696205245e-10 1
2 99 247 999.8135951622406 1.2536487718396844e-10 1
2 99 248 1002.9983485802106 1.254298856313547e-10 1
2 99 249 1002.9983485802106 1.2549127532669378e-10 1
2 99 250 1002.9983485802106 1.2555078052498293e-10 1
2 99 251 1002.9983485802106 1.2559156263133432e-10 1
2 99 252 1006.2330287559906 1.2563237124043753e-10 1
2 99 253 1006.2330287559906 1.256791595778776e-10 1
2 99 254 1006.2330287559906 1.257176906216789e-10 1
2 99 255 1006.2330287559906 1.2574081046233444e-10 1
2 99 256 1011.2153285606806 1.2576393880816205e-10 1
2 99 257 1011.2153285606806 1.2578453829493481e-10 1
2 99 258 1011.2153285606806 1.2579884593003943e-10 1
2 99 259 1013.4281581505306 1.2581579011844608e-10 1
2 99 260 1013.4281581505306 1.2581582563846654e-10 1
2 99 261 1015.6843837364606 1.2578432138541192e-10 1
2 99 262 1017.0215419395906 1.2571675366281353e-10 1
2 99 263 1018.1404384239606 1.257686801686079e-10 1
2 99 264 1020.0378993614606 1.2686519989842164e-10 1
2 99 265 1022.9281581505306 1.3107624407839333e-10 1
2 99 266 1025.8679164513107 1.3268132564080683e-10 1
2 99 267 1027.9305995567806 1.2499022560263224e-10 1
2 99 268 1032.6600307091207 1.1289227896464085e-10 1
2 100 43 975.7317470177106 9.203075056389074e-11 1
2 100 44 975.9293178184906 9.202700789361159e-11 1
2 100 45 975.9293178184906 9.201939063792715e-11 1
2 100 46 975.9293178184906 9.200895915530837e-11 1
2 100 47 975.9293178184906 9.197746396964277e-11 1
2 100 48 978.3729823692806 9.194745238606351e-11 1
2 100 49 978.3729823692806 9.192241974031372e-11 1
2 100 50 978.3729823692806 9.189576359432864e-11 1
2 100 51 978.3729823692806 9.1853337398168e-11 1
2 100 52 978.2061732872406 9.181095035836064e-11 1
2 100 53 978.2061732872406 9.176007439047549e-11 1
2 100 54 978.2061732872406 9.168533053420381e-11 1
2 100 55 978.2061732872406 9.162453315984865e-11 1
2 100 56 976.9074672325606 9.156381636264314e-11 1
2 100 57 976.9074672325606 9.149378993670739e-11 1
2 100 58 976.9074672325606 9.141130410742316e-11 1
2 100 59 976.9074672325606 9.132896687365571e-11 1
2 100 60 974.6182826622406 9.123012778722005e-11 1
2 100 61 974.6182826622406 9.112100849218794e-11 1
2 100 62 974.6182826622406 9.101214991795041e-11 1
2 100 63 974.6182826622406 9.089595926776951e-11 1
2 100 64 973.5642055138106 9.075399593526325e-11 1
2 100 65 973.5642055138106 9.062016037789816e-11 1
2 100 66 973.5642055138106 9.048671897574906e-11 1
2 100 67 973.5642055138106 9.034280638462287e-11 1
2 100 68 973.5642055138106 9.018483693255128e-11 1
2 100 69 976.4337123497406 9.002741895305121e-11 1
2 100 70 976.4337123497406 8.985848547027302e-11 1
2 100 71 976.4337123497406 8.967869146550827e-11 1
2 100 72 976.4337123497406 8.949961550831875e-11 1
2 100 73 977.5927699669306 8.931599796959855e-11 1
2 100 74 977.5927699669306 8.911767160419555e-11 1
2 100 75 977.5927699669306 8.892449870721037e-11 1
2 100 76 977.5927699669306 8.87321614482335e-11 1
2 100 77 977.4199184044306 8.853726622797436e-11 1
2 100 78 977.4199184044306 8.833870323190186e-11 1
2 100 79 977.4199184044306 8.814102887943014e-11 1
2 100 80 977.4199184044306 8.794055289590958e-11 1
2 100 81 976.8983729942806 8.773975580976892e-11 1
2 100 82 976.8983729942806 8.753987360568557e-11 1
2 100 83 976.8983729942806 8.734175651935955e-11 1
2 100 84 976.8983729942806 8.714979327052471e-11 1
2 100 85 975.3467372520906 8.695286391019452e-11 1
2 100 86 975.3467372520906 8.675682253219042e-11 1
2 100 87 975.3467372520906 8.656381734291715e-11 1
2 100 88 975.3467372520906 8.637454436079582e-11 1
2 100 89 978.4578822716206 8.618609726883324e-11 1
2 100 90 978.4578822716206 8.600796033546751e-11 1
2 100 91 978.4578822716206 8.583304791424632e-11 1
2 100 92 978.4578822716206 8.565192363380273e-11 1
2 100 93 978.4578822716206 8.547156215800278e-11 1
2 100 94 980.1598476036506 8.530420116312354e-11 1
2 100 95 980.1598476036506 8.513155281180915e-11 1
2 100 96 980.1598476036506 8.495960189970525e-11 1
2 100 97 980.1598476036506 8.479398959020521e-11 1
2 100 98 979.3563808067806 8.463082680705039e-11 1
2 100 99 979.3563808067806 8.446569127646752e-11 1
2 100 100 979.3563808067806 8.430155022764339e-11 1
2 100 101 979.3563808067806 8.41414227826948e-11 1
2 100 102 975.4548915489606 8.398190249591188e-11 1
2 100 103 975.4548915489606 8.38275986009924e-11 1
2 100 104 975.4548915489606 8.367865429963788e-11 1
2 100 105 975.4548915489606 8.353030334882028e-11 1
2 100 106 978.1060145958406 8.338339279991681e-11 1
2 100 107 978.1060145958406 8.32450919735128e-11 1
2 100 108 978.1060145958406 8.311216787047582e-11 1
2 100 109 978.1060145958406 8.297974645166175e-11 1
2 100 110 980.5194057091206 8.284982488123148e-11 1
2 100 111 980.5194057091206 8.274030940741684e-11 1
2 100 112 980.5194057091206 8.26310830785965e-11 1
2 100 113 980.5194057091206 8.252022557601652e-11 1
2 100 114 983.9531825645906 8.243838522263838e-11 1
2 100 115 983.9531825645906 8.23663352242949e-11 1
2 100 116 983.9531825645906 8.229322143959476e-11 1
2 100 117 983.9531825645906 8.223739041203835e-11 1
2 100 118 983.9531825645906 8.221533452288715e-11 1
2 100 119 986.8814052208406 8.2194562286491e-11 1
2 100 120 986.8814052208406 8.217836499519407e-11 1
2 100 121 986.8814052208406 8.220622802457112e-11 1
2 100 122 986.8814052208406 8.22341099545851e-11 1
2 100 123 987.1165736778706 8.226926012188892e-11 1
2 100 124 987.1165736778706 8.23466775610226e-11 1
2 100 125 987.1165736778706 8.241793133299644e-11 1
2 100 126 987.1165736778706 8.248930852214103e-11 1
2 100 127 988.1763270958406 8.258878015655896e-11 1
2 100 128 988.1763270958406 8.271517519253091e-11 1
2 100 129 988.1763270958406 8.283696700619482e-11 1
2 100 130 988.1763270958406 8.29634313641528e-11 1
2 100 131 988.0161098106806 8.313205526269363e-11 1
2 100 132 988.0161098106806 8.330136601636537e-11 1
2 100 133 988.0161098106806 8.347960629369378e-11 1
2 100 134 988.0161098106806 8.368765066491423e-11 1
2 100 135 989.3186000450606 8.390331183700484e-11 1
2 100 136 989.3186000450606 8.412234868738978e-11 1
2 100 137 989.3186000450606 8.436822662109232e-11 1
2 100 138 989.3186000450606 8.462828564279732e-11 1
2 100 139 990.3303187950606 8.488690957279861e-11 1
2 100 140 990.3303187950606 8.515041161373085e-11 1
2 100 141 990.3303187950606 8.544462807641195e-11 1
2 100 142 990.3303187950606 8.573553659692005e-11 1
2 100 143 990.3303187950606 8.602843276442124e-11 1
2 100 144 991.5791591270906 8.633673911862984e-11 1
2 100 145 991.5791591270906 8.665151359521594e-11 1
2 100 146 991.5791591270906 8.696972932253622e-11 1
2 100 147 991.5791591270906 8.729795154561278e-11 1
2 100 148 992.2436488731806 8.763129808349901e-11 1
2 100 149 992.2436488731806 8.796720014185939e-11 1
2 100 150 992.2436488731806 8.831089430653569e-11 1
2 100 151 992.2436488731806 8.866217007725847e-11 1
2 100 152 993.3695644005306 8.901318171193336e-11 1
2 100 153 993.3695644005306 8.936698368861825e-11 1
2 100 154 993.3695644005306 8.972544528405412e-11 1
2 100 155 993.3695644005306 9.00873767539317e-11 1
2 100 156 997.0808070763106 9.045285677739347e-11 1
2 100 157 997.0808070763106 9.082412948766119e-11 1
2 100 158 997.0808070763106 9.119401238263407e-11 1
2 100 159 997.0808070763106 9.1565053836632e-11 1
2 100 160 998.9688075645906 9.193886170717488e-11 1
2 100 161 998.9688075645906 9.231315382129553e-11 1
2 100 162 998.9688075645906 9.269050595278617e-11 1
2 100 163 998.9688075645906 9.307729750609881e-11 1
2 100 164 999.6815150841206 9.348149477259798e-11 1
2 100 165 999.6815150841206 9.387110095793509e-11 1
2 100 166 999.6815150841206 9.426396828625666e-11 1
2 100 167 999.6815150841206 9.467680642162521e-11 1
2 100 168 999.6815150841206 9.509578205610019e-11 1
2 100 169 1000.3320888145906 9.550928135495426e-11 1
2 100 170 1000.3320888145906 9.592775102365627e-11 1
2 100 171 1000.3320888145906 9.636313221368083e-11 1
2 100 172 1000.3320888145906 9.680248349641424e-11 1
2 100 173 1000.1013148888106 9.725988070533072e-11 1
2 100 174 1000.1013148888106 9.772076919029118e-11 1
2 100 175 1000.1013148888106 9.818128661192894e-11 1
2 100 176 1000.1013148888106 9.864891349884558e-11 1
2 100 177 999.0684779747406 9.912507614939855e-11 1
2 100 178 999.0684779747406 9.959163087935352e-11 1
2 100 179 999.0684779747406 1.0006213241943492e-10 1
2 100 180 999.0684779747406 1.0053478715057965e-10 1
2 100 181 997.4716762169306 1.0098939708880203e-10 1
2 100 182 997.4716762169306 1.0144813711954996e-10 1
2 100 183 997.4716762169306 1.0191008811643752e-10 1
2 100 184 997.4716762169306 1.0235434219860352e-10 1
2 100 185 995.1231044395906 1.0279583809382575e-10 1
2 100 186 995.1231044395906 1.032416935583287e-10 1
2 100 187 995.1231044395906 1.0368172331415038e-10 1
2 100 188 995.1231044395906 1.0410876494382576e-10 1
2 100 189 992.8811610802106 1.0453933889863127e-10 1
2 100 190 992.8811610802106 1.0497863069209698e-10 1
2 100 191 992.8811610802106 1.0539960721590482e-10 1
2 100 192 992.8811610802106 1.0581826077547716e-10 1
2 100 193 992.8811610802106 1.0624025343222549e-10 1
2 100 194 994.3585170372406 1.0665472895372812e-10 1
2 100 195 994.3585170372406 1.0705937122241767e-10 1
2 100 196 994.3585170372406 1.0746709556606298e-10 1
2 100 197 994.3585170372406 1.078719631703855e-10 1
2 100 198 993.6592372520906 1.0826339753534171e-10 1
2 100 199 993.6592372520906 1.0865382102306439e-10 1
2 100 200 993.6592372520906 1.0904468112112824e-10 1
2 100 201 993.6592372520906 1.09415144314072e-10 1
2 100 202 992.5682338341206 1.0978813327586805e-10 1
2 100 203 992.5682338341206 1.1017073737697592e-10 1
2 100 204 992.5682338341206 1.1054294180920072e-10 1
2 100 205 992.5682338341206 1.1089689758045669e-10 1
2 100 206 997.9575770958406 1.1125312734828e-10 1
2 100 207 997.9575770958406 1.1159988714970262e-10 1
2 100 208 997.9575770958406 1.1193294652676623e-10 1
2 100 209 997.9575770958406 1.1226799982332717e-10 1
2 100 210 1000.2012904747406 1.1261146918859107e-10 1
2 100 211 1000.2012904747406 1.1292433592296467e-10 1
2 100 212 1000.2012904747406 1.132311910500452e-10 1
2 100 213 1000.2012904747406 1.1353971838766305e-10 1
2 100 214 1003.2773402794306 1.134203854174739e-10 1
2 100 215 1003.2773402794306 1.134203854174739e-10 1
2 100 216 1003.2773402794306 1.1526542213216281e-10 1
2 100 217 1003.2773402794306 1.1526542213216281e-10 1
2 100 218 1003.2773402794306 1.1526542213216281e-10 1
2 100 219 1005.4687465294306 1.1612209333744519e-10 1
2 100 220 1005.4687465294306 1.1612209333744519e-10 1
2 100 221 1005.4687465294306 1.1612209333744519e-10 1
2 100 222 1005.4687465294306 1.1685318731439067e-10 1
2 100 223 1010.6716884239606 1.1685318731439067e-10 1
2 100 224 1010.6716884239606 1.1685318731439067e-10 1
2 100 225 1010.6716884239606 1.1746918575837317e-10 1
2 100 226 1010.6716884239606 1.1746918575837317e-10 1
2 100 227 1011.8638270958406 1.1746918575837317e-10 1
2 100 228 1011.8638270958406 1.1746918575837317e-10 1
2 100 229 1011.8638270958406 1.179871113627607e-10 1
2 100 230 1011.8638270958406 1.179871113627607e-10 1
2 100 231 1012.5476649864606 1.179871113627607e-10 1
2 100 232 1012.5476649864606 1.1841679691381569e-10 1
2 100 233 1012.5476649864606 1.1841679691381569e-10 1
2 100 234 1012.5476649864606 1.1841679691381569e-10 1
2 100 235 1013.5250819786506 1.1875959861371993e-10 1
2 100 236 1013.5250819786506 1.1875959861371993e-10 1
2 100 237 1013.5250819786506 1.1875959861371993e-10 1
2 100 238 1013.5250819786506 1.1875959861371993e-10 1
2 100 239 1014.4488490684906 1.1875959861371993e-10 1
2 100 240 1014.4488490684906 1.1875959861371993e-10 1
2 100 241 1014.4488490684906 1.1875959861371993e-10 1
2 100 242 1014.4488490684906 1.1875959861371993e-10 1
2 100 243 1014.4488490684906 1.2076016845541137e-10 1
2 100 244 1015.5873988731806 1.2076016845541137e-10 1
2 100 245 1015.5873988731806 1.2094279872147872e-10 1
2 100 246 1015.5873988731806 1.2094279872147872e-10 1
2 101 24 971.5222133263106 9.849946768491547e-11 1
2 101 25 972.8284877403706 1.0069703659704535e-10 1
2 101 26 975.8812831505306 1.0160733099324526e-10 1
2 101 27 979.5064052208406 1.0079146073551636e-10 1
2 101 28 983.5250819786506 9.708924198997966e-11 1
2 101 29 985.0952724083406 9.272402737842754e-11 1
2 101 30 986.9753993614606 9.107504590515298e-11 1
2 101 31 988.6596034630306 9.072130663203944e-11 1
2 101 32 988.9091762169306 9.078214572023811e-11 1
2 101 33 989.3370326622406 9.091199827793352e-11 1
2 101 34 989.6742519005306 9.099599949874331e-11 1
2 101 35 990.5735438927106 9.104227006436372e-11 1
2 101 36 990.5735438927106 9.106712927581821e-11 1
2 101 37 990.5735438927106 9.108264553100395e-11 1
2 101 38 990.5735438927106 9.109229253168503e-11 1
2 101 39 990.9510463341206 9.110194157610298e-11 1
2 101 40 990.9510463341206 9.111405234901137e-11 1
2 101 41 990.9510463341206 9.11156104777337e-11 1
2 101 42 990.9510463341206 9.111716865974714e-11 1
2 101 43 990.9510463341206 9.11199729612475e-11 1
2 101 44 991.1918910606806 9.112017637819504e-11 1
2 101 45 991.1918910606806 9.111645178580998e-11 1
2 101 46 991.1918910606806 9.111272749790242e-11 1
2 101 47 991.1918910606806 9.11091333876787e-11 1
2 101 48 991.4201625450606 9.110314161522174e-11 1
2 101 49 991.4201625450606 9.109598042440052e-11 1
2 101 50 991.4201625450606 9.108896658434942e-11 1
2 101 51 991.4201625450606 9.108237001691249e-11 1
2 101 52 992.8748744591206 9.107395909514182e-11 1
2 101 53 992.8748744591206 9.106554972662589e-11 1
2 101 54 992.8748744591206 9.105171517582559e-11 1
2 101 55 992.8748744591206 9.10361770951049e-11 1
2 101 56 993.4348109825606 9.102121502654191e-11 1
2 101 57 993.4348109825606 9.100272589153206e-11 1
2 101 58 993.4348109825606 9.093595936078081e-11 1
2 101 59 993.4348109825606 9.093595936078081e-11 1
2 101 60 993.5885585411506 9.119923740872158e-11 1
2 101 61 993.5885585411506 9.119923740872158e-11 1
2 101 62 993.5885585411506 9.104979007532319e-11 1
2 101 63 993.5885585411506 9.104979007532319e-11 1
2 101 64 993.9860805138106 9.104979007532319e-11 1
2 101 65 993.9860805138106 9.08554016098168e-11 1
2 101 66 993.9860805138106 9.08554016098168e-11 1
2 101 67 993.9860805138106 9.08554016098168e-11 1
2 101 68 993.9860805138106 9.08554016098168e-11 1
2 101 69 995.2360194786506 9.062792780023656e-11 1
2 101 70 995.2360194786506 9.062792780023656e-11 1
2 101 71 995.2360194786506 9.062792780023656e-11 1
2 101 72 995.2360194786506 9.037709295935868e-11 1
2 101 73 995.4783290489606 9.037709295935868e-11 1
2 101 74 995.4783290489606 9.037709295935868e-11 1
2 101 75 995.4783290489606 9.011543565098674e-11 1
2 101 76 995.4783290489606 9.011543565098674e-11 1
2 101 77 995.8259242638106 9.011543565098674e-11 1
2 101 78 995.8259242638106 9.011543565098674e-11 1
2 101 79 995.8259242638106 8.944641247357811e-11 1
2 101 80 995.8259242638106 8.944641247357811e-11 1
2 101 81 996.3515590294306 8.944641247357811e-11 1
2 101 82 996.3515590294306 8.944641247357811e-11 1
2 101 83 996.3515590294306 9.020182410396183e-11 1
2 101 84 996.3515590294306 9.020182410396183e-11 1
2 101 85 996.9031337364606 9.052946531310568e-11 1
2 101 86 996.9031337364606 8.901052259863635e-11 1
2 102 24 972.4445155724006 9.942954242019663e-11 1
2 102 25 974.5885585411506 1.0188492395087527e-10 1
2 102 26 977.0169643028706 1.0129407446047214e-10 1
