5 55 104 961.9066893015247 1.8372260423062438e-11 1
5 55 105 982.5084349069947 1.984564033334244e-11 1
5 55 106 1006.0017210398047 2.0534329000000472e-11 1
5 55 107 998.9584471140247 2.1952718715721555e-11 1
5 56 79 941.5301023874647 1.0020482248458632e-11 1
5 56 80 941.5301023874647 1.0185222143759698e-11 1
5 56 81 944.5163084421547 1.0353140904696391e-11 1
5 56 82 947.3241087351247 1.0522515991026294e-11 1
5 56 83 949.3223387155947 1.0694181001144625e-11 1
5 56 84 956.2383543405947 1.0865354169971832e-11 1
5 56 85 956.2383543405947 1.1035238596841421e-11 1
5 56 86 959.2516600046547 1.1204755074438205e-11 1
5 56 87 963.5816160593447 1.1373548368175522e-11 1
5 56 88 968.4598509226247 1.1537502226478173e-11 1
5 56 89 978.1403318796547 1.1700128936264492e-11 1
5 56 90 978.1403318796547 1.1856838229305778e-11 1
5 56 91 981.8044554148047 1.2007093911450899e-11 1
5 56 92 984.9892088327747 1.2152843435368535e-11 1
5 56 93 988.2238890085547 1.2293584026110095e-11 1
5 56 94 993.2061888132447 1.2424095230033501e-11 1
5 56 95 993.2061888132447 1.2547428946740697e-11 1
5 56 96 995.4190184030947 1.2660942093321015e-11 1
5 56 97 997.6752439890247 1.2763950635535481e-11 1
5 56 98 998.0505491648047 1.2878388617573299e-11 1
5 56 99 999.0124021921547 1.301949906705244e-11 1
5 56 100 1000.5227171335547 1.3180530586286235e-11 1
5 56 101 1002.0287596140247 1.3389455824813566e-11 1
5 56 102 1004.9190184030947 1.3870949959786778e-11 1
5 56 103 1007.8587767038747 1.5018946707444842e-11 1
5 56 104 1010.2587400827747 1.6887979529096187e-11 1
5 56 105 1014.6508909616847 1.8809833717694135e-11 1
5 57 32 957.9201780710547 7.8472769779528e-12 1
5 57 33 960.1970335398047 7.821272425048337e-12 1
5 57 34 958.8983274851247 7.803611380741793e-12 1
5 57 35 958.8983274851247 7.788621829192087e-12 1
5 57 36 956.6091429148047 7.774795363989072e-12 1
5 57 37 955.5550657663747 7.762247519389707e-12 1
5 57 38 958.4245726023047 7.750460664094542e-12 1
5 57 39 959.5836302194947 7.740740118502473e-12 1
5 57 40 959.5836302194947 7.733223591696811e-12 1
5 57 41 959.4107786569947 7.728125194439856e-12 1
5 57 42 958.8892332468447 7.725877146482185e-12 1
5 57 43 957.3375975046547 7.726624841508825e-12 1
5 57 44 960.4487425241847 7.730485541544824e-12 1
5 57 45 960.4487425241847 7.737288156448678e-12 1
5 57 46 962.1507078562147 7.746901412735656e-12 1
5 57 47 961.3472410593447 7.758982341305278e-12 1
5 57 48 957.4457518015247 7.772444028004332e-12 1
5 57 49 960.0968748484047 7.78672084418307e-12 1
5 57 50 960.0968748484047 7.801008390035311e-12 1
5 57 51 962.5102659616847 7.807792136805232e-12 1
5 57 52 965.9440428171547 7.807152769620161e-12 1
5 57 53 968.8722654734047 7.796061218945337e-12 1
5 57 54 969.1074339304347 7.780712697657719e-12 1
5 57 55 969.1074339304347 7.766759978827352e-12 1
5 57 56 970.1671873484047 7.759315550083503e-12 1
5 57 57 970.0069700632447 7.759542560253826e-12 1
5 57 58 971.3094602976247 7.764996934507424e-12 1
5 57 59 972.3211790476247 7.777195682073385e-12 1
5 57 60 972.3211790476247 7.798966588574049e-12 1
5 57 61 973.5700193796547 7.830003961627755e-12 1
5 57 62 974.2345091257447 7.869520549271755e-12 1
5 57 63 975.3604246530947 7.9178651297985e-12 1
5 57 64 979.0716673288747 7.97623937063418e-12 1
5 57 65 979.0716673288747 8.042308394204849e-12 1
5 57 66 980.9596678171547 8.117713333465624e-12 1
5 57 67 981.6723753366847 8.198703340563599e-12 1
5 57 68 982.3229490671547 8.28666041135295e-12 1
5 57 69 982.0921751413747 8.381083078369089e-12 1
5 57 70 982.0921751413747 8.479668990358088e-12 1
5 57 71 981.0593382273047 8.58414941860395e-12 1
5 57 72 979.4625364694947 8.697732697749533e-12 1
5 57 73 977.1139646921547 8.820792449625822e-12 1
5 57 74 974.8720213327747 8.95308115971634e-12 1
5 57 75 974.8720213327747 9.093510260538158e-12 1
5 57 76 976.3493772898047 9.242046320070433e-12 1
5 57 77 975.6500975046547 9.398156501977538e-12 1
5 57 78 974.5590940866847 9.561624981948835e-12 1
5 57 79 979.9484373484047 9.72985786534169e-12 1
5 57 80 979.9484373484047 9.90507834198931e-12 1
5 57 81 982.1921507273047 1.0085024307856674e-11 1
5 57 82 985.2682005319947 1.031207171371261e-11 1
5 57 83 987.4596067819947 1.0502547271559205e-11 1
5 57 84 992.6625486765247 1.0698480017892103e-11 1
5 57 85 992.6625486765247 1.089843581104603e-11 1
5 57 86 993.8546873484047 1.1100477820555986e-11 1
5 57 87 994.5385252390247 1.1302788875541652e-11 1
5 57 88 995.5159422312147 1.1504497016179679e-11 1
5 57 89 996.4397093210547 1.1504497016179679e-11 1
5 57 90 996.4397093210547 1.1832924223316503e-11 1
5 57 91 997.5782591257447 1.2014890279977605e-11 1
5 58 24 953.5130735788747 8.396055338460146e-12 1
5 58 25 954.8193479929347 8.366170373170636e-12 1
5 58 26 957.8721434030947 8.333350066139275e-12 1
5 58 27 961.4972654734047 8.254824535017892e-12 1
5 58 28 965.5159422312147 8.131890057293443e-12 1
5 58 29 967.3554808054347 8.016367056711579e-12 1
5 58 30 970.6504637155947 7.936908412684573e-12 1
5 58 31 972.5644041452747 7.863167216582545e-12 1
5 58 32 973.1827513132447 7.805218345762342e-12 1
5 58 33 974.8657347116847 7.765220841284987e-12 1
5 58 34 975.4256712351247 7.738672714637476e-12 1
5 58 35 975.4256712351247 7.693197138763542e-12 1
5 58 36 975.5794187937147 7.67371265145107e-12 1
5 58 37 975.9769407663747 7.655207295435164e-12 1
5 58 38 977.2268797312147 7.637814500729356e-12 1
5 58 39 977.4691893015247 7.621586198434921e-12 1
5 58 40 977.4691893015247 7.606658147246865e-12 1
5 58 41 977.8167845163747 7.606658147246865e-12 1
5 58 42 978.3424192819947 7.571453163070964e-12 1
5 58 43 978.8939939890247 7.562580596769575e-12 1
5 59 24 954.4353758249647 8.783002766800983e-12 1
5 59 25 956.5794187937147 8.698866649278383e-12 1
5 59 26 959.0078245554347 8.682438385237923e-12 1
