5 19 27 995.3747332006071 5.1003088278201924e-11 1
5 20 17 918.6079485326471 1.8495888104119526e-11 1
5 20 18 926.4862444310771 1.8255565855051855e-11 1
5 20 19 933.9153215795171 1.8433970252612886e-11 1
5 20 20 945.2119524388971 1.9627136506441836e-11 1
5 20 21 949.7967913060771 2.191107033014144e-11 1
5 20 22 969.4191057592071 2.4902343258559568e-11 1
5 20 23 998.3913347631071 2.7745815462468582e-11 1
5 20 24 1010.2987444310771 2.946467908827323e-11 1
5 20 25 1014.2975237279571 3.07448840775889e-11 1
5 20 26 1019.8466570287371 3.5180985623983445e-11 1
5 20 27 1029.9909441381071 4.582602358491166e-11 1
5 21 11 964.0353777318571 1.9074575773860805e-11 1
5 21 12 970.1734392552971 1.91218879265004e-11 1
5 21 13 977.0157854467071 1.8789733029720065e-11 1
5 21 14 981.6833879857671 1.8010091103290164e-11 1
5 21 15 984.9521868138971 1.7607359325968274e-11 1
5 21 16 989.5153582006071 1.718508262664105e-11 1
5 21 17 992.9452288060771 1.6968323058202036e-11 1
5 21 18 996.0372698217071 1.6881594372801875e-11 1
