1 55 104 963.491493599299 5.003528887733262e-11 1
1 55 105 984.093239204769 4.364633795739214e-11 1
1 55 106 1007.586525337579 3.341105817578202e-11 1
1 55 107 1000.543251411799 3.092874486475607e-11 1
1 56 79 943.114906685239 6.804033975770371e-11 1
1 56 80 943.114906685239 6.6712344508914e-11 1
1 56 81 946.101112739929 6.246467613491871e-11 1
1 56 82 948.908913032899 5.895601245907813e-11 1
1 56 83 950.907143013369 5.651751920138212e-11 1
1 56 84 957.823158638369 5.093645689102921e-11 1
1 56 85 957.823158638369 5.0454226857594435e-11 1
1 56 86 960.836464302429 4.820877508154395e-11 1
1 56 87 965.166420357119 4.549809269474973e-11 1
1 56 88 970.044655220399 4.286018822992719e-11 1
1 56 89 979.725136177429 3.865087448819795e-11 1
1 56 90 979.725136177429 3.8495157877008866e-11 1
1 56 91 983.389259712579 3.706043363541583e-11 1
1 56 92 986.574013130549 3.589759399509956e-11 1
1 56 93 989.808693306329 3.480493417740161e-11 1
1 56 94 994.790993111019 3.330162732120486e-11 1
1 56 95 994.790993111019 3.32577615610879e-11 1
1 56 96 997.003822700869 3.2627579869768866e-11 1
1 56 97 999.260048286799 3.2021501388601526e-11 1
1 56 98 999.635353462579 3.191926014654935e-11 1
1 56 99 1000.597206489929 3.169120370473025e-11 1
1 56 100 1002.107521431329 3.136410779232521e-11 1
1 56 101 1003.613563911799 3.1058152311063874e-11 1
1 56 102 1006.503822700869 3.0468451273472673e-11 1
1 56 103 1009.443581001649 3.072673107452424e-11 1
1 56 104 1011.843544380549 3.246600125631509e-11 1
1 56 105 1016.235695259459 3.388855909503504e-11 1
1 57 32 959.504982368829 6.87938865773912e-11 1
1 57 33 961.781837837579 6.749445426878218e-11 1
1 57 34 960.483131782899 7.006531957469707e-11 1
1 57 35 960.483131782899 7.100576216133952e-11 1
1 57 36 958.193947212579 7.516199308613712e-11 1
1 57 37 957.139870064149 7.801254317924067e-11 1
1 57 38 960.009376900079 7.516810785945479e-11 1
1 57 39 961.168434517269 7.491334241863496e-11 1
1 57 40 961.168434517269 7.634308277773833e-11 1
1 57 41 960.995582954769 7.804704790562029e-11 1
1 57 42 960.474037544619 8.034060558120399e-11 1
1 57 43 958.922401802429 8.446646997152407e-11 1
1 57 44 962.033546821959 8.055969595451032e-11 1
1 57 45 962.033546821959 8.175935936706659e-11 1
1 57 46 963.735512153989 8.006282125320897e-11 1
1 57 47 962.932045357119 8.238579660445531e-11 1
1 57 48 959.030556099299 9.074739519003257e-11 1
1 57 49 961.681679146179 8.656016492700535e-11 1
1 57 50 961.681679146179 8.745252307805675e-11 1
1 57 51 964.095070259459 8.394561740418799e-11 1
1 57 52 967.528847114929 7.90460670951744e-11 1
1 57 53 970.457069771179 7.53524088631208e-11 1
1 57 54 970.692238228209 7.54882572152884e-11 1
1 57 55 970.692238228209 7.571211960150445e-11 1
1 57 56 971.751991646179 7.415662191667217e-11 1
1 57 57 971.591774361019 7.401485228882573e-11 1
1 57 58 972.894264595399 7.167745465515695e-11 1
1 57 59 973.905983345399 6.960746263849314e-11 1
1 57 60 973.905983345399 6.862962116436678e-11 1
1 57 61 975.154823677429 6.61285112912212e-11 1
1 57 62 975.819313423519 6.428870669754727e-11 1
1 57 63 976.945228950869 6.201094074052568e-11 1
1 57 64 980.656471626649 5.7585513991909424e-11 1
1 57 65 980.656471626649 5.6533457117314415e-11 1
1 57 66 982.544472114929 5.4060869776699624e-11 1
1 57 67 983.257179634459 5.2566725668574283e-11 1
1 57 68 983.907753364929 5.1154233000519954e-11 1
1 57 69 983.676979439149 5.0334928117086935e-11 1
1 57 70 983.676979439149 4.937421666250664e-11 1
1 57 71 982.644142525079 4.906237448834775e-11 1
1 57 72 981.047340767269 4.9095433513136605e-11 1
1 57 73 978.698768989929 4.9598184324459715e-11 1
1 57 74 976.456825630549 5.0053164692274694e-11 1
1 57 75 976.456825630549 4.913515735260925e-11 1
1 57 76 977.934181587579 4.7418101096277715e-11 1
1 57 77 977.234901802429 4.7005927261270395e-11 1
1 57 78 976.143898384459 4.68348005790822e-11 1
1 57 79 981.533241646179 4.340851473230615e-11 1
1 57 80 981.533241646179 4.280265118713331e-11 1
1 57 81 983.776955025079 4.126390158585803e-11 1
1 57 82 986.853004829769 3.927681657374407e-11 1
1 57 83 989.044411079769 3.8051155626186356e-11 1
1 57 84 994.247352974299 3.592482187239519e-11 1
1 57 85 994.247352974299 3.562153424365739e-11 1
1 57 86 995.439491646179 3.4976727901912105e-11 1
1 57 87 996.123329536799 3.452663122475002e-11 1
1 57 88 997.100746528989 3.402314795106338e-11 1
1 57 89 998.024513618829 3.375789977402536e-11 1
1 57 90 998.024513618829 3.3301202199011177e-11 1
1 57 91 999.163063423519 3.2850075914672475e-11 1
1 58 24 955.097877876649 4.770294088069093e-11 1
1 58 25 956.404152290709 4.7344283215779755e-11 1
1 58 26 959.456947700869 4.693193993227221e-11 1
1 58 27 963.082069771179 4.749434680231474e-11 1
1 58 28 967.100746528989 4.9811836799052155e-11 1
1 58 29 968.940285103209 5.4819500932797037e-11 1
1 58 30 972.235268013369 5.5859995115651946e-11 1
1 58 31 974.149208443049 5.601338179870128e-11 1
1 58 32 974.767555611019 5.6813372132343854e-11 1
1 58 33 976.450539009459 5.637252497285574e-11 1
1 58 34 977.010475532899 5.6535426051492305e-11 1
1 58 35 977.010475532899 5.7052618016632513e-11 1
1 58 36 977.164223091489 5.747914784637585e-11 1
1 58 37 977.561745064149 5.7725914651333224e-11 1
1 58 38 978.811684028989 5.727464756113134e-11 1
1 58 39 979.053993599299 5.7654969283703856e-11 1
1 58 40 979.053993599299 5.823160247974893e-11 1
1 58 41 979.401588814149 5.850107074027135e-11 1
1 58 42 979.927223579769 5.8054771828346127e-11 1
1 58 43 980.478798286799 5.887198559102295e-11 1
1 59 24 956.020180122739 4.592504244857009e-11 1
1 59 25 958.164223091489 4.520718696043973e-11 1
1 59 26 960.592628853209 4.544323028587353e-11 1
