6 98 267 992.2623791543984 1.5996094636741515e-11 1
6 98 268 1011.9816784707984 1.5538083346748116e-11 1
6 98 269 1034.2686657754884 1.5395303726389805e-11 1
6 98 270 1028.4316906778286 1.5375778331896145e-11 1
6 99 206 971.0033459512684 1.9221076948181546e-11 1
6 99 207 971.0033459512684 1.91944415525882e-11 1
6 99 208 971.0033459512684 1.916822667302816e-11 1
6 99 209 971.0033459512684 1.914208330194264e-11 1
6 99 210 973.9895520059584 1.9115912623885506e-11 1
6 99 211 973.9895520059584 1.9090377102869932e-11 1
6 99 212 973.9895520059584 1.906490971283678e-11 1
6 99 213 973.9895520059584 1.9039428783364787e-11 1
6 99 214 976.7973522989284 1.9014349814195503e-11 1
6 99 215 976.7973522989284 1.898962450433085e-11 1
6 99 216 976.7973522989284 1.8964963414071836e-11 1
6 99 217 976.7973522989284 1.8940631498180368e-11 1
6 99 218 976.7973522989284 1.8916716582945202e-11 1
6 99 219 978.7955822793984 1.889286198269551e-11 1
6 99 220 978.7955822793984 1.886901311541745e-11 1
6 99 221 978.7955822793984 1.884596955671507e-11 1
6 99 222 978.7955822793984 1.882298221270722e-11 1
6 99 223 985.7115979043984 1.8799984471691133e-11 1
6 99 224 985.7115979043984 1.877754293381004e-11 1
6 99 225 985.7115979043984 1.875546119384302e-11 1
6 99 226 985.7115979043984 1.8733431327596716e-11 1
6 99 227 988.7249035684584 1.8711733897404322e-11 1
6 99 228 988.7249035684584 1.8690533627117798e-11 1
6 99 229 988.7249035684584 1.8669413775673154e-11 1
6 99 230 988.7249035684584 1.864841992884103e-11 1
6 99 231 993.0548596231484 1.8628227422944803e-11 1
6 99 232 993.0548596231484 1.8608078598633966e-11 1
6 99 233 993.0548596231484 1.858793452270656e-11 1
6 99 234 993.0548596231484 1.856846562007394e-11 1
6 99 235 997.9330944864284 1.8549324641776987e-11 1
6 99 236 997.9330944864284 1.85302230851289e-11 1
6 99 237 997.9330944864284 1.8511544833949592e-11 1
6 99 238 997.9330944864284 1.8493418001983325e-11 1
6 99 239 1007.6135754434584 1.8475326635517265e-11 1
6 99 240 1007.6135754434584 1.8457318799610094e-11 1
6 99 241 1007.6135754434584 1.8440214742485984e-11 1
6 99 242 1007.6135754434584 1.8423142356042188e-11 1
6 99 243 1007.6135754434584 1.840607671239473e-11 1
6 99 244 1011.2776989786084 1.8389733598378683e-11 1
6 99 245 1011.2776989786084 1.8373692509678242e-11 1
6 99 246 1011.2776989786084 1.8357679381390342e-11 1
6 99 247 1011.2776989786084 1.8342081674507093e-11 1
6 99 248 1014.4624523965784 1.832704815890397e-11 1
6 99 249 1014.4624523965784 1.8312047907710928e-11 1
6 99 250 1014.4624523965784 1.8297159252942256e-11 1
6 99 251 1014.4624523965784 1.82831335807777e-11 1
6 99 252 1017.6971325723584 1.8269129394877465e-11 1
6 99 253 1017.6971325723584 1.8255134428783752e-11 1
6 99 254 1017.6971325723584 1.824183223572155e-11 1
6 99 255 1017.6971325723584 1.822876429035316e-11 1
6 99 256 1022.6794323770484 1.821571505461281e-11 1
6 99 257 1022.6794323770484 1.8203045433467607e-11 1
6 99 258 1022.6794323770484 1.818779018789482e-11 1
6 99 259 1024.8922619668986 1.8165115987689383e-11 1
6 99 260 1024.8922619668986 1.8133234323417424e-11 1
6 99 261 1027.1484875528286 1.8088751521226575e-11 1
6 99 262 1028.4856457559586 1.8028056035182363e-11 1
6 99 263 1029.6045422403286 1.794411094915903e-11 1
6 99 264 1031.5020031778286 1.780127105231944e-11 1
6 99 265 1034.3922619668986 1.746391031278558e-11 1
6 99 266 1037.3320202676784 1.6884189904884824e-11 1
6 99 267 1039.3947033731486 1.612630169885234e-11 1
6 99 268 1044.1241345254884 1.560342315333144e-11 1
6 100 43 987.1958508340784 2.1608536463087907e-11 1
6 100 44 987.3934216348584 2.1596210103325865e-11 1
6 100 45 987.3934216348584 2.1583972857722816e-11 1
6 100 46 987.3934216348584 2.1571726321231734e-11 1
6 100 47 987.3934216348584 2.1559527578701246e-11 1
6 100 48 989.8370861856484 2.154766204570341e-11 1
6 100 49 989.8370861856484 2.153586401138424e-11 1
6 100 50 989.8370861856484 2.152411154843404e-11 1
6 100 51 989.8370861856484 2.151268671239652e-11 1
6 100 52 989.6702771036084 2.1501273998358317e-11 1
6 100 53 989.6702771036084 2.148980354951421e-11 1
6 100 54 989.6702771036084 2.1478542693002015e-11 1
6 100 55 989.6702771036084 2.146754589471709e-11 1
6 100 56 988.3715710489284 2.1456560351170544e-11 1
6 100 57 988.3715710489284 2.1445747949289436e-11 1
6 100 58 988.3715710489284 2.1435163279773623e-11 1
6 100 59 988.3715710489284 2.1424589053349894e-11 1
6 100 60 986.0823864786084 2.1413939868956054e-11 1
6 100 61 986.0823864786084 2.140383324497437e-11 1
6 100 62 986.0823864786084 2.1393736156432063e-11 1
6 100 63 986.0823864786084 2.1383562677745022e-11 1
6 100 64 985.0283093301784 2.137360304298005e-11 1
6 100 65 985.0283093301784 2.136391051843325e-11 1
6 100 66 985.0283093301784 2.1354226780654775e-11 1
6 100 67 985.0283093301784 2.1344756751018345e-11 1
6 100 68 985.0283093301784 2.1335569621760122e-11 1
6 100 69 987.8978161661084 2.1326390397678045e-11 1
6 100 70 987.8978161661084 2.131710982497083e-11 1
6 100 71 987.8978161661084 2.1308389178254384e-11 1
6 100 72 987.8978161661084 2.12996756637037e-11 1
6 100 73 989.0568737832984 2.1290884103568678e-11 1
6 100 74 989.0568737832984 2.1282352692489666e-11 1
6 100 75 989.0568737832984 2.127409966284069e-11 1
6 100 76 989.0568737832984 2.1265853031553452e-11 1
6 100 77 988.8840222207984 2.125783108271794e-11 1
6 100 78 988.8840222207984 2.1250107620686742e-11 1
6 100 79 988.8840222207984 2.124238976884227e-11 1
6 100 80 988.8840222207984 2.123459666081276e-11 1
6 100 81 988.3624768106484 2.1227362414580845e-11 1
6 100 82 988.3624768106484 2.1220133095826087e-11 1
6 100 83 988.3624768106484 2.1212840650542776e-11 1
6 100 84 988.3624768106484 2.1205898472192874e-11 1
6 100 85 986.8108410684584 2.119915485373736e-11 1
6 100 86 986.8108410684584 2.119241552295046e-11 1
6 100 87 986.8108410684584 2.1185896414628275e-11 1
6 100 88 986.8108410684584 2.117967064126169e-11 1
6 100 89 989.9219860879884 2.1173448525882132e-11 1
6 100 90 989.9219860879884 2.116719212095237e-11 1
6 100 91 989.9219860879884 2.116139276186087e-11 1
6 100 92 989.9219860879884 2.1155617758087823e-11 1
6 100 93 989.9219860879884 2.1149845905484464e-11 1
6 100 94 991.6239514200184 2.1144383124795968e-11 1
6 100 95 991.6239514200184 2.113898559215403e-11 1
6 100 96 991.6239514200184 2.1133590814468204e-11 1
6 100 97 991.6239514200184 2.112836990578771e-11 1
6 100 98 990.8204846231484 2.112331349257622e-11 1
6 100 99 990.8204846231484 2.111822885260071e-11 1
6 100 100 990.8204846231484 2.11131685032077e-11 1
6 100 101 990.8204846231484 2.1108321259343943e-11 1
6 100 102 986.9189953653284 2.1103476240667747e-11 1
6 100 103 986.9189953653284 2.1098700763857965e-11 1
6 100 104 986.9189953653284 2.109396825561308e-11 1
6 100 105 986.9189953653284 2.1089229582944343e-11 1
6 100 106 989.5701184122084 2.108452128083724e-11 1
6 100 107 989.5701184122084 2.1079940909529536e-11 1
6 100 108 989.5701184122084 2.107522814593245e-11 1
6 100 109 989.5701184122084 2.1070465371373242e-11 1
6 100 110 991.9835095254884 2.1065686055752967e-11 1
6 100 111 991.9835095254884 2.1060728608490718e-11 1
6 100 112 991.9835095254884 2.1055773493979562e-11 1
6 100 113 991.9835095254884 2.105090295441116e-11 1
6 100 114 995.4172863809584 2.1045738880785237e-11 1
6 100 115 995.4172863809584 2.1040458461262203e-11 1
6 100 116 995.4172863809584 2.1035208462178503e-11 1
6 100 117 995.4172863809584 2.102990126410412e-11 1
6 100 118 995.4172863809584 2.1024171421372272e-11 1
6 100 119 998.3455090372084 2.101837196908763e-11 1
6 100 120 998.3455090372084 2.1012479304272398e-11 1
6 100 121 998.3455090372084 2.100566017795599e-11 1
6 100 122 998.3455090372084 2.0998845476191026e-11 1
6 100 123 998.5806774942384 2.0992150299864472e-11 1
6 100 124 998.5806774942384 2.0984216108825186e-11 1
6 100 125 998.5806774942384 2.0975731410039397e-11 1
6 100 126 998.5806774942384 2.0967253569838802e-11 1
6 100 127 999.6404309122084 2.0958023171999843e-11 1
6 100 128 999.6404309122084 2.0947760317439377e-11 1
6 100 129 999.6404309122084 2.093749684018501e-11 1
6 100 130 999.6404309122084 2.0927073804947302e-11 1
6 100 131 999.4802136270484 2.0915026235246064e-11 1
6 100 132 999.4802136270484 2.0902992528966588e-11 1
6 100 133 999.4802136270484 2.0890955662367086e-11 1
6 100 134 999.4802136270484 2.0877574119706287e-11 1
6 100 135 1000.7827038614284 2.0863787941330514e-11 1
6 100 136 1000.7827038614284 2.0850009310280485e-11 1
6 100 137 1000.7827038614284 2.083545723944915e-11 1
6 100 138 1000.7827038614284 2.082004983494985e-11 1
6 100 139 1001.7944226114284 2.0804716631298935e-11 1
6 100 140 1001.7944226114284 2.0789235639887142e-11 1
6 100 141 1001.7944226114284 2.0772193012275175e-11 1
6 100 142 1001.7944226114284 2.0755281500034604e-11 1
6 100 143 1001.7944226114284 2.0738397502134132e-11 1
6 100 144 1003.0432629434584 2.0720389914371477e-11 1
6 100 145 1003.0432629434584 2.070205187015494e-11 1
6 100 146 1003.0432629434584 2.0683713838678857e-11 1
6 100 147 1003.0432629434584 2.0664741810399725e-11 1
6 100 148 1003.7077526895484 2.06451284341669e-11 1
6 100 149 1003.7077526895484 2.0625552253633327e-11 1
6 100 150 1003.7077526895484 2.060567509251673e-11 1
6 100 151 1003.7077526895484 2.0584673601161437e-11 1
6 100 152 1004.8336682168984 2.0563879959090017e-11 1
6 100 153 1004.8336682168984 2.0543128284089353e-11 1
6 100 154 1004.8336682168984 2.0521480032336718e-11 1
6 100 155 1004.8336682168984 2.0499582575407263e-11 1
6 100 156 1008.5449108926784 2.047769007503755e-11 1
6 100 157 1008.5449108926784 2.0455153285342188e-11 1
6 100 158 1008.5449108926784 2.0432235846373214e-11 1
6 100 159 1008.5449108926784 2.0409468095916048e-11 1
6 100 160 1010.4329113809584 2.0386654201579987e-11 1
6 100 161 1010.4329113809584 2.0362959033534287e-11 1
6 100 162 1010.4329113809584 2.033931888277208e-11 1
6 100 163 1010.4329113809584 2.0315579413442762e-11 1
6 100 164 1011.1456189004884 2.0291067909967305e-11 1
6 100 165 1011.1456189004884 2.026673311308108e-11 1
6 100 166 1011.1456189004884 2.0242456615047998e-11 1
6 100 167 1011.1456189004884 2.0217753749525747e-11 1
6 100 168 1011.1456189004884 2.019269413594135e-11 1
6 100 169 1011.7961926309584 2.016780137916909e-11 1
6 100 170 1011.7961926309584 2.014290713554827e-11 1
6 100 171 1011.7961926309584 2.0117469935141625e-11 1
6 100 172 1011.7961926309584 2.0092096899760512e-11 1
6 100 173 1011.5654187051784 2.006660602764641e-11 1
6 100 174 1011.5654187051784 2.0040815665614892e-11 1
6 100 175 1011.5654187051784 2.0015033993021047e-11 1
6 100 176 1011.5654187051784 1.998926351925193e-11 1
6 100 177 1010.5325817911084 1.9963068388948982e-11 1
6 100 178 1010.5325817911084 1.9936917414988027e-11 1
6 100 179 1010.5325817911084 1.9910955753315718e-11 1
6 100 180 1010.5325817911084 1.9885025415164017e-11 1
6 100 181 1008.9357800332984 1.9858814101525738e-11 1
6 100 182 1008.9357800332984 1.9832671797459488e-11 1
6 100 183 1008.9357800332984 1.9806421154376355e-11 1
6 100 184 1008.9357800332984 1.9780153589024118e-11 1
6 100 185 1006.5872082559584 1.9753983832152697e-11 1
6 100 186 1006.5872082559584 1.972781978089329e-11 1
6 100 187 1006.5872082559584 1.9701484916369586e-11 1
6 100 188 1006.5872082559584 1.9675320751172647e-11 1
6 100 189 1004.3452648965784 1.964922598740691e-11 1
6 100 190 1004.3452648965784 1.962287899543068e-11 1
6 100 191 1004.3452648965784 1.9596593241090717e-11 1
6 100 192 1004.3452648965784 1.9570619085607547e-11 1
6 100 193 1004.3452648965784 1.9544713693476254e-11 1
6 100 194 1005.8226208536084 1.951862446321926e-11 1
6 100 195 1005.8226208536084 1.9492886016281503e-11 1
6 100 196 1005.8226208536084 1.9467215360517487e-11 1
6 100 197 1005.8226208536084 1.944149099787363e-11 1
6 100 198 1005.1233410684584 1.9415923861046105e-11 1
6 100 199 1005.1233410684584 1.9390537994651755e-11 1
6 100 200 1005.1233410684584 1.9365237123080285e-11 1
6 100 201 1005.1233410684584 1.9340182157727232e-11 1
6 100 202 1004.0323376504884 1.93151919414028e-11 1
6 100 203 1004.0323376504884 1.9290083764686056e-11 1
6 100 204 1004.0323376504884 1.9265077996639715e-11 1
6 100 205 1004.0323376504884 1.9240530476844797e-11 1
6 100 206 1009.4216809122084 1.9216045434232492e-11 1
6 100 207 1009.4216809122084 1.9191763815774348e-11 1
6 100 208 1009.4216809122084 1.916773228942597e-11 1
6 100 209 1009.4216809122084 1.9143760871363344e-11 1
6 100 210 1011.6653942911084 1.911958682071684e-11 1
6 100 211 1011.6653942911084 1.9095881524269487e-11 1
6 100 212 1011.6653942911084 1.9072500659109012e-11 1
6 100 213 1011.6653942911084 1.9049176978670897e-11 1
6 100 214 1014.7414440957984 1.9044447408515658e-11 1
6 100 215 1014.7414440957984 1.9044447408515658e-11 1
6 100 216 1014.7414440957984 1.8963906768507707e-11 1
6 100 217 1014.7414440957984 1.8963906768507707e-11 1
6 100 218 1014.7414440957984 1.8963906768507707e-11 1
6 100 219 1016.9328503457984 1.888957456087118e-11 1
6 100 220 1016.9328503457984 1.888957456087118e-11 1
6 100 221 1016.9328503457984 1.888957456087118e-11 1
6 100 222 1016.9328503457984 1.8817859623521877e-11 1
6 100 223 1022.1357922403284 1.8817859623521877e-11 1
6 100 224 1022.1357922403284 1.8817859623521877e-11 1
6 100 225 1022.1357922403284 1.874880023527558e-11 1
6 100 226 1022.1357922403284 1.874880023527558e-11 1
6 100 227 1023.3279309122084 1.874880023527558e-11 1
6 100 228 1023.3279309122084 1.874880023527558e-11 1
6 100 229 1023.3279309122084 1.8682509093811647e-11 1
6 100 230 1023.3279309122084 1.8682509093811647e-11 1
6 100 231 1024.0117688028286 1.8682509093811647e-11 1
6 100 232 1024.0117688028286 1.861911277382051e-11 1
6 100 233 1024.0117688028286 1.861911277382051e-11 1
6 100 234 1024.0117688028286 1.861911277382051e-11 1
6 100 235 1024.9891857950186 1.8558730611823738e-11 1
6 100 236 1024.9891857950186 1.8558730611823738e-11 1
6 100 237 1024.9891857950186 1.8558730611823738e-11 1
6 100 238 1024.9891857950186 1.8558730611823738e-11 1
6 100 239 1025.9129528848584 1.8558730611823738e-11 1
6 100 240 1025.9129528848584 1.8558730611823738e-11 1
6 100 241 1025.9129528848584 1.8558730611823738e-11 1
6 100 242 1025.9129528848584 1.8558730611823738e-11 1
6 100 243 1025.9129528848584 1.8437172779287678e-11 1
6 100 244 1027.0515026895484 1.8437172779287678e-11 1
6 100 245 1027.0515026895484 1.8385227406938076e-11 1
6 100 246 1027.0515026895484 1.8385227406938076e-11 1
6 101 24 982.9863171426784 2.386018331587628e-11 1
6 101 25 984.2925915567384 2.3564554038835564e-11 1
6 101 26 987.3453869668984 2.320291744451702e-11 1
6 101 27 990.9705090372084 2.279514694740835e-11 1
6 101 28 994.9891857950184 2.2376565561785754e-11 1
6 101 29 996.5593762247084 2.2043946435912207e-11 1
6 101 30 998.4395031778284 2.1836410272737375e-11 1
6 101 31 1000.1237072793984 2.1706689302702328e-11 1
6 101 32 1000.3732800332984 2.1624544784266933e-11 1
6 101 33 1000.8011364786084 2.1571770451919846e-11 1
6 101 34 1001.1383557168984 2.1537693466325885e-11 1
6 101 35 1002.0376477090784 2.151528321950758e-11 1
6 101 36 1002.0376477090784 2.150053963919088e-11 1
6 101 37 1002.0376477090784 2.1488906519616414e-11 1
6 101 38 1002.0376477090784 2.1477483119289662e-11 1
6 101 39 1002.4151501504884 2.1466071857760334e-11 1
6 101 40 1002.4151501504884 2.145457234068494e-11 1
6 101 41 1002.4151501504884 2.1443461143413735e-11 1
6 101 42 1002.4151501504884 2.1432361449033112e-11 1
6 101 43 1002.4151501504884 2.142120489872248e-11 1
6 101 44 1002.6559948770484 2.141023002482277e-11 1
6 101 45 1002.6559948770484 2.139951057787709e-11 1
6 101 46 1002.6559948770484 2.1388801859358083e-11 1
6 101 47 1002.6559948770484 2.1378176251962732e-11 1
6 101 48 1002.8842663614284 2.136775152862877e-11 1
6 101 49 1002.8842663614284 2.1357379412638613e-11 1
6 101 50 1002.8842663614284 2.134703675296842e-11 1
6 101 51 1002.8842663614284 2.1336939730982093e-11 1
6 101 52 1004.3389782754884 2.1326941037378464e-11 1
6 101 53 1004.3389782754884 2.1316951710352086e-11 1
6 101 54 1004.3389782754884 2.130720408754027e-11 1
6 101 55 1004.3389782754884 2.1297538455601896e-11 1
6 101 56 1004.8989147989284 2.1287870142568582e-11 1
6 101 57 1004.8989147989284 2.1278298862910003e-11 1
6 101 58 1004.8989147989284 2.1277956620059307e-11 1
6 101 59 1004.8989147989284 2.1277956620059307e-11 1
6 101 60 1005.0526623575184 2.1266301563139222e-11 1
6 101 61 1005.0526623575184 2.1266301563139222e-11 1
6 101 62 1005.0526623575184 2.1236270030112594e-11 1
6 101 63 1005.0526623575184 2.1236270030112594e-11 1
6 101 64 1005.4501843301784 2.1236270030112594e-11 1
6 101 65 1005.4501843301784 2.1207558428706692e-11 1
6 101 66 1005.4501843301784 2.1207558428706692e-11 1
6 101 67 1005.4501843301784 2.1207558428706692e-11 1
6 101 68 1005.4501843301784 2.1207558428706692e-11 1
6 101 69 1006.7001232950184 2.1180046880761307e-11 1
6 101 70 1006.7001232950184 2.1180046880761307e-11 1
6 101 71 1006.7001232950184 2.1180046880761307e-11 1
6 101 72 1006.7001232950184 2.1153726352715395e-11 1
6 101 73 1006.9424328653284 2.1153726352715395e-11 1
6 101 74 1006.9424328653284 2.1153726352715395e-11 1
6 101 75 1006.9424328653284 2.1128697223795288e-11 1
6 101 76 1006.9424328653284 2.1128697223795288e-11 1
6 101 77 1007.2900280801784 2.1128697223795288e-11 1
6 101 78 1007.2900280801784 2.1128697223795288e-11 1
6 101 79 1007.2900280801784 2.1128697223795288e-11 1
6 101 80 1007.2900280801784 2.1128697223795288e-11 1
6 101 81 1007.8156628457984 2.1128697223795288e-11 1
6 101 82 1007.8156628457984 2.1128697223795288e-11 1
6 101 83 1007.8156628457984 2.109971851373463e-11 1
6 101 84 1007.8156628457984 2.109971851373463e-11 1
6 101 85 1008.3672375528284 2.107781288102103e-11 1
6 101 86 1008.3672375528284 2.107781288102103e-11 1
6 102 24 983.9086193887684 2.3491138131591726e-11 1
6 102 25 986.0526623575184 2.324284008382704e-11 1
6 102 26 988.4810681192384 2.294209550361443e-11 1
