5 113 272 1001.9430993896958 1.089027005910594e-11 1
5 113 273 992.4666887341491 1.1176923037567372e-11 1
5 113 274 977.5889952413988 1.1176923037567372e-11 1
5 114 266 976.4204777733553 8.635516283967733e-12 1
5 114 267 982.5464237760516 9.105985659809342e-12 1
5 114 268 989.6415116316894 9.502402261922767e-12 1
5 114 269 1004.889260312392 9.813379864656342e-12 1
5 114 270 1009.4964128666816 1.0029157776198447e-11 1
5 114 271 1010.882191084433 1.0248567111594759e-11 1
5 114 272 1009.3363918160926 1.0603022938525631e-11 1
5 114 273 1004.9170936705876 1.0976359357860777e-11 1
5 114 274 993.5360378013419 1.0976359357860777e-11 1
5 115 260 1001.57185059341 6.628902972373803e-12 1
5 115 261 1002.9007577333132 6.722462606190182e-12 1
5 115 262 1004.3031738189067 6.8697415715771935e-12 1
5 115 263 1006.4300339406051 7.0941276506090526e-12 1
5 115 264 1007.2475248813902 7.392711963664138e-12 1
5 115 265 1007.9166483458347 7.75685851480002e-12 1
5 115 266 1003.8577385774644 8.185295915468105e-12 1
5 115 267 1011.2196519334111 8.656507595616485e-12 1
5 115 268 1012.2727438110079 9.134841748935693e-12 1
5 115 269 1015.1963679847253 9.586290182046833e-12 1
5 116 199 947.9691486416876 4.9257212377896635e-12 1
5 116 200 948.4268677715879 4.949141480193886e-12 1
5 116 201 948.8899084943276 4.9727604995058426e-12 1
5 116 202 949.4652176747452 4.996431375211549e-12 1
5 116 203 950.0520671918308 5.020323970901147e-12 1
5 116 204 950.6389167089324 5.044366252247936e-12 1
5 116 205 951.2257662260274 5.06850774489583e-12 1
5 116 206 952.0028791875708 5.0928814230315125e-12 1
5 116 207 952.8321943938627 5.117637791648541e-12 1
5 116 208 953.6615096001318 5.1421908648520594e-12 1
5 116 209 954.4908248064654 5.166980672151734e-12 1
5 116 210 955.2735964199478 5.192065359100243e-12 1
5 116 211 956.02754516634 5.217112821707192e-12 1
5 116 212 956.7814939127735 5.24226092675723e-12 1
5 116 213 957.5354426591659 5.2676550685294695e-12 1
5 116 214 958.2970310487066 5.293083584353225e-12 1
5 116 215 959.0679407638171 5.3184306559715424e-12 1
5 116 216 959.8388504789457 5.344052324468449e-12 1
5 116 217 960.6097601940563 5.3698855396442086e-12 1
5 116 218 961.5376427047863 5.395260627538782e-12 1
5 116 219 962.862666388646 5.421014890255323e-12 1
5 116 220 964.187690072403 5.447016208102468e-12 1
5 116 221 965.5127137560727 5.4727543493149314e-12 1
5 116 222 966.728684356048 5.4985274973124645e-12 1
5 116 223 967.5282967327557 5.5245036351626265e-12 1
5 116 224 968.2848789698186 5.550052974727462e-12 1
5 116 225 969.0414612068726 5.575500065388191e-12 1
5 116 226 969.8704439996993 5.6013344929731735e-12 1
5 116 227 971.0696551214166 5.627363844586631e-12 1
5 116 228 972.3689400225378 5.652675766706339e-12 1
5 116 229 973.6682249237597 5.678216424086042e-12 1
5 116 230 975.0340048980522 5.703724842529444e-12 1
5 116 231 976.9561309754968 5.7282633317933815e-12 1
5 116 232 979.1370669494938 5.753455108608617e-12 1
5 116 233 981.3180029233741 5.7788922946557375e-12 1
5 116 234 983.4794643501078 5.803759245203201e-12 1
5 116 235 985.0105754220525 5.8281292118312686e-12 1
5 116 236 986.102743167517 5.853048237637948e-12 1
5 116 237 987.1949109130398 5.878123195597482e-12 1
5 116 238 988.2870786585335 5.9021917086449976e-12 1
5 116 239 989.1298282186358 5.926458133516618e-12 1
5 116 240 989.6959135783674 5.950481293775072e-12 1
5 116 241 990.2523637081131 5.9738141555967924e-12 1
5 116 242 990.8088138378735 5.997190555845947e-12 1
5 116 243 991.4465497371195 6.0206340961161914e-12 1
5 116 244 992.2419868145779 6.042810810375731e-12 1
5 116 245 993.048561433642 6.064756634390863e-12 1
5 116 246 993.8551360526849 6.0871838195291435e-12 1
5 116 247 994.7202268223425 6.109658497676561e-12 1
5 116 248 995.8207414724743 6.1300744965568204e-12 1
5 116 249 996.9438988704605 6.151257440965257e-12 1
5 116 250 998.0670562685061 6.172587291610277e-12 1
5 116 251 999.1465575504433 6.1927108794322715e-12 1
5 116 252 999.3983879999963 6.21241576492738e-12 1
5 116 253 999.5545123986892 6.232149736747062e-12 1
5 116 254 999.710636797386 6.25057727865093e-12 1
5 116 255 999.8667611960789 6.2730869238892585e-12 1
5 116 256 1000.036662349834 6.30732190233288e-12 1
5 116 257 1000.2732240100272 6.354142644867185e-12 1
5 116 258 1000.6971925407863 6.416582155624614e-12 1
5 116 259 1001.9700551734251 6.496782562890267e-12 1
5 116 260 1003.1370793228946 6.588151155411417e-12 1
5 116 261 1004.6520070528317 6.680520602726471e-12 1
5 116 262 1006.060650103977 6.792508727289686e-12 1
5 116 263 1008.6700321327572 6.987875498612423e-12 1
5 117 121 956.7282414874262 3.951800153719169e-12 1
5 117 122 956.7112571644815 3.948634323945606e-12 1
5 117 123 956.4726791175513 3.945480009193483e-12 1
5 117 124 956.2096956361358 3.942873943333121e-12 1
5 117 125 955.9467121546999 3.941160320980976e-12 1
5 117 126 955.7062163837589 3.939448187505179e-12 1
5 117 127 955.572662665859 3.937616970313746e-12 1
5 117 128 955.467870536411 3.937278522276981e-12 1
5 117 129 955.3630784069775 3.937069191770092e-12 1
5 117 130 955.3130224648947 3.9368598835206556e-12 1
5 117 131 955.7063358387006 3.9376196373989104e-12 1
5 117 132 956.2985191264161 3.9389749302202845e-12 1
5 117 133 956.8907024141204 3.940336939334341e-12 1
5 117 134 957.4742222934559 3.942274212089398e-12 1
5 117 135 957.7220622973371 3.945155492208276e-12 1
5 117 136 957.7503932667166 3.948040987075611e-12 1
5 117 137 957.7787242360964 3.950795475965863e-12 1
5 117 138 957.8070552054772 3.954975561059786e-12 1
5 117 139 957.8093428848375 3.959343844370639e-12 1
5 117 140 957.7836300361621 3.963721787917353e-12 1
5 117 141 957.7570663469965 3.96891729718962e-12 1
5 117 142 957.7305026578315 3.974708111764749e-12 1
5 117 143 958.0880244855507 3.9805230910335846e-12 1
5 117 144 959.1891620236413 3.986856189150313e-12 1
5 117 145 960.3329069325176 3.994033196585556e-12 1
5 117 146 961.4766518414604 4.00123609024599e-12 1
5 117 147 962.621152054793 4.008230887155468e-12 1
5 117 148 963.7687984176079 4.016340389725639e-12 1
5 117 149 964.9166839705911 4.024803473443757e-12 1
5 117 150 966.0645695235969 4.0333022986681725e-12 1
5 117 151 967.1836431295658 4.042552157844465e-12 1
5 117 152 967.6164374334074 4.052134632794744e-12 1
5 117 153 967.9874063347901 4.061690372800159e-12 1
5 117 154 968.3583752361438 4.071023079494316e-12 1
5 117 155 968.7293441375016 4.081296391502073e-12 1
5 117 156 969.3180734146075 4.091879759889876e-12 1
5 117 157 969.96455992396 4.10251819449602e-12 1
5 117 158 970.6110464333308 4.113410799830884e-12 1
5 117 159 971.2575329426954 4.124813385708294e-12 1
5 117 160 971.6795531922442 4.136279364420604e-12 1
5 117 161 971.9658733847491 4.148240753347612e-12 1
5 117 162 972.2521935772459 4.160446763613302e-12 1
5 117 163 972.5385137697648 4.1726766236770006e-12 1
5 117 164 972.5855032826913 4.185062884061666e-12 1
5 117 165 972.347079811238 4.198253217970419e-12 1
5 117 166 972.1086563397712 4.2115269604236924e-12 1
5 117 167 971.8702328683179 4.224984177484573e-12 1
5 117 168 971.527963491592 4.239673222741612e-12 1
5 117 169 970.930151740112 4.2543238352528405e-12 1
5 117 170 970.3323399886492 4.269076052165623e-12 1
5 117 171 969.73452823714 4.284824040474208e-12 1
5 117 172 969.1282937479409 4.3009424771199454e-12 1
5 117 173 968.4914554477433 4.317179508909524e-12 1
5 117 174 967.8513467312825 4.333913721377415e-12 1
5 117 175 967.2112380149075 4.3513959446160804e-12 1
5 117 176 966.6159611173117 4.369019779336127e-12 1
5 117 177 966.2414393105613 4.3868205782201685e-12 1
5 117 178 965.9264873038534 4.405511603942429e-12 1
5 117 179 965.6115352971522 4.424414220358e-12 1
5 117 180 965.2826198917193 4.443479745712252e-12 1
5 117 181 964.8389541100166 4.4631890027685524e-12 1
5 117 182 964.3428328863262 4.4832689036250935e-12 1
5 117 183 963.8467116626301 4.503508640523002e-12 1
5 117 184 963.3593877393663 4.524042919407193e-12 1
5 117 185 963.1808538418995 4.545216255070272e-12 1
5 117 186 963.2108229069072 4.566588712708702e-12 1
5 117 187 963.2407919719144 4.587873562263361e-12 1
5 117 188 963.2707610369223 4.609594205622595e-12 1
5 117 189 963.3149410201818 4.631901922951764e-12 1
5 117 190 963.3746308268142 4.654426602641451e-12 1
5 117 191 963.4348296694831 4.677252039560352e-12 1
5 117 192 963.4950285121472 4.700335321350704e-12 1
5 117 193 963.6298645055945 4.723571956926199e-12 1
5 117 194 963.9092655618985 4.746480553052143e-12 1
5 117 195 964.1979342187518 4.7700381116846655e-12 1
5 117 196 964.4866028756131 4.794067605604381e-12 1
5 117 197 964.9511138186833 4.818340329574203e-12 1
5 117 198 966.1349346233789 4.842858044535806e-12 1
5 117 199 967.3807198251076 4.867626548229199e-12 1
5 117 200 968.6265050268023 4.892349831037888e-12 1
5 117 201 969.8400392865061 4.916894187778012e-12 1
5 117 202 970.3731826065388 4.942371799680973e-12 1
5 117 203 970.8363869547244 4.968135231152928e-12 1
5 117 204 971.2995913029229 4.994140536799995e-12 1
5 117 205 971.7627956511161 5.020372952869393e-12 1
5 117 206 972.5238314454679 5.046882402908036e-12 1
5 117 207 973.3665827269177 5.072858306829839e-12 1
5 117 208 974.2093340083447 5.0989269209234825e-12 1
5 117 209 975.052085289837 5.125880174601995e-12 1
5 117 210 975.9070801339816 5.153119895810303e-12 1
5 117 211 976.7696570009215 5.180464256378662e-12 1
5 117 212 977.6322338679087 5.208024299880445e-12 1
5 117 213 978.4948107348489 5.235742030477018e-12 1
5 117 214 979.544791082436 5.2629831501591204e-12 1
5 117 215 980.8234272491748 5.290926935814388e-12 1
5 117 216 982.1020634159438 5.319169040203258e-12 1
5 117 217 983.380699582683 5.346606093454561e-12 1
5 117 218 984.5300469405043 5.3738255444946225e-12 1
5 117 219 985.3522936118693 5.402326011605525e-12 1
5 117 220 986.1745402831705 5.431130399100607e-12 1
5 117 221 986.9967869544175 5.4596554397683384e-12 1
5 117 222 987.8231794413102 5.488241766111612e-12 1
5 117 223 988.6654004066354 5.516968647077161e-12 1
5 117 224 989.509257226883 5.544474825409238e-12 1
5 117 225 990.3531140471208 5.572554825375506e-12 1
5 117 226 991.1482607046594 5.601396518051898e-12 1
5 117 227 991.6943225042464 5.630486092898201e-12 1
5 117 228 992.1730559521305 5.65877830131984e-12 1
5 117 229 992.6517894000517 5.687356272452974e-12 1
5 117 230 993.1603329428895 5.715693259992322e-12 1
5 117 231 993.918289402669 5.742835423662398e-12 1
5 117 232 994.7922717155355 5.770968799630517e-12 1
5 117 233 995.6662540283553 5.799409835557141e-12 1
5 117 234 996.5312660296787 5.8276204553019616e-12 1
5 117 235 997.1059278118476 5.8552599008791235e-12 1
5 117 236 997.4784047454347 5.883162774543542e-12 1
5 117 237 997.8508816790419 5.910424873468697e-12 1
5 117 238 998.223358612639 5.93667712289615e-12 1
5 117 239 998.564540130193 5.96386661486063e-12 1
5 118 61 968.5914770502769 3.887665885589919e-12 1
5 118 62 969.2179337366795 3.861256159022476e-12 1
5 118 63 967.9531967513504 3.845609397319801e-12 1
5 118 64 967.910277219452 3.836693735550905e-12 1
5 118 65 969.2825044557839 3.83152153463872e-12 1
5 118 66 969.6204888135262 3.828550140863829e-12 1
5 118 67 970.2964575290162 3.826674232581317e-12 1
5 118 68 970.5567020745935 3.825520857927873e-12 1
5 118 69 970.6357981899902 3.824291950960872e-12 1
5 118 70 970.7148943053916 3.823063833286312e-12 1
5 118 71 970.7939904207882 3.822117556389116e-12 1
5 118 72 970.8180546494607 3.821285171543149e-12 1
5 118 73 970.659596626465 3.820464839812401e-12 1
5 118 74 970.4804855746788 3.819897438492517e-12 1
5 118 75 970.3013745228956 3.8195040627758384e-12 1
5 118 76 970.1309648670464 3.819055344740421e-12 1
5 118 77 970.0006305072421 3.818624769565179e-12 1
5 118 78 969.8810202326894 3.818570702329742e-12 1
5 118 79 969.7614099581357 3.8185166366253315e-12 1
5 118 80 969.6813784388528 3.818546510342358e-12 1
5 118 81 969.9184001822057 3.8189581204692885e-12 1
5 118 82 970.2947558755152 3.819258918727073e-12 1
5 118 83 970.6711115687926 3.8195534094392546e-12 1
5 118 84 971.0465460168714 3.820076584886796e-12 1
5 118 85 971.3816956018063 3.820778996433739e-12 1
5 118 86 971.6913653945473 3.821371166139527e-12 1
5 118 87 972.0010351873126 3.821991005422606e-12 1
5 118 88 972.3107049800539 3.823067758454122e-12 1
5 118 89 972.4504995551038 3.823878831672992e-12 1
5 118 90 972.410153416436 3.824690249107241e-12 1
5 118 91 972.3648491750596 3.82552539582157e-12 1
5 118 92 972.3195449336818 3.8263703526167776e-12 1
5 118 93 972.2452235676714 3.827279771016633e-12 1
5 118 94 972.114680379453 3.828677228961276e-12 1
5 118 95 971.9813141441233 3.829688456737786e-12 1
5 118 96 971.8479479087978 3.830469430575336e-12 1
5 118 97 971.7408791608275 3.831237174421557e-12 1
5 118 98 971.7455190722234 3.8317223641446765e-12 1
5 118 99 971.7575141973768 3.8322076767726894e-12 1
5 118 100 971.7695093225313 3.8330265257574756e-12 1
5 118 101 971.7921757616817 3.833370071901546e-12 1
5 118 102 972.1071847419468 3.833358636525588e-12 1
5 118 103 972.444858880927 3.83343383418967e-12 1
5 118 104 972.7825330198968 3.8338453304889835e-12 1
5 118 105 973.1202071588929 3.833384003812486e-12 1
5 118 106 973.5062880504187 3.832712118204558e-12 1
5 118 107 973.9047720956297 3.832012745153175e-12 1
5 118 108 974.3032561408644 3.830735328620062e-12 1
5 118 109 974.7017401860753 3.829458763466806e-12 1
5 118 110 975.0842765441151 3.828287444470116e-12 1
5 118 111 975.4574023299842 3.826758378846357e-12 1
5 118 112 975.8305281158599 3.825173083516606e-12 1
5 118 113 976.2036539017289 3.8235930144250944e-12 1
5 118 114 976.5925824106422 3.821935675519028e-12 1
5 118 115 976.9999312716834 3.820431265016833e-12 1
5 118 116 977.4072801326929 3.8190861090842835e-12 1
5 118 117 977.8146289937059 3.817761820741935e-12 1
5 118 118 978.1281676942566 3.817011186006924e-12 1
5 118 119 978.2171032220434 3.816617730677764e-12 1
5 118 120 978.3060387498327 3.8162243564545365e-12 1
5 118 121 978.3949742776214 3.816788083589303e-12 1
5 118 122 978.4951447364692 3.817738601763879e-12 1
5 118 123 978.634268238205 3.818614192644599e-12 1
5 118 124 978.7776818701775 3.81929234615924e-12 1
5 118 125 978.9210955021614 3.821107717102857e-12 1
5 118 126 979.0689104325712 3.823233661854065e-12 1
5 118 127 979.2376560794047 3.825362494218841e-12 1
5 118 128 979.412030949129 3.827790016471854e-12 1
5 118 129 979.5864058188293 3.830869729303546e-12 1
5 118 130 979.7877216990876 3.833954401795129e-12 1
5 118 131 980.2072628154749 3.837641411880323e-12 1
5 118 132 980.7246871916393 3.841577209852395e-12 1
5 118 133 981.2421115677938 3.845420775806604e-12 1
5 118 134 981.754893320349 3.848915596839021e-12 1
5 118 135 982.0877879842183 3.853508267253933e-12 1
5 118 136 982.303050212983 3.858369899793643e-12 1
5 118 137 982.5183124417497 3.863260214706704e-12 1
5 118 138 982.7335746705227 3.868687940648814e-12 1
5 118 139 982.9402629526318 3.874545006950826e-12 1
5 118 140 983.1377329280829 3.880419834954941e-12 1
5 118 141 983.3349227906497 3.887047502116259e-12 1
5 118 142 983.5321126532108 3.8939956805491065e-12 1
5 118 143 983.7173806061585 3.900914351801696e-12 1
5 118 144 983.8795669303556 3.9080437812348175e-12 1
5 118 145 984.0404307334081 3.916169893487239e-12 1
5 118 146 984.20129453647 3.924329869890631e-12 1
5 118 147 984.3907999547492 3.932325930373321e-12 1
5 118 148 984.6996093188675 3.94155613687449e-12 1
5 118 149 985.0174889235176 3.951016799726423e-12 1
5 118 150 985.335368528174 3.960522987485992e-12 1
5 118 151 985.6473820859579 3.970732019983682e-12 1
5 118 152 985.819670739084 3.981515223506949e-12 1
5 118 153 985.9793718809261 3.992364418741258e-12 1
5 118 154 986.1390730227557 4.003710374617328e-12 1
5 118 155 986.298774164587 4.0158419401116155e-12 1
5 118 156 986.4837027165324 4.028047248296911e-12 1
5 118 157 986.6753224094995 4.040090636465973e-12 1
5 118 158 986.8669421024719 4.053166724852948e-12 1
5 118 159 987.0585617954425 4.066628857511333e-12 1
5 118 160 987.2189959176297 4.080180714064907e-12 1
5 118 161 987.3605769447656 4.0944321237871836e-12 1
5 119 54 963.9075457754185 4.05984452873977e-12 1
5 119 55 966.008147011123 4.030435905456666e-12 1
5 119 56 967.5008375968266 4.005081429143031e-12 1
5 119 57 968.1533745556691 3.986263777006939e-12 1
5 119 58 969.5574539778838 3.970831107202489e-12 1
5 119 59 971.497686913097 3.9482024827293585e-12 1
5 119 60 973.1608280145979 3.913765646685762e-12 1
5 119 61 974.360686758246 3.87534828784213e-12 1
5 119 62 975.9962065346401 3.8457151511251505e-12 1
5 119 63 977.1411590392431 3.8274756671673925e-12 1
5 119 64 977.7414396391353 3.816516278396594e-12 1
5 119 65 978.3255066128443 3.80980276003326e-12 1
5 119 66 978.3851644035356 3.805697539798726e-12 1
5 119 67 978.5044799849192 3.8029229275579435e-12 1
5 119 68 978.6142906912709 3.801061507616673e-12 1
5 119 69 978.8409671539861 3.7990367794885765e-12 1
5 119 70 979.0676436167151 3.797014207253725e-12 1
5 119 71 979.2943200794302 3.795354988279313e-12 1
5 119 72 979.4903263609674 3.793580269319219e-12 1
5 119 73 979.584609971123 3.791799766421887e-12 1
5 119 74 979.6673833065537 3.790106676656991e-12 1
5 119 75 979.7501566419828 3.7885554387544e-12 1
5 119 76 979.8358070383966 3.78700547013246e-12 1
5 119 77 979.9347080754937 3.785705619649353e-12 1
5 119 78 980.0371549628724 3.784611709681691e-12 1
5 119 79 980.1396018502519 3.7832805163910175e-12 1
5 120 48 956.1750229679352 4.21396783258732e-12 1
5 120 49 957.161077213969 4.20740696185661e-12 1
5 120 50 958.2833124051995 4.209199158021821e-12 1
5 120 51 959.7482420218272 4.212823641540734e-12 1
5 120 52 961.5675914609535 4.213295831630439e-12 1
5 120 53 963.6107936141732 4.20567580185376e-12 1
5 120 54 965.8339704471617 4.186335971918213e-12 1
5 120 55 967.4247035710875 4.15373734885939e-12 1
5 120 56 968.7538350179934 4.113833729468626e-12 1
5 120 57 970.6821611975106 4.073655867036927e-12 1
5 121 48 956.4805377959519 4.334674611926342e-12 1
5 121 49 957.9414160159246 4.332978856300813e-12 1
5 121 50 959.034363097824 4.3457052362619765e-12 1
5 121 51 960.2785283260854 4.331254812156252e-12 1
