2 19 27 995.2100782086305 3.1351201793252124e-10 1
2 20 17 918.4432935406705 1.86218191297687e-10 1
2 20 18 926.3215894391005 1.8464022906941621e-10 1
2 20 19 933.7506665875405 1.9766020944635173e-10 1
2 20 20 945.0472974469205 2.2434893003946843e-10 1
2 20 21 949.6321363141005 2.554288094682041e-10 1
2 20 22 969.2544507672305 2.767110880162794e-10 1
2 20 23 998.2266797711305 2.830114595474337e-10 1
2 20 24 1010.1340894391005 2.8269137906288287e-10 1
2 20 25 1014.1328687359805 2.9108968591064874e-10 1
2 20 26 1019.6820020367605 2.8241918725190666e-10 1
2 20 27 1029.8262891461306 2.6121777980122466e-10 1
2 21 11 963.8707227398805 2.2368257687503054e-10 1
2 21 12 970.0087842633205 2.277061364630045e-10 1
2 21 13 976.8511304547305 2.0938762469381843e-10 1
2 21 14 981.5187329937905 2.0328187962949494e-10 1
2 21 15 984.7875318219205 2.0486672395384064e-10 1
2 21 16 989.3507032086305 2.0391283755053223e-10 1
2 21 17 992.7805738141005 1.9647858610462982e-10 1
2 21 18 995.8726148297305 1.9068198526201937e-10 1
