6 55 104 978.228115381201 1.5948830593746977e-11 1
6 55 105 998.829860986671 1.5515957230795964e-11 1
6 55 106 1022.323147119481 1.5391139532506605e-11 1
6 55 107 1015.279873193701 1.537143009935029e-11 1
6 56 79 957.851528467141 1.9224198535674538e-11 1
6 56 80 957.851528467141 1.9136398023699248e-11 1
6 56 81 960.837734521831 1.9050903394055262e-11 1
6 56 82 963.645534814801 1.8967817993001293e-11 1
6 56 83 965.643764795271 1.888767451398516e-11 1
6 56 84 972.559780420271 1.8810338331618962e-11 1
6 56 85 972.559780420271 1.873598161632089e-11 1
6 56 86 975.573086084331 1.8664827624221123e-11 1
6 56 87 979.903042139021 1.8596995626555464e-11 1
6 56 88 984.781277002301 1.8532434661406764e-11 1
6 56 89 994.461757959331 1.8471394744736877e-11 1
6 56 90 994.461757959331 1.8413750150456002e-11 1
6 56 91 998.125881494481 1.835953363943053e-11 1
6 56 92 1001.310634912451 1.8308789383961913e-11 1
6 56 93 1004.545315088231 1.826142405662627e-11 1
6 56 94 1009.527614892921 1.8217226313569886e-11 1
6 56 95 1009.527614892921 1.8175988725707517e-11 1
6 56 96 1011.740444482771 1.8137613248881056e-11 1
6 56 97 1013.996670068701 1.8101826364244083e-11 1
6 56 98 1014.371975244481 1.8060144434593378e-11 1
6 56 99 1015.333828271831 1.80027735851613e-11 1
6 56 100 1016.844143213231 1.79200698744298e-11 1
6 56 101 1018.350185693701 1.7770977948788172e-11 1
6 56 102 1021.240444482771 1.741711457506789e-11 1
6 56 103 1024.1802027835508 1.6764812720956176e-11 1
6 56 104 1026.580166162451 1.6047177762356847e-11 1
6 56 105 1030.9723170413608 1.5558752118567038e-11 1
6 57 32 974.241604150731 2.1578257337981045e-11 1
6 57 33 976.518459619481 2.150449745694189e-11 1
6 57 34 975.219753564801 2.145783283946e-11 1
6 57 35 975.219753564801 2.142228225029523e-11 1
6 57 36 972.930568994481 2.1388170124577808e-11 1
6 57 37 971.876491846051 2.1355348534898063e-11 1
6 57 38 974.745998681981 2.132438497095449e-11 1
6 57 39 975.905056299171 2.1294870730530583e-11 1
6 57 40 975.905056299171 2.1266808368320424e-11 1
6 57 41 975.732204736671 2.124070358892106e-11 1
6 57 42 975.210659326521 2.121614644603715e-11 1
6 57 43 973.659023584331 2.119319629358966e-11 1
6 57 44 976.770168603861 2.117209075845474e-11 1
6 57 45 976.770168603861 2.11524383402279e-11 1
6 57 46 978.472133935891 2.113421584946514e-11 1
6 57 47 977.668667139021 2.111712353222825e-11 1
6 57 48 973.767177881201 2.110081554842719e-11 1
6 57 49 976.418300928081 2.108505049487258e-11 1
6 57 50 976.418300928081 2.1069430000893793e-11 1
6 57 51 978.831692041361 2.105305373956626e-11 1
6 57 52 982.265468896831 2.1035800696031858e-11 1
6 57 53 985.193691553081 2.101711131375225e-11 1
6 57 54 985.428860010111 2.0995105759224197e-11 1
6 57 55 985.428860010111 2.096823567679889e-11 1
6 57 56 986.488613428081 2.093526639953873e-11 1
6 57 57 986.328396142921 2.0896368757282708e-11 1
6 57 58 987.630886377301 2.0851611266942135e-11 1
6 57 59 988.642605127301 2.080138544706949e-11 1
6 57 60 988.642605127301 2.0745978711045157e-11 1
6 57 61 989.891445459331 2.068585599964501e-11 1
6 57 62 990.555935205421 2.0621287280447957e-11 1
6 57 63 991.681850732771 2.0552445141949216e-11 1
6 57 64 995.393093408551 2.0480248789995575e-11 1
6 57 65 995.393093408551 2.0404524010683544e-11 1
6 57 66 997.281093896831 2.032630593691193e-11 1
6 57 67 997.993801416361 2.02452669273457e-11 1
6 57 68 998.644375146831 2.016239662265706e-11 1
6 57 69 998.413601221051 2.0078130565728625e-11 1
6 57 70 998.413601221051 1.999227832496595e-11 1
6 57 71 997.380764306981 1.9905319391323423e-11 1
6 57 72 995.783962549171 1.9818284302608948e-11 1
6 57 73 993.435390771831 1.9730884895454555e-11 1
6 57 74 991.193447412451 1.964354158648789e-11 1
6 57 75 991.193447412451 1.9556342392062637e-11 1
6 57 76 992.670803369481 1.9470186750969176e-11 1
6 57 77 991.971523584331 1.938502667521068e-11 1
6 57 78 990.880520166361 1.9301436631039005e-11 1
6 57 79 996.269863428081 1.921887970069212e-11 1
6 57 80 996.269863428081 1.9138538028456012e-11 1
6 57 81 998.513576806981 1.9059647352308046e-11 1
6 57 82 1001.589626611671 1.8963906768507707e-11 1
6 57 83 1003.781032861671 1.888957456087118e-11 1
6 57 84 1008.983974756201 1.8817859623521877e-11 1
6 57 85 1008.983974756201 1.874880023527558e-11 1
6 57 86 1010.176113428081 1.8682509093811647e-11 1
6 57 87 1010.859951318701 1.861911277382051e-11 1
6 57 88 1011.837368310891 1.8558730611823738e-11 1
6 57 89 1012.761135400731 1.8558730611823738e-11 1
6 57 90 1012.761135400731 1.8437172779287678e-11 1
6 57 91 1013.899685205421 1.8385227406938076e-11 1
6 58 24 969.834499658551 2.386018331587628e-11 1
6 58 25 971.140774072611 2.3564554038835564e-11 1
6 58 26 974.193569482771 2.320291744451702e-11 1
6 58 27 977.818691553081 2.279514694740835e-11 1
6 58 28 981.837368310891 2.2368287455648365e-11 1
6 58 29 983.676906885111 2.196721571016403e-11 1
6 58 30 986.971889795271 2.1673768315776346e-11 1
6 58 31 988.885830224951 2.14994500310011e-11 1
6 58 32 989.504177392921 2.1394503475326868e-11 1
6 58 33 991.187160791361 2.132976523913669e-11 1
6 58 34 991.747097314801 2.128899671677164e-11 1
6 58 35 991.747097314801 2.1266301563139222e-11 1
6 58 36 991.900844873391 2.1236270030112594e-11 1
6 58 37 992.298366846051 2.1207558428706692e-11 1
6 58 38 993.548305810891 2.1180046880761307e-11 1
6 58 39 993.790615381201 2.1153726352715395e-11 1
6 58 40 993.790615381201 2.1128697223795288e-11 1
6 58 41 994.138210596051 2.1128697223795288e-11 1
6 58 42 994.663845361671 2.109971851373463e-11 1
6 58 43 995.215420068701 2.107781288102103e-11 1
6 59 24 970.756801904641 2.3491138131591726e-11 1
6 59 25 972.900844873391 2.324284008382704e-11 1
6 59 26 975.329250635111 2.294209550361443e-11 1
