6 113 272 1031.6633254414644 7.710785887119746e-12 1
6 113 273 1022.1869147859178 7.707129094412332e-12 1
6 113 274 1007.3092212931675 7.707129094412332e-12 1
6 114 266 1006.140703825124 8.077751732291227e-12 1
6 114 267 1012.2666498278203 7.924464504275776e-12 1
6 114 268 1019.361737683458 7.805186813360916e-12 1
6 114 269 1034.6094863641606 7.72890324741193e-12 1
6 114 270 1039.2166389184501 7.69197892401517e-12 1
6 114 271 1040.6024171362017 7.676712323788558e-12 1
6 114 272 1039.0566178678612 7.67235010006591e-12 1
6 114 273 1034.6373197223563 7.685715049675145e-12 1
6 114 274 1023.2562638531106 7.685715049675145e-12 1
6 115 260 1031.2920766451787 8.957957694331327e-12 1
6 115 261 1032.6209837850818 8.88802789615072e-12 1
6 115 262 1034.0233998706753 8.781079040212386e-12 1
6 115 263 1036.1502599923738 8.639438140590547e-12 1
6 115 264 1036.9677509331589 8.472136652234491e-12 1
6 115 265 1037.6368743976034 8.292688985135013e-12 1
6 115 266 1033.577964629233 8.117353337638305e-12 1
6 115 267 1040.9398779851797 7.96051982457988e-12 1
6 115 268 1041.9929698627766 7.834372405193931e-12 1
6 115 269 1044.916594036494 7.746820638160683e-12 1
6 116 199 977.6893746934563 9.61727114567997e-12 1
6 116 200 978.1470938233566 9.604095406973806e-12 1
6 116 201 978.6101345460963 9.591043913587318e-12 1
6 116 202 979.1854437265139 9.578170347568526e-12 1
6 116 203 979.7722932435995 9.565334320965932e-12 1
6 116 204 980.359142760701 9.552615938221363e-12 1
6 116 205 980.9459922777961 9.54006740639121e-12 1
6 116 206 981.7231052393395 9.52755179937935e-12 1
6 116 207 982.5524204456314 9.515000418742327e-12 1
6 116 208 983.3817356519005 9.502820794055162e-12 1
6 116 209 984.2110508582341 9.490672310431112e-12 1
6 116 210 984.9938224717165 9.47850610584893e-12 1
6 116 211 985.7477712181087 9.466589819841992e-12 1
6 116 212 986.5017199645422 9.454815265669195e-12 1
6 116 213 987.2556687109346 9.443058887790548e-12 1
6 116 214 988.0172571004753 9.431381116042716e-12 1
6 116 215 988.7881668155858 9.419997978927384e-12 1
6 116 216 989.5590765307144 9.408671244174918e-12 1
6 116 217 990.329986245825 9.39738443233786e-12 1
6 116 218 991.257868756555 9.386413619493036e-12 1
6 116 219 992.5828924404146 9.37552314426173e-12 1
6 116 220 993.9079161241717 9.364657910833721e-12 1
6 116 221 995.2329398078414 9.354088896217974e-12 1
6 116 222 996.4489104078167 9.343652904985701e-12 1
6 116 223 997.2485227845244 9.333230871129276e-12 1
6 116 224 998.0051050215873 9.322921716570602e-12 1
6 116 225 998.7616872586412 9.312935767985898e-12 1
6 116 226 999.590670051468 9.302994638338587e-12 1
6 116 227 1000.7898811731853 9.29309423121943e-12 1
6 116 228 1002.0891660743065 9.283621462843982e-12 1
6 116 229 1003.3884509755284 9.274167986636094e-12 1
6 116 230 1004.7542309498209 9.264704593959277e-12 1
6 116 231 1006.6763570272655 9.255536472385688e-12 1
6 116 232 1008.8572930012625 9.246561349354498e-12 1
6 116 233 1011.0382289751428 9.237605016516146e-12 1
6 116 234 1013.1996904018765 9.228821191503283e-12 1
6 116 235 1014.7308014738212 9.220332152905941e-12 1
6 116 236 1015.8229692192857 9.211872456472808e-12 1
6 116 237 1016.9151369648085 9.20344918924154e-12 1
6 116 238 1018.0073047103022 9.195477150958943e-12 1
6 116 239 1018.8500542704045 9.187518911501262e-12 1
6 116 240 1019.4161396301361 9.17955698605842e-12 1
6 116 241 1019.9725897598818 9.171938896136117e-12 1
6 116 242 1020.5290398896421 9.164474975351745e-12 1
6 116 243 1021.1667757888882 9.157020177255261e-12 1
6 116 244 1021.9622128663466 9.149721976846782e-12 1
6 116 245 1022.7687874854107 9.142723805843618e-12 1
6 116 246 1023.5753621044536 9.135745156757762e-12 1
6 116 247 1024.440452874111 9.128795990756221e-12 1
6 116 248 1025.540967524243 9.122246238503373e-12 1
6 116 249 1026.6641249222291 9.115697427598336e-12 1
6 116 250 1027.7872823202747 9.109158012659369e-12 1
6 116 251 1028.8667836022119 9.102929531630166e-12 1
6 116 252 1029.118614051765 9.096831148631343e-12 1
6 116 253 1029.2747384504578 9.090739400246527e-12 1
6 116 254 1029.4308628491547 9.084794857678105e-12 1
6 116 255 1029.5869872478474 9.077671117663213e-12 1
6 116 256 1029.7568884016027 9.067060539671043e-12 1
6 116 257 1029.9934500617958 9.0521066394126e-12 1
6 116 258 1030.417418592555 9.031139954954249e-12 1
6 116 259 1031.6902812251938 9.002204499361862e-12 1
6 116 260 1032.8573053746632 8.961394836249116e-12 1
6 116 261 1034.3722331046004 8.901366682794104e-12 1
6 116 262 1035.7808761557455 8.811684899880476e-12 1
6 116 263 1038.390258184526 8.661757421097163e-12 1
6 117 121 986.4484675391949 1.049977592756935e-11 1
6 117 122 986.4314832162502 1.0494633113858676e-11 1
6 117 123 986.1929051693199 1.0489497141608682e-11 1
6 117 124 985.9299216879045 1.0483997707680049e-11 1
6 117 125 985.6669382064686 1.0477901096981707e-11 1
6 117 126 985.4264424355276 1.0471811572713838e-11 1
6 117 127 985.2928887176276 1.0465647692283286e-11 1
6 117 128 985.1880965881797 1.0458602910371982e-11 1
6 117 129 985.0833044587462 1.0451601627213603e-11 1
6 117 130 985.0332485166634 1.0444609711496405e-11 1
6 117 131 985.4265618904693 1.0436952168985853e-11 1
6 117 132 986.0187451781848 1.0429081212338926e-11 1
6 117 133 986.6109284658891 1.0421223462186928e-11 1
6 117 134 987.1944483452246 1.0413069346274211e-11 1
6 117 135 987.4422883491058 1.0404423941298385e-11 1
6 117 136 987.4706193184853 1.0395792880032583e-11 1
6 117 137 987.4989502878651 1.0387063071522123e-11 1
6 117 138 987.5272812572459 1.0377597064545355e-11 1
6 117 139 987.5295689366062 1.036820432308355e-11 1
6 117 140 987.5038560879308 1.0358828568947985e-11 1
6 117 141 987.4772923987651 1.0348885764136266e-11 1
6 117 142 987.4507287096002 1.0338803806593651e-11 1
6 117 143 987.8082505373194 1.0328743655867444e-11 1
6 117 144 988.90938807541 1.0318449217556032e-11 1
6 117 145 990.0531329842863 1.0307760300036731e-11 1
6 117 146 991.196877893229 1.0297093504974548e-11 1
6 117 147 992.3413781065617 1.028633217941365e-11 1
6 117 148 993.4890244693765 1.0274998373141683e-11 1
6 117 149 994.6369100223598 1.026376651593256e-11 1
6 117 150 995.7847955753656 1.0252559187557345e-11 1
6 117 151 996.9038691813345 1.0240962457360476e-11 1
6 117 152 997.3366634851761 1.0229225236304212e-11 1
6 117 153 997.7076323865588 1.0217499985378233e-11 1
6 117 154 998.0786012879125 1.0205495625323387e-11 1
6 117 155 998.4495701892703 1.0193278925573184e-11 1
6 117 156 999.0382994663762 1.0181136307539372e-11 1
6 117 157 999.6847859757287 1.0168994923844105e-11 1
6 117 158 1000.3312724850995 1.0156349303452196e-11 1
6 117 159 1000.9777589944641 1.0143831888738468e-11 1
6 117 160 1001.3997792440128 1.0131345290766754e-11 1
6 117 161 1001.6860994365178 1.0118604915713844e-11 1
6 117 162 1001.9724196290146 1.0105781983708949e-11 1
6 117 163 1002.2587398215335 1.0092973416125802e-11 1
6 117 164 1002.30572933446 1.0079982591235773e-11 1
6 117 165 1002.0673058630067 1.0066892654951813e-11 1
6 117 166 1001.8288823915399 1.0053836671942528e-11 1
6 117 167 1001.5904589200866 1.0040681735241159e-11 1
6 117 168 1001.2481895433607 1.0027286847799329e-11 1
6 117 169 1000.6503777918807 1.0014032182592141e-11 1
6 117 170 1000.0525660404179 1.0000812512738442e-11 1
6 117 171 999.4547542889087 9.987339492656499e-12 1
6 117 172 998.8485197997096 9.973946984731641e-12 1
6 117 173 998.211681499512 9.960594880697297e-12 1
6 117 174 997.5715727830512 9.947205336897234e-12 1
6 117 175 996.9314640666762 9.933732252123522e-12 1
6 117 176 996.3361871690804 9.920295615472243e-12 1
6 117 177 995.96166536233 9.906750826246864e-12 1
6 117 178 995.6467133556221 9.893128095572818e-12 1
6 117 179 995.3317613489208 9.879654448806036e-12 1
6 117 180 995.002845943488 9.866217452176595e-12 1
6 117 181 994.5591801617853 9.8527650379486e-12 1
6 117 182 994.0630589380949 9.839328354408168e-12 1
6 117 183 993.5669377143988 9.825907542640845e-12 1
6 117 184 993.079613791135 9.812414412056701e-12 1
6 117 185 992.9010798936682 9.79903034312037e-12 1
6 117 186 992.9310489586759 9.785682736014938e-12 1
6 117 187 992.9610180236831 9.772236794304313e-12 1
6 117 188 992.990987088691 9.758852805734251e-12 1
6 117 189 993.0351670719505 9.74561348526214e-12 1
6 117 190 993.0948568785828 9.732410038296808e-12 1
6 117 191 993.1550557212518 9.71928359834409e-12 1
6 117 192 993.2152545639159 9.706209139568915e-12 1
6 117 193 993.3500905573632 9.693151276978632e-12 1
6 117 194 993.6294916136671 9.680023574407996e-12 1
6 117 195 993.9181602705205 9.667090615015893e-12 1
6 117 196 994.2068289273818 9.65425253008134e-12 1
6 117 197 994.671339870452 9.64145429635676e-12 1
6 117 198 995.8551606751475 9.628810640037524e-12 1
6 117 199 997.1009458768763 9.616200101684544e-12 1
6 117 200 998.346731078571 9.603553415666979e-12 1
6 117 201 999.5602653382748 9.59095486440725e-12 1
6 117 202 1000.0934086583075 9.57861599390797e-12 1
6 117 203 1000.5566130064931 9.566314122814758e-12 1
6 117 204 1001.0198173546916 9.554111283247108e-12 1
6 117 205 1001.4830217028848 9.542049786764927e-12 1
6 117 206 1002.2440574972366 9.530018705726997e-12 1
6 117 207 1003.0868087786864 9.517944390791514e-12 1
6 117 208 1003.9295600601134 9.50616521067722e-12 1
6 117 209 1004.7723113416057 9.494509115826031e-12 1
6 117 210 1005.6273061857503 9.482881570480627e-12 1
6 117 211 1006.4898830526902 9.471473791037304e-12 1
6 117 212 1007.3524599196774 9.460170483479446e-12 1
6 117 213 1008.2150367866176 9.448878166586828e-12 1
6 117 214 1009.2650171342046 9.437667129987536e-12 1
6 117 215 1010.5436533009434 9.426764044114416e-12 1
6 117 216 1011.8222894677125 9.415886121261485e-12 1
6 117 217 1013.1009256344516 9.404944107300491e-12 1
6 117 218 1014.250272992273 9.394351776664825e-12 1
6 117 219 1015.072519663638 9.38386611228515e-12 1
6 117 220 1015.8947663349392 9.373403829310673e-12 1
6 117 221 1016.7170130061862 9.363217003685375e-12 1
6 117 222 1017.5434054930789 9.353153879837447e-12 1
6 117 223 1018.3856264584041 9.343098474970732e-12 1
6 117 224 1019.2294832786517 9.333110518751473e-12 1
6 117 225 1020.0733400988895 9.323445011961668e-12 1
6 117 226 1020.8684867564281 9.313832467170317e-12 1
6 117 227 1021.4145485560151 9.304258132253212e-12 1
6 117 228 1021.8932820038992 9.295086902331769e-12 1
6 117 229 1022.3720154518204 9.28593373481356e-12 1
6 117 230 1022.8805589946581 9.27675153018474e-12 1
6 117 231 1023.6385154544377 9.267833684636536e-12 1
6 117 232 1024.5124977673042 9.259142101685994e-12 1
6 117 233 1025.3864800801239 9.250469269147535e-12 1
6 117 234 1026.2514920814474 9.241963542635761e-12 1
6 117 235 1026.8261538636161 9.233720151594154e-12 1
6 117 236 1027.1986307972034 9.225491452871604e-12 1
6 117 237 1027.5711077308106 9.21724593059328e-12 1
6 117 238 1027.9435846644076 9.209405417612154e-12 1
6 117 239 1028.2847661819617 9.201613750786806e-12 1
6 118 61 998.3117031020456 1.0753394195060379e-11 1
6 118 62 998.9381597884482 1.0701206874477358e-11 1
6 118 63 997.6734228031191 1.0669592149162899e-11 1
6 118 64 997.6305032712207 1.0650084908055313e-11 1
6 118 65 999.0027305075525 1.0637659750846058e-11 1
6 118 66 999.3407148652949 1.062977315644879e-11 1
6 118 67 1000.0166835807848 1.0624479198046471e-11 1
6 118 68 1000.2769281263622 1.0620471853475498e-11 1
6 118 69 1000.3560242417589 1.0616514095968616e-11 1
6 118 70 1000.4351203571603 1.0612559287108403e-11 1
6 118 71 1000.5142164725569 1.0608763771359156e-11 1
6 118 72 1000.5382807012294 1.0605034047397635e-11 1
6 118 73 1000.3798226782337 1.0601300943883297e-11 1
6 118 74 1000.2007116264475 1.0597609099209872e-11 1
6 118 75 1000.0216005746643 1.0594087903250183e-11 1
6 118 76 999.8511909188151 1.0590587206280122e-11 1
6 118 77 999.7208565590108 1.0587098816061551e-11 1
6 118 78 999.601246284458 1.0583821173109694e-11 1
6 118 79 999.4816360099044 1.0580545558970188e-11 1
6 118 80 999.4016044906215 1.0577256681415035e-11 1
6 118 81 999.6386262339744 1.0574106676493972e-11 1
6 118 82 1000.0149819272839 1.0571022215979187e-11 1
6 118 83 1000.3913376205613 1.0567939582611969e-11 1
6 118 84 1000.7667720686401 1.056493466752782e-11 1
6 118 85 1001.101921653575 1.0562044664673177e-11 1
6 118 86 1001.411591446316 1.0559149979469443e-11 1
6 118 87 1001.7212612390813 1.0556264577284728e-11 1
6 118 88 1002.0309310318225 1.0553531016581783e-11 1
6 118 89 1002.1707256068725 1.0550775522139476e-11 1
6 118 90 1002.1303794682046 1.054802146622379e-11 1
6 118 91 1002.0850752268283 1.054536385991831e-11 1
6 118 92 1002.0397709854504 1.0542745932545727e-11 1
6 118 93 1001.96544961944 1.0540135236765697e-11 1
6 118 94 1001.8349064312217 1.0537600931372729e-11 1
6 118 95 1001.701540195892 1.0535066351288284e-11 1
6 118 96 1001.5681739605665 1.0532503299099802e-11 1
6 118 97 1001.4611052125962 1.0529942979003275e-11 1
6 118 98 1001.4657451239921 1.0527414887403422e-11 1
6 118 99 1001.4777402491455 1.0524888009430863e-11 1
6 118 100 1001.4897353743 1.0522400403687113e-11 1
6 118 101 1001.5124018134504 1.051986547285919e-11 1
6 118 102 1001.8274107937154 1.0517293607642165e-11 1
6 118 103 1002.1650849326957 1.051473480670934e-11 1
6 118 104 1002.5027590716655 1.051222663111337e-11 1
6 118 105 1002.8404332106616 1.0509572828597766e-11 1
6 118 106 1003.2265141021874 1.0506872580073798e-11 1
6 118 107 1003.6249981473984 1.0504164665911977e-11 1
6 118 108 1004.0234821926331 1.0501269307512532e-11 1
6 118 109 1004.421966237844 1.0498375544821163e-11 1
6 118 110 1004.8045025958838 1.04955581949269e-11 1
6 118 111 1005.1776283817529 1.049259736066819e-11 1
6 118 112 1005.5507541676286 1.0489366844677888e-11 1
6 118 113 1005.9238799534976 1.048613331929446e-11 1
6 118 114 1006.3128084624109 1.0482764116800342e-11 1
6 118 115 1006.7201573234521 1.0479066338251141e-11 1
6 118 116 1007.1275061844616 1.047531170318673e-11 1
6 118 117 1007.5348550454746 1.0471534236466012e-11 1
6 118 118 1007.8483937460253 1.0467186771749507e-11 1
6 118 119 1007.9373292738121 1.046275107033433e-11 1
6 118 120 1008.0262648016014 1.0458319126779429e-11 1
6 118 121 1008.1152003293901 1.045334285070444e-11 1
6 118 122 1008.2153707882379 1.0448150258144231e-11 1
6 118 123 1008.3544942899737 1.0442968526142682e-11 1
6 118 124 1008.4979079219462 1.0437505937823712e-11 1
6 118 125 1008.6413215539301 1.0431522265757328e-11 1
6 118 126 1008.7891364843399 1.0425551196846697e-11 1
6 118 127 1008.9578821311734 1.04195482389634e-11 1
6 118 128 1009.1322570008977 1.0412755064574944e-11 1
6 118 129 1009.306631870598 1.0405993454808346e-11 1
6 118 130 1009.5079477508563 1.0399240620759095e-11 1
6 118 131 1009.9274888672436 1.0391942904557078e-11 1
6 118 132 1010.444913243408 1.0384432234332143e-11 1
6 118 133 1010.9623376195625 1.037692279065574e-11 1
6 118 134 1011.4751193721177 1.0369059802033807e-11 1
6 118 135 1011.808014035987 1.0360790597382857e-11 1
6 118 136 1012.0232762647516 1.0352569276845552e-11 1
6 118 137 1012.2385384935184 1.0344323546205829e-11 1
6 118 138 1012.4538007222914 1.0335345080077395e-11 1
6 118 139 1012.6604890044005 1.0326460130550444e-11 1
6 118 140 1012.8579589798516 1.0317590444088578e-11 1
6 118 141 1013.0551488424184 1.0308247364743818e-11 1
6 118 142 1013.2523387049795 1.0298724293828437e-11 1
6 118 143 1013.4376066579272 1.0289203688915114e-11 1
6 118 144 1013.5997929821243 1.0279403099486205e-11 1
6 118 145 1013.7606567851768 1.0269317194896448e-11 1
6 118 146 1013.9215205882386 1.0259251063003154e-11 1
6 118 147 1014.1110260065179 1.0249065464165478e-11 1
6 118 148 1014.4198353706362 1.02383477962177e-11 1
6 118 149 1014.7377149752863 1.022776089558417e-11 1
6 118 150 1015.0555945799426 1.0217195866973116e-11 1
6 118 151 1015.3676081377266 1.0206151914822286e-11 1
6 118 152 1015.5398967908527 1.0195111471659306e-11 1
6 118 153 1015.6995979326948 1.0184100021857743e-11 1
6 118 154 1015.8592990745244 1.0172924138624452e-11 1
6 118 155 1016.0190002163557 1.0161465161025073e-11 1
6 118 156 1016.2039287683011 1.0150031969605585e-11 1
6 118 157 1016.3955484612682 1.013848277789772e-11 1
6 118 158 1016.5871681542405 1.0126557813338801e-11 1
6 118 159 1016.7787878472112 1.0114788971716803e-11 1
6 118 160 1016.9392219693984 1.0103047453269093e-11 1
6 118 161 1017.0808029965343 1.0091072146848743e-11 1
6 119 54 993.6277718271872 1.138557970057825e-11 1
6 119 55 995.7283730628917 1.127549225881073e-11 1
6 119 56 997.2210636485953 1.1166040856219055e-11 1
6 119 57 997.8736006074378 1.1060102450899321e-11 1
6 119 58 999.2776800296525 1.095942199193282e-11 1
6 119 59 1001.2179129648657 1.0865548963671218e-11 1
6 119 60 1002.8810540663666 1.0779773031103998e-11 1
6 119 61 1004.0809128100146 1.0708591296472148e-11 1
6 119 62 1005.7164325864088 1.0659758845903422e-11 1
6 119 63 1006.8613850910118 1.0630185775492689e-11 1
6 119 64 1007.4616656909039 1.061186280399358e-11 1
6 119 65 1008.045732664613 1.0600186203404314e-11 1
6 119 66 1008.1053904553042 1.0592716592537556e-11 1
6 119 67 1008.2247060366878 1.0587760281624443e-11 1
6 119 68 1008.3345167430396 1.0583954836034466e-11 1
6 119 69 1008.5611932057548 1.058017489276308e-11 1
6 119 70 1008.7878696684838 1.057639764845827e-11 1
6 119 71 1009.0145461311989 1.057274266497996e-11 1
6 119 72 1009.2105524127361 1.0569139440146909e-11 1
6 119 73 1009.3048360228917 1.0565538698647436e-11 1
6 119 74 1009.3876093583224 1.0561997318897858e-11 1
6 119 75 1009.4703826937515 1.0558551475856412e-11 1
6 119 76 1009.5560330901653 1.0555107880488653e-11 1
6 119 77 1009.6549341272624 1.0551686242484143e-11 1
6 119 78 1009.757381014641 1.0548408891970636e-11 1
6 119 79 1009.8598279020206 1.0545121561293786e-11 1
6 120 48 985.8952490197039 1.184607937015121e-11 1
6 120 49 986.8813032657376 1.1772481987303479e-11 1
6 120 50 988.0035384569682 1.1690778861171886e-11 1
6 120 51 989.4684680735959 1.1601809411707585e-11 1
6 120 52 991.2878175127222 1.1506781743828891e-11 1
6 120 53 993.3310196659419 1.1407119998289978e-11 1
6 120 54 995.5541964989304 1.1304516832435836e-11 1
6 120 55 997.1449296228562 1.1200733426835944e-11 1
6 120 56 998.4740610697621 1.1097561534075478e-11 1
6 120 57 1000.4023872492793 1.099752302929308e-11 1
6 121 48 986.2007638477206 1.1748293712020087e-11 1
6 121 49 987.6616420676933 1.1675344231799142e-11 1
6 121 50 988.7545891495927 1.1595692270086926e-11 1
6 121 51 989.9987543778541 1.1516556279753315e-11 1
