3 19 27 1010.687647454427 3.135120179325225e-10 1
3 20 17 933.920862786467 1.8621819129768744e-10 1
3 20 18 941.799158684897 1.8464022906941621e-10 1
3 20 19 949.228235833337 1.9766020944635124e-10 1
3 20 20 960.524866692717 2.243489300394678e-10 1
3 20 21 965.109705559897 2.554288094682041e-10 1
3 20 22 984.732020013027 2.767110880162784e-10 1
3 20 23 1013.704249016927 2.8301145954743473e-10 1
3 20 24 1025.611658684897 2.8269137906288184e-10 1
3 20 25 1029.610437981777 2.910896859106498e-10 1
3 20 26 1035.159571282557 2.824191872519056e-10 1
3 20 27 1045.303858391927 2.6121777980122554e-10 1
3 21 11 979.348291985677 2.236825768750299e-10 1
3 21 12 985.486353509117 2.277061364630045e-10 1
3 21 13 992.328699700527 2.0938762469381843e-10 1
3 21 14 996.996302239587 2.0328187962949494e-10 1
3 21 15 1000.265101067717 2.048667239538401e-10 1
3 21 16 1004.828272454427 2.0391283755053274e-10 1
3 21 17 1008.258143059897 1.9647858610462982e-10 1
3 21 18 1011.350184075527 1.906819852620189e-10 1
