3 19 27 998.7089967881324 3.135120179325225e-10 1
3 20 17 921.9422121201724 1.8621819129768744e-10 1
3 20 18 929.8205080186024 1.8464022906941621e-10 1
3 20 19 937.2495851670424 1.9766020944635124e-10 1
3 20 20 948.5462160264224 2.243489300394678e-10 1
3 20 21 953.1310548936024 2.554288094682041e-10 1
3 20 22 972.7533693467324 2.767110880162784e-10 1
3 20 23 1001.7255983506324 2.8301145954743473e-10 1
3 20 24 1013.6330080186024 2.8269137906288184e-10 1
3 20 25 1017.6317873154824 2.910896859106498e-10 1
3 20 26 1023.1809206162624 2.824191872519056e-10 1
3 20 27 1033.3252077256325 2.6121777980122554e-10 1
3 21 11 967.3696413193824 2.236825768750299e-10 1
3 21 12 973.5077028428224 2.277061364630045e-10 1
3 21 13 980.3500490342324 2.0938762469381843e-10 1
3 21 14 985.0176515732924 2.0328187962949494e-10 1
3 21 15 988.2864504014224 2.048667239538401e-10 1
3 21 16 992.8496217881324 2.0391283755053274e-10 1
3 21 17 996.2794923936024 1.9647858610462982e-10 1
3 21 18 999.3715334092324 1.906819852620189e-10 1
