6 19 27 1001.261149163769 3.5316349092853453e-11 1
6 20 17 924.494364495809 4.788639325370883e-11 1
6 20 18 932.372660394239 4.7583550765063536e-11 1
6 20 19 939.801737542679 4.6713329486355564e-11 1
6 20 20 951.098368402059 4.519754137531937e-11 1
6 20 21 955.683207269239 4.350578429900998e-11 1
6 20 22 975.305521722369 4.2041955030462854e-11 1
6 20 23 1004.277750726269 4.102158416690468e-11 1
6 20 24 1016.185160394239 4.040635361005011e-11 1
6 20 25 1020.183939691119 3.949360040836433e-11 1
6 20 26 1025.733072991899 3.6921717875468634e-11 1
6 20 27 1035.877360101269 3.4566462308148866e-11 1
6 21 11 969.921793695019 5.3272066583406884e-11 1
6 21 12 976.059855218459 5.15707414074902e-11 1
6 21 13 982.902201409869 4.986673998419241e-11 1
6 21 14 987.569803948929 4.885648341730387e-11 1
6 21 15 990.838602777059 4.8180897941686646e-11 1
6 21 16 995.401774163769 4.765510548171294e-11 1
6 21 17 998.831644769239 4.7287789247106445e-11 1
6 21 18 1001.923685784869 4.7003036824082835e-11 1
