1 19 27 994.8190226026862 8.025265765914338e-09 1
1 20 17 918.0522379347262 9.000000000000001e-07 1
1 20 18 925.9305338331562 1.6143736820163768e-07 1
1 20 19 933.3596109815962 5.339263459249444e-08 1
1 20 20 944.6562418409762 2.340047091986865e-08 1
1 20 21 949.2410807081562 1.6476161909824505e-08 1
1 20 22 968.8633951612862 1.093139158965714e-08 1
1 20 23 997.8356241651862 7.837335980624142e-09 1
1 20 24 1009.7430338331562 7.080239920902328e-09 1
1 20 25 1013.7418131300362 6.904690488359578e-09 1
1 20 26 1019.2909464308162 7.171014814144638e-09 1
1 20 27 1029.4352335401861 7.156911756854627e-09 1
1 21 11 963.4796671339362 1.0642035279192093e-08 1
1 21 12 969.6177286573762 1.036982568711014e-08 1
1 21 13 976.4600748487862 1.1379525096831459e-08 1
1 21 14 981.1276773878462 1.2278974953409665e-08 1
1 21 15 984.3964762159762 1.2434236988851996e-08 1
1 21 16 988.9596476026862 1.2506955093842877e-08 1
1 21 17 992.3895182081562 1.2997363612564518e-08 1
1 21 18 995.4815592237862 1.326379531499846e-08 1
