1 19 27 1011.4903405403127 8.025265765914338e-09 1
1 20 17 934.7235558723527 9.000000000000001e-07 1
1 20 18 942.6018517707827 1.6143736820163768e-07 1
1 20 19 950.0309289192227 5.339263459249444e-08 1
1 20 20 961.3275597786027 2.340047091986865e-08 1
1 20 21 965.9123986457827 1.6476161909824505e-08 1
1 20 22 985.5347130989127 1.093139158965714e-08 1
1 20 23 1014.5069421028127 7.837335980624142e-09 1
1 20 24 1026.4143517707828 7.080239920902328e-09 1
1 20 25 1030.4131310676628 6.904690488359578e-09 1
1 20 26 1035.9622643684427 7.171014814144638e-09 1
1 20 27 1046.1065514778127 7.156911756854627e-09 1
1 21 11 980.1509850715627 1.0642035279192093e-08 1
1 21 12 986.2890465950027 1.036982568711014e-08 1
1 21 13 993.1313927864127 1.1379525096831459e-08 1
1 21 14 997.7989953254727 1.2278974953409665e-08 1
1 21 15 1001.0677941536027 1.2434236988851996e-08 1
1 21 16 1005.6309655403127 1.2506955093842877e-08 1
1 21 17 1009.0608361457827 1.2997363612564518e-08 1
1 21 18 1012.1528771614127 1.326379531499846e-08 1
