5 19 27 996.5067362704459 5.1003088278201924e-11 1
5 20 17 919.7399516024859 1.8495888104119526e-11 1
5 20 18 927.6182475009159 1.8255565855051855e-11 1
5 20 19 935.0473246493559 1.8433970252612886e-11 1
5 20 20 946.3439555087359 1.9627136506441836e-11 1
5 20 21 950.9287943759159 2.191107033014144e-11 1
5 20 22 970.5511088290459 2.4902343258559568e-11 1
5 20 23 999.5233378329459 2.7745815462468582e-11 1
5 20 24 1011.4307475009159 2.946467908827323e-11 1
5 20 25 1015.4295267977959 3.07448840775889e-11 1
5 20 26 1020.9786600985759 3.5180985623983445e-11 1
5 20 27 1031.122947207946 4.582602358491166e-11 1
5 21 11 965.1673808016959 1.9074575773860805e-11 1
5 21 12 971.3054423251359 1.91218879265004e-11 1
5 21 13 978.1477885165459 1.8789733029720065e-11 1
5 21 14 982.8153910556059 1.8010091103290164e-11 1
5 21 15 986.0841898837359 1.7607359325968274e-11 1
5 21 16 990.6473612704459 1.718508262664105e-11 1
5 21 17 994.0772318759159 1.6968323058202036e-11 1
5 21 18 997.1692728915459 1.6881594372801875e-11 1
