5 55 104 981.2742327327672 1.8372260423062438e-11 1
5 55 105 1001.8759783382372 1.984564033334244e-11 1
5 55 106 1025.3692644710472 2.0534329000000472e-11 1
5 55 107 1018.3259905452672 2.1952718715721555e-11 1
5 56 79 960.8976458187072 1.0020482248458632e-11 1
5 56 80 960.8976458187072 1.0185222143759698e-11 1
5 56 81 963.8838518733972 1.0353140904696391e-11 1
5 56 82 966.6916521663672 1.0522515991026294e-11 1
5 56 83 968.6898821468372 1.0694181001144625e-11 1
5 56 84 975.6058977718372 1.0865354169971832e-11 1
5 56 85 975.6058977718372 1.1035238596841421e-11 1
5 56 86 978.6192034358972 1.1204755074438205e-11 1
5 56 87 982.9491594905872 1.1373548368175522e-11 1
5 56 88 987.8273943538672 1.1537502226478173e-11 1
5 56 89 997.5078753108972 1.1700128936264492e-11 1
5 56 90 997.5078753108972 1.1856838229305778e-11 1
5 56 91 1001.1719988460472 1.2007093911450899e-11 1
5 56 92 1004.3567522640172 1.2152843435368535e-11 1
5 56 93 1007.5914324397972 1.2293584026110095e-11 1
5 56 94 1012.5737322444872 1.2424095230033501e-11 1
5 56 95 1012.5737322444872 1.2547428946740697e-11 1
5 56 96 1014.7865618343372 1.2660942093321015e-11 1
5 56 97 1017.0427874202672 1.2763950635535481e-11 1
5 56 98 1017.4180925960472 1.2878388617573299e-11 1
5 56 99 1018.3799456233972 1.301949906705244e-11 1
5 56 100 1019.8902605647972 1.3180530586286235e-11 1
5 56 101 1021.3963030452672 1.3389455824813566e-11 1
5 56 102 1024.2865618343374 1.3870949959786778e-11 1
5 56 103 1027.2263201351172 1.5018946707444842e-11 1
5 56 104 1029.6262835140174 1.6887979529096187e-11 1
5 56 105 1034.0184343929272 1.8809833717694135e-11 1
5 57 32 977.2877215022972 7.8472769779528e-12 1
5 57 33 979.5645769710472 7.821272425048337e-12 1
5 57 34 978.2658709163672 7.803611380741793e-12 1
5 57 35 978.2658709163672 7.788621829192087e-12 1
5 57 36 975.9766863460472 7.774795363989072e-12 1
5 57 37 974.9226091976172 7.762247519389707e-12 1
5 57 38 977.7921160335472 7.750460664094542e-12 1
5 57 39 978.9511736507372 7.740740118502473e-12 1
5 57 40 978.9511736507372 7.733223591696811e-12 1
5 57 41 978.7783220882372 7.728125194439856e-12 1
5 57 42 978.2567766780872 7.725877146482185e-12 1
5 57 43 976.7051409358972 7.726624841508825e-12 1
5 57 44 979.8162859554272 7.730485541544824e-12 1
5 57 45 979.8162859554272 7.737288156448678e-12 1
5 57 46 981.5182512874572 7.746901412735656e-12 1
5 57 47 980.7147844905872 7.758982341305278e-12 1
5 57 48 976.8132952327672 7.772444028004332e-12 1
5 57 49 979.4644182796472 7.78672084418307e-12 1
5 57 50 979.4644182796472 7.801008390035311e-12 1
5 57 51 981.8778093929272 7.807792136805232e-12 1
5 57 52 985.3115862483972 7.807152769620161e-12 1
5 57 53 988.2398089046472 7.796061218945337e-12 1
5 57 54 988.4749773616772 7.780712697657719e-12 1
5 57 55 988.4749773616772 7.766759978827352e-12 1
5 57 56 989.5347307796472 7.759315550083503e-12 1
5 57 57 989.3745134944872 7.759542560253826e-12 1
5 57 58 990.6770037288672 7.764996934507424e-12 1
5 57 59 991.6887224788672 7.777195682073385e-12 1
5 57 60 991.6887224788672 7.798966588574049e-12 1
5 57 61 992.9375628108972 7.830003961627755e-12 1
5 57 62 993.6020525569872 7.869520549271755e-12 1
5 57 63 994.7279680843372 7.9178651297985e-12 1
5 57 64 998.4392107601172 7.97623937063418e-12 1
5 57 65 998.4392107601172 8.042308394204849e-12 1
5 57 66 1000.3272112483972 8.117713333465624e-12 1
5 57 67 1001.0399187679272 8.198703340563599e-12 1
5 57 68 1001.6904924983972 8.28666041135295e-12 1
5 57 69 1001.4597185726172 8.381083078369089e-12 1
5 57 70 1001.4597185726172 8.479668990358088e-12 1
5 57 71 1000.4268816585472 8.58414941860395e-12 1
5 57 72 998.8300799007372 8.697732697749533e-12 1
5 57 73 996.4815081233972 8.820792449625822e-12 1
5 57 74 994.2395647640172 8.95308115971634e-12 1
5 57 75 994.2395647640172 9.093510260538158e-12 1
5 57 76 995.7169207210472 9.242046320070433e-12 1
5 57 77 995.0176409358972 9.398156501977538e-12 1
5 57 78 993.9266375179272 9.561624981948835e-12 1
5 57 79 999.3159807796472 9.72985786534169e-12 1
5 57 80 999.3159807796472 9.90507834198931e-12 1
5 57 81 1001.5596941585472 1.0085024307856674e-11 1
5 57 82 1004.6357439632372 1.031207171371261e-11 1
5 57 83 1006.8271502132372 1.0502547271559205e-11 1
5 57 84 1012.0300921077672 1.0698480017892103e-11 1
5 57 85 1012.0300921077672 1.089843581104603e-11 1
5 57 86 1013.2222307796472 1.1100477820555986e-11 1
5 57 87 1013.9060686702672 1.1302788875541652e-11 1
5 57 88 1014.8834856624572 1.1504497016179679e-11 1
5 57 89 1015.8072527522972 1.1504497016179679e-11 1
5 57 90 1015.8072527522972 1.1832924223316503e-11 1
5 57 91 1016.9458025569872 1.2014890279977605e-11 1
5 58 24 972.8806170101172 8.396055338460146e-12 1
5 58 25 974.1868914241772 8.366170373170636e-12 1
5 58 26 977.2396868343372 8.333350066139275e-12 1
5 58 27 980.8648089046472 8.254824535017892e-12 1
5 58 28 984.8834856624572 8.131890057293443e-12 1
5 58 29 986.7230242366772 8.016367056711579e-12 1
5 58 30 990.0180071468372 7.936908412684573e-12 1
5 58 31 991.9319475765172 7.863167216582545e-12 1
5 58 32 992.5502947444872 7.805218345762342e-12 1
5 58 33 994.2332781429272 7.765220841284987e-12 1
5 58 34 994.7932146663672 7.738672714637476e-12 1
5 58 35 994.7932146663672 7.693197138763542e-12 1
5 58 36 994.9469622249572 7.67371265145107e-12 1
5 58 37 995.3444841976172 7.655207295435164e-12 1
5 58 38 996.5944231624572 7.637814500729356e-12 1
5 58 39 996.8367327327672 7.621586198434921e-12 1
5 58 40 996.8367327327672 7.606658147246865e-12 1
5 58 41 997.1843279476172 7.606658147246865e-12 1
5 58 42 997.7099627132372 7.571453163070964e-12 1
5 58 43 998.2615374202672 7.562580596769575e-12 1
5 59 24 973.8029192562072 8.783002766800983e-12 1
5 59 25 975.9469622249572 8.698866649278383e-12 1
5 59 26 978.3753679866772 8.682438385237923e-12 1
