2 19 27 1008.938188164676 3.1351201793252124e-10 1
2 20 17 932.171403496716 1.86218191297687e-10 1
2 20 18 940.049699395146 1.8464022906941621e-10 1
2 20 19 947.478776543586 1.9766020944635173e-10 1
2 20 20 958.775407402966 2.2434893003946843e-10 1
2 20 21 963.360246270146 2.554288094682041e-10 1
2 20 22 982.982560723276 2.767110880162794e-10 1
2 20 23 1011.954789727176 2.830114595474337e-10 1
2 20 24 1023.862199395146 2.8269137906288287e-10 1
2 20 25 1027.860978692026 2.9108968591064874e-10 1
2 20 26 1033.4101119928062 2.8241918725190666e-10 1
2 20 27 1043.5543991021761 2.6121777980122466e-10 1
2 21 11 977.598832695926 2.2368257687503054e-10 1
2 21 12 983.736894219366 2.277061364630045e-10 1
2 21 13 990.579240410776 2.0938762469381843e-10 1
2 21 14 995.246842949836 2.0328187962949494e-10 1
2 21 15 998.515641777966 2.0486672395384064e-10 1
2 21 16 1003.078813164676 2.0391283755053223e-10 1
2 21 17 1006.508683770146 1.9647858610462982e-10 1
2 21 18 1009.600724785776 1.9068198526201937e-10 1
