1 19 27 991.4435952671668 8.025265765914338e-09 1
1 20 17 914.6768105992068 9.000000000000001e-07 1
1 20 18 922.5551064976368 1.6143736820163768e-07 1
1 20 19 929.9841836460768 5.339263459249444e-08 1
1 20 20 941.2808145054568 2.340047091986865e-08 1
1 20 21 945.8656533726368 1.6476161909824505e-08 1
1 20 22 965.4879678257668 1.093139158965714e-08 1
1 20 23 994.4601968296668 7.837335980624142e-09 1
1 20 24 1006.3676064976368 7.080239920902328e-09 1
1 20 25 1010.3663857945168 6.904690488359578e-09 1
1 20 26 1015.9155190952968 7.171014814144638e-09 1
1 20 27 1026.0598062046668 7.156911756854627e-09 1
1 21 11 960.1042397984168 1.0642035279192093e-08 1
1 21 12 966.2423013218568 1.036982568711014e-08 1
1 21 13 973.0846475132668 1.1379525096831459e-08 1
1 21 14 977.7522500523268 1.2278974953409665e-08 1
1 21 15 981.0210488804568 1.2434236988851996e-08 1
1 21 16 985.5842202671668 1.2506955093842877e-08 1
1 21 17 989.0140908726368 1.2997363612564518e-08 1
1 21 18 992.1061318882668 1.326379531499846e-08 1
