3 98 267 979.9544185041508 1.3008478458616857e-10 1
3 98 268 999.6737178205508 1.1932245759540626e-10 1
3 98 269 1021.9607051252408 1.2705867499591648e-10 1
3 98 270 1016.1237300275808 1.6910120221127004e-10 1
3 99 206 958.6953853010208 1.1546178451676919e-10 1
3 99 207 958.6953853010208 1.1589315955349976e-10 1
3 99 208 958.6953853010208 1.1630712418426423e-10 1
3 99 209 958.6953853010208 1.1672405673865577e-10 1
3 99 210 961.6815913557108 1.171393618417115e-10 1
3 99 211 961.6815913557108 1.1752089963957373e-10 1
3 99 212 961.6815913557108 1.179049309935191e-10 1
3 99 213 961.6815913557108 1.182917208914703e-10 1
3 99 214 964.4893916486808 1.186507919391163e-10 1
3 99 215 964.4893916486808 1.1900182286706076e-10 1
3 99 216 964.4893916486808 1.1935493702342845e-10 1
3 99 217 964.4893916486808 1.196929472266992e-10 1
3 99 218 964.4893916486808 1.200096871702103e-10 1
3 99 219 966.4876216291508 1.203281079208776e-10 1
3 99 220 966.4876216291508 1.2064453152284202e-10 1
3 99 221 966.4876216291508 1.209268269679086e-10 1
3 99 222 966.4876216291508 1.2121044659439415e-10 1
3 99 223 973.4036372541508 1.214953997413402e-10 1
3 99 224 973.4036372541508 1.2175210164589174e-10 1
3 99 225 973.4036372541508 1.220010678863726e-10 1
3 99 226 973.4036372541508 1.2225105441639028e-10 1
3 99 227 976.4169429182108 1.2248692530820459e-10 1
3 99 228 976.4169429182108 1.2270297995130627e-10 1
3 99 229 976.4169429182108 1.2291963591034491e-10 1
3 99 230 976.4169429182108 1.2313385176632579e-10 1
3 99 231 980.7468989729008 1.233177740309194e-10 1
3 99 232 980.7468989729008 1.235022465585274e-10 1
3 99 233 980.7468989729008 1.2368785020404243e-10 1
3 99 234 980.7468989729008 1.2385263183694656e-10 1
3 99 235 985.6251338361808 1.2400811508832518e-10 1
3 99 236 985.6251338361808 1.241639892143797e-10 1
3 99 237 985.6251338361808 1.2430863462356169e-10 1
3 99 238 985.6251338361808 1.2443800481086801e-10 1
3 99 239 995.3056147932108 1.2456764455437546e-10 1
3 99 240 995.3056147932108 1.246983910063359e-10 1
3 99 241 995.3056147932108 1.2480518244228492e-10 1
3 99 242 995.3056147932108 1.249121569469293e-10 1
3 99 243 995.3056147932108 1.2502196516147748e-10 1
3 99 244 998.9697383283608 1.2511879056883623e-10 1
3 99 245 998.9697383283608 1.2520222442076652e-10 1
3 99 246 998.9697383283608 1.252857696205245e-10 1
3 99 247 998.9697383283608 1.2536487718396844e-10 1
3 99 248 1002.1544917463308 1.254298856313547e-10 1
3 99 249 1002.1544917463308 1.2549127532669332e-10 1
3 99 250 1002.1544917463308 1.255507805249834e-10 1
3 99 251 1002.1544917463308 1.2559156263133385e-10 1
3 99 252 1005.3891719221108 1.2563237124043707e-10 1
3 99 253 1005.3891719221108 1.2567915957787715e-10 1
3 99 254 1005.3891719221108 1.257176906216789e-10 1
3 99 255 1005.3891719221108 1.2574081046233398e-10 1
3 99 256 1010.3714717268008 1.257639388081625e-10 1
3 99 257 1010.3714717268008 1.2578453829493481e-10 1
3 99 258 1010.3714717268008 1.2579884593003943e-10 1
3 99 259 1012.5843013166508 1.2581579011844608e-10 1
3 99 260 1012.5843013166508 1.2581582563846654e-10 1
3 99 261 1014.8405269025808 1.2578432138541148e-10 1
3 99 262 1016.1776851057108 1.2571675366281306e-10 1
3 99 263 1017.2965815900808 1.2576868016860837e-10 1
3 99 264 1019.1940425275808 1.2686519989842164e-10 1
3 99 265 1022.0843013166508 1.3107624407839333e-10 1
3 99 266 1025.0240596174308 1.3268132564080683e-10 1
3 99 267 1027.086742722901 1.2499022560263224e-10 1
3 99 268 1031.8161738752408 1.1289227896464085e-10 1
3 100 43 974.8878901838308 9.20307505638905e-11 1
3 100 44 975.0854609846108 9.202700789361159e-11 1
3 100 45 975.0854609846108 9.201939063792692e-11 1
3 100 46 975.0854609846108 9.200895915530837e-11 1
3 100 47 975.0854609846108 9.197746396964252e-11 1
3 100 48 977.5291255354008 9.194745238606351e-11 1
3 100 49 977.5291255354008 9.192241974031348e-11 1
3 100 50 977.5291255354008 9.189576359432864e-11 1
3 100 51 977.5291255354008 9.1853337398168e-11 1
3 100 52 977.3623164533608 9.18109503583604e-11 1
3 100 53 977.3623164533608 9.176007439047549e-11 1
3 100 54 977.3623164533608 9.168533053420357e-11 1
3 100 55 977.3623164533608 9.162453315984865e-11 1
3 100 56 976.0636103986808 9.156381636264314e-11 1
3 100 57 976.0636103986808 9.149378993670739e-11 1
3 100 58 976.0636103986808 9.141130410742316e-11 1
3 100 59 976.0636103986808 9.132896687365594e-11 1
3 100 60 973.7744258283608 9.123012778722029e-11 1
3 100 61 973.7744258283608 9.112100849218794e-11 1
3 100 62 973.7744258283608 9.101214991795041e-11 1
3 100 63 973.7744258283608 9.089595926776974e-11 1
3 100 64 972.7203486799308 9.075399593526325e-11 1
3 100 65 972.7203486799308 9.062016037789816e-11 1
3 100 66 972.7203486799308 9.048671897574906e-11 1
3 100 67 972.7203486799308 9.034280638462287e-11 1
3 100 68 972.7203486799308 9.018483693255128e-11 1
3 100 69 975.5898555158608 9.002741895305121e-11 1
3 100 70 975.5898555158608 8.985848547027302e-11 1
3 100 71 975.5898555158608 8.967869146550803e-11 1
3 100 72 975.5898555158608 8.949961550831875e-11 1
3 100 73 976.7489131330508 8.931599796959878e-11 1
3 100 74 976.7489131330508 8.911767160419555e-11 1
3 100 75 976.7489131330508 8.892449870721015e-11 1
3 100 76 976.7489131330508 8.87321614482335e-11 1
3 100 77 976.5760615705508 8.853726622797459e-11 1
3 100 78 976.5760615705508 8.833870323190186e-11 1
3 100 79 976.5760615705508 8.814102887943014e-11 1
3 100 80 976.5760615705508 8.794055289590936e-11 1
3 100 81 976.0545161604008 8.77397558097687e-11 1
3 100 82 976.0545161604008 8.753987360568557e-11 1
3 100 83 976.0545161604008 8.734175651935977e-11 1
3 100 84 976.0545161604008 8.714979327052493e-11 1
3 100 85 974.5028804182108 8.695286391019452e-11 1
3 100 86 974.5028804182108 8.675682253219042e-11 1
3 100 87 974.5028804182108 8.656381734291715e-11 1
3 100 88 974.5028804182108 8.637454436079603e-11 1
3 100 89 977.6140254377408 8.618609726883344e-11 1
3 100 90 977.6140254377408 8.600796033546751e-11 1
3 100 91 977.6140254377408 8.583304791424611e-11 1
3 100 92 977.6140254377408 8.565192363380295e-11 1
3 100 93 977.6140254377408 8.547156215800278e-11 1
3 100 94 979.3159907697708 8.530420116312333e-11 1
3 100 95 979.3159907697708 8.513155281180936e-11 1
3 100 96 979.3159907697708 8.495960189970546e-11 1
3 100 97 979.3159907697708 8.479398959020542e-11 1
3 100 98 978.5125239729008 8.46308268070506e-11 1
3 100 99 978.5125239729008 8.446569127646752e-11 1
3 100 100 978.5125239729008 8.430155022764318e-11 1
3 100 101 978.5125239729008 8.41414227826948e-11 1
3 100 102 974.6110347150808 8.398190249591188e-11 1
3 100 103 974.6110347150808 8.38275986009926e-11 1
3 100 104 974.6110347150808 8.367865429963788e-11 1
3 100 105 974.6110347150808 8.353030334882028e-11 1
3 100 106 977.2621577619608 8.338339279991681e-11 1
3 100 107 977.2621577619608 8.3245091973513e-11 1
3 100 108 977.2621577619608 8.311216787047582e-11 1
3 100 109 977.2621577619608 8.297974645166156e-11 1
3 100 110 979.6755488752408 8.284982488123168e-11 1
3 100 111 979.6755488752408 8.274030940741684e-11 1
3 100 112 979.6755488752408 8.26310830785965e-11 1
3 100 113 979.6755488752408 8.252022557601672e-11 1
3 100 114 983.1093257307108 8.243838522263838e-11 1
3 100 115 983.1093257307108 8.236633522429471e-11 1
3 100 116 983.1093257307108 8.229322143959495e-11 1
3 100 117 983.1093257307108 8.223739041203815e-11 1
3 100 118 983.1093257307108 8.221533452288715e-11 1
3 100 119 986.0375483869608 8.2194562286491e-11 1
3 100 120 986.0375483869608 8.217836499519407e-11 1
3 100 121 986.0375483869608 8.220622802457092e-11 1
3 100 122 986.0375483869608 8.22341099545851e-11 1
3 100 123 986.2727168439908 8.226926012188892e-11 1
3 100 124 986.2727168439908 8.23466775610226e-11 1
3 100 125 986.2727168439908 8.241793133299625e-11 1
3 100 126 986.2727168439908 8.248930852214103e-11 1
3 100 127 987.3324702619608 8.258878015655877e-11 1
3 100 128 987.3324702619608 8.271517519253091e-11 1
3 100 129 987.3324702619608 8.283696700619482e-11 1
3 100 130 987.3324702619608 8.296343136415299e-11 1
3 100 131 987.1722529768008 8.313205526269363e-11 1
3 100 132 987.1722529768008 8.330136601636516e-11 1
3 100 133 987.1722529768008 8.347960629369358e-11 1
3 100 134 987.1722529768008 8.368765066491402e-11 1
3 100 135 988.4747432111808 8.390331183700484e-11 1
3 100 136 988.4747432111808 8.412234868738978e-11 1
3 100 137 988.4747432111808 8.436822662109232e-11 1
3 100 138 988.4747432111808 8.462828564279711e-11 1
3 100 139 989.4864619611808 8.488690957279861e-11 1
3 100 140 989.4864619611808 8.515041161373065e-11 1
3 100 141 989.4864619611808 8.544462807641195e-11 1
3 100 142 989.4864619611808 8.573553659692026e-11 1
3 100 143 989.4864619611808 8.602843276442124e-11 1
3 100 144 990.7353022932108 8.633673911862984e-11 1
3 100 145 990.7353022932108 8.665151359521594e-11 1
3 100 146 990.7353022932108 8.696972932253643e-11 1
3 100 147 990.7353022932108 8.7297951545613e-11 1
3 100 148 991.3997920393008 8.763129808349901e-11 1
3 100 149 991.3997920393008 8.796720014185939e-11 1
3 100 150 991.3997920393008 8.831089430653569e-11 1
3 100 151 991.3997920393008 8.866217007725847e-11 1
3 100 152 992.5257075666508 8.901318171193336e-11 1
3 100 153 992.5257075666508 8.936698368861802e-11 1
3 100 154 992.5257075666508 8.972544528405388e-11 1
3 100 155 992.5257075666508 9.00873767539317e-11 1
3 100 156 996.2369502424308 9.04528567773937e-11 1
3 100 157 996.2369502424308 9.082412948766096e-11 1
3 100 158 996.2369502424308 9.119401238263407e-11 1
3 100 159 996.2369502424308 9.1565053836632e-11 1
3 100 160 998.1249507307108 9.193886170717465e-11 1
3 100 161 998.1249507307108 9.231315382129577e-11 1
3 100 162 998.1249507307108 9.269050595278617e-11 1
3 100 163 998.1249507307108 9.307729750609857e-11 1
3 100 164 998.8376582502408 9.348149477259774e-11 1
3 100 165 998.8376582502408 9.387110095793535e-11 1
3 100 166 998.8376582502408 9.426396828625666e-11 1
3 100 167 998.8376582502408 9.467680642162521e-11 1
3 100 168 998.8376582502408 9.509578205609993e-11 1
3 100 169 999.4882319807108 9.550928135495399e-11 1
3 100 170 999.4882319807108 9.592775102365627e-11 1
3 100 171 999.4882319807108 9.636313221368083e-11 1
3 100 172 999.4882319807108 9.680248349641424e-11 1
3 100 173 999.2574580549308 9.725988070533072e-11 1
3 100 174 999.2574580549308 9.772076919029145e-11 1
3 100 175 999.2574580549308 9.818128661192894e-11 1
3 100 176 999.2574580549308 9.864891349884558e-11 1
3 100 177 998.2246211408608 9.912507614939855e-11 1
3 100 178 998.2246211408608 9.959163087935352e-11 1
3 100 179 998.2246211408608 1.0006213241943464e-10 1
3 100 180 998.2246211408608 1.0053478715057936e-10 1
3 100 181 996.6278193830508 1.0098939708880203e-10 1
3 100 182 996.6278193830508 1.0144813711954996e-10 1
3 100 183 996.6278193830508 1.0191008811643781e-10 1
3 100 184 996.6278193830508 1.0235434219860352e-10 1
3 100 185 994.2792476057108 1.0279583809382575e-10 1
3 100 186 994.2792476057108 1.032416935583287e-10 1
3 100 187 994.2792476057108 1.0368172331415069e-10 1
3 100 188 994.2792476057108 1.0410876494382545e-10 1
3 100 189 992.0373042463308 1.0453933889863127e-10 1
3 100 190 992.0373042463308 1.0497863069209667e-10 1
3 100 191 992.0373042463308 1.0539960721590482e-10 1
3 100 192 992.0373042463308 1.0581826077547749e-10 1
3 100 193 992.0373042463308 1.0624025343222549e-10 1
3 100 194 993.5146602033608 1.0665472895372812e-10 1
3 100 195 993.5146602033608 1.0705937122241767e-10 1
3 100 196 993.5146602033608 1.0746709556606298e-10 1
3 100 197 993.5146602033608 1.0787196317038584e-10 1
3 100 198 992.8153804182108 1.0826339753534171e-10 1
3 100 199 992.8153804182108 1.0865382102306439e-10 1
3 100 200 992.8153804182108 1.0904468112112824e-10 1
3 100 201 992.8153804182108 1.09415144314072e-10 1
3 100 202 991.7243770002408 1.0978813327586805e-10 1
3 100 203 991.7243770002408 1.1017073737697592e-10 1
3 100 204 991.7243770002408 1.1054294180920038e-10 1
3 100 205 991.7243770002408 1.1089689758045634e-10 1
3 100 206 997.1137202619608 1.1125312734828034e-10 1
3 100 207 997.1137202619608 1.1159988714970227e-10 1
3 100 208 997.1137202619608 1.1193294652676623e-10 1
3 100 209 997.1137202619608 1.1226799982332717e-10 1
3 100 210 999.3574336408608 1.1261146918859143e-10 1
3 100 211 999.3574336408608 1.1292433592296504e-10 1
3 100 212 999.3574336408608 1.132311910500452e-10 1
3 100 213 999.3574336408608 1.1353971838766267e-10 1
3 100 214 1002.4334834455508 1.134203854174739e-10 1
3 100 215 1002.4334834455508 1.134203854174739e-10 1
3 100 216 1002.4334834455508 1.1526542213216281e-10 1
3 100 217 1002.4334834455508 1.1526542213216281e-10 1
3 100 218 1002.4334834455508 1.1526542213216281e-10 1
3 100 219 1004.6248896955508 1.1612209333744557e-10 1
3 100 220 1004.6248896955508 1.1612209333744557e-10 1
3 100 221 1004.6248896955508 1.1612209333744557e-10 1
3 100 222 1004.6248896955508 1.1685318731439028e-10 1
3 100 223 1009.8278315900808 1.1685318731439028e-10 1
3 100 224 1009.8278315900808 1.1685318731439028e-10 1
3 100 225 1009.8278315900808 1.1746918575837356e-10 1
3 100 226 1009.8278315900808 1.1746918575837356e-10 1
3 100 227 1011.0199702619608 1.1746918575837356e-10 1
3 100 228 1011.0199702619608 1.1746918575837356e-10 1
3 100 229 1011.0199702619608 1.1798711136276108e-10 1
3 100 230 1011.0199702619608 1.1798711136276108e-10 1
3 100 231 1011.7038081525808 1.1798711136276108e-10 1
3 100 232 1011.7038081525808 1.1841679691381569e-10 1
3 100 233 1011.7038081525808 1.1841679691381569e-10 1
3 100 234 1011.7038081525808 1.1841679691381569e-10 1
3 100 235 1012.6812251447708 1.1875959861372035e-10 1
3 100 236 1012.6812251447708 1.1875959861372035e-10 1
3 100 237 1012.6812251447708 1.1875959861372035e-10 1
3 100 238 1012.6812251447708 1.1875959861372035e-10 1
3 100 239 1013.6049922346108 1.1875959861372035e-10 1
3 100 240 1013.6049922346108 1.1875959861372035e-10 1
3 100 241 1013.6049922346108 1.1875959861372035e-10 1
3 100 242 1013.6049922346108 1.1875959861372035e-10 1
3 100 243 1013.6049922346108 1.2076016845541178e-10 1
3 100 244 1014.7435420393008 1.2076016845541178e-10 1
3 100 245 1014.7435420393008 1.2094279872147872e-10 1
3 100 246 1014.7435420393008 1.2094279872147872e-10 1
3 101 24 970.6783564924308 9.849946768491547e-11 1
3 101 25 971.9846309064908 1.0069703659704535e-10 1
3 101 26 975.0374263166508 1.0160733099324496e-10 1
3 101 27 978.6625483869608 1.0079146073551606e-10 1
3 101 28 982.6812251447708 9.708924198997966e-11 1
3 101 29 984.2514155744608 9.272402737842754e-11 1
3 101 30 986.1315425275808 9.107504590515298e-11 1
3 101 31 987.8157466291508 9.072130663203921e-11 1
3 101 32 988.0653193830508 9.078214572023811e-11 1
3 101 33 988.4931758283608 9.091199827793327e-11 1
3 101 34 988.8303950666508 9.099599949874331e-11 1
3 101 35 989.7296870588308 9.104227006436372e-11 1
3 101 36 989.7296870588308 9.106712927581821e-11 1
3 101 37 989.7296870588308 9.108264553100395e-11 1
3 101 38 989.7296870588308 9.109229253168503e-11 1
3 101 39 990.1071895002408 9.110194157610275e-11 1
3 101 40 990.1071895002408 9.111405234901137e-11 1
3 101 41 990.1071895002408 9.11156104777337e-11 1
3 101 42 990.1071895002408 9.111716865974738e-11 1
3 101 43 990.1071895002408 9.11199729612475e-11 1
3 101 44 990.3480342268008 9.11201763781948e-11 1
3 101 45 990.3480342268008 9.111645178580998e-11 1
3 101 46 990.3480342268008 9.111272749790242e-11 1
3 101 47 990.3480342268008 9.11091333876787e-11 1
3 101 48 990.5763057111808 9.110314161522174e-11 1
3 101 49 990.5763057111808 9.109598042440075e-11 1
3 101 50 990.5763057111808 9.108896658434942e-11 1
3 101 51 990.5763057111808 9.108237001691249e-11 1
3 101 52 992.0310176252408 9.107395909514158e-11 1
3 101 53 992.0310176252408 9.106554972662589e-11 1
3 101 54 992.0310176252408 9.105171517582559e-11 1
3 101 55 992.0310176252408 9.10361770951049e-11 1
3 101 56 992.5909541486808 9.102121502654168e-11 1
3 101 57 992.5909541486808 9.100272589153181e-11 1
3 101 58 992.5909541486808 9.093595936078081e-11 1
3 101 59 992.5909541486808 9.093595936078081e-11 1
3 101 60 992.7447017072708 9.119923740872182e-11 1
3 101 61 992.7447017072708 9.119923740872182e-11 1
3 101 62 992.7447017072708 9.104979007532319e-11 1
3 101 63 992.7447017072708 9.104979007532319e-11 1
3 101 64 993.1422236799308 9.104979007532319e-11 1
3 101 65 993.1422236799308 9.08554016098168e-11 1
3 101 66 993.1422236799308 9.08554016098168e-11 1
3 101 67 993.1422236799308 9.08554016098168e-11 1
3 101 68 993.1422236799308 9.08554016098168e-11 1
3 101 69 994.3921626447708 9.06279278002368e-11 1
3 101 70 994.3921626447708 9.06279278002368e-11 1
3 101 71 994.3921626447708 9.06279278002368e-11 1
3 101 72 994.3921626447708 9.037709295935844e-11 1
3 101 73 994.6344722150808 9.037709295935844e-11 1
3 101 74 994.6344722150808 9.037709295935844e-11 1
3 101 75 994.6344722150808 9.011543565098674e-11 1
3 101 76 994.6344722150808 9.011543565098674e-11 1
3 101 77 994.9820674299308 9.011543565098674e-11 1
3 101 78 994.9820674299308 9.011543565098674e-11 1
3 101 79 994.9820674299308 8.944641247357788e-11 1
3 101 80 994.9820674299308 8.944641247357788e-11 1
3 101 81 995.5077021955508 8.944641247357788e-11 1
3 101 82 995.5077021955508 8.944641247357788e-11 1
3 101 83 995.5077021955508 9.02018241039616e-11 1
3 101 84 995.5077021955508 9.02018241039616e-11 1
3 101 85 996.0592769025808 9.052946531310568e-11 1
3 101 86 996.0592769025808 8.901052259863657e-11 1
3 102 24 971.6006587385208 9.942954242019663e-11 1
3 102 25 973.7447017072708 1.0188492395087497e-10 1
3 102 26 976.1731074689908 1.0129407446047244e-10 1
