5 98 267 957.27319335938 1.8212521499813435e-11 1
5 98 268 976.99249267578 1.9768134176170344e-11 1
5 98 269 999.27947998047 2.0478807345078532e-11 1
5 98 270 993.44250488281 2.182536676303063e-11 1
5 99 206 936.01416015625 1.002614492363583e-11 1
5 99 207 936.01416015625 1.0075163399283268e-11 1
5 99 208 936.01416015625 1.0124510342471644e-11 1
5 99 209 936.01416015625 1.0174343055734247e-11 1
5 99 210 939.00036621094 1.0224287138427208e-11 1
5 99 211 939.00036621094 1.0274432785487394e-11 1
5 99 212 939.00036621094 1.0325072741757102e-11 1
5 99 213 939.00036621094 1.0375850493289626e-11 1
5 99 214 941.80816650391 1.0425852893744338e-11 1
5 99 215 941.80816650391 1.0476934911895205e-11 1
5 99 216 941.80816650391 1.0528519952736338e-11 1
5 99 217 941.80816650391 1.0580021090064078e-11 1
5 99 218 941.80816650391 1.0631223933085662e-11 1
5 99 219 943.80639648438 1.0682924786628907e-11 1
5 99 220 943.80639648438 1.0734212105240782e-11 1
5 99 221 943.80639648438 1.0785268376595263e-11 1
5 99 222 943.80639648438 1.0836812657838494e-11 1
5 99 223 950.72241210938 1.0888273351561475e-11 1
5 99 224 950.72241210938 1.093826835387048e-11 1
5 99 225 950.72241210938 1.0989522412830875e-11 1
5 99 226 950.72241210938 1.1041259061138279e-11 1
5 99 227 953.73571777344 1.1092044855809356e-11 1
5 99 228 953.73571777344 1.114234379581043e-11 1
5 99 229 953.73571777344 1.1193556583963283e-11 1
5 99 230 953.73571777344 1.1245046640579552e-11 1
5 99 231 958.06567382813 1.1295107245761438e-11 1
5 99 232 958.06567382813 1.1345615562835748e-11 1
5 99 233 958.06567382813 1.1395797975972453e-11 1
5 99 234 958.06567382813 1.1443844869039319e-11 1
5 99 235 962.94390869141 1.1493363649332826e-11 1
5 99 236 962.94390869141 1.1543312838512688e-11 1
5 99 237 962.94390869141 1.1592621696551838e-11 1
5 99 238 962.94390869141 1.1640898496232105e-11 1
5 99 239 972.62438964844 1.1689579069259096e-11 1
5 99 240 972.62438964844 1.1737107280119309e-11 1
5 99 241 972.62438964844 1.1783790531575438e-11 1
5 99 242 972.62438964844 1.1830846622538701e-11 1
5 99 243 972.62438964844 1.1877429858490603e-11 1
5 99 244 976.28851318359 1.192133534995704e-11 1
5 99 245 976.28851318359 1.1966698857924034e-11 1
5 99 246 976.28851318359 1.2012408922430982e-11 1
5 99 247 976.28851318359 1.2056398216611714e-11 1
5 99 248 979.47326660156 1.2099344533223443e-11 1
5 99 249 979.47326660156 1.2143253339642447e-11 1
5 99 250 979.47326660156 1.218720012456659e-11 1
5 99 251 979.47326660156 1.222872705402719e-11 1
5 99 252 982.70794677734 1.227053795059986e-11 1
5 99 253 982.70794677734 1.2311609371756696e-11 1
5 99 254 982.70794677734 1.23496184255175e-11 1
5 99 255 982.70794677734 1.2389035687689366e-11 1
5 99 256 987.69024658203 1.242870537799576e-11 1
5 99 257 987.69024658203 1.2466412284179437e-11 1
5 99 258 987.69024658203 1.251172093022556e-11 1
5 99 259 989.90307617188 1.2579943977246493e-11 1
5 99 260 989.90307617188 1.2674091513262014e-11 1
5 99 261 992.15930175781 1.2800968276317514e-11 1
5 99 262 993.49645996094 1.2959819203080024e-11 1
5 99 263 994.61535644531 1.313854381766798e-11 1
5 99 264 996.51281738281 1.3350154962615249e-11 1
5 99 265 999.40307617188 1.3801751710109388e-11 1
5 99 266 1002.34283447266 1.4730252917739665e-11 1
5 99 267 1004.40551757813 1.6651739150870823e-11 1
5 99 268 1009.13494873047 1.8566648818479336e-11 1
5 100 43 952.20666503906 7.857712003832472e-12 1
5 100 44 952.40423583984 7.853515768051484e-12 1
5 100 45 952.40423583984 7.849263236050275e-12 1
5 100 46 952.40423583984 7.845231294696759e-12 1
5 100 47 952.40423583984 7.842150237955064e-12 1
5 100 48 954.84790039063 7.838060132114522e-12 1
5 100 49 954.84790039063 7.833592561489627e-12 1
5 100 50 954.84790039063 7.829119410261401e-12 1
5 100 51 954.84790039063 7.824548516437739e-12 1
5 100 52 954.68109130859 7.819982956771953e-12 1
5 100 53 954.68109130859 7.8159384843416e-12 1
5 100 54 954.68109130859 7.812271326784093e-12 1
5 100 55 954.68109130859 7.807672639929689e-12 1
5 100 56 953.38238525391 7.803079363916406e-12 1
5 100 57 953.38238525391 7.798531334281029e-12 1
5 100 58 953.38238525391 7.794041959580128e-12 1
5 100 59 953.38238525391 7.78955775069538e-12 1
5 100 60 951.09320068359 7.785652190414678e-12 1
5 100 61 951.09320068359 7.781381346074247e-12 1
5 100 62 951.09320068359 7.777115184735542e-12 1
5 100 63 951.09320068359 7.773125729030543e-12 1
5 100 64 950.03912353516 7.769576515032672e-12 1
5 100 65 950.03912353516 7.76568490396303e-12 1
5 100 66 950.03912353516 7.761797189387552e-12 1
5 100 67 950.03912353516 7.758096401650034e-12 1
5 100 68 950.03912353516 7.754644306828024e-12 1
5 100 69 952.90863037109 7.751195282774344e-12 1
5 100 70 952.90863037109 7.748019826485263e-12 1
5 100 71 952.90863037109 7.745161547523795e-12 1
5 100 72 952.90863037109 7.742305376648262e-12 1
5 100 73 954.06768798828 7.73951924877438e-12 1
5 100 74 954.06768798828 7.737279798140348e-12 1
5 100 75 954.06768798828 7.735126423527753e-12 1
5 100 76 954.06768798828 7.732974247199837e-12 1
5 100 77 953.89483642578 7.731157573090645e-12 1
5 100 78 953.89483642578 7.729789770141208e-12 1
5 100 79 953.89483642578 7.728422451091874e-12 1
5 100 80 953.89483642578 7.727137615071639e-12 1
5 100 81 953.37329101563 7.726644295782843e-12 1
5 100 82 953.37329101563 7.726151039479452e-12 1
5 100 83 953.37329101563 7.725635965093195e-12 1
5 100 84 953.37329101563 7.725780487297872e-12 1
5 100 85 951.82165527344 7.72622860808555e-12 1
5 100 86 951.82165527344 7.726676780861199e-12 1
5 100 87 951.82165527344 7.727507456068276e-12 1
5 100 88 951.82165527344 7.728851208383916e-12 1
5 100 89 954.93280029297 7.730195428116598e-12 1
5 100 90 954.93280029297 7.731594051923754e-12 1
5 100 91 954.93280029297 7.733843095988995e-12 1
5 100 92 954.93280029297 7.736064244527979e-12 1
5 100 93 954.93280029297 7.738286669254752e-12 1
5 100 94 956.634765625 7.74122477903261e-12 1
5 100 95 956.634765625 7.744236634630747e-12 1
5 100 96 956.634765625 7.747250834768681e-12 1
5 100 97 956.634765625 7.750710282534376e-12 1
5 100 98 955.83129882813 7.75450423490518e-12 1
5 100 99 955.83129882813 7.758182129043638e-12 1
5 100 100 955.83129882813 7.761903782703584e-12 1
5 100 101 955.83129882813 7.766017984736088e-12 1
5 100 102 951.92980957031 7.770136550552384e-12 1
5 100 103 951.92980957031 7.774622329651097e-12 1
5 100 104 951.92980957031 7.77890693779863e-12 1
5 100 105 951.92980957031 7.783017006017743e-12 1
5 100 106 954.58093261719 7.787347945243885e-12 1
5 100 107 954.58093261719 7.792783129865293e-12 1
5 100 108 954.58093261719 7.796842449165983e-12 1
5 100 109 954.58093261719 7.800263986368066e-12 1
5 100 110 956.99432373047 7.803519040545058e-12 1
5 100 111 956.99432373047 7.805140336329825e-12 1
5 100 112 956.99432373047 7.806762305950654e-12 1
5 100 113 956.99432373047 7.80971373702765e-12 1
5 100 114 960.42810058594 7.809676459285796e-12 1
5 100 115 960.42810058594 7.808280734503087e-12 1
5 100 116 960.42810058594 7.807229562923899e-12 1
5 100 117 960.42810058594 7.805558527330721e-12 1
5 100 118 960.42810058594 7.801170785521149e-12 1
5 100 119 963.35632324219 7.79697334568245e-12 1
5 100 120 963.35632324219 7.792733435021552e-12 1
5 100 121 963.35632324219 7.788045264570606e-12 1
5 100 122 963.35632324219 7.783362731609409e-12 1
5 100 123 963.59149169922 7.777970505242683e-12 1
5 100 124 963.59149169922 7.772687768373249e-12 1
5 100 125 963.59149169922 7.769540448287915e-12 1
5 100 126 963.59149169922 7.766395675999338e-12 1
5 100 127 964.65124511719 7.763011238292506e-12 1
5 100 128 964.65124511719 7.760936525360132e-12 1
5 100 129 964.65124511719 7.759605022199129e-12 1
5 100 130 964.65124511719 7.75844344397736e-12 1
5 100 131 964.49102783203 7.758917408132922e-12 1
5 100 132 964.49102783203 7.759391430201065e-12 1
5 100 133 964.49102783203 7.758792936002991e-12 1
5 100 134 964.49102783203 7.760316696838443e-12 1
5 100 135 965.79351806641 7.762846856110853e-12 1
5 100 136 965.79351806641 7.76509113284869e-12 1
5 100 137 965.79351806641 7.767045399876955e-12 1
5 100 138 965.79351806641 7.771402161253414e-12 1
5 100 139 966.80523681641 7.776160269936224e-12 1
5 100 140 966.80523681641 7.78106695131252e-12 1
5 100 141 966.80523681641 7.787698232957135e-12 1
5 100 142 966.80523681641 7.794960745167935e-12 1
5 100 143 966.80523681641 7.802236815509848e-12 1
5 100 144 968.05407714844 7.81145711294458e-12 1
5 100 145 968.05407714844 7.821308645639573e-12 1
5 100 146 968.05407714844 7.831070056616783e-12 1
5 100 147 968.05407714844 7.841689098612954e-12 1
5 100 148 968.71856689453 7.854229727676783e-12 1
5 100 149 968.71856689453 7.866810531576447e-12 1
5 100 150 968.71856689453 7.87917190825184e-12 1
5 100 151 968.71856689453 7.89405781211238e-12 1
5 100 152 969.84448242188 7.909393208022846e-12 1
5 100 153 969.84448242188 7.92478830253803e-12 1
5 100 154 969.84448242188 7.942168978807483e-12 1
5 100 155 969.84448242188 7.960235098887028e-12 1
5 100 156 973.55572509766 7.978263500111429e-12 1
5 100 157 973.55572509766 7.996696401899571e-12 1
5 100 158 973.55572509766 8.017053249858186e-12 1
5 100 159 973.55572509766 8.037785917048065e-12 1
5 100 160 975.44372558594 8.058818429702198e-12 1
5 100 161 975.44372558594 8.081827491434333e-12 1
5 100 162 975.44372558594 8.104968317596775e-12 1
5 100 163 975.44372558594 8.127682728374365e-12 1
5 100 164 976.15643310547 8.151108588511688e-12 1
5 100 165 976.15643310547 8.176300634296291e-12 1
5 100 166 976.15643310547 8.201648881333366e-12 1
5 100 167 976.15643310547 8.227056830611747e-12 1
5 100 168 976.15643310547 8.25356197463308e-12 1
5 100 169 976.80700683594 8.28072925311514e-12 1
5 100 170 976.80700683594 8.308163346037682e-12 1
5 100 171 976.80700683594 8.336628688313988e-12 1
5 100 172 976.80700683594 8.36528975649973e-12 1
5 100 173 976.57623291016 8.393395490255499e-12 1
5 100 174 976.57623291016 8.422755503967558e-12 1
5 100 175 976.57623291016 8.452899164200402e-12 1
5 100 176 976.57623291016 8.483060789033288e-12 1
5 100 177 975.54339599609 8.513301342972887e-12 1
5 100 178 975.54339599609 8.54506870953084e-12 1
5 100 179 975.54339599609 8.577143027310616e-12 1
5 100 180 975.54339599609 8.60962344288079e-12 1
5 100 181 973.94659423828 8.643949653970235e-12 1
5 100 182 973.94659423828 8.678550675071721e-12 1
5 100 183 973.94659423828 8.71348722773909e-12 1
5 100 184 973.94659423828 8.750117900400364e-12 1
5 100 185 971.59802246094 8.787487787063359e-12 1
5 100 186 971.59802246094 8.825173471426801e-12 1
5 100 187 971.59802246094 8.863876579371155e-12 1
5 100 188 971.59802246094 8.903890228816187e-12 1
5 100 189 969.35607910156 8.94426677876292e-12 1
5 100 190 969.35607910156 8.984896970807619e-12 1
5 100 191 969.35607910156 9.027058293557547e-12 1
5 100 192 969.35607910156 9.06979719096813e-12 1
5 100 193 969.35607910156 9.112942710910999e-12 1
5 100 194 970.83343505859 9.15696094175177e-12 1
5 100 195 970.83343505859 9.201924237358739e-12 1
5 100 196 970.83343505859 9.247331277143468e-12 1
5 100 197 970.83343505859 9.293258757721631e-12 1
5 100 198 970.13415527344 9.340166393145767e-12 1
5 100 199 970.13415527344 9.38774614772476e-12 1
5 100 200 970.13415527344 9.43584738885805e-12 1
5 100 201 970.13415527344 9.484778042620148e-12 1
5 100 202 969.04315185547 9.534218812524804e-12 1
5 100 203 969.04315185547 9.583730491606468e-12 1
5 100 204 969.04315185547 9.633301682788697e-12 1
5 100 205 969.04315185547 9.684309287644475e-12 1
5 100 206 974.43249511719 9.73585993067717e-12 1
5 100 207 974.43249511719 9.787901436641122e-12 1
5 100 208 974.43249511719 9.84041977679303e-12 1
5 100 209 974.43249511719 9.893504746121235e-12 1
5 100 210 976.67620849609 9.94640628113435e-12 1
5 100 211 976.67620849609 9.999926258142749e-12 1
5 100 212 976.67620849609 1.0054635215126531e-11 1
5 100 213 976.67620849609 1.0109946083538384e-11 1
5 100 214 979.75225830078 1.0122226315224647e-11 1
5 100 215 979.75225830078 1.0122226315224647e-11 1
5 100 216 979.75225830078 1.031207171371261e-11 1
5 100 217 979.75225830078 1.031207171371261e-11 1
5 100 218 979.75225830078 1.031207171371261e-11 1
5 100 219 981.94366455078 1.0502547271559205e-11 1
5 100 220 981.94366455078 1.0502547271559205e-11 1
5 100 221 981.94366455078 1.0502547271559205e-11 1
5 100 222 981.94366455078 1.0698480017892103e-11 1
5 100 223 987.14660644531 1.0698480017892103e-11 1
5 100 224 987.14660644531 1.0698480017892103e-11 1
5 100 225 987.14660644531 1.089843581104603e-11 1
5 100 226 987.14660644531 1.089843581104603e-11 1
5 100 227 988.33874511719 1.089843581104603e-11 1
5 100 228 988.33874511719 1.089843581104603e-11 1
5 100 229 988.33874511719 1.1100477820555986e-11 1
5 100 230 988.33874511719 1.1100477820555986e-11 1
5 100 231 989.02258300781 1.1100477820555986e-11 1
5 100 232 989.02258300781 1.1302788875541652e-11 1
5 100 233 989.02258300781 1.1302788875541652e-11 1
5 100 234 989.02258300781 1.1302788875541652e-11 1
5 100 235 990.0 1.1504497016179679e-11 1
5 100 236 990.0 1.1504497016179679e-11 1
5 100 237 990.0 1.1504497016179679e-11 1
5 100 238 990.0 1.1504497016179679e-11 1
5 100 239 990.92376708984 1.1504497016179679e-11 1
5 100 240 990.92376708984 1.1504497016179679e-11 1
5 100 241 990.92376708984 1.1504497016179679e-11 1
5 100 242 990.92376708984 1.1504497016179679e-11 1
5 100 243 990.92376708984 1.1832924223316503e-11 1
5 100 244 992.06231689453 1.1832924223316503e-11 1
5 100 245 992.06231689453 1.2014890279977605e-11 1
5 100 246 992.06231689453 1.2014890279977605e-11 1
5 101 24 947.99713134766 8.396055338460146e-12 1
5 101 25 949.30340576172 8.366170373170636e-12 1
5 101 26 952.35620117188 8.333350066139275e-12 1
5 101 27 955.98132324219 8.254824535017892e-12 1
5 101 28 960.0 8.134554040427526e-12 1
5 101 29 961.57019042969 8.035675563835927e-12 1
5 101 30 963.45031738281 7.98353152272608e-12 1
5 101 31 965.13452148438 7.947773391838911e-12 1
5 101 32 965.38409423828 7.919148774420431e-12 1
5 101 33 965.81195068359 7.897520697403273e-12 1
5 101 34 966.14916992188 7.88185028822371e-12 1
5 101 35 967.04846191406 7.87101925005881e-12 1
5 101 36 967.04846191406 7.863707445962687e-12 1
5 101 37 967.04846191406 7.857759095664783e-12 1
5 101 38 967.04846191406 7.851674260660933e-12 1
5 101 39 967.42596435547 7.845598842226727e-12 1
5 101 40 967.42596435547 7.839534415006407e-12 1
5 101 41 967.42596435547 7.833317652496332e-12 1
5 101 42 967.42596435547 7.827110741977592e-12 1
5 101 43 967.42596435547 7.820901747304624e-12 1
5 101 44 967.66680908203 7.81455189614541e-12 1
5 101 45 967.66680908203 7.808189078966994e-12 1
5 101 46 967.66680908203 7.801836614910685e-12 1
5 101 47 967.66680908203 7.795446345370134e-12 1
5 101 48 967.89508056641 7.789034559649244e-12 1
5 101 49 967.89508056641 7.782648053636657e-12 1
5 101 50 967.89508056641 7.776265513942241e-12 1
5 101 51 967.89508056641 7.76983083289063e-12 1
5 101 52 969.34979248047 7.763406792135884e-12 1
5 101 53 969.34979248047 7.756993365307837e-12 1
5 101 54 969.34979248047 7.750623989523837e-12 1
5 101 55 969.34979248047 7.744275582488378e-12 1
5 101 56 969.90972900391 7.73794146216125e-12 1
5 101 57 969.90972900391 7.73171422628921e-12 1
5 101 58 969.90972900391 7.740309406868504e-12 1
5 101 59 969.90972900391 7.740309406868504e-12 1
5 101 60 970.0634765625 7.693197138763542e-12 1
5 101 61 970.0634765625 7.693197138763542e-12 1
5 101 62 970.0634765625 7.67371265145107e-12 1
5 101 63 970.0634765625 7.67371265145107e-12 1
5 101 64 970.46099853516 7.67371265145107e-12 1
5 101 65 970.46099853516 7.655207295435164e-12 1
5 101 66 970.46099853516 7.655207295435164e-12 1
5 101 67 970.46099853516 7.655207295435164e-12 1
5 101 68 970.46099853516 7.655207295435164e-12 1
5 101 69 971.7109375 7.637814500729356e-12 1
5 101 70 971.7109375 7.637814500729356e-12 1
5 101 71 971.7109375 7.637814500729356e-12 1
5 101 72 971.7109375 7.621586198434921e-12 1
5 101 73 971.95324707031 7.621586198434921e-12 1
5 101 74 971.95324707031 7.621586198434921e-12 1
5 101 75 971.95324707031 7.606658147246865e-12 1
5 101 76 971.95324707031 7.606658147246865e-12 1
5 101 77 972.30084228516 7.606658147246865e-12 1
5 101 78 972.30084228516 7.606658147246865e-12 1
5 101 79 972.30084228516 7.606658147246865e-12 1
5 101 80 972.30084228516 7.606658147246865e-12 1
5 101 81 972.82647705078 7.606658147246865e-12 1
5 101 82 972.82647705078 7.606658147246865e-12 1
5 101 83 972.82647705078 7.571453163070964e-12 1
5 101 84 972.82647705078 7.571453163070964e-12 1
5 101 85 973.37805175781 7.562580596769575e-12 1
5 101 86 973.37805175781 7.562580596769575e-12 1
5 102 24 948.91943359375 8.783002766800983e-12 1
5 102 25 951.0634765625 8.698866649278383e-12 1
5 102 26 953.49188232422 8.682438385237923e-12 1
