2 113 272 1007.1708953849516 8.454411023420913e-11 1
2 113 273 997.6944847294048 9.621629874971682e-11 1
2 113 274 982.8167912366546 9.621629874971682e-11 1
2 114 266 981.648273768611 6.642782373579309e-11 1
2 114 267 987.7742197713073 6.268341116044766e-11 1
2 114 268 994.8693076269451 5.984726088640311e-11 1
2 114 269 1010.1170563076478 5.835173320064869e-11 1
2 114 270 1014.7242088619373 5.973437253905326e-11 1
2 114 271 1016.1099870796887 6.531448132448565e-11 1
2 114 272 1014.5641878113483 7.543363472936246e-11 1
2 114 273 1010.1448896658434 8.080150516474462e-11 1
2 114 274 998.7638337965976 8.080150516474462e-11 1
2 115 260 1006.7996465886657 6.282302319949792e-11 1
2 115 261 1008.1285537285689 6.359381653386679e-11 1
2 115 262 1009.5309698141624 6.527582018821457e-11 1
2 115 263 1011.6578299358608 6.727919894355275e-11 1
2 115 264 1012.4753208766459 6.834742241129968e-11 1
2 115 265 1013.1444443410904 6.742996592232429e-11 1
2 115 266 1009.0855345727201 6.456387907107484e-11 1
2 115 267 1016.4474479286669 6.099713760662053e-11 1
2 115 268 1017.5005398062636 5.788113116800752e-11 1
2 115 269 1020.424163979981 5.606064330397174e-11 1
2 116 199 953.1969446369434 5.749030874618514e-11 1
2 116 200 953.6546637668437 5.772327823817095e-11 1
2 116 201 954.1177044895834 5.794109259628406e-11 1
2 116 202 954.6930136700009 5.815880268401228e-11 1
2 116 203 955.2798631870866 5.837830302885134e-11 1
2 116 204 955.8667127041881 5.859185261439688e-11 1
2 116 205 956.4535622212832 5.879441028853523e-11 1
2 116 206 957.2306751828265 5.899837334396478e-11 1
2 116 207 958.0599903891184 5.91977139835103e-11 1
2 116 208 958.8893055953876 5.938280285853853e-11 1
2 116 209 959.7186208017212 5.956905276958562e-11 1
2 116 210 960.5013924152036 5.975368715767722e-11 1
2 116 211 961.2553411615958 5.992474826704133e-11 1
2 116 212 962.0092899080292 6.009219389433516e-11 1
2 116 213 962.7632386544217 6.025986365516569e-11 1
2 116 214 963.5248270439623 6.04150672500393e-11 1
2 116 215 964.2957367590728 6.056126647477942e-11 1
2 116 216 965.0666464742014 6.071016614003981e-11 1
2 116 217 965.8375561893121 6.08586059504822e-11 1
2 116 218 966.7654387000421 6.098428080631084e-11 1
2 116 219 968.0904623839017 6.11139771231909e-11 1
2 116 220 969.4154860676588 6.124422627055169e-11 1
2 116 221 970.7405097513284 6.13603558343969e-11 1
2 116 222 971.9564803513038 6.147098103258584e-11 1
2 116 223 972.7560927280115 6.158163183698871e-11 1
2 116 224 973.5126749650743 6.16830896850713e-11 1
2 116 225 974.2692572021283 6.177532759794514e-11 1
2 116 226 975.0982399949551 6.186877138928655e-11 1
2 116 227 976.2974511166724 6.196170838560544e-11 1
2 116 228 977.5967360177935 6.203839374871616e-11 1
2 116 229 978.8960209190154 6.211526916249335e-11 1
2 116 230 980.261800893308 6.219207102501381e-11 1
2 116 231 982.1839269707525 6.225880534375933e-11 1
2 116 232 984.3648629447496 6.231967532672939e-11 1
2 116 233 986.5457989186299 6.238060794850993e-11 1
2 116 234 988.7072603453636 6.24373438087789e-11 1
2 116 235 990.2383714173083 6.24844739760803e-11 1
2 116 236 991.3305391627728 6.253018953530685e-11 1
2 116 237 992.4227069082956 6.25753540809828e-11 1
2 116 238 993.5148746537892 6.260767077850323e-11 1
2 116 239 994.3576242138915 6.264002087283294e-11 1
2 116 240 994.9237095736231 6.267426705066069e-11 1
2 116 241 995.4801597033688 6.269967848558341e-11 1
2 116 242 996.0366098331292 6.272061462772325e-11 1
2 116 243 996.6743457323753 6.2742092398068e-11 1
2 116 244 997.4697828098336 6.276391115931567e-11 1
2 116 245 998.2763574288978 6.277741832040752e-11 1
2 116 246 999.0829320479406 6.278954386845813e-11 1
2 116 247 999.9480228175983 6.280147102878783e-11 1
2 116 248 1001.0485374677301 6.280816925664149e-11 1
2 116 249 1002.1716948657163 6.28126118792086e-11 1
2 116 250 1003.2948522637619 6.281705513030173e-11 1
2 116 251 1004.374353545699 6.281770261619474e-11 1
2 116 252 1004.6261839952521 6.281681750999578e-11 1
2 116 253 1004.782308393945 6.281624847376856e-11 1
2 116 254 1004.9384327926417 6.281611521304087e-11 1
2 116 255 1005.0945571913346 6.280941808681549e-11 1
2 116 256 1005.2644583450898 6.279721752641975e-11 1
2 116 257 1005.501020005283 6.277188356404447e-11 1
2 116 258 1005.9249885360421 6.273004571038367e-11 1
2 116 259 1007.1978511686808 6.266927000197749e-11 1
2 116 260 1008.3648753181503 6.267584299690933e-11 1
2 116 261 1009.8798030480874 6.304250998430494e-11 1
2 116 262 1011.2884460992327 6.391522549882335e-11 1
2 116 263 1013.897828128013 6.558131668982339e-11 1
2 117 121 961.956037482682 4.114911858786033e-11 1
2 117 122 961.9390531597372 4.122383170702647e-11 1
2 117 123 961.700475112807 4.1298788632818476e-11 1
2 117 124 961.4374916313916 4.1381852808478556e-11 1
2 117 125 961.1745081499556 4.147814340564878e-11 1
2 117 126 960.9340123790147 4.157488316124664e-11 1
2 117 127 960.8004586611147 4.167314936926039e-11 1
2 117 128 960.6956665316668 4.1788352502315764e-11 1
2 117 129 960.5908744022332 4.190511514547248e-11 1
2 117 130 960.5408184601505 4.2022532120027676e-11 1
2 117 131 960.9341318339564 4.2150288080239004e-11 1
2 117 132 961.5263151216718 4.2284180656879315e-11 1
2 117 133 962.1184984093761 4.241896724433293e-11 1
2 117 134 962.7020182887117 4.255935489578789e-11 1
2 117 135 962.9498582925928 4.270849194028686e-11 1
2 117 136 962.9781892619724 4.2858677876263714e-11 1
2 117 137 963.0065202313522 4.3009941567502504e-11 1
2 117 138 963.034851200733 4.317163339890952e-11 1
2 117 139 963.0371388800933 4.333425312111767e-11 1
2 117 140 963.0114260314178 4.349810259364049e-11 1
2 117 141 962.9848623422522 4.3667175144473285e-11 1
2 117 142 962.9582986530872 4.383875874112792e-11 1
2 117 143 963.3158204808065 4.401168385251194e-11 1
2 117 144 964.416958018897 4.418686959898273e-11 1
2 117 145 965.5607029277734 4.436492689539536e-11 1
2 117 146 966.7044478367161 4.454442501236855e-11 1
2 117 147 967.8489480500488 4.472597259647031e-11 1
2 117 148 968.9965944128636 4.4911046025253727e-11 1
2 117 149 970.1444799658468 4.5095744364384036e-11 1
2 117 150 971.2923655188526 4.5281968134417705e-11 1
2 117 151 972.4114391248215 4.547161747251144e-11 1
2 117 152 972.8442334286632 4.5663627985913135e-11 1
2 117 153 973.2152023300458 4.5858056425282536e-11 1
2 117 154 973.5861712313996 4.60639625622806e-11 1
2 117 155 973.9571401327573 4.627092918383596e-11 1
2 117 156 974.5458694098633 4.6475616938491716e-11 1
2 117 157 975.1923559192157 4.668307927150704e-11 1
2 117 158 975.8388424285865 4.690910004890216e-11 1
2 117 159 976.4853289379512 4.712944801749523e-11 1
2 117 160 976.9073491874999 4.735187585436894e-11 1
2 117 161 977.1936693800048 4.758186867179649e-11 1
2 117 162 977.4799895725016 4.781633104021788e-11 1
2 117 163 977.7663097650205 4.805395973870838e-11 1
2 117 164 977.8132992779471 4.829782111612511e-11 1
2 117 165 977.5748758064938 4.8540111324678963e-11 1
2 117 166 977.3364523350269 4.8784844729429077e-11 1
2 117 167 977.0980288635736 4.902966481732043e-11 1
2 117 168 976.7557594868478 4.9266091189792456e-11 1
2 117 169 976.1579477353678 4.9507737388935566e-11 1
2 117 170 975.560135983905 4.975176578273964e-11 1
2 117 171 974.9623242323958 4.998752669345271e-11 1
2 117 172 974.3560897431967 5.0223031491211934e-11 1
2 117 173 973.719251442999 5.0460818893661616e-11 1
2 117 174 973.0791427265383 5.0696408649431265e-11 1
2 117 175 972.4390340101633 5.092683545596178e-11 1
2 117 176 971.8437571125675 5.115936651217625e-11 1
2 117 177 971.469235305817 5.139473352224097e-11 1
2 117 178 971.1542832991091 5.162351021070071e-11 1
2 117 179 970.8393312924079 5.1852367402240875e-11 1
2 117 180 970.510415886975 5.208326276744475e-11 1
2 117 181 970.0667501052724 5.230906639842697e-11 1
2 117 182 969.5706288815819 5.2533922237769384e-11 1
2 117 183 969.0745076578859 5.276126558629413e-11 1
2 117 184 968.587183734622 5.2989000143108806e-11 1
2 117 185 968.4086498371553 5.320935614962373e-11 1
2 117 186 968.438618902163 5.3431552520635485e-11 1
2 117 187 968.4685879671702 5.36606234177893e-11 1
2 117 188 968.498557032178 5.3881887852220264e-11 1
2 117 189 968.5427370154375 5.409918931399461e-11 1
2 117 190 968.6024268220699 5.4318250592753127e-11 1
2 117 191 968.6626256647388 5.453146996637571e-11 1
2 117 192 968.722824507403 5.4743268491201855e-11 1
2 117 193 968.8576605008502 5.495787721454552e-11 1
2 117 194 969.1370615571542 5.517797962623594e-11 1
2 117 195 969.4257302140076 5.538612698742584e-11 1
2 117 196 969.7143988708689 5.559258775746171e-11 1
2 117 197 970.1789098139391 5.5799941818149386e-11 1
2 117 198 971.3627306186346 5.599514841224474e-11 1
2 117 199 972.6085158203633 5.6191725595165656e-11 1
2 117 200 973.854301022058 5.639335568475138e-11 1
2 117 201 975.0678352817619 5.658978679890008e-11 1
2 117 202 975.6009786017945 5.677389991770782e-11 1
2 117 203 976.0641829499801 5.695895320585901e-11 1
2 117 204 976.5273872981786 5.7138627566963245e-11 1
2 117 205 976.9905916463719 5.730857993826531e-11 1
2 117 206 977.7516274407236 5.747954633379778e-11 1
2 117 207 978.5943787221735 5.7659085168459803e-11 1
2 117 208 979.4371300036005 5.7820993486591146e-11 1
2 117 209 980.2798812850928 5.7977873463402253e-11 1
2 117 210 981.1348761292373 5.813560705004541e-11 1
2 117 211 981.9974529961772 5.828023045403837e-11 1
2 117 212 982.8600298631644 5.841990857921149e-11 1
2 117 213 983.7226067301046 5.856160693231488e-11 1
2 117 214 984.7725870776917 5.870266098032324e-11 1
2 117 215 986.0512232444305 5.882569159235047e-11 1
2 117 216 987.3298594111995 5.894923898918478e-11 1
2 117 217 988.6084955779387 5.908297442241329e-11 1
2 117 218 989.7578429357601 5.919919023496899e-11 1
2 117 219 990.580089607125 5.930688679594263e-11 1
2 117 220 991.4023362784262 5.941497591931483e-11 1
2 117 221 992.2245829496733 5.951172312840605e-11 1
2 117 222 993.050975436566 5.960403338700972e-11 1
2 117 223 993.8931964018911 5.969793339154983e-11 1
2 117 224 994.7370532221388 5.979520979528857e-11 1
2 117 225 995.5809100423766 5.98757678415812e-11 1
2 117 226 996.3760566999151 5.995303344607584e-11 1
2 117 227 996.9221184995022 6.00298568542795e-11 1
2 117 228 997.4008519473863 6.009344985045889e-11 1
2 117 229 997.8795853953075 6.015717772478152e-11 1
2 117 230 998.3881289381452 6.022447303972698e-11 1
2 117 231 999.1460853979247 6.028561693532615e-11 1
2 117 232 1000.0200677107913 6.033626626791899e-11 1
2 117 233 1000.894050023611 6.038681937434864e-11 1
2 117 234 1001.7590620249345 6.043278012675113e-11 1
2 117 235 1002.3337238071033 6.047113902295309e-11 1
2 117 236 1002.7062007406904 6.050954664567295e-11 1
2 117 237 1003.0786776742976 6.055158924347356e-11 1
2 117 238 1003.4511546078948 6.05823529556758e-11 1
2 117 239 1003.7923361254487 6.060990221949261e-11 1
2 118 61 973.8192730455327 4.6114395748623315e-11 1
2 118 62 974.4457297319352 4.5994549336495706e-11 1
2 118 63 973.1809927466062 4.576177641372486e-11 1
2 118 64 973.1380732147078 4.5511383760917e-11 1
2 118 65 974.5103004510396 4.531245480817762e-11 1
2 118 66 974.848284808782 4.516483431494836e-11 1
2 118 67 975.5242535242719 4.5061379521696723e-11 1
2 118 68 975.7844980698493 4.49696042139822e-11 1
2 118 69 975.8635941852459 4.48827085218999e-11 1
2 118 70 975.9426903006473 4.479614800282574e-11 1
2 118 71 976.0217864160439 4.470608148619826e-11 1
2 118 72 976.0458506447164 4.461483281590524e-11 1
2 118 73 975.8873926217208 4.4523265684064016e-11 1
2 118 74 975.7082815699346 4.442529843285812e-11 1
2 118 75 975.5291705181513 4.4328129233090265e-11 1
2 118 76 975.3587608623021 4.423313936442577e-11 1
2 118 77 975.2284265024979 4.413830087634169e-11 1
2 118 78 975.1088162279451 4.403857260500142e-11 1
2 118 79 974.9892059533914 4.393929397973687e-11 1
2 118 80 974.9091744341085 4.383935954985354e-11 1
2 118 81 975.1461961774614 4.3739273868670825e-11 1
2 118 82 975.5225518707709 4.363951112402583e-11 1
2 118 83 975.8989075640484 4.354019046369892e-11 1
2 118 84 976.2743420121271 4.3442119875225785e-11 1
2 118 85 976.6094915970621 4.334480378038222e-11 1
2 118 86 976.9191613898031 4.3247366496199196e-11 1
2 118 87 977.2288311825683 4.3150590385179314e-11 1
2 118 88 977.5385009753096 4.305835023187671e-11 1
2 118 89 977.6782955503595 4.296525395324895e-11 1
2 118 90 977.6379494116917 4.287255937226022e-11 1
2 118 91 977.5926451703153 4.278397645812245e-11 1
2 118 92 977.5473409289375 4.26972517140808e-11 1
2 118 93 977.4730195629271 4.2610926323557726e-11 1
2 118 94 977.3424763747088 4.252617899776277e-11 1
2 118 95 977.209110139379 4.2443971530599956e-11 1
2 118 96 977.0757439040535 4.236252008191902e-11 1
2 118 97 976.9686751560832 4.228167475372984e-11 1
2 118 98 976.9733150674791 4.220725315908791e-11 1
2 118 99 976.9853101926326 4.213309308872355e-11 1
2 118 100 976.9973053177871 4.205847521162421e-11 1
2 118 101 977.0199717569375 4.199286207584908e-11 1
2 118 102 977.3349807372025 4.1931321098853574e-11 1
2 118 103 977.6726548761827 4.1869553323971834e-11 1
2 118 104 978.0103290151526 4.180988393334375e-11 1
2 118 105 978.3480031541486 4.1761932438034576e-11 1
2 118 106 978.7340840456744 4.1716068783971946e-11 1
2 118 107 979.1325680908855 4.1671115872245187e-11 1
2 118 108 979.5310521361201 4.164313834948571e-11 1
2 118 109 979.9295361813311 4.161519836911452e-11 1
2 118 110 980.3120725393709 4.158483202581627e-11 1
2 118 111 980.68519832524 4.1566564692907956e-11 1
2 118 112 981.0583241111157 4.155867746285654e-11 1
2 118 113 981.4314498969846 4.15509150788611e-11 1
2 118 114 981.8203784058979 4.155002342868842e-11 1
2 118 115 982.2277272669392 4.1562696052782823e-11 1
2 118 116 982.6350761279487 4.157668152448336e-11 1
2 118 117 983.0424249889617 4.159166157030653e-11 1
2 118 118 983.3559636895124 4.162592940010983e-11 1
2 118 119 983.4448992172992 4.165727548197135e-11 1
2 118 120 983.5338347450885 4.1688668809256365e-11 1
2 118 121 983.6227702728771 4.173052772716676e-11 1
2 118 122 983.722940731725 4.177668684284264e-11 1
2 118 123 983.8620642334607 4.18239470150887e-11 1
2 118 124 984.0054778654332 4.188640767279093e-11 1
2 118 125 984.1488914974171 4.195433442364374e-11 1
2 118 126 984.296706427827 4.201831899302224e-11 1
2 118 127 984.4654520746604 4.208402954712197e-11 1
2 118 128 984.6398269443847 4.2177936081424016e-11 1
2 118 129 984.8142018140851 4.2262962581890195e-11 1
2 118 130 985.0155176943433 4.234833258466369e-11 1
2 118 131 985.4350588107307 4.244858641451601e-11 1
2 118 132 985.952483186895 4.2555216241515656e-11 1
2 118 133 986.4699075630496 4.2664040314745e-11 1
2 118 134 986.9826893156047 4.279158455097513e-11 1
2 118 135 987.315583979474 4.2921730951257914e-11 1
2 118 136 987.5308462082387 4.3048256047514363e-11 1
2 118 137 987.7461084370054 4.317658355077709e-11 1
2 118 138 987.9613706657784 4.332485645394158e-11 1
2 118 139 988.1680589478875 4.346736499578541e-11 1
2 118 140 988.3655289233386 4.361081413884629e-11 1
2 118 141 988.5627187859054 4.376247546141577e-11 1
2 118 142 988.7599086484665 4.391814844519374e-11 1
2 118 143 988.9451766014142 4.4075835792664e-11 1
2 118 144 989.1073629256114 4.424100439465616e-11 1
2 118 145 989.2682267286639 4.440677654632453e-11 1
2 118 146 989.4290905317257 4.4573795675257585e-11 1
2 118 147 989.618595950005 4.474650771032639e-11 1
2 118 148 989.9274053141232 4.4922144579679864e-11 1
2 118 149 990.2452849187733 4.509641224019641e-11 1
2 118 150 990.5631645234297 4.527203724857347e-11 1
2 118 151 990.8751780812137 4.545168970179615e-11 1
2 118 152 991.0474667343398 4.5630507726507546e-11 1
2 118 153 991.2071678761819 4.5810642681220396e-11 1
2 118 154 991.3668690180115 4.599124388058967e-11 1
2 118 155 991.5265701598428 4.6171687025435983e-11 1
2 118 156 991.7114987117882 4.6353551657267984e-11 1
2 118 157 991.9031184047552 4.653891639132121e-11 1
2 118 158 992.0947380977276 4.672241998958203e-11 1
2 118 159 992.2863577906983 4.6903712595255517e-11 1
2 118 160 992.4467919128855 4.7086417586520946e-11 1
2 118 161 992.5883729400214 4.7268278142990257e-11 1
2 119 54 969.1353417706742 5.047679805603366e-11 1
2 119 55 971.2359430063788 4.9741332704618606e-11 1
2 119 56 972.7286335920824 4.8434943492445626e-11 1
2 119 57 973.3811705509248 4.6982271592989194e-11 1
2 119 58 974.7852499731396 4.5968382467601136e-11 1
2 119 59 976.7254829083528 4.56088138230651e-11 1
2 119 60 978.3886240098536 4.576137329103683e-11 1
2 119 61 979.5884827535017 4.5858073737847694e-11 1
2 119 62 981.2240025298959 4.582714878201363e-11 1
2 119 63 982.3689550344989 4.5694731380461584e-11 1
2 119 64 982.969235634391 4.554147147032457e-11 1
2 119 65 983.5533026081 4.5414880905015046e-11 1
2 119 66 983.6129603987913 4.532160975210509e-11 1
2 119 67 983.7322759801749 4.526198135948412e-11 1
2 119 68 983.8420866865266 4.520496694425213e-11 1
2 119 69 984.0687631492418 4.5155209856072754e-11 1
2 119 70 984.2954396119709 4.510556218267304e-11 1
2 119 71 984.522116074686 4.504616177189451e-11 1
2 119 72 984.7181223562231 4.4994750365433983e-11 1
2 119 73 984.8124059663787 4.4943790275081975e-11 1
2 119 74 984.8951793018094 4.489031236631685e-11 1
2 119 75 984.9779526372386 4.483265908785107e-11 1
2 119 76 985.0636030336524 4.4775153709316584e-11 1
2 119 77 985.1625040707495 4.470816752391915e-11 1
2 119 78 985.2649509581281 4.4633192911390235e-11 1
2 119 79 985.3673978455076 4.4565903545696324e-11 1
2 120 48 961.402818963191 4.985848028599102e-11 1
2 120 49 962.3888732092247 5.053262264656096e-11 1
2 120 50 963.5111084004552 5.091163691293989e-11 1
2 120 51 964.9760380170829 5.1003720171872945e-11 1
2 120 52 966.7953874562093 5.080144189089031e-11 1
2 120 53 968.8385896094289 5.0322989994860456e-11 1
2 120 54 971.0617664424175 4.9536729418184057e-11 1
2 120 55 972.6524995663433 4.836684038733702e-11 1
2 120 56 973.9816310132492 4.691968403200026e-11 1
2 120 57 975.9099571927663 4.5763896178979944e-11 1
2 121 48 961.7083337912077 5.002390227690845e-11 1
2 121 49 963.1692120111803 5.071938686425014e-11 1
2 121 50 964.2621590930797 5.100657955784175e-11 1
2 121 51 965.5063243213411 5.089514602766015e-11 1
