1 19 27 1016.4505721736065 8.025265765914338e-09 1
1 20 17 939.6837875056465 9.000000000000001e-07 1
1 20 18 947.5620834040765 1.6143736820163768e-07 1
1 20 19 954.9911605525165 5.339263459249444e-08 1
1 20 20 966.2877914118965 2.340047091986865e-08 1
1 20 21 970.8726302790765 1.6476161909824505e-08 1
1 20 22 990.4949447322065 1.093139158965714e-08 1
1 20 23 1019.4671737361065 7.837335980624142e-09 1
1 20 24 1031.3745834040765 7.080239920902328e-09 1
1 20 25 1035.3733627009565 6.904690488359578e-09 1
1 20 26 1040.9224960017366 7.171014814144638e-09 1
1 20 27 1051.0667831111066 7.156911756854627e-09 1
1 21 11 985.1112167048565 1.0642035279192093e-08 1
1 21 12 991.2492782282965 1.036982568711014e-08 1
1 21 13 998.0916244197065 1.1379525096831459e-08 1
1 21 14 1002.7592269587665 1.2278974953409665e-08 1
1 21 15 1006.0280257868965 1.2434236988851996e-08 1
1 21 16 1010.5911971736065 1.2506955093842877e-08 1
1 21 17 1014.0210677790765 1.2997363612564518e-08 1
1 21 18 1017.1131087947065 1.326379531499846e-08 1
