4 19 27 989.2619166234774 5.1003088278201924e-11 1
4 20 17 912.4951319555174 1.8495888104119484e-11 1
4 20 18 920.3734278539474 1.8255565855051855e-11 1
4 20 19 927.8025050023874 1.843397025261293e-11 1
4 20 20 939.0991358617674 1.9627136506441836e-11 1
4 20 21 943.6839747289474 2.19110703301415e-11 1
4 20 22 963.3062891820774 2.4902343258559568e-11 1
4 20 23 992.2785181859774 2.7745815462468485e-11 1
4 20 24 1004.1859278539474 2.946467908827312e-11 1
4 20 25 1008.1847071508274 3.074488407758902e-11 1
4 20 26 1013.7338404516074 3.518098562398329e-11 1
4 20 27 1023.8781275609774 4.5826023584911396e-11 1
4 21 11 957.9225611547274 1.9074575773860805e-11 1
4 21 12 964.0606226781674 1.91218879265004e-11 1
4 21 13 970.9029688695774 1.8789733029720065e-11 1
4 21 14 975.5705714086374 1.8010091103290164e-11 1
4 21 15 978.8393702367674 1.7607359325968274e-11 1
4 21 16 983.4025416234774 1.718508262664109e-11 1
4 21 17 986.8324122289474 1.696832305820207e-11 1
4 21 18 989.9244532445774 1.6881594372801875e-11 1
