5 113 272 1032.404272905359 1.089027005910594e-11 1
5 113 273 1022.9278622498123 1.1176923037567372e-11 1
5 113 274 1008.050168757062 1.1176923037567372e-11 1
5 114 266 1006.8816512890185 8.635516283967733e-12 1
5 114 267 1013.0075972917148 9.105985659809342e-12 1
5 114 268 1020.1026851473525 9.502402261922767e-12 1
5 114 269 1035.3504338280552 9.813379864656342e-12 1
5 114 270 1039.9575863823447 1.0029157776198447e-11 1
5 114 271 1041.343364600096 1.0248567111594759e-11 1
5 114 272 1039.7975653317558 1.0603022938525631e-11 1
5 114 273 1035.3782671862507 1.0976359357860777e-11 1
5 114 274 1023.997211317005 1.0976359357860777e-11 1
5 115 260 1032.033024109073 6.628902972373803e-12 1
5 115 261 1033.3619312489764 6.722462606190182e-12 1
5 115 262 1034.7643473345697 6.8697415715771935e-12 1
5 115 263 1036.8912074562681 7.0941276506090526e-12 1
5 115 264 1037.7086983970532 7.392711963664138e-12 1
5 115 265 1038.3778218614978 7.75685851480002e-12 1
5 115 266 1034.3189120931274 8.185295915468105e-12 1
5 115 267 1041.6808254490743 8.656507595616485e-12 1
5 115 268 1042.733917326671 9.134841748935693e-12 1
5 115 269 1045.6575415003883 9.586290182046833e-12 1
5 116 199 978.4303221573508 4.9257212377896635e-12 1
5 116 200 978.8880412872511 4.949141480193886e-12 1
5 116 201 979.3510820099908 4.9727604995058426e-12 1
5 116 202 979.9263911904084 4.996431375211549e-12 1
5 116 203 980.513240707494 5.020323970901147e-12 1
5 116 204 981.1000902245955 5.044366252247936e-12 1
5 116 205 981.6869397416906 5.06850774489583e-12 1
5 116 206 982.464052703234 5.0928814230315125e-12 1
5 116 207 983.2933679095258 5.117637791648541e-12 1
5 116 208 984.122683115795 5.1421908648520594e-12 1
5 116 209 984.9519983221286 5.166980672151734e-12 1
5 116 210 985.734769935611 5.192065359100243e-12 1
5 116 211 986.4887186820032 5.217112821707192e-12 1
5 116 212 987.2426674284367 5.24226092675723e-12 1
5 116 213 987.9966161748291 5.2676550685294695e-12 1
5 116 214 988.7582045643697 5.293083584353225e-12 1
5 116 215 989.5291142794803 5.3184306559715424e-12 1
5 116 216 990.3000239946089 5.344052324468449e-12 1
5 116 217 991.0709337097195 5.3698855396442086e-12 1
5 116 218 991.9988162204495 5.395260627538782e-12 1
5 116 219 993.3238399043091 5.421014890255323e-12 1
5 116 220 994.6488635880662 5.447016208102468e-12 1
5 116 221 995.9738872717359 5.4727543493149314e-12 1
5 116 222 997.1898578717112 5.4985274973124645e-12 1
5 116 223 997.9894702484189 5.5245036351626265e-12 1
5 116 224 998.7460524854818 5.550052974727462e-12 1
5 116 225 999.5026347225357 5.575500065388191e-12 1
5 116 226 1000.3316175153625 5.6013344929731735e-12 1
5 116 227 1001.5308286370798 5.627363844586631e-12 1
5 116 228 1002.830113538201 5.652675766706339e-12 1
5 116 229 1004.1293984394229 5.678216424086042e-12 1
5 116 230 1005.4951784137154 5.703724842529444e-12 1
5 116 231 1007.4173044911599 5.7282633317933815e-12 1
5 116 232 1009.598240465157 5.753455108608617e-12 1
5 116 233 1011.7791764390373 5.7788922946557375e-12 1
5 116 234 1013.940637865771 5.803759245203201e-12 1
5 116 235 1015.4717489377157 5.8281292118312686e-12 1
5 116 236 1016.5639166831802 5.853048237637948e-12 1
5 116 237 1017.656084428703 5.878123195597482e-12 1
5 116 238 1018.7482521741966 5.9021917086449976e-12 1
5 116 239 1019.591001734299 5.926458133516618e-12 1
5 116 240 1020.1570870940305 5.950481293775072e-12 1
5 116 241 1020.7135372237763 5.9738141555967924e-12 1
5 116 242 1021.2699873535366 5.997190555845947e-12 1
5 116 243 1021.9077232527827 6.0206340961161914e-12 1
5 116 244 1022.7031603302411 6.042810810375731e-12 1
5 116 245 1023.5097349493052 6.064756634390863e-12 1
5 116 246 1024.316309568348 6.0871838195291435e-12 1
5 116 247 1025.1814003380057 6.109658497676561e-12 1
5 116 248 1026.2819149881375 6.1300744965568204e-12 1
5 116 249 1027.4050723861237 6.151257440965257e-12 1
5 116 250 1028.5282297841693 6.172587291610277e-12 1
5 116 251 1029.6077310661065 6.1927108794322715e-12 1
5 116 252 1029.8595615156594 6.21241576492738e-12 1
5 116 253 1030.0156859143524 6.232149736747062e-12 1
5 116 254 1030.171810313049 6.25057727865093e-12 1
5 116 255 1030.327934711742 6.2730869238892585e-12 1
5 116 256 1030.497835865497 6.30732190233288e-12 1
5 116 257 1030.7343975256904 6.354142644867185e-12 1
5 116 258 1031.1583660564495 6.416582155624614e-12 1
5 116 259 1032.4312286890881 6.496782562890267e-12 1
5 116 260 1033.5982528385578 6.588151155411417e-12 1
5 116 261 1035.1131805684947 6.680520602726471e-12 1
5 116 262 1036.5218236196401 6.792508727289686e-12 1
5 116 263 1039.1312056484203 6.987875498612423e-12 1
5 117 121 987.1894150030894 3.951800153719169e-12 1
5 117 122 987.1724306801447 3.948634323945606e-12 1
5 117 123 986.9338526332144 3.945480009193483e-12 1
5 117 124 986.670869151799 3.942873943333121e-12 1
5 117 125 986.407885670363 3.941160320980976e-12 1
5 117 126 986.1673898994221 3.939448187505179e-12 1
5 117 127 986.0338361815221 3.937616970313746e-12 1
5 117 128 985.9290440520742 3.937278522276981e-12 1
5 117 129 985.8242519226407 3.937069191770092e-12 1
5 117 130 985.7741959805579 3.9368598835206556e-12 1
5 117 131 986.1675093543638 3.9376196373989104e-12 1
5 117 132 986.7596926420792 3.9389749302202845e-12 1
5 117 133 987.3518759297835 3.940336939334341e-12 1
5 117 134 987.9353958091191 3.942274212089398e-12 1
5 117 135 988.1832358130002 3.945155492208276e-12 1
5 117 136 988.2115667823798 3.948040987075611e-12 1
5 117 137 988.2398977517596 3.950795475965863e-12 1
5 117 138 988.2682287211404 3.954975561059786e-12 1
5 117 139 988.2705164005007 3.959343844370639e-12 1
5 117 140 988.2448035518253 3.963721787917353e-12 1
5 117 141 988.2182398626596 3.96891729718962e-12 1
5 117 142 988.1916761734947 3.974708111764749e-12 1
5 117 143 988.5491980012139 3.9805230910335846e-12 1
5 117 144 989.6503355393045 3.986856189150313e-12 1
5 117 145 990.7940804481808 3.994033196585556e-12 1
5 117 146 991.9378253571235 4.00123609024599e-12 1
5 117 147 993.0823255704562 4.008230887155468e-12 1
5 117 148 994.229971933271 4.016340389725639e-12 1
5 117 149 995.3778574862542 4.024803473443757e-12 1
5 117 150 996.5257430392601 4.0333022986681725e-12 1
5 117 151 997.644816645229 4.042552157844465e-12 1
5 117 152 998.0776109490706 4.052134632794744e-12 1
5 117 153 998.4485798504533 4.061690372800159e-12 1
5 117 154 998.819548751807 4.071023079494316e-12 1
5 117 155 999.1905176531648 4.081296391502073e-12 1
5 117 156 999.7792469302707 4.091879759889876e-12 1
5 117 157 1000.4257334396232 4.10251819449602e-12 1
5 117 158 1001.072219948994 4.113410799830884e-12 1
5 117 159 1001.7187064583586 4.124813385708294e-12 1
5 117 160 1002.1407267079073 4.136279364420604e-12 1
5 117 161 1002.4270469004123 4.148240753347612e-12 1
5 117 162 1002.713367092909 4.160446763613302e-12 1
5 117 163 1002.999687285428 4.1726766236770006e-12 1
5 117 164 1003.0466767983545 4.185062884061666e-12 1
5 117 165 1002.8082533269012 4.198253217970419e-12 1
5 117 166 1002.5698298554344 4.2115269604236924e-12 1
5 117 167 1002.3314063839811 4.224984177484573e-12 1
5 117 168 1001.9891370072552 4.239673222741612e-12 1
5 117 169 1001.3913252557752 4.2543238352528405e-12 1
5 117 170 1000.7935135043124 4.269076052165623e-12 1
5 117 171 1000.1957017528032 4.284824040474208e-12 1
5 117 172 999.5894672636041 4.3009424771199454e-12 1
5 117 173 998.9526289634065 4.317179508909524e-12 1
5 117 174 998.3125202469457 4.333913721377415e-12 1
5 117 175 997.6724115305707 4.3513959446160804e-12 1
5 117 176 997.0771346329749 4.369019779336127e-12 1
5 117 177 996.7026128262245 4.3868205782201685e-12 1
5 117 178 996.3876608195166 4.405511603942429e-12 1
5 117 179 996.0727088128153 4.424414220358e-12 1
5 117 180 995.7437934073824 4.443479745712252e-12 1
5 117 181 995.3001276256798 4.4631890027685524e-12 1
5 117 182 994.8040064019893 4.4832689036250935e-12 1
5 117 183 994.3078851782933 4.503508640523002e-12 1
5 117 184 993.8205612550295 4.524042919407193e-12 1
5 117 185 993.6420273575627 4.545216255070272e-12 1
5 117 186 993.6719964225704 4.566588712708702e-12 1
5 117 187 993.7019654875776 4.587873562263361e-12 1
5 117 188 993.7319345525855 4.609594205622595e-12 1
5 117 189 993.776114535845 4.631901922951764e-12 1
5 117 190 993.8358043424773 4.654426602641451e-12 1
5 117 191 993.8960031851462 4.677252039560352e-12 1
5 117 192 993.9562020278104 4.700335321350704e-12 1
5 117 193 994.0910380212576 4.723571956926199e-12 1
5 117 194 994.3704390775616 4.746480553052143e-12 1
5 117 195 994.659107734415 4.7700381116846655e-12 1
5 117 196 994.9477763912763 4.794067605604381e-12 1
5 117 197 995.4122873343465 4.818340329574203e-12 1
5 117 198 996.596108139042 4.842858044535806e-12 1
5 117 199 997.8418933407708 4.867626548229199e-12 1
5 117 200 999.0876785424655 4.892349831037888e-12 1
5 117 201 1000.3012128021693 4.916894187778012e-12 1
5 117 202 1000.8343561222019 4.942371799680973e-12 1
5 117 203 1001.2975604703876 4.968135231152928e-12 1
5 117 204 1001.760764818586 4.994140536799995e-12 1
5 117 205 1002.2239691667793 5.020372952869393e-12 1
5 117 206 1002.985004961131 5.046882402908036e-12 1
5 117 207 1003.8277562425809 5.072858306829839e-12 1
5 117 208 1004.6705075240079 5.0989269209234825e-12 1
5 117 209 1005.5132588055002 5.125880174601995e-12 1
5 117 210 1006.3682536496448 5.153119895810303e-12 1
5 117 211 1007.2308305165847 5.180464256378662e-12 1
5 117 212 1008.0934073835718 5.208024299880445e-12 1
5 117 213 1008.9559842505121 5.235742030477018e-12 1
5 117 214 1010.0059645980991 5.2629831501591204e-12 1
5 117 215 1011.2846007648379 5.290926935814388e-12 1
5 117 216 1012.563236931607 5.319169040203258e-12 1
5 117 217 1013.8418730983461 5.346606093454561e-12 1
5 117 218 1014.9912204561675 5.3738255444946225e-12 1
5 117 219 1015.8134671275325 5.402326011605525e-12 1
5 117 220 1016.6357137988336 5.431130399100607e-12 1
5 117 221 1017.4579604700807 5.4596554397683384e-12 1
5 117 222 1018.2843529569734 5.488241766111612e-12 1
5 117 223 1019.1265739222986 5.516968647077161e-12 1
5 117 224 1019.9704307425462 5.544474825409238e-12 1
5 117 225 1020.814287562784 5.572554825375506e-12 1
5 117 226 1021.6094342203226 5.601396518051898e-12 1
5 117 227 1022.1554960199096 5.630486092898201e-12 1
5 117 228 1022.6342294677937 5.65877830131984e-12 1
5 117 229 1023.1129629157149 5.687356272452974e-12 1
5 117 230 1023.6215064585526 5.715693259992322e-12 1
5 117 231 1024.3794629183321 5.742835423662398e-12 1
5 117 232 1025.2534452311986 5.770968799630517e-12 1
5 117 233 1026.1274275440185 5.799409835557141e-12 1
5 117 234 1026.9924395453418 5.8276204553019616e-12 1
5 117 235 1027.5671013275107 5.8552599008791235e-12 1
5 117 236 1027.9395782610977 5.883162774543542e-12 1
5 117 237 1028.312055194705 5.910424873468697e-12 1
5 117 238 1028.6845321283022 5.93667712289615e-12 1
5 117 239 1029.025713645856 5.96386661486063e-12 1
5 118 61 999.0526505659401 3.887665885589919e-12 1
5 118 62 999.6791072523426 3.861256159022476e-12 1
5 118 63 998.4143702670136 3.845609397319801e-12 1
5 118 64 998.3714507351152 3.836693735550905e-12 1
5 118 65 999.743677971447 3.83152153463872e-12 1
5 118 66 1000.0816623291894 3.828550140863829e-12 1
5 118 67 1000.7576310446793 3.826674232581317e-12 1
5 118 68 1001.0178755902567 3.825520857927873e-12 1
5 118 69 1001.0969717056533 3.824291950960872e-12 1
5 118 70 1001.1760678210547 3.823063833286312e-12 1
5 118 71 1001.2551639364514 3.822117556389116e-12 1
5 118 72 1001.2792281651239 3.821285171543149e-12 1
5 118 73 1001.1207701421282 3.820464839812401e-12 1
5 118 74 1000.941659090342 3.819897438492517e-12 1
5 118 75 1000.7625480385587 3.8195040627758384e-12 1
5 118 76 1000.5921383827095 3.819055344740421e-12 1
5 118 77 1000.4618040229053 3.818624769565179e-12 1
5 118 78 1000.3421937483525 3.818570702329742e-12 1
5 118 79 1000.2225834737989 3.8185166366253315e-12 1
5 118 80 1000.142551954516 3.818546510342358e-12 1
5 118 81 1000.3795736978689 3.8189581204692885e-12 1
5 118 82 1000.7559293911784 3.819258918727073e-12 1
5 118 83 1001.1322850844558 3.8195534094392546e-12 1
5 118 84 1001.5077195325346 3.820076584886796e-12 1
5 118 85 1001.8428691174695 3.820778996433739e-12 1
5 118 86 1002.1525389102105 3.821371166139527e-12 1
5 118 87 1002.4622087029758 3.821991005422606e-12 1
5 118 88 1002.771878495717 3.823067758454122e-12 1
5 118 89 1002.9116730707669 3.823878831672992e-12 1
5 118 90 1002.8713269320991 3.824690249107241e-12 1
5 118 91 1002.8260226907228 3.82552539582157e-12 1
5 118 92 1002.7807184493449 3.8263703526167776e-12 1
5 118 93 1002.7063970833345 3.827279771016633e-12 1
5 118 94 1002.5758538951162 3.828677228961276e-12 1
5 118 95 1002.4424876597865 3.829688456737786e-12 1
5 118 96 1002.309121424461 3.830469430575336e-12 1
5 118 97 1002.2020526764907 3.831237174421557e-12 1
5 118 98 1002.2066925878866 3.8317223641446765e-12 1
5 118 99 1002.21868771304 3.8322076767726894e-12 1
5 118 100 1002.2306828381945 3.8330265257574756e-12 1
5 118 101 1002.2533492773449 3.833370071901546e-12 1
5 118 102 1002.5683582576099 3.833358636525588e-12 1
5 118 103 1002.9060323965901 3.83343383418967e-12 1
5 118 104 1003.24370653556 3.8338453304889835e-12 1
5 118 105 1003.581380674556 3.833384003812486e-12 1
5 118 106 1003.9674615660819 3.832712118204558e-12 1
5 118 107 1004.3659456112929 3.832012745153175e-12 1
5 118 108 1004.7644296565276 3.830735328620062e-12 1
5 118 109 1005.1629137017385 3.829458763466806e-12 1
5 118 110 1005.5454500597783 3.828287444470116e-12 1
5 118 111 1005.9185758456474 3.826758378846357e-12 1
5 118 112 1006.2917016315231 3.825173083516606e-12 1
5 118 113 1006.6648274173921 3.8235930144250944e-12 1
5 118 114 1007.0537559263054 3.821935675519028e-12 1
5 118 115 1007.4611047873466 3.820431265016833e-12 1
5 118 116 1007.8684536483561 3.8190861090842835e-12 1
5 118 117 1008.2758025093691 3.817761820741935e-12 1
5 118 118 1008.5893412099198 3.817011186006924e-12 1
5 118 119 1008.6782767377066 3.816617730677764e-12 1
5 118 120 1008.7672122654959 3.8162243564545365e-12 1
5 118 121 1008.8561477932845 3.816788083589303e-12 1
5 118 122 1008.9563182521324 3.817738601763879e-12 1
5 118 123 1009.0954417538682 3.818614192644599e-12 1
5 118 124 1009.2388553858407 3.81929234615924e-12 1
5 118 125 1009.3822690178246 3.821107717102857e-12 1
5 118 126 1009.5300839482344 3.823233661854065e-12 1
5 118 127 1009.6988295950679 3.825362494218841e-12 1
5 118 128 1009.8732044647921 3.827790016471854e-12 1
5 118 129 1010.0475793344925 3.830869729303546e-12 1
5 118 130 1010.2488952147507 3.833954401795129e-12 1
5 118 131 1010.6684363311381 3.837641411880323e-12 1
5 118 132 1011.1858607073025 3.841577209852395e-12 1
5 118 133 1011.703285083457 3.845420775806604e-12 1
5 118 134 1012.2160668360121 3.848915596839021e-12 1
5 118 135 1012.5489614998814 3.853508267253933e-12 1
5 118 136 1012.7642237286461 3.858369899793643e-12 1
5 118 137 1012.9794859574129 3.863260214706704e-12 1
5 118 138 1013.1947481861858 3.868687940648814e-12 1
5 118 139 1013.401436468295 3.874545006950826e-12 1
5 118 140 1013.598906443746 3.880419834954941e-12 1
5 118 141 1013.7960963063128 3.887047502116259e-12 1
5 118 142 1013.993286168874 3.8939956805491065e-12 1
5 118 143 1014.1785541218217 3.900914351801696e-12 1
5 118 144 1014.3407404460188 3.9080437812348175e-12 1
5 118 145 1014.5016042490713 3.916169893487239e-12 1
5 118 146 1014.6624680521331 3.924329869890631e-12 1
5 118 147 1014.8519734704124 3.932325930373321e-12 1
5 118 148 1015.1607828345307 3.94155613687449e-12 1
5 118 149 1015.4786624391808 3.951016799726423e-12 1
5 118 150 1015.7965420438371 3.960522987485992e-12 1
5 118 151 1016.1085556016211 3.970732019983682e-12 1
5 118 152 1016.2808442547472 3.981515223506949e-12 1
5 118 153 1016.4405453965893 3.992364418741258e-12 1
5 118 154 1016.6002465384189 4.003710374617328e-12 1
5 118 155 1016.7599476802502 4.0158419401116155e-12 1
5 118 156 1016.9448762321956 4.028047248296911e-12 1
5 118 157 1017.1364959251626 4.040090636465973e-12 1
5 118 158 1017.328115618135 4.053166724852948e-12 1
5 118 159 1017.5197353111057 4.066628857511333e-12 1
5 118 160 1017.6801694332929 4.080180714064907e-12 1
5 118 161 1017.8217504604288 4.0944321237871836e-12 1
5 119 54 994.3687192910817 4.05984452873977e-12 1
5 119 55 996.4693205267862 4.030435905456666e-12 1
5 119 56 997.9620111124898 4.005081429143031e-12 1
5 119 57 998.6145480713323 3.986263777006939e-12 1
5 119 58 1000.018627493547 3.970831107202489e-12 1
5 119 59 1001.9588604287602 3.9482024827293585e-12 1
5 119 60 1003.6220015302611 3.913765646685762e-12 1
5 119 61 1004.8218602739091 3.87534828784213e-12 1
5 119 62 1006.4573800503033 3.8457151511251505e-12 1
5 119 63 1007.6023325549063 3.8274756671673925e-12 1
5 119 64 1008.2026131547984 3.816516278396594e-12 1
5 119 65 1008.7866801285074 3.80980276003326e-12 1
5 119 66 1008.8463379191987 3.805697539798726e-12 1
5 119 67 1008.9656535005823 3.8029229275579435e-12 1
5 119 68 1009.075464206934 3.801061507616673e-12 1
5 119 69 1009.3021406696492 3.7990367794885765e-12 1
5 119 70 1009.5288171323783 3.797014207253725e-12 1
5 119 71 1009.7554935950934 3.795354988279313e-12 1
5 119 72 1009.9514998766306 3.793580269319219e-12 1
5 119 73 1010.0457834867861 3.791799766421887e-12 1
5 119 74 1010.1285568222169 3.790106676656991e-12 1
5 119 75 1010.211330157646 3.7885554387544e-12 1
5 119 76 1010.2969805540598 3.78700547013246e-12 1
5 119 77 1010.3958815911569 3.785705619649353e-12 1
5 119 78 1010.4983284785355 3.784611709681691e-12 1
5 119 79 1010.6007753659151 3.7832805163910175e-12 1
5 120 48 986.6361964835984 4.21396783258732e-12 1
5 120 49 987.6222507296321 4.20740696185661e-12 1
5 120 50 988.7444859208626 4.209199158021821e-12 1
5 120 51 990.2094155374904 4.212823641540734e-12 1
5 120 52 992.0287649766167 4.213295831630439e-12 1
5 120 53 994.0719671298364 4.20567580185376e-12 1
5 120 54 996.2951439628249 4.186335971918213e-12 1
5 120 55 997.8858770867507 4.15373734885939e-12 1
5 120 56 999.2150085336566 4.113833729468626e-12 1
5 120 57 1001.1433347131738 4.073655867036927e-12 1
5 121 48 986.9417113116151 4.334674611926342e-12 1
5 121 49 988.4025895315878 4.332978856300813e-12 1
5 121 50 989.4955366134872 4.3457052362619765e-12 1
5 121 51 990.7397018417486 4.331254812156252e-12 1
