4 19 27 991.4435952671668 5.1003088278201924e-11 1
4 20 17 914.6768105992068 1.8495888104119484e-11 1
4 20 18 922.5551064976368 1.8255565855051855e-11 1
4 20 19 929.9841836460768 1.843397025261293e-11 1
4 20 20 941.2808145054568 1.9627136506441836e-11 1
4 20 21 945.8656533726368 2.19110703301415e-11 1
4 20 22 965.4879678257668 2.4902343258559568e-11 1
4 20 23 994.4601968296668 2.7745815462468485e-11 1
4 20 24 1006.3676064976368 2.946467908827312e-11 1
4 20 25 1010.3663857945168 3.074488407758902e-11 1
4 20 26 1015.9155190952968 3.518098562398329e-11 1
4 20 27 1026.0598062046668 4.5826023584911396e-11 1
4 21 11 960.1042397984168 1.9074575773860805e-11 1
4 21 12 966.2423013218568 1.91218879265004e-11 1
4 21 13 973.0846475132668 1.8789733029720065e-11 1
4 21 14 977.7522500523268 1.8010091103290164e-11 1
4 21 15 981.0210488804568 1.7607359325968274e-11 1
4 21 16 985.5842202671668 1.718508262664109e-11 1
4 21 17 989.0140908726368 1.696832305820207e-11 1
4 21 18 992.1061318882668 1.6881594372801875e-11 1
