3 55 104 985.1436250442164 1.288220385880811e-10 1
3 55 105 1005.7453706496864 1.1898291960161562e-10 1
3 55 106 1029.2386567824963 1.292073155228986e-10 1
3 55 107 1022.1953828567164 1.6860563836846748e-10 1
3 56 79 964.7670381301564 1.1541024505989828e-10 1
3 56 80 964.7670381301564 1.168150609367819e-10 1
3 56 81 967.7532441848464 1.1811754666156431e-10 1
3 56 82 970.5610444778164 1.1931390892623914e-10 1
3 56 83 972.5592744582864 1.2039757164077703e-10 1
3 56 84 979.4752900832864 1.2136722787339726e-10 1
3 56 85 979.4752900832864 1.2222203215407405e-10 1
3 56 86 982.4885957473464 1.2296684860873398e-10 1
3 56 87 986.8185518020364 1.236041456871767e-10 1
3 56 88 991.6967866653164 1.241459056051941e-10 1
3 56 89 1001.3772676223464 1.2459607990951078e-10 1
3 56 90 1001.3772676223464 1.2497142635638727e-10 1
3 56 91 1005.0413911574964 1.2527608223894307e-10 1
3 56 92 1008.2261445754664 1.255046323430792e-10 1
3 56 93 1011.4608247512464 1.2565546935426987e-10 1
3 56 94 1016.4431245559364 1.2576125813431568e-10 1
3 56 95 1016.4431245559364 1.2580806272237224e-10 1
3 56 96 1018.6559541457864 1.2581628801164814e-10 1
3 56 97 1020.9121797317164 1.2579696783469923e-10 1
3 56 98 1021.2874849074964 1.2575319259457552e-10 1
3 56 99 1022.2493379348464 1.2569882898176527e-10 1
3 56 100 1023.7596528762464 1.2585847129815047e-10 1
3 56 101 1025.2656953567164 1.2721117947159413e-10 1
3 56 102 1028.1559541457864 1.3160907972955489e-10 1
3 56 103 1031.0957124465663 1.3266557893416811e-10 1
3 56 104 1033.4956758254664 1.2326466278831854e-10 1
3 56 105 1037.8878267043763 1.119193530345604e-10 1
3 57 32 981.1571138137464 9.201583040010168e-11 1
3 57 33 983.4339692824964 9.182292293909261e-11 1
3 57 34 982.1352632278164 9.157084843133434e-11 1
3 57 35 982.1352632278164 9.131010309773213e-11 1
3 57 36 979.8460786574964 9.095152438669302e-11 1
3 57 37 978.7920015090664 9.050216275248696e-11 1
3 57 38 981.6615083449964 8.999257653028161e-11 1
3 57 39 982.8205659621864 8.940074910865597e-11 1
3 57 40 982.8205659621864 8.875440789806736e-11 1
3 57 41 982.6477143996864 8.809793778098304e-11 1
3 57 42 982.1261689895364 8.743025867901864e-11 1
3 57 43 980.5745332473464 8.677949557269574e-11 1
3 57 44 983.6856782668764 8.61457856381387e-11 1
3 57 45 983.6856782668764 8.555248985611803e-11 1
3 57 46 985.3876435989064 8.497949291038883e-11 1
3 57 47 984.5841768020364 8.442986816498019e-11 1
3 57 48 980.6826875442164 8.389477347311403e-11 1
3 57 49 983.3338105910964 8.339986258133116e-11 1
3 57 50 983.3338105910964 8.295100752508871e-11 1
3 57 51 985.7472017043764 8.257084932673986e-11 1
3 57 52 989.1809785598464 8.230237438203943e-11 1
3 57 53 992.1092012160964 8.219004679626044e-11 1
3 57 54 992.3443696731264 8.225021785492947e-11 1
3 57 55 992.3443696731264 8.248103061410693e-11 1
3 57 56 993.4041230910964 8.286349787163746e-11 1
3 57 57 993.2439058059364 8.339575712307635e-11 1
3 57 58 994.5463960403164 8.409560252077812e-11 1
3 57 59 995.5581147903164 8.494335617842267e-11 1
3 57 60 995.5581147903164 8.589661112039088e-11 1
3 57 61 996.8069551223464 8.693207703502944e-11 1
3 57 62 997.4714448684364 8.80408656386844e-11 1
3 57 63 998.5973603957864 8.92077018879704e-11 1
3 57 64 1002.3086030715664 9.040999543287011e-11 1
3 57 65 1002.3086030715664 9.164613603571873e-11 1
3 57 66 1004.1966035598464 9.29003127095801e-11 1
3 57 67 1004.9093110793764 9.421827231370469e-11 1
3 57 68 1005.5598848098464 9.559967235225166e-11 1
3 57 69 1005.3291108840664 9.704761672304224e-11 1
3 57 70 1005.3291108840664 9.859290964369965e-11 1
3 57 71 1004.2962739699964 1.0016503104790974e-10 1
3 57 72 1002.6994722121864 1.0170248723120288e-10 1
3 57 73 1000.3509004348464 1.0318951926017055e-10 1
3 57 74 998.1089570754664 1.0463388053823188e-10 1
3 57 75 998.1089570754664 1.060502707865501e-10 1
3 57 76 999.5863130324964 1.0741968723967701e-10 1
3 57 77 998.8870332473464 1.0873909082090059e-10 1
3 57 78 997.7960298293764 1.099953786252491e-10 1
3 57 79 1003.1853730910964 1.1121172831614568e-10 1
3 57 80 1003.1853730910964 1.1234170622069179e-10 1
3 57 81 1005.4290864699964 1.1340091437943294e-10 1
3 57 82 1008.5051362746864 1.1526542213216281e-10 1
3 57 83 1010.6965425246864 1.1612209333744557e-10 1
3 57 84 1015.8994844192164 1.1685318731439028e-10 1
3 57 85 1015.8994844192164 1.1746918575837356e-10 1
3 57 86 1017.0916230910964 1.1798711136276108e-10 1
3 57 87 1017.7754609817164 1.1841679691381569e-10 1
3 57 88 1018.7528779739064 1.1875959861372035e-10 1
3 57 89 1019.6766450637464 1.1875959861372035e-10 1
3 57 90 1019.6766450637464 1.2076016845541178e-10 1
3 57 91 1020.8151948684364 1.2094279872147872e-10 1
3 58 24 976.7500093215664 9.849946768491547e-11 1
3 58 25 978.0562837356264 1.0069703659704535e-10 1
3 58 26 981.1090791457864 1.0160733099324496e-10 1
3 58 27 984.7342012160964 1.0079146073551606e-10 1
3 58 28 988.7528779739064 9.697546725219969e-11 1
3 58 29 990.5924165481264 9.196729661597917e-11 1
3 58 30 993.8873994582864 9.072648573170657e-11 1
3 58 31 995.8013398879664 9.106896836082179e-11 1
3 58 32 996.4196870559364 9.111471083729061e-11 1
3 58 33 998.1026704543764 9.107633546115708e-11 1
3 58 34 998.6626069778164 9.102261923935008e-11 1
3 58 35 998.6626069778164 9.119923740872182e-11 1
3 58 36 998.8163545364064 9.104979007532319e-11 1
3 58 37 999.2138765090664 9.08554016098168e-11 1
3 58 38 1000.4638154739064 9.06279278002368e-11 1
3 58 39 1000.7061250442164 9.037709295935844e-11 1
3 58 40 1000.7061250442164 9.011543565098674e-11 1
3 58 41 1001.0537202590664 8.944641247357788e-11 1
3 58 42 1001.5793550246864 9.02018241039616e-11 1
3 58 43 1002.1309297317164 8.901052259863657e-11 1
3 59 24 977.6723115676564 9.942954242019663e-11 1
3 59 25 979.8163545364064 1.0188492395087497e-10 1
3 59 26 982.2447602981264 1.0129407446047244e-10 1
