4 55 104 979.9158290489606 1.8372260423062345e-11 1
4 55 105 1000.5175746544306 1.9845640333342327e-11 1
4 55 106 1024.0108607872407 2.0534329000000592e-11 1
4 55 107 1016.9675868614606 2.195271871572142e-11 1
4 56 79 959.5392421349006 1.002048224845866e-11 1
4 56 80 959.5392421349006 1.0185222143759727e-11 1
4 56 81 962.5254481895906 1.0353140904696422e-11 1
4 56 82 965.3332484825606 1.0522515991026294e-11 1
4 56 83 967.3314784630306 1.0694181001144592e-11 1
4 56 84 974.2474940880306 1.0865354169971832e-11 1
4 56 85 974.2474940880306 1.1035238596841455e-11 1
4 56 86 977.2607997520906 1.1204755074438205e-11 1
4 56 87 981.5907558067806 1.1373548368175559e-11 1
4 56 88 986.4689906700606 1.1537502226478173e-11 1
4 56 89 996.1494716270906 1.1700128936264492e-11 1
4 56 90 996.1494716270906 1.1856838229305817e-11 1
4 56 91 999.8135951622406 1.2007093911450899e-11 1
4 56 92 1002.9983485802106 1.2152843435368577e-11 1
4 56 93 1006.2330287559906 1.2293584026110095e-11 1
4 56 94 1011.2153285606806 1.2424095230033457e-11 1
4 56 95 1011.2153285606806 1.2547428946740697e-11 1
4 56 96 1013.4281581505306 1.2660942093321015e-11 1
4 56 97 1015.6843837364606 1.2763950635535526e-11 1
4 56 98 1016.0596889122406 1.2878388617573252e-11 1
4 56 99 1017.0215419395906 1.301949906705244e-11 1
4 56 100 1018.5318568809906 1.3180530586286186e-11 1
4 56 101 1020.0378993614606 1.3389455824813516e-11 1
4 56 102 1022.9281581505306 1.3870949959786833e-11 1
4 56 103 1025.8679164513107 1.5018946707444906e-11 1
4 56 104 1028.2678798302106 1.6887979529096187e-11 1
4 56 105 1032.6600307091207 1.880983371769403e-11 1
4 57 32 975.9293178184906 7.847276977952783e-12 1
4 57 33 978.2061732872406 7.821272425048337e-12 1
4 57 34 976.9074672325606 7.803611380741793e-12 1
4 57 35 976.9074672325606 7.78862182919207e-12 1
4 57 36 974.6182826622406 7.774795363989054e-12 1
4 57 37 973.5642055138106 7.762247519389725e-12 1
4 57 38 976.4337123497406 7.750460664094526e-12 1
4 57 39 977.5927699669306 7.740740118502455e-12 1
4 57 40 977.5927699669306 7.733223591696811e-12 1
4 57 41 977.4199184044306 7.728125194439856e-12 1
4 57 42 976.8983729942806 7.725877146482203e-12 1
4 57 43 975.3467372520906 7.726624841508825e-12 1
4 57 44 978.4578822716206 7.730485541544824e-12 1
4 57 45 978.4578822716206 7.737288156448678e-12 1
4 57 46 980.1598476036506 7.746901412735638e-12 1
4 57 47 979.3563808067806 7.758982341305278e-12 1
4 57 48 975.4548915489606 7.772444028004332e-12 1
4 57 49 978.1060145958406 7.78672084418307e-12 1
4 57 50 978.1060145958406 7.801008390035311e-12 1
4 57 51 980.5194057091206 7.807792136805232e-12 1
4 57 52 983.9531825645906 7.807152769620161e-12 1
4 57 53 986.8814052208406 7.796061218945337e-12 1
4 57 54 987.1165736778706 7.780712697657719e-12 1
4 57 55 987.1165736778706 7.766759978827352e-12 1
4 57 56 988.1763270958406 7.759315550083485e-12 1
4 57 57 988.0161098106806 7.759542560253826e-12 1
4 57 58 989.3186000450606 7.764996934507406e-12 1
4 57 59 990.3303187950606 7.777195682073385e-12 1
4 57 60 990.3303187950606 7.798966588574031e-12 1
4 57 61 991.5791591270906 7.830003961627755e-12 1
4 57 62 992.2436488731806 7.869520549271755e-12 1
4 57 63 993.3695644005306 7.9178651297985e-12 1
4 57 64 997.0808070763106 7.97623937063418e-12 1
4 57 65 997.0808070763106 8.04230839420483e-12 1
4 57 66 998.9688075645906 8.117713333465605e-12 1
4 57 67 999.6815150841206 8.198703340563599e-12 1
4 57 68 1000.3320888145906 8.286660411352969e-12 1
4 57 69 1000.1013148888106 8.381083078369089e-12 1
4 57 70 1000.1013148888106 8.479668990358088e-12 1
4 57 71 999.0684779747406 8.584149418603971e-12 1
4 57 72 997.4716762169306 8.697732697749512e-12 1
4 57 73 995.1231044395906 8.820792449625822e-12 1
4 57 74 992.8811610802106 8.95308115971634e-12 1
4 57 75 992.8811610802106 9.093510260538158e-12 1
4 57 76 994.3585170372406 9.242046320070433e-12 1
4 57 77 993.6592372520906 9.398156501977564e-12 1
4 57 78 992.5682338341206 9.561624981948809e-12 1
4 57 79 997.9575770958406 9.729857865341717e-12 1
4 57 80 997.9575770958406 9.905078341989281e-12 1
4 57 81 1000.2012904747406 1.0085024307856674e-11 1
4 57 82 1003.2773402794306 1.031207171371261e-11 1
4 57 83 1005.4687465294306 1.0502547271559205e-11 1
4 57 84 1010.6716884239606 1.0698480017892103e-11 1
4 57 85 1010.6716884239606 1.089843581104603e-11 1
4 57 86 1011.8638270958406 1.1100477820555986e-11 1
4 57 87 1012.5476649864606 1.1302788875541688e-11 1
4 57 88 1013.5250819786506 1.1504497016179716e-11 1
4 57 89 1014.4488490684906 1.1504497016179716e-11 1
4 57 90 1014.4488490684906 1.1832924223316465e-11 1
4 57 91 1015.5873988731806 1.2014890279977645e-11 1
4 58 24 971.5222133263106 8.396055338460146e-12 1
4 58 25 972.8284877403706 8.366170373170636e-12 1
4 58 26 975.8812831505306 8.333350066139275e-12 1
4 58 27 979.5064052208406 8.254824535017892e-12 1
4 58 28 983.5250819786506 8.131890057293462e-12 1
4 58 29 985.3646205528706 8.016367056711579e-12 1
4 58 30 988.6596034630306 7.936908412684556e-12 1
4 58 31 990.5735438927106 7.863167216582527e-12 1
4 58 32 991.1918910606806 7.805218345762342e-12 1
4 58 33 992.8748744591206 7.765220841284987e-12 1
4 58 34 993.4348109825606 7.738672714637493e-12 1
4 58 35 993.4348109825606 7.693197138763524e-12 1
4 58 36 993.5885585411506 7.673712651451087e-12 1
4 58 37 993.9860805138106 7.655207295435164e-12 1
4 58 38 995.2360194786506 7.637814500729372e-12 1
4 58 39 995.4783290489606 7.621586198434903e-12 1
4 58 40 995.4783290489606 7.606658147246865e-12 1
4 58 41 995.8259242638106 7.606658147246865e-12 1
4 58 42 996.3515590294306 7.571453163070964e-12 1
4 58 43 996.9031337364606 7.562580596769593e-12 1
4 59 24 972.4445155724006 8.78300276680096e-12 1
4 59 25 974.5885585411506 8.698866649278362e-12 1
4 59 26 977.0169643028706 8.682438385237923e-12 1
