4 55 104 970.9009682382441 1.8372260423062345e-11 1
4 55 105 991.5027138437141 1.9845640333342327e-11 1
4 55 106 1014.9959999765241 2.0534329000000592e-11 1
4 55 107 1007.9527260507441 2.195271871572142e-11 1
4 56 79 950.5243813241841 1.002048224845866e-11 1
4 56 80 950.5243813241841 1.0185222143759727e-11 1
4 56 81 953.5105873788741 1.0353140904696422e-11 1
4 56 82 956.3183876718441 1.0522515991026294e-11 1
4 56 83 958.3166176523141 1.0694181001144592e-11 1
4 56 84 965.2326332773141 1.0865354169971832e-11 1
4 56 85 965.2326332773141 1.1035238596841455e-11 1
4 56 86 968.2459389413741 1.1204755074438205e-11 1
4 56 87 972.5758949960641 1.1373548368175559e-11 1
4 56 88 977.4541298593441 1.1537502226478173e-11 1
4 56 89 987.1346108163741 1.1700128936264492e-11 1
4 56 90 987.1346108163741 1.1856838229305817e-11 1
4 56 91 990.7987343515241 1.2007093911450899e-11 1
4 56 92 993.9834877694941 1.2152843435368577e-11 1
4 56 93 997.2181679452741 1.2293584026110095e-11 1
4 56 94 1002.2004677499641 1.2424095230033457e-11 1
4 56 95 1002.2004677499641 1.2547428946740697e-11 1
4 56 96 1004.4132973398141 1.2660942093321015e-11 1
4 56 97 1006.6695229257441 1.2763950635535526e-11 1
4 56 98 1007.0448281015241 1.2878388617573252e-11 1
4 56 99 1008.0066811288741 1.301949906705244e-11 1
4 56 100 1009.5169960702741 1.3180530586286186e-11 1
4 56 101 1011.0230385507441 1.3389455824813516e-11 1
4 56 102 1013.9132973398141 1.3870949959786833e-11 1
4 56 103 1016.8530556405941 1.5018946707444906e-11 1
4 56 104 1019.2530190194941 1.6887979529096187e-11 1
4 56 105 1023.6451698984041 1.880983371769403e-11 1
4 57 32 966.9144570077741 7.847276977952783e-12 1
4 57 33 969.1913124765241 7.821272425048337e-12 1
4 57 34 967.8926064218441 7.803611380741793e-12 1
4 57 35 967.8926064218441 7.78862182919207e-12 1
4 57 36 965.6034218515241 7.774795363989054e-12 1
4 57 37 964.5493447030941 7.762247519389725e-12 1
4 57 38 967.4188515390241 7.750460664094526e-12 1
4 57 39 968.5779091562141 7.740740118502455e-12 1
4 57 40 968.5779091562141 7.733223591696811e-12 1
4 57 41 968.4050575937141 7.728125194439856e-12 1
4 57 42 967.8835121835641 7.725877146482203e-12 1
4 57 43 966.3318764413741 7.726624841508825e-12 1
4 57 44 969.4430214609041 7.730485541544824e-12 1
4 57 45 969.4430214609041 7.737288156448678e-12 1
4 57 46 971.1449867929341 7.746901412735638e-12 1
4 57 47 970.3415199960641 7.758982341305278e-12 1
4 57 48 966.4400307382441 7.772444028004332e-12 1
4 57 49 969.0911537851241 7.78672084418307e-12 1
4 57 50 969.0911537851241 7.801008390035311e-12 1
4 57 51 971.5045448984041 7.807792136805232e-12 1
4 57 52 974.9383217538741 7.807152769620161e-12 1
4 57 53 977.8665444101241 7.796061218945337e-12 1
4 57 54 978.1017128671541 7.780712697657719e-12 1
4 57 55 978.1017128671541 7.766759978827352e-12 1
4 57 56 979.1614662851241 7.759315550083485e-12 1
4 57 57 979.0012489999641 7.759542560253826e-12 1
4 57 58 980.3037392343441 7.764996934507406e-12 1
4 57 59 981.3154579843441 7.777195682073385e-12 1
4 57 60 981.3154579843441 7.798966588574031e-12 1
4 57 61 982.5642983163741 7.830003961627755e-12 1
4 57 62 983.2287880624641 7.869520549271755e-12 1
4 57 63 984.3547035898141 7.9178651297985e-12 1
4 57 64 988.0659462655941 7.97623937063418e-12 1
4 57 65 988.0659462655941 8.04230839420483e-12 1
4 57 66 989.9539467538741 8.117713333465605e-12 1
4 57 67 990.6666542734041 8.198703340563599e-12 1
4 57 68 991.3172280038741 8.286660411352969e-12 1
4 57 69 991.0864540780941 8.381083078369089e-12 1
4 57 70 991.0864540780941 8.479668990358088e-12 1
4 57 71 990.0536171640241 8.584149418603971e-12 1
4 57 72 988.4568154062141 8.697732697749512e-12 1
4 57 73 986.1082436288741 8.820792449625822e-12 1
4 57 74 983.8663002694941 8.95308115971634e-12 1
4 57 75 983.8663002694941 9.093510260538158e-12 1
4 57 76 985.3436562265241 9.242046320070433e-12 1
4 57 77 984.6443764413741 9.398156501977564e-12 1
4 57 78 983.5533730234041 9.561624981948809e-12 1
4 57 79 988.9427162851241 9.729857865341717e-12 1
4 57 80 988.9427162851241 9.905078341989281e-12 1
4 57 81 991.1864296640241 1.0085024307856674e-11 1
4 57 82 994.2624794687141 1.031207171371261e-11 1
4 57 83 996.4538857187141 1.0502547271559205e-11 1
4 57 84 1001.6568276132441 1.0698480017892103e-11 1
4 57 85 1001.6568276132441 1.089843581104603e-11 1
4 57 86 1002.8489662851241 1.1100477820555986e-11 1
4 57 87 1003.5328041757441 1.1302788875541688e-11 1
4 57 88 1004.5102211679341 1.1504497016179716e-11 1
4 57 89 1005.4339882577741 1.1504497016179716e-11 1
4 57 90 1005.4339882577741 1.1832924223316465e-11 1
4 57 91 1006.5725380624641 1.2014890279977645e-11 1
4 58 24 962.5073525155941 8.396055338460146e-12 1
4 58 25 963.8136269296541 8.366170373170636e-12 1
4 58 26 966.8664223398141 8.333350066139275e-12 1
4 58 27 970.4915444101241 8.254824535017892e-12 1
4 58 28 974.5102211679341 8.131890057293462e-12 1
4 58 29 976.3497597421541 8.016367056711579e-12 1
4 58 30 979.6447426523141 7.936908412684556e-12 1
4 58 31 981.5586830819941 7.863167216582527e-12 1
4 58 32 982.1770302499641 7.805218345762342e-12 1
4 58 33 983.8600136484041 7.765220841284987e-12 1
4 58 34 984.4199501718441 7.738672714637493e-12 1
4 58 35 984.4199501718441 7.693197138763524e-12 1
4 58 36 984.5736977304341 7.673712651451087e-12 1
4 58 37 984.9712197030941 7.655207295435164e-12 1
4 58 38 986.2211586679341 7.637814500729372e-12 1
4 58 39 986.4634682382441 7.621586198434903e-12 1
4 58 40 986.4634682382441 7.606658147246865e-12 1
4 58 41 986.8110634530941 7.606658147246865e-12 1
4 58 42 987.3366982187141 7.571453163070964e-12 1
4 58 43 987.8882729257441 7.562580596769593e-12 1
4 59 24 963.4296547616841 8.78300276680096e-12 1
4 59 25 965.5736977304341 8.698866649278362e-12 1
4 59 26 968.0021034921541 8.682438385237923e-12 1
