1 98 267 978.842997308309 4.8906941504865306e-11 1
1 98 268 998.562296624709 4.3456486766929615e-11 1
1 98 269 1020.849283929399 3.4062214759519676e-11 1
1 98 270 1015.012308831739 3.092874486475607e-11 1
1 99 206 957.583964105179 6.799148611694095e-11 1
1 99 207 957.583964105179 6.758101306040419e-11 1
1 99 208 957.583964105179 6.718632950494957e-11 1
1 99 209 957.583964105179 6.679622920841546e-11 1
1 99 210 960.570170159869 6.328029709131783e-11 1
1 99 211 960.570170159869 6.295788031823573e-11 1
1 99 212 960.570170159869 6.263873235458784e-11 1
1 99 213 960.570170159869 6.232616798646495e-11 1
1 99 214 963.377970452839 5.944980704662133e-11 1
1 99 215 963.377970452839 5.918669845663407e-11 1
1 99 216 963.377970452839 5.892590849836615e-11 1
1 99 217 963.377970452839 5.867678488530815e-11 1
1 99 218 963.377970452839 5.844223071992524e-11 1
1 99 219 965.376200433309 5.6564698627447024e-11 1
1 99 220 965.376200433309 5.635385413136067e-11 1
1 99 221 965.376200433309 5.6157326696400596e-11 1
1 99 222 965.376200433309 5.596216523039147e-11 1
1 99 223 972.292216058309 5.0866884051208334e-11 1
1 99 224 972.292216058309 5.072473434318444e-11 1
1 99 225 972.292216058309 5.0580801426161104e-11 1
1 99 226 972.292216058309 5.0437683025645497e-11 1
1 99 227 975.305521722369 4.846766115132367e-11 1
1 99 228 975.305521722369 4.835159353838546e-11 1
1 99 229 975.305521722369 4.823422191115009e-11 1
1 99 230 975.305521722369 4.8118593102462326e-11 1
1 99 231 979.635477777059 4.5642506623134726e-11 1
1 99 232 979.635477777059 4.55491088010597e-11 1
1 99 233 979.635477777059 4.5458649143616616e-11 1
1 99 234 979.635477777059 4.537862904107814e-11 1
1 99 235 984.513712640339 4.2925205699692524e-11 1
1 99 236 984.513712640339 4.285168065521875e-11 1
1 99 237 984.513712640339 4.27820400002041e-11 1
1 99 238 984.513712640339 4.2717480977338646e-11 1
1 99 239 994.194193597369 3.8662186389183496e-11 1
1 99 240 994.194193597369 3.861246235739157e-11 1
1 99 241 994.194193597369 3.8566333430652113e-11 1
1 99 242 994.194193597369 3.85203145895527e-11 1
1 99 243 994.194193597369 3.8475796103733485e-11 1
1 99 244 997.858317132519 3.712985033347534e-11 1
1 99 245 997.858317132519 3.709297484269809e-11 1
1 99 246 997.858317132519 3.705617252499644e-11 1
1 99 247 997.858317132519 3.702256317165426e-11 1
1 99 248 1001.043070550489 3.593351645967267e-11 1
1 99 249 1001.043070550489 3.590400482360898e-11 1
1 99 250 1001.043070550489 3.587501295264701e-11 1
1 99 251 1001.043070550489 3.585060932067136e-11 1
1 99 252 1004.277750726269 3.4817519407108756e-11 1
1 99 253 1004.277750726269 3.479530398812556e-11 1
1 99 254 1004.277750726269 3.4777238405312526e-11 1
1 99 255 1004.277750726269 3.47589224019589e-11 1
1 99 256 1009.260050530959 3.329968015231187e-11 1
1 99 257 1009.260050530959 3.3285196666624586e-11 1
1 99 258 1009.260050530959 3.3269884639758614e-11 1
1 99 259 1011.472880120809 3.264706959341344e-11 1
1 99 260 1011.472880120809 3.2624368922859955e-11 1
1 99 261 1013.729105706739 3.2017623149496786e-11 1
1 99 262 1015.066263909869 3.168173820728337e-11 1
1 99 263 1016.185160394239 3.144589631238691e-11 1
1 99 264 1018.082621331739 3.104955916637985e-11 1
1 99 265 1020.972880120809 3.0450099409905147e-11 1
1 99 266 1023.912638421589 3.057403399537252e-11 1
1 99 267 1025.9753215270591 3.217619925519779e-11 1
1 99 268 1030.704752679399 3.366183965939612e-11 1
1 100 43 973.776468987989 6.854436677272719e-11 1
1 100 44 973.974039788769 6.850447624413491e-11 1
1 100 45 973.974039788769 6.870143136489279e-11 1
1 100 46 973.974039788769 6.88995840395918e-11 1
1 100 47 973.974039788769 6.910760703940534e-11 1
1 100 48 976.417704339559 6.651078323728678e-11 1
1 100 49 976.417704339559 6.671445195256589e-11 1
1 100 50 976.417704339559 6.69209483838006e-11 1
1 100 51 976.417704339559 6.714403857249278e-11 1
1 100 52 976.250895257519 6.755842142171107e-11 1
1 100 53 976.250895257519 6.778803187192255e-11 1
1 100 54 976.250895257519 6.8037904748191e-11 1
1 100 55 976.250895257519 6.828601573776704e-11 1
1 100 56 974.952189202839 7.009571349012568e-11 1
1 100 57 974.952189202839 7.03678032557876e-11 1
1 100 58 974.952189202839 7.06537912777293e-11 1
1 100 59 974.952189202839 7.09421134044149e-11 1
1 100 60 972.663004632519 7.427275806923855e-11 1
1 100 61 972.663004632519 7.46185999218983e-11 1
1 100 62 972.663004632519 7.496767758076175e-11 1
1 100 63 972.663004632519 7.532641957046839e-11 1
1 100 64 971.608927484089 7.725544421135225e-11 1
1 100 65 971.608927484089 7.765543756792599e-11 1
1 100 66 971.608927484089 7.805959444663165e-11 1
1 100 67 971.608927484089 7.847785571378178e-11 1
1 100 68 971.608927484089 7.891400991976315e-11 1
1 100 69 974.478434320019 7.508087589901125e-11 1
1 100 70 974.478434320019 7.549325221754723e-11 1
1 100 71 974.478434320019 7.591360400827674e-11 1
1 100 72 974.478434320019 7.633866310688906e-11 1
1 100 73 975.637491937209 7.510518234443423e-11 1
1 100 74 975.637491937209 7.553714570606841e-11 1
1 100 75 975.637491937209 7.596276853456032e-11 1
1 100 76 975.637491937209 7.639321498492023e-11 1
1 100 77 975.464640374709 7.70801059872965e-11 1
1 100 78 975.464640374709 7.751297513805775e-11 1
1 100 79 975.464640374709 7.795073358971023e-11 1
1 100 80 975.464640374709 7.839873440501507e-11 1
1 100 81 974.943094964559 7.964844994072344e-11 1
1 100 82 974.943094964559 8.0093403689405e-11 1
1 100 83 974.943094964559 8.054335680927316e-11 1
1 100 84 974.943094964559 8.096978059621564e-11 1
1 100 85 973.391459222369 8.405548360763689e-11 1
1 100 86 973.391459222369 8.452063816616655e-11 1
1 100 87 973.391459222369 8.497409111550446e-11 1
1 100 88 973.391459222369 8.540957374773671e-11 1
1 100 89 976.502604241899 8.047595468206967e-11 1
1 100 90 976.502604241899 8.084904439747834e-11 1
1 100 91 976.502604241899 8.11957298678944e-11 1
1 100 92 976.502604241899 8.155828476652565e-11 1
1 100 93 976.502604241899 8.192409194504288e-11 1
1 100 94 978.204569573929 7.946852480776499e-11 1
1 100 95 978.204569573929 7.978284657629973e-11 1
1 100 96 978.204569573929 8.009966469172164e-11 1
1 100 97 978.204569573929 8.039684307371705e-11 1
1 100 98 977.401102777059 8.20125587232395e-11 1
1 100 99 977.401102777059 8.231888373003668e-11 1
1 100 100 977.401102777059 8.26255834731091e-11 1
1 100 101 977.401102777059 8.291589475859291e-11 1
1 100 102 973.499613519239 9.055783939542892e-11 1
1 100 103 973.499613519239 9.088466884472106e-11 1
1 100 104 973.499613519239 9.120738541496575e-11 1
1 100 105 973.499613519239 9.153736096554437e-11 1
1 100 106 976.150736566119 8.658908668191848e-11 1
1 100 107 976.150736566119 8.683150063046412e-11 1
1 100 108 976.150736566119 8.710128294969219e-11 1
1 100 109 976.150736566119 8.738958056329494e-11 1
1 100 110 978.564127679399 8.327440925349006e-11 1
1 100 111 978.564127679399 8.353738071323227e-11 1
1 100 112 978.564127679399 8.380201830454626e-11 1
1 100 113 978.564127679399 8.404021903051861e-11 1
1 100 114 981.997904534869 7.860603359699476e-11 1
1 100 115 981.997904534869 7.883982188749822e-11 1
1 100 116 981.997904534869 7.90697503503915e-11 1
1 100 117 981.997904534869 7.928277285770468e-11 1
1 100 118 981.997904534869 7.94964037538366e-11 1
1 100 119 984.926127191119 7.531159634229326e-11 1
1 100 120 984.926127191119 7.549407318116918e-11 1
1 100 121 984.926127191119 7.562338552659971e-11 1
1 100 122 984.926127191119 7.575314162538347e-11 1
1 100 123 985.161295648149 7.554608353529213e-11 1
1 100 124 985.161295648149 7.561825047385237e-11 1
1 100 125 985.161295648149 7.566804281735525e-11 1
1 100 126 985.161295648149 7.571790077758586e-11 1
1 100 127 986.221049066119 7.424552931143888e-11 1
1 100 128 986.221049066119 7.420839059865878e-11 1
1 100 129 986.221049066119 7.416586300263366e-11 1
1 100 130 986.221049066119 7.411553243190533e-11 1
1 100 131 986.060831780959 7.420962035123519e-11 1
1 100 132 986.060831780959 7.408346069410014e-11 1
1 100 133 986.060831780959 7.39644975572194e-11 1
1 100 134 986.060831780959 7.377929020787861e-11 1
1 100 135 987.363322015339 7.185075071893272e-11 1
1 100 136 987.363322015339 7.165593838388446e-11 1
1 100 137 987.363322015339 7.143955026998927e-11 1
1 100 138 987.363322015339 7.117633872169443e-11 1
1 100 139 988.375040765339 6.966266105065072e-11 1
1 100 140 988.375040765339 6.940478816638812e-11 1
1 100 141 988.375040765339 6.910121189946142e-11 1
1 100 142 988.375040765339 6.879637420286781e-11 1
1 100 143 988.375040765339 6.84942142561763e-11 1
1 100 144 989.623881097369 6.674073947105122e-11 1
1 100 145 989.623881097369 6.641428479765533e-11 1
1 100 146 989.623881097369 6.609166350313602e-11 1
1 100 147 989.623881097369 6.575849278680242e-11 1
1 100 148 990.288370843459 6.470321678114304e-11 1
1 100 149 990.288370843459 6.436215552065606e-11 1
1 100 150 990.288370843459 6.402589132913967e-11 1
1 100 151 990.288370843459 6.36668477422405e-11 1
1 100 152 991.414286370809 6.219991213345254e-11 1
1 100 153 991.414286370809 6.185766319743543e-11 1
1 100 154 991.414286370809 6.150275968844064e-11 1
1 100 155 991.414286370809 6.114680295695648e-11 1
1 100 156 995.125529046589 5.7549911983723327e-11 1
1 100 157 995.125529046589 5.723906054407604e-11 1
1 100 158 995.125529046589 5.691981258336112e-11 1
1 100 159 995.125529046589 5.660207871743477e-11 1
1 100 160 997.013529534869 5.483023384741365e-11 1
1 100 161 997.013529534869 5.452594765498656e-11 1
1 100 162 997.013529534869 5.4225020160044466e-11 1
1 100 163 997.013529534869 5.3929148595708756e-11 1
1 100 164 997.726237054399 5.3120309710222745e-11 1
1 100 165 997.726237054399 5.282504928840589e-11 1
1 100 166 997.726237054399 5.253305303531256e-11 1
1 100 167 997.726237054399 5.223813974075118e-11 1
1 100 168 997.726237054399 5.194034176823299e-11 1
1 100 169 998.376810784869 5.121657452656975e-11 1
1 100 170 998.376810784869 5.0930107250124065e-11 1
1 100 171 998.376810784869 5.063708279476507e-11 1
1 100 172 998.376810784869 5.0347410861150985e-11 1
1 100 173 998.146036859089 5.020509192425617e-11 1
1 100 174 998.146036859089 4.991461366948326e-11 1
1 100 175 998.146036859089 4.96262815818924e-11 1
1 100 176 998.146036859089 4.9341565206388484e-11 1
1 100 177 997.113199945019 4.9691488087279476e-11 1
1 100 178 997.113199945019 4.940632685502163e-11 1
1 100 179 997.113199945019 4.912345596225732e-11 1
1 100 180 997.113199945019 4.8844057995636324e-11 1
1 100 181 995.516398187209 4.95305885388594e-11 1
1 100 182 995.516398187209 4.9249028218637044e-11 1
1 100 183 995.516398187209 4.897182132180316e-11 1
1 100 184 995.516398187209 4.869941745230448e-11 1
1 100 185 993.167826409869 4.984763686742935e-11 1
1 100 186 993.167826409869 4.9565792562912166e-11 1
1 100 187 993.167826409869 4.92887234840683e-11 1
1 100 188 993.167826409869 4.901566074917225e-11 1
1 100 189 990.925883050489 5.011480464004593e-11 1
1 100 190 990.925883050489 4.983299621419791e-11 1
1 100 191 990.925883050489 4.955713923597607e-11 1
1 100 192 990.925883050489 4.9284204591700516e-11 1
1 100 193 990.925883050489 4.9014259841448525e-11 1
1 100 194 992.403239007519 4.7888513836242554e-11 1
1 100 195 992.403239007519 4.76376845456289e-11 1
1 100 196 992.403239007519 4.738946913916667e-11 1
1 100 197 992.403239007519 4.714646119589936e-11 1
1 100 198 991.703959222369 4.729683549884215e-11 1
1 100 199 991.703959222369 4.7057623480898776e-11 1
1 100 200 991.703959222369 4.6821422073693016e-11 1
1 100 201 991.703959222369 4.6593342247580755e-11 1
1 100 202 990.612955804399 4.696138345201156e-11 1
1 100 203 990.612955804399 4.673259686581323e-11 1
1 100 204 990.612955804399 4.651257275203462e-11 1
1 100 205 990.612955804399 4.6295361693725957e-11 1
1 100 206 996.002299066119 4.338649903690421e-11 1
1 100 207 996.002299066119 4.320049212514964e-11 1
1 100 208 996.002299066119 4.3020124731551895e-11 1
1 100 209 996.002299066119 4.284125718821226e-11 1
1 100 210 998.246012445019 4.166888669847169e-11 1
1 100 211 998.246012445019 4.150993606015943e-11 1
1 100 212 998.246012445019 4.135094942436403e-11 1
1 100 213 998.246012445019 4.119317600689659e-11 1
1 100 214 1001.322062249709 3.994039656396602e-11 1
1 100 215 1001.322062249709 3.994039656396602e-11 1
1 100 216 1001.322062249709 3.927681657374407e-11 1
1 100 217 1001.322062249709 3.927681657374407e-11 1
1 100 218 1001.322062249709 3.927681657374407e-11 1
1 100 219 1003.513468499709 3.8051155626186356e-11 1
1 100 220 1003.513468499709 3.8051155626186356e-11 1
1 100 221 1003.513468499709 3.8051155626186356e-11 1
1 100 222 1003.513468499709 3.768583141318065e-11 1
1 100 223 1008.716410394239 3.592482187239519e-11 1
1 100 224 1008.716410394239 3.592482187239519e-11 1
1 100 225 1008.716410394239 3.562153424365739e-11 1
1 100 226 1008.716410394239 3.562153424365739e-11 1
1 100 227 1009.908549066119 3.524733262411194e-11 1
1 100 228 1009.908549066119 3.524733262411194e-11 1
1 100 229 1009.908549066119 3.4976727901912105e-11 1
1 100 230 1009.908549066119 3.4976727901912105e-11 1
1 100 231 1010.592386956739 3.476882413827276e-11 1
1 100 232 1010.592386956739 3.452663122475002e-11 1
1 100 233 1010.592386956739 3.452663122475002e-11 1
1 100 234 1010.592386956739 3.452663122475002e-11 1
1 100 235 1011.569803948929 3.402314795106338e-11 1
1 100 236 1011.569803948929 3.402314795106338e-11 1
1 100 237 1011.569803948929 3.402314795106338e-11 1
1 100 238 1011.569803948929 3.402314795106338e-11 1
1 100 239 1012.493571038769 3.375789977402536e-11 1
1 100 240 1012.493571038769 3.375789977402536e-11 1
1 100 241 1012.493571038769 3.375789977402536e-11 1
1 100 242 1012.493571038769 3.375789977402536e-11 1
1 100 243 1012.493571038769 3.3301202199011177e-11 1
1 100 244 1013.632120843459 3.2988511706503137e-11 1
1 100 245 1013.632120843459 3.2850075914672475e-11 1
1 100 246 1013.632120843459 3.2850075914672475e-11 1
1 101 24 969.566935296589 4.770294088069093e-11 1
1 101 25 970.873209710649 4.7344283215779755e-11 1
1 101 26 973.926005120809 4.693193993227221e-11 1
1 101 27 977.551127191119 4.749434680231474e-11 1
1 101 28 981.569803948929 4.969114222100192e-11 1
1 101 29 983.139994378619 5.384963390702791e-11 1
1 101 30 985.020121331739 5.538317776326991e-11 1
1 101 31 986.704325433309 5.553993076542046e-11 1
1 101 32 986.953898187209 5.612846436270707e-11 1
1 101 33 987.381754632519 5.626699976112709e-11 1
1 101 34 987.718973870809 5.632747777068023e-11 1
1 101 35 988.618265862989 5.5847079847497745e-11 1
1 101 36 988.618265862989 5.6001897636914115e-11 1
1 101 37 988.618265862989 5.612980306535098e-11 1
1 101 38 988.618265862989 5.626291665505752e-11 1
1 101 39 988.995768304399 5.609808277698206e-11 1
1 101 40 988.995768304399 5.6229845169775005e-11 1
1 101 41 988.995768304399 5.636938272411935e-11 1
1 101 42 988.995768304399 5.6509614542050593e-11 1
1 101 43 988.995768304399 5.665018550477066e-11 1
1 101 44 989.236613030959 5.660032165093942e-11 1
1 101 45 989.236613030959 5.674533213382669e-11 1
1 101 46 989.236613030959 5.689108756133342e-11 1
1 101 47 989.236613030959 5.703749188853937e-11 1
1 101 48 989.464884515339 5.6999507326762085e-11 1
1 101 49 989.464884515339 5.7147798985093126e-11 1
1 101 50 989.464884515339 5.729667939811803e-11 1
1 101 51 989.464884515339 5.744498287864094e-11 1
1 101 52 990.919596429399 5.641322999342973e-11 1
1 101 53 990.919596429399 5.655776539025512e-11 1
1 101 54 990.919596429399 5.6705248647512583e-11 1
1 101 55 990.919596429399 5.6854201017321373e-11 1
1 101 56 991.479532952839 5.655226621499648e-11 1
1 101 57 991.479532952839 5.670108853566766e-11 1
1 101 58 991.479532952839 5.666307277161434e-11 1
1 101 59 991.479532952839 5.666307277161434e-11 1
1 101 60 991.633280511429 5.692777965502576e-11 1
1 101 61 991.633280511429 5.692777965502576e-11 1
1 101 62 991.633280511429 5.747914784637585e-11 1
1 101 63 991.633280511429 5.747914784637585e-11 1
1 101 64 992.030802484089 5.7152674278766526e-11 1
1 101 65 992.030802484089 5.7725914651333224e-11 1
1 101 66 992.030802484089 5.7725914651333224e-11 1
1 101 67 992.030802484089 5.7725914651333224e-11 1
1 101 68 992.030802484089 5.7725914651333224e-11 1
1 101 69 993.280741448929 5.727464756113134e-11 1
1 101 70 993.280741448929 5.727464756113134e-11 1
1 101 71 993.280741448929 5.727464756113134e-11 1
1 101 72 993.280741448929 5.7857040070695855e-11 1
1 101 73 993.523051019239 5.7654969283703856e-11 1
1 101 74 993.523051019239 5.7654969283703856e-11 1
1 101 75 993.523051019239 5.823160247974893e-11 1
1 101 76 993.523051019239 5.823160247974893e-11 1
1 101 77 993.870646234089 5.793841921190034e-11 1
1 101 78 993.870646234089 5.793841921190034e-11 1
1 101 79 993.870646234089 5.850107074027135e-11 1
1 101 80 993.870646234089 5.850107074027135e-11 1
1 101 81 994.396280999709 5.8054771828346127e-11 1
1 101 82 994.396280999709 5.8054771828346127e-11 1
1 101 83 994.396280999709 5.8054771828346127e-11 1
1 101 84 994.396280999709 5.8054771828346127e-11 1
1 101 85 994.947855706739 5.759371193653503e-11 1
1 101 86 994.947855706739 5.887198559102295e-11 1
1 102 24 970.489237542679 4.592504244857009e-11 1
1 102 25 972.633280511429 4.520718696043973e-11 1
1 102 26 975.061686273149 4.544323028587353e-11 1
