6 113 272 1006.5946029130336 7.710785887119746e-12 1
6 113 273 997.1181922574868 7.707129094412332e-12 1
6 113 274 982.2404987647366 7.707129094412332e-12 1
6 114 266 981.071981296693 8.077751732291227e-12 1
6 114 267 987.1979272993893 7.924464504275776e-12 1
6 114 268 994.2930151550271 7.805186813360916e-12 1
6 114 269 1009.5407638357298 7.72890324741193e-12 1
6 114 270 1014.1479163900193 7.69197892401517e-12 1
6 114 271 1015.5336946077707 7.676712323788558e-12 1
6 114 272 1013.9878953394303 7.67235010006591e-12 1
6 114 273 1009.5685971939254 7.685715049675145e-12 1
6 114 274 998.1875413246796 7.685715049675145e-12 1
6 115 260 1006.2233541167477 8.957957694331327e-12 1
6 115 261 1007.5522612566509 8.88802789615072e-12 1
6 115 262 1008.9546773422444 8.781079040212386e-12 1
6 115 263 1011.0815374639428 8.639438140590547e-12 1
6 115 264 1011.8990284047279 8.472136652234491e-12 1
6 115 265 1012.5681518691724 8.292688985135013e-12 1
6 115 266 1008.5092421008021 8.117353337638305e-12 1
6 115 267 1015.8711554567489 7.96051982457988e-12 1
6 115 268 1016.9242473343456 7.834372405193931e-12 1
6 115 269 1019.847871508063 7.746820638160683e-12 1
6 116 199 952.6206521650254 9.61727114567997e-12 1
6 116 200 953.0783712949257 9.604095406973806e-12 1
6 116 201 953.5414120176654 9.591043913587318e-12 1
6 116 202 954.1167211980829 9.578170347568526e-12 1
6 116 203 954.7035707151686 9.565334320965932e-12 1
6 116 204 955.2904202322701 9.552615938221363e-12 1
6 116 205 955.8772697493652 9.54006740639121e-12 1
6 116 206 956.6543827109085 9.52755179937935e-12 1
6 116 207 957.4836979172004 9.515000418742327e-12 1
6 116 208 958.3130131234695 9.502820794055162e-12 1
6 116 209 959.1423283298031 9.490672310431112e-12 1
6 116 210 959.9250999432855 9.47850610584893e-12 1
6 116 211 960.6790486896778 9.466589819841992e-12 1
6 116 212 961.4329974361112 9.454815265669195e-12 1
6 116 213 962.1869461825037 9.443058887790548e-12 1
6 116 214 962.9485345720443 9.431381116042716e-12 1
6 116 215 963.7194442871548 9.419997978927384e-12 1
6 116 216 964.4903540022834 9.408671244174918e-12 1
6 116 217 965.2612637173941 9.39738443233786e-12 1
6 116 218 966.1891462281241 9.386413619493036e-12 1
6 116 219 967.5141699119837 9.37552314426173e-12 1
6 116 220 968.8391935957408 9.364657910833721e-12 1
6 116 221 970.1642172794104 9.354088896217974e-12 1
6 116 222 971.3801878793857 9.343652904985701e-12 1
6 116 223 972.1798002560935 9.333230871129276e-12 1
6 116 224 972.9363824931563 9.322921716570602e-12 1
6 116 225 973.6929647302103 9.312935767985898e-12 1
6 116 226 974.521947523037 9.302994638338587e-12 1
6 116 227 975.7211586447544 9.29309423121943e-12 1
6 116 228 977.0204435458755 9.283621462843982e-12 1
6 116 229 978.3197284470974 9.274167986636094e-12 1
6 116 230 979.68550842139 9.264704593959277e-12 1
6 116 231 981.6076344988345 9.255536472385688e-12 1
6 116 232 983.7885704728316 9.246561349354498e-12 1
6 116 233 985.9695064467119 9.237605016516146e-12 1
6 116 234 988.1309678734456 9.228821191503283e-12 1
6 116 235 989.6620789453902 9.220332152905941e-12 1
6 116 236 990.7542466908548 9.211872456472808e-12 1
6 116 237 991.8464144363776 9.20344918924154e-12 1
6 116 238 992.9385821818712 9.195477150958943e-12 1
6 116 239 993.7813317419735 9.187518911501262e-12 1
6 116 240 994.3474171017051 9.17955698605842e-12 1
6 116 241 994.9038672314508 9.171938896136117e-12 1
6 116 242 995.4603173612112 9.164474975351745e-12 1
6 116 243 996.0980532604573 9.157020177255261e-12 1
6 116 244 996.8934903379156 9.149721976846782e-12 1
6 116 245 997.7000649569798 9.142723805843618e-12 1
6 116 246 998.5066395760226 9.135745156757762e-12 1
6 116 247 999.3717303456802 9.128795990756221e-12 1
6 116 248 1000.472244995812 9.122246238503373e-12 1
6 116 249 1001.5954023937983 9.115697427598336e-12 1
6 116 250 1002.7185597918439 9.109158012659369e-12 1
6 116 251 1003.798061073781 9.102929531630166e-12 1
6 116 252 1004.049891523334 9.096831148631343e-12 1
6 116 253 1004.206015922027 9.090739400246527e-12 1
6 116 254 1004.3621403207237 9.084794857678105e-12 1
6 116 255 1004.5182647194166 9.077671117663213e-12 1
6 116 256 1004.6881658731718 9.067060539671043e-12 1
6 116 257 1004.924727533365 9.0521066394126e-12 1
6 116 258 1005.348696064124 9.031139954954249e-12 1
6 116 259 1006.6215586967628 9.002204499361862e-12 1
6 116 260 1007.7885828462323 8.961394836249116e-12 1
6 116 261 1009.3035105761694 8.901366682794104e-12 1
6 116 262 1010.7121536273147 8.811684899880476e-12 1
6 116 263 1013.321535656095 8.661757421097163e-12 1
6 117 121 961.3797450107639 1.049977592756935e-11 1
6 117 122 961.3627606878192 1.0494633113858676e-11 1
6 117 123 961.124182640889 1.0489497141608682e-11 1
6 117 124 960.8611991594736 1.0483997707680049e-11 1
6 117 125 960.5982156780376 1.0477901096981707e-11 1
6 117 126 960.3577199070967 1.0471811572713838e-11 1
6 117 127 960.2241661891967 1.0465647692283286e-11 1
6 117 128 960.1193740597488 1.0458602910371982e-11 1
6 117 129 960.0145819303152 1.0451601627213603e-11 1
6 117 130 959.9645259882325 1.0444609711496405e-11 1
6 117 131 960.3578393620384 1.0436952168985853e-11 1
6 117 132 960.9500226497538 1.0429081212338926e-11 1
6 117 133 961.5422059374581 1.0421223462186928e-11 1
6 117 134 962.1257258167936 1.0413069346274211e-11 1
6 117 135 962.3735658206748 1.0404423941298385e-11 1
6 117 136 962.4018967900544 1.0395792880032583e-11 1
6 117 137 962.4302277594342 1.0387063071522123e-11 1
6 117 138 962.458558728815 1.0377597064545355e-11 1
6 117 139 962.4608464081753 1.036820432308355e-11 1
6 117 140 962.4351335594998 1.0358828568947985e-11 1
6 117 141 962.4085698703342 1.0348885764136266e-11 1
6 117 142 962.3820061811692 1.0338803806593651e-11 1
6 117 143 962.7395280088884 1.0328743655867444e-11 1
6 117 144 963.840665546979 1.0318449217556032e-11 1
6 117 145 964.9844104558554 1.0307760300036731e-11 1
6 117 146 966.1281553647981 1.0297093504974548e-11 1
6 117 147 967.2726555781308 1.028633217941365e-11 1
6 117 148 968.4203019409456 1.0274998373141683e-11 1
6 117 149 969.5681874939288 1.026376651593256e-11 1
6 117 150 970.7160730469346 1.0252559187557345e-11 1
6 117 151 971.8351466529035 1.0240962457360476e-11 1
6 117 152 972.2679409567452 1.0229225236304212e-11 1
6 117 153 972.6389098581278 1.0217499985378233e-11 1
6 117 154 973.0098787594816 1.0205495625323387e-11 1
6 117 155 973.3808476608393 1.0193278925573184e-11 1
6 117 156 973.9695769379452 1.0181136307539372e-11 1
6 117 157 974.6160634472977 1.0168994923844105e-11 1
6 117 158 975.2625499566685 1.0156349303452196e-11 1
6 117 159 975.9090364660332 1.0143831888738468e-11 1
6 117 160 976.3310567155819 1.0131345290766754e-11 1
6 117 161 976.6173769080868 1.0118604915713844e-11 1
6 117 162 976.9036971005836 1.0105781983708949e-11 1
6 117 163 977.1900172931025 1.0092973416125802e-11 1
6 117 164 977.2370068060291 1.0079982591235773e-11 1
6 117 165 976.9985833345758 1.0066892654951813e-11 1
6 117 166 976.7601598631089 1.0053836671942528e-11 1
6 117 167 976.5217363916556 1.0040681735241159e-11 1
6 117 168 976.1794670149297 1.0027286847799329e-11 1
6 117 169 975.5816552634498 1.0014032182592141e-11 1
6 117 170 974.983843511987 1.0000812512738442e-11 1
6 117 171 974.3860317604777 9.987339492656499e-12 1
6 117 172 973.7797972712787 9.973946984731641e-12 1
6 117 173 973.142958971081 9.960594880697297e-12 1
6 117 174 972.5028502546203 9.947205336897234e-12 1
6 117 175 971.8627415382452 9.933732252123522e-12 1
6 117 176 971.2674646406495 9.920295615472243e-12 1
6 117 177 970.892942833899 9.906750826246864e-12 1
6 117 178 970.5779908271911 9.893128095572818e-12 1
6 117 179 970.2630388204899 9.879654448806036e-12 1
6 117 180 969.934123415057 9.866217452176595e-12 1
6 117 181 969.4904576333544 9.8527650379486e-12 1
6 117 182 968.9943364096639 9.839328354408168e-12 1
6 117 183 968.4982151859679 9.825907542640845e-12 1
6 117 184 968.010891262704 9.812414412056701e-12 1
6 117 185 967.8323573652373 9.79903034312037e-12 1
6 117 186 967.8623264302449 9.785682736014938e-12 1
6 117 187 967.8922954952521 9.772236794304313e-12 1
6 117 188 967.92226456026 9.758852805734251e-12 1
6 117 189 967.9664445435195 9.74561348526214e-12 1
6 117 190 968.0261343501519 9.732410038296808e-12 1
6 117 191 968.0863331928208 9.71928359834409e-12 1
6 117 192 968.1465320354849 9.706209139568915e-12 1
6 117 193 968.2813680289322 9.693151276978632e-12 1
6 117 194 968.5607690852362 9.680023574407996e-12 1
6 117 195 968.8494377420895 9.667090615015893e-12 1
6 117 196 969.1381063989509 9.65425253008134e-12 1
6 117 197 969.6026173420211 9.64145429635676e-12 1
6 117 198 970.7864381467166 9.628810640037524e-12 1
6 117 199 972.0322233484453 9.616200101684544e-12 1
6 117 200 973.27800855014 9.603553415666979e-12 1
6 117 201 974.4915428098438 9.59095486440725e-12 1
6 117 202 975.0246861298765 9.57861599390797e-12 1
6 117 203 975.4878904780621 9.566314122814758e-12 1
6 117 204 975.9510948262606 9.554111283247108e-12 1
6 117 205 976.4142991744538 9.542049786764927e-12 1
6 117 206 977.1753349688056 9.530018705726997e-12 1
6 117 207 978.0180862502555 9.517944390791514e-12 1
6 117 208 978.8608375316825 9.50616521067722e-12 1
6 117 209 979.7035888131747 9.494509115826031e-12 1
6 117 210 980.5585836573193 9.482881570480627e-12 1
6 117 211 981.4211605242592 9.471473791037304e-12 1
6 117 212 982.2837373912464 9.460170483479446e-12 1
6 117 213 983.1463142581866 9.448878166586828e-12 1
6 117 214 984.1962946057737 9.437667129987536e-12 1
6 117 215 985.4749307725125 9.426764044114416e-12 1
6 117 216 986.7535669392815 9.415886121261485e-12 1
6 117 217 988.0322031060207 9.404944107300491e-12 1
6 117 218 989.1815504638421 9.394351776664825e-12 1
6 117 219 990.003797135207 9.38386611228515e-12 1
6 117 220 990.8260438065082 9.373403829310673e-12 1
6 117 221 991.6482904777553 9.363217003685375e-12 1
6 117 222 992.474682964648 9.353153879837447e-12 1
6 117 223 993.3169039299731 9.343098474970732e-12 1
6 117 224 994.1607607502208 9.333110518751473e-12 1
6 117 225 995.0046175704585 9.323445011961668e-12 1
6 117 226 995.7997642279971 9.313832467170317e-12 1
6 117 227 996.3458260275842 9.304258132253212e-12 1
6 117 228 996.8245594754683 9.295086902331769e-12 1
6 117 229 997.3032929233894 9.28593373481356e-12 1
6 117 230 997.8118364662272 9.27675153018474e-12 1
6 117 231 998.5697929260067 9.267833684636536e-12 1
6 117 232 999.4437752388733 9.259142101685994e-12 1
6 117 233 1000.317757551693 9.250469269147535e-12 1
6 117 234 1001.1827695530164 9.241963542635761e-12 1
6 117 235 1001.7574313351853 9.233720151594154e-12 1
6 117 236 1002.1299082687724 9.225491452871604e-12 1
6 117 237 1002.5023852023796 9.21724593059328e-12 1
6 117 238 1002.8748621359767 9.209405417612154e-12 1
6 117 239 1003.2160436535307 9.201613750786806e-12 1
6 118 61 973.2429805736147 1.0753394195060379e-11 1
6 118 62 973.8694372600172 1.0701206874477358e-11 1
6 118 63 972.6047002746882 1.0669592149162899e-11 1
6 118 64 972.5617807427898 1.0650084908055313e-11 1
6 118 65 973.9340079791216 1.0637659750846058e-11 1
6 118 66 974.271992336864 1.062977315644879e-11 1
6 118 67 974.9479610523539 1.0624479198046471e-11 1
6 118 68 975.2082055979313 1.0620471853475498e-11 1
6 118 69 975.2873017133279 1.0616514095968616e-11 1
6 118 70 975.3663978287293 1.0612559287108403e-11 1
6 118 71 975.4454939441259 1.0608763771359156e-11 1
6 118 72 975.4695581727984 1.0605034047397635e-11 1
6 118 73 975.3111001498028 1.0601300943883297e-11 1
6 118 74 975.1319890980166 1.0597609099209872e-11 1
6 118 75 974.9528780462333 1.0594087903250183e-11 1
6 118 76 974.7824683903841 1.0590587206280122e-11 1
6 118 77 974.6521340305799 1.0587098816061551e-11 1
6 118 78 974.5325237560271 1.0583821173109694e-11 1
6 118 79 974.4129134814734 1.0580545558970188e-11 1
6 118 80 974.3328819621905 1.0577256681415035e-11 1
6 118 81 974.5699037055434 1.0574106676493972e-11 1
6 118 82 974.9462593988529 1.0571022215979187e-11 1
6 118 83 975.3226150921304 1.0567939582611969e-11 1
6 118 84 975.6980495402091 1.056493466752782e-11 1
6 118 85 976.033199125144 1.0562044664673177e-11 1
6 118 86 976.3428689178851 1.0559149979469443e-11 1
6 118 87 976.6525387106503 1.0556264577284728e-11 1
6 118 88 976.9622085033916 1.0553531016581783e-11 1
6 118 89 977.1020030784415 1.0550775522139476e-11 1
6 118 90 977.0616569397737 1.054802146622379e-11 1
6 118 91 977.0163526983973 1.054536385991831e-11 1
6 118 92 976.9710484570195 1.0542745932545727e-11 1
6 118 93 976.8967270910091 1.0540135236765697e-11 1
6 118 94 976.7661839027908 1.0537600931372729e-11 1
6 118 95 976.632817667461 1.0535066351288284e-11 1
6 118 96 976.4994514321355 1.0532503299099802e-11 1
6 118 97 976.3923826841652 1.0529942979003275e-11 1
6 118 98 976.3970225955611 1.0527414887403422e-11 1
6 118 99 976.4090177207146 1.0524888009430863e-11 1
6 118 100 976.4210128458691 1.0522400403687113e-11 1
6 118 101 976.4436792850195 1.051986547285919e-11 1
6 118 102 976.7586882652845 1.0517293607642165e-11 1
6 118 103 977.0963624042647 1.051473480670934e-11 1
6 118 104 977.4340365432346 1.051222663111337e-11 1
6 118 105 977.7717106822306 1.0509572828597766e-11 1
6 118 106 978.1577915737564 1.0506872580073798e-11 1
6 118 107 978.5562756189674 1.0504164665911977e-11 1
6 118 108 978.9547596642021 1.0501269307512532e-11 1
6 118 109 979.353243709413 1.0498375544821163e-11 1
6 118 110 979.7357800674529 1.04955581949269e-11 1
6 118 111 980.108905853322 1.049259736066819e-11 1
6 118 112 980.4820316391977 1.0489366844677888e-11 1
6 118 113 980.8551574250666 1.048613331929446e-11 1
6 118 114 981.2440859339799 1.0482764116800342e-11 1
6 118 115 981.6514347950211 1.0479066338251141e-11 1
6 118 116 982.0587836560306 1.047531170318673e-11 1
6 118 117 982.4661325170437 1.0471534236466012e-11 1
6 118 118 982.7796712175943 1.0467186771749507e-11 1
6 118 119 982.8686067453812 1.046275107033433e-11 1
6 118 120 982.9575422731705 1.0458319126779429e-11 1
6 118 121 983.0464778009591 1.045334285070444e-11 1
6 118 122 983.146648259807 1.0448150258144231e-11 1
6 118 123 983.2857717615427 1.0442968526142682e-11 1
6 118 124 983.4291853935152 1.0437505937823712e-11 1
6 118 125 983.5725990254991 1.0431522265757328e-11 1
6 118 126 983.720413955909 1.0425551196846697e-11 1
6 118 127 983.8891596027424 1.04195482389634e-11 1
6 118 128 984.0635344724667 1.0412755064574944e-11 1
6 118 129 984.2379093421671 1.0405993454808346e-11 1
6 118 130 984.4392252224253 1.0399240620759095e-11 1
6 118 131 984.8587663388126 1.0391942904557078e-11 1
6 118 132 985.376190714977 1.0384432234332143e-11 1
6 118 133 985.8936150911316 1.037692279065574e-11 1
6 118 134 986.4063968436867 1.0369059802033807e-11 1
6 118 135 986.739291507556 1.0360790597382857e-11 1
6 118 136 986.9545537363207 1.0352569276845552e-11 1
6 118 137 987.1698159650874 1.0344323546205829e-11 1
6 118 138 987.3850781938604 1.0335345080077395e-11 1
6 118 139 987.5917664759695 1.0326460130550444e-11 1
6 118 140 987.7892364514206 1.0317590444088578e-11 1
6 118 141 987.9864263139874 1.0308247364743818e-11 1
6 118 142 988.1836161765485 1.0298724293828437e-11 1
6 118 143 988.3688841294962 1.0289203688915114e-11 1
6 118 144 988.5310704536934 1.0279403099486205e-11 1
6 118 145 988.6919342567459 1.0269317194896448e-11 1
6 118 146 988.8527980598077 1.0259251063003154e-11 1
6 118 147 989.042303478087 1.0249065464165478e-11 1
6 118 148 989.3511128422052 1.02383477962177e-11 1
6 118 149 989.6689924468553 1.022776089558417e-11 1
6 118 150 989.9868720515117 1.0217195866973116e-11 1
6 118 151 990.2988856092957 1.0206151914822286e-11 1
6 118 152 990.4711742624218 1.0195111471659306e-11 1
6 118 153 990.6308754042639 1.0184100021857743e-11 1
6 118 154 990.7905765460935 1.0172924138624452e-11 1
6 118 155 990.9502776879248 1.0161465161025073e-11 1
6 118 156 991.1352062398702 1.0150031969605585e-11 1
6 118 157 991.3268259328372 1.013848277789772e-11 1
6 118 158 991.5184456258096 1.0126557813338801e-11 1
6 118 159 991.7100653187803 1.0114788971716803e-11 1
6 118 160 991.8704994409675 1.0103047453269093e-11 1
6 118 161 992.0120804681034 1.0091072146848743e-11 1
6 119 54 968.5590492987562 1.138557970057825e-11 1
6 119 55 970.6596505344608 1.127549225881073e-11 1
6 119 56 972.1523411201644 1.1166040856219055e-11 1
6 119 57 972.8048780790068 1.1060102450899321e-11 1
6 119 58 974.2089575012216 1.095942199193282e-11 1
6 119 59 976.1491904364348 1.0865548963671218e-11 1
6 119 60 977.8123315379356 1.0779773031103998e-11 1
6 119 61 979.0121902815837 1.0708591296472148e-11 1
6 119 62 980.6477100579779 1.0659758845903422e-11 1
6 119 63 981.7926625625809 1.0630185775492689e-11 1
6 119 64 982.392943162473 1.061186280399358e-11 1
6 119 65 982.977010136182 1.0600186203404314e-11 1
6 119 66 983.0366679268733 1.0592716592537556e-11 1
6 119 67 983.1559835082569 1.0587760281624443e-11 1
6 119 68 983.2657942146086 1.0583954836034466e-11 1
6 119 69 983.4924706773238 1.058017489276308e-11 1
6 119 70 983.7191471400529 1.057639764845827e-11 1
6 119 71 983.945823602768 1.057274266497996e-11 1
6 119 72 984.1418298843051 1.0569139440146909e-11 1
6 119 73 984.2361134944607 1.0565538698647436e-11 1
6 119 74 984.3188868298914 1.0561997318897858e-11 1
6 119 75 984.4016601653205 1.0558551475856412e-11 1
6 119 76 984.4873105617344 1.0555107880488653e-11 1
6 119 77 984.5862115988315 1.0551686242484143e-11 1
6 119 78 984.6886584862101 1.0548408891970636e-11 1
6 119 79 984.7911053735896 1.0545121561293786e-11 1
6 120 48 960.826526491273 1.184607937015121e-11 1
6 120 49 961.8125807373067 1.1772481987303479e-11 1
6 120 50 962.9348159285372 1.1690778861171886e-11 1
6 120 51 964.3997455451649 1.1601809411707585e-11 1
6 120 52 966.2190949842912 1.1506781743828891e-11 1
6 120 53 968.2622971375109 1.1407119998289978e-11 1
6 120 54 970.4854739704995 1.1304516832435836e-11 1
6 120 55 972.0762070944253 1.1200733426835944e-11 1
6 120 56 973.4053385413312 1.1097561534075478e-11 1
6 120 57 975.3336647208483 1.099752302929308e-11 1
6 121 48 961.1320413192897 1.1748293712020087e-11 1
6 121 49 962.5929195392623 1.1675344231799142e-11 1
6 121 50 963.6858666211617 1.1595692270086926e-11 1
6 121 51 964.9300318494231 1.1516556279753315e-11 1
