3 98 267 968.9636977897156 1.3008478458616857e-10 1
3 98 268 988.6829971061156 1.1932245759540626e-10 1
3 98 269 1010.9699844108056 1.2705867499591648e-10 1
3 98 270 1005.1330093131456 1.6910120221127004e-10 1
3 99 206 947.7046645865856 1.1546178451676919e-10 1
3 99 207 947.7046645865856 1.1589315955349976e-10 1
3 99 208 947.7046645865856 1.1630712418426423e-10 1
3 99 209 947.7046645865856 1.1672405673865577e-10 1
3 99 210 950.6908706412756 1.171393618417115e-10 1
3 99 211 950.6908706412756 1.1752089963957373e-10 1
3 99 212 950.6908706412756 1.179049309935191e-10 1
3 99 213 950.6908706412756 1.182917208914703e-10 1
3 99 214 953.4986709342456 1.186507919391163e-10 1
3 99 215 953.4986709342456 1.1900182286706076e-10 1
3 99 216 953.4986709342456 1.1935493702342845e-10 1
3 99 217 953.4986709342456 1.196929472266992e-10 1
3 99 218 953.4986709342456 1.200096871702103e-10 1
3 99 219 955.4969009147156 1.203281079208776e-10 1
3 99 220 955.4969009147156 1.2064453152284202e-10 1
3 99 221 955.4969009147156 1.209268269679086e-10 1
3 99 222 955.4969009147156 1.2121044659439415e-10 1
3 99 223 962.4129165397156 1.214953997413402e-10 1
3 99 224 962.4129165397156 1.2175210164589174e-10 1
3 99 225 962.4129165397156 1.220010678863726e-10 1
3 99 226 962.4129165397156 1.2225105441639028e-10 1
3 99 227 965.4262222037756 1.2248692530820459e-10 1
3 99 228 965.4262222037756 1.2270297995130627e-10 1
3 99 229 965.4262222037756 1.2291963591034491e-10 1
3 99 230 965.4262222037756 1.2313385176632579e-10 1
3 99 231 969.7561782584656 1.233177740309194e-10 1
3 99 232 969.7561782584656 1.235022465585274e-10 1
3 99 233 969.7561782584656 1.2368785020404243e-10 1
3 99 234 969.7561782584656 1.2385263183694656e-10 1
3 99 235 974.6344131217456 1.2400811508832518e-10 1
3 99 236 974.6344131217456 1.241639892143797e-10 1
3 99 237 974.6344131217456 1.2430863462356169e-10 1
3 99 238 974.6344131217456 1.2443800481086801e-10 1
3 99 239 984.3148940787756 1.2456764455437546e-10 1
3 99 240 984.3148940787756 1.246983910063359e-10 1
3 99 241 984.3148940787756 1.2480518244228492e-10 1
3 99 242 984.3148940787756 1.249121569469293e-10 1
3 99 243 984.3148940787756 1.2502196516147748e-10 1
3 99 244 987.9790176139256 1.2511879056883623e-10 1
3 99 245 987.9790176139256 1.2520222442076652e-10 1
3 99 246 987.9790176139256 1.252857696205245e-10 1
3 99 247 987.9790176139256 1.2536487718396844e-10 1
3 99 248 991.1637710318956 1.254298856313547e-10 1
3 99 249 991.1637710318956 1.2549127532669332e-10 1
3 99 250 991.1637710318956 1.255507805249834e-10 1
3 99 251 991.1637710318956 1.2559156263133385e-10 1
3 99 252 994.3984512076756 1.2563237124043707e-10 1
3 99 253 994.3984512076756 1.2567915957787715e-10 1
3 99 254 994.3984512076756 1.257176906216789e-10 1
3 99 255 994.3984512076756 1.2574081046233398e-10 1
3 99 256 999.3807510123656 1.257639388081625e-10 1
3 99 257 999.3807510123656 1.2578453829493481e-10 1
3 99 258 999.3807510123656 1.2579884593003943e-10 1
3 99 259 1001.5935806022156 1.2581579011844608e-10 1
3 99 260 1001.5935806022156 1.2581582563846654e-10 1
3 99 261 1003.8498061881456 1.2578432138541148e-10 1
3 99 262 1005.1869643912756 1.2571675366281306e-10 1
3 99 263 1006.3058608756456 1.2576868016860837e-10 1
3 99 264 1008.2033218131456 1.2686519989842164e-10 1
3 99 265 1011.0935806022156 1.3107624407839333e-10 1
3 99 266 1014.0333389029956 1.3268132564080683e-10 1
3 99 267 1016.0960220084656 1.2499022560263224e-10 1
3 99 268 1020.8254531608056 1.1289227896464085e-10 1
3 100 43 963.8971694693956 9.20307505638905e-11 1
3 100 44 964.0947402701756 9.202700789361159e-11 1
3 100 45 964.0947402701756 9.201939063792692e-11 1
3 100 46 964.0947402701756 9.200895915530837e-11 1
3 100 47 964.0947402701756 9.197746396964252e-11 1
3 100 48 966.5384048209656 9.194745238606351e-11 1
3 100 49 966.5384048209656 9.192241974031348e-11 1
3 100 50 966.5384048209656 9.189576359432864e-11 1
3 100 51 966.5384048209656 9.1853337398168e-11 1
3 100 52 966.3715957389256 9.18109503583604e-11 1
3 100 53 966.3715957389256 9.176007439047549e-11 1
3 100 54 966.3715957389256 9.168533053420357e-11 1
3 100 55 966.3715957389256 9.162453315984865e-11 1
3 100 56 965.0728896842456 9.156381636264314e-11 1
3 100 57 965.0728896842456 9.149378993670739e-11 1
3 100 58 965.0728896842456 9.141130410742316e-11 1
3 100 59 965.0728896842456 9.132896687365594e-11 1
3 100 60 962.7837051139256 9.123012778722029e-11 1
3 100 61 962.7837051139256 9.112100849218794e-11 1
3 100 62 962.7837051139256 9.101214991795041e-11 1
3 100 63 962.7837051139256 9.089595926776974e-11 1
3 100 64 961.7296279654956 9.075399593526325e-11 1
3 100 65 961.7296279654956 9.062016037789816e-11 1
3 100 66 961.7296279654956 9.048671897574906e-11 1
3 100 67 961.7296279654956 9.034280638462287e-11 1
3 100 68 961.7296279654956 9.018483693255128e-11 1
3 100 69 964.5991348014256 9.002741895305121e-11 1
3 100 70 964.5991348014256 8.985848547027302e-11 1
3 100 71 964.5991348014256 8.967869146550803e-11 1
3 100 72 964.5991348014256 8.949961550831875e-11 1
3 100 73 965.7581924186156 8.931599796959878e-11 1
3 100 74 965.7581924186156 8.911767160419555e-11 1
3 100 75 965.7581924186156 8.892449870721015e-11 1
3 100 76 965.7581924186156 8.87321614482335e-11 1
3 100 77 965.5853408561156 8.853726622797459e-11 1
3 100 78 965.5853408561156 8.833870323190186e-11 1
3 100 79 965.5853408561156 8.814102887943014e-11 1
3 100 80 965.5853408561156 8.794055289590936e-11 1
3 100 81 965.0637954459656 8.77397558097687e-11 1
3 100 82 965.0637954459656 8.753987360568557e-11 1
3 100 83 965.0637954459656 8.734175651935977e-11 1
3 100 84 965.0637954459656 8.714979327052493e-11 1
3 100 85 963.5121597037756 8.695286391019452e-11 1
3 100 86 963.5121597037756 8.675682253219042e-11 1
3 100 87 963.5121597037756 8.656381734291715e-11 1
3 100 88 963.5121597037756 8.637454436079603e-11 1
3 100 89 966.6233047233056 8.618609726883344e-11 1
3 100 90 966.6233047233056 8.600796033546751e-11 1
3 100 91 966.6233047233056 8.583304791424611e-11 1
3 100 92 966.6233047233056 8.565192363380295e-11 1
3 100 93 966.6233047233056 8.547156215800278e-11 1
3 100 94 968.3252700553356 8.530420116312333e-11 1
3 100 95 968.3252700553356 8.513155281180936e-11 1
3 100 96 968.3252700553356 8.495960189970546e-11 1
3 100 97 968.3252700553356 8.479398959020542e-11 1
3 100 98 967.5218032584656 8.46308268070506e-11 1
3 100 99 967.5218032584656 8.446569127646752e-11 1
3 100 100 967.5218032584656 8.430155022764318e-11 1
3 100 101 967.5218032584656 8.41414227826948e-11 1
3 100 102 963.6203140006456 8.398190249591188e-11 1
3 100 103 963.6203140006456 8.38275986009926e-11 1
3 100 104 963.6203140006456 8.367865429963788e-11 1
3 100 105 963.6203140006456 8.353030334882028e-11 1
3 100 106 966.2714370475256 8.338339279991681e-11 1
3 100 107 966.2714370475256 8.3245091973513e-11 1
3 100 108 966.2714370475256 8.311216787047582e-11 1
3 100 109 966.2714370475256 8.297974645166156e-11 1
3 100 110 968.6848281608056 8.284982488123168e-11 1
3 100 111 968.6848281608056 8.274030940741684e-11 1
3 100 112 968.6848281608056 8.26310830785965e-11 1
3 100 113 968.6848281608056 8.252022557601672e-11 1
3 100 114 972.1186050162756 8.243838522263838e-11 1
3 100 115 972.1186050162756 8.236633522429471e-11 1
3 100 116 972.1186050162756 8.229322143959495e-11 1
3 100 117 972.1186050162756 8.223739041203815e-11 1
3 100 118 972.1186050162756 8.221533452288715e-11 1
3 100 119 975.0468276725256 8.2194562286491e-11 1
3 100 120 975.0468276725256 8.217836499519407e-11 1
3 100 121 975.0468276725256 8.220622802457092e-11 1
3 100 122 975.0468276725256 8.22341099545851e-11 1
3 100 123 975.2819961295556 8.226926012188892e-11 1
3 100 124 975.2819961295556 8.23466775610226e-11 1
3 100 125 975.2819961295556 8.241793133299625e-11 1
3 100 126 975.2819961295556 8.248930852214103e-11 1
3 100 127 976.3417495475256 8.258878015655877e-11 1
3 100 128 976.3417495475256 8.271517519253091e-11 1
3 100 129 976.3417495475256 8.283696700619482e-11 1
3 100 130 976.3417495475256 8.296343136415299e-11 1
3 100 131 976.1815322623656 8.313205526269363e-11 1
3 100 132 976.1815322623656 8.330136601636516e-11 1
3 100 133 976.1815322623656 8.347960629369358e-11 1
3 100 134 976.1815322623656 8.368765066491402e-11 1
3 100 135 977.4840224967456 8.390331183700484e-11 1
3 100 136 977.4840224967456 8.412234868738978e-11 1
3 100 137 977.4840224967456 8.436822662109232e-11 1
3 100 138 977.4840224967456 8.462828564279711e-11 1
3 100 139 978.4957412467456 8.488690957279861e-11 1
3 100 140 978.4957412467456 8.515041161373065e-11 1
3 100 141 978.4957412467456 8.544462807641195e-11 1
3 100 142 978.4957412467456 8.573553659692026e-11 1
3 100 143 978.4957412467456 8.602843276442124e-11 1
3 100 144 979.7445815787756 8.633673911862984e-11 1
3 100 145 979.7445815787756 8.665151359521594e-11 1
3 100 146 979.7445815787756 8.696972932253643e-11 1
3 100 147 979.7445815787756 8.7297951545613e-11 1
3 100 148 980.4090713248656 8.763129808349901e-11 1
3 100 149 980.4090713248656 8.796720014185939e-11 1
3 100 150 980.4090713248656 8.831089430653569e-11 1
3 100 151 980.4090713248656 8.866217007725847e-11 1
3 100 152 981.5349868522156 8.901318171193336e-11 1
3 100 153 981.5349868522156 8.936698368861802e-11 1
3 100 154 981.5349868522156 8.972544528405388e-11 1
3 100 155 981.5349868522156 9.00873767539317e-11 1
3 100 156 985.2462295279956 9.04528567773937e-11 1
3 100 157 985.2462295279956 9.082412948766096e-11 1
3 100 158 985.2462295279956 9.119401238263407e-11 1
3 100 159 985.2462295279956 9.1565053836632e-11 1
3 100 160 987.1342300162756 9.193886170717465e-11 1
3 100 161 987.1342300162756 9.231315382129577e-11 1
3 100 162 987.1342300162756 9.269050595278617e-11 1
3 100 163 987.1342300162756 9.307729750609857e-11 1
3 100 164 987.8469375358056 9.348149477259774e-11 1
3 100 165 987.8469375358056 9.387110095793535e-11 1
3 100 166 987.8469375358056 9.426396828625666e-11 1
3 100 167 987.8469375358056 9.467680642162521e-11 1
3 100 168 987.8469375358056 9.509578205609993e-11 1
3 100 169 988.4975112662756 9.550928135495399e-11 1
3 100 170 988.4975112662756 9.592775102365627e-11 1
3 100 171 988.4975112662756 9.636313221368083e-11 1
3 100 172 988.4975112662756 9.680248349641424e-11 1
3 100 173 988.2667373404956 9.725988070533072e-11 1
3 100 174 988.2667373404956 9.772076919029145e-11 1
3 100 175 988.2667373404956 9.818128661192894e-11 1
3 100 176 988.2667373404956 9.864891349884558e-11 1
3 100 177 987.2339004264256 9.912507614939855e-11 1
3 100 178 987.2339004264256 9.959163087935352e-11 1
3 100 179 987.2339004264256 1.0006213241943464e-10 1
3 100 180 987.2339004264256 1.0053478715057936e-10 1
3 100 181 985.6370986686156 1.0098939708880203e-10 1
3 100 182 985.6370986686156 1.0144813711954996e-10 1
3 100 183 985.6370986686156 1.0191008811643781e-10 1
3 100 184 985.6370986686156 1.0235434219860352e-10 1
3 100 185 983.2885268912756 1.0279583809382575e-10 1
3 100 186 983.2885268912756 1.032416935583287e-10 1
3 100 187 983.2885268912756 1.0368172331415069e-10 1
3 100 188 983.2885268912756 1.0410876494382545e-10 1
3 100 189 981.0465835318956 1.0453933889863127e-10 1
3 100 190 981.0465835318956 1.0497863069209667e-10 1
3 100 191 981.0465835318956 1.0539960721590482e-10 1
3 100 192 981.0465835318956 1.0581826077547749e-10 1
3 100 193 981.0465835318956 1.0624025343222549e-10 1
3 100 194 982.5239394889256 1.0665472895372812e-10 1
3 100 195 982.5239394889256 1.0705937122241767e-10 1
3 100 196 982.5239394889256 1.0746709556606298e-10 1
3 100 197 982.5239394889256 1.0787196317038584e-10 1
3 100 198 981.8246597037756 1.0826339753534171e-10 1
3 100 199 981.8246597037756 1.0865382102306439e-10 1
3 100 200 981.8246597037756 1.0904468112112824e-10 1
3 100 201 981.8246597037756 1.09415144314072e-10 1
3 100 202 980.7336562858056 1.0978813327586805e-10 1
3 100 203 980.7336562858056 1.1017073737697592e-10 1
3 100 204 980.7336562858056 1.1054294180920038e-10 1
3 100 205 980.7336562858056 1.1089689758045634e-10 1
3 100 206 986.1229995475256 1.1125312734828034e-10 1
3 100 207 986.1229995475256 1.1159988714970227e-10 1
3 100 208 986.1229995475256 1.1193294652676623e-10 1
3 100 209 986.1229995475256 1.1226799982332717e-10 1
3 100 210 988.3667129264256 1.1261146918859143e-10 1
3 100 211 988.3667129264256 1.1292433592296504e-10 1
3 100 212 988.3667129264256 1.132311910500452e-10 1
3 100 213 988.3667129264256 1.1353971838766267e-10 1
3 100 214 991.4427627311156 1.134203854174739e-10 1
3 100 215 991.4427627311156 1.134203854174739e-10 1
3 100 216 991.4427627311156 1.1526542213216281e-10 1
3 100 217 991.4427627311156 1.1526542213216281e-10 1
3 100 218 991.4427627311156 1.1526542213216281e-10 1
3 100 219 993.6341689811156 1.1612209333744557e-10 1
3 100 220 993.6341689811156 1.1612209333744557e-10 1
3 100 221 993.6341689811156 1.1612209333744557e-10 1
3 100 222 993.6341689811156 1.1685318731439028e-10 1
3 100 223 998.8371108756456 1.1685318731439028e-10 1
3 100 224 998.8371108756456 1.1685318731439028e-10 1
3 100 225 998.8371108756456 1.1746918575837356e-10 1
3 100 226 998.8371108756456 1.1746918575837356e-10 1
3 100 227 1000.0292495475256 1.1746918575837356e-10 1
3 100 228 1000.0292495475256 1.1746918575837356e-10 1
3 100 229 1000.0292495475256 1.1798711136276108e-10 1
3 100 230 1000.0292495475256 1.1798711136276108e-10 1
3 100 231 1000.7130874381456 1.1798711136276108e-10 1
3 100 232 1000.7130874381456 1.1841679691381569e-10 1
3 100 233 1000.7130874381456 1.1841679691381569e-10 1
3 100 234 1000.7130874381456 1.1841679691381569e-10 1
3 100 235 1001.6905044303356 1.1875959861372035e-10 1
3 100 236 1001.6905044303356 1.1875959861372035e-10 1
3 100 237 1001.6905044303356 1.1875959861372035e-10 1
3 100 238 1001.6905044303356 1.1875959861372035e-10 1
3 100 239 1002.6142715201756 1.1875959861372035e-10 1
3 100 240 1002.6142715201756 1.1875959861372035e-10 1
3 100 241 1002.6142715201756 1.1875959861372035e-10 1
3 100 242 1002.6142715201756 1.1875959861372035e-10 1
3 100 243 1002.6142715201756 1.2076016845541178e-10 1
3 100 244 1003.7528213248656 1.2076016845541178e-10 1
3 100 245 1003.7528213248656 1.2094279872147872e-10 1
3 100 246 1003.7528213248656 1.2094279872147872e-10 1
3 101 24 959.6876357779956 9.849946768491547e-11 1
3 101 25 960.9939101920556 1.0069703659704535e-10 1
3 101 26 964.0467056022156 1.0160733099324496e-10 1
3 101 27 967.6718276725256 1.0079146073551606e-10 1
3 101 28 971.6905044303356 9.708924198997966e-11 1
3 101 29 973.2606948600256 9.272402737842754e-11 1
3 101 30 975.1408218131456 9.107504590515298e-11 1
3 101 31 976.8250259147156 9.072130663203921e-11 1
3 101 32 977.0745986686156 9.078214572023811e-11 1
3 101 33 977.5024551139256 9.091199827793327e-11 1
3 101 34 977.8396743522156 9.099599949874331e-11 1
3 101 35 978.7389663443956 9.104227006436372e-11 1
3 101 36 978.7389663443956 9.106712927581821e-11 1
3 101 37 978.7389663443956 9.108264553100395e-11 1
3 101 38 978.7389663443956 9.109229253168503e-11 1
3 101 39 979.1164687858056 9.110194157610275e-11 1
3 101 40 979.1164687858056 9.111405234901137e-11 1
3 101 41 979.1164687858056 9.11156104777337e-11 1
3 101 42 979.1164687858056 9.111716865974738e-11 1
3 101 43 979.1164687858056 9.11199729612475e-11 1
3 101 44 979.3573135123656 9.11201763781948e-11 1
3 101 45 979.3573135123656 9.111645178580998e-11 1
3 101 46 979.3573135123656 9.111272749790242e-11 1
3 101 47 979.3573135123656 9.11091333876787e-11 1
3 101 48 979.5855849967456 9.110314161522174e-11 1
3 101 49 979.5855849967456 9.109598042440075e-11 1
3 101 50 979.5855849967456 9.108896658434942e-11 1
3 101 51 979.5855849967456 9.108237001691249e-11 1
3 101 52 981.0402969108056 9.107395909514158e-11 1
3 101 53 981.0402969108056 9.106554972662589e-11 1
3 101 54 981.0402969108056 9.105171517582559e-11 1
3 101 55 981.0402969108056 9.10361770951049e-11 1
3 101 56 981.6002334342456 9.102121502654168e-11 1
3 101 57 981.6002334342456 9.100272589153181e-11 1
3 101 58 981.6002334342456 9.093595936078081e-11 1
3 101 59 981.6002334342456 9.093595936078081e-11 1
3 101 60 981.7539809928356 9.119923740872182e-11 1
3 101 61 981.7539809928356 9.119923740872182e-11 1
3 101 62 981.7539809928356 9.104979007532319e-11 1
3 101 63 981.7539809928356 9.104979007532319e-11 1
3 101 64 982.1515029654956 9.104979007532319e-11 1
3 101 65 982.1515029654956 9.08554016098168e-11 1
3 101 66 982.1515029654956 9.08554016098168e-11 1
3 101 67 982.1515029654956 9.08554016098168e-11 1
3 101 68 982.1515029654956 9.08554016098168e-11 1
3 101 69 983.4014419303356 9.06279278002368e-11 1
3 101 70 983.4014419303356 9.06279278002368e-11 1
3 101 71 983.4014419303356 9.06279278002368e-11 1
3 101 72 983.4014419303356 9.037709295935844e-11 1
3 101 73 983.6437515006456 9.037709295935844e-11 1
3 101 74 983.6437515006456 9.037709295935844e-11 1
3 101 75 983.6437515006456 9.011543565098674e-11 1
3 101 76 983.6437515006456 9.011543565098674e-11 1
3 101 77 983.9913467154956 9.011543565098674e-11 1
3 101 78 983.9913467154956 9.011543565098674e-11 1
3 101 79 983.9913467154956 8.944641247357788e-11 1
3 101 80 983.9913467154956 8.944641247357788e-11 1
3 101 81 984.5169814811156 8.944641247357788e-11 1
3 101 82 984.5169814811156 8.944641247357788e-11 1
3 101 83 984.5169814811156 9.02018241039616e-11 1
3 101 84 984.5169814811156 9.02018241039616e-11 1
3 101 85 985.0685561881456 9.052946531310568e-11 1
3 101 86 985.0685561881456 8.901052259863657e-11 1
3 102 24 960.6099380240856 9.942954242019663e-11 1
3 102 25 962.7539809928356 1.0188492395087497e-10 1
3 102 26 965.1823867545556 1.0129407446047244e-10 1
