6 55 104 970.3658395143203 1.5948830593746977e-11 1
6 55 105 990.9675851197903 1.5515957230795964e-11 1
6 55 106 1014.4608712526003 1.5391139532506605e-11 1
6 55 107 1007.4175973268203 1.537143009935029e-11 1
6 56 79 949.9892526002603 1.9224198535674538e-11 1
6 56 80 949.9892526002603 1.9136398023699248e-11 1
6 56 81 952.9754586549503 1.9050903394055262e-11 1
6 56 82 955.7832589479203 1.8967817993001293e-11 1
6 56 83 957.7814889283903 1.888767451398516e-11 1
6 56 84 964.6975045533903 1.8810338331618962e-11 1
6 56 85 964.6975045533903 1.873598161632089e-11 1
6 56 86 967.7108102174503 1.8664827624221123e-11 1
6 56 87 972.0407662721403 1.8596995626555464e-11 1
6 56 88 976.9190011354203 1.8532434661406764e-11 1
6 56 89 986.5994820924503 1.8471394744736877e-11 1
6 56 90 986.5994820924503 1.8413750150456002e-11 1
6 56 91 990.2636056276003 1.835953363943053e-11 1
6 56 92 993.4483590455703 1.8308789383961913e-11 1
6 56 93 996.6830392213503 1.826142405662627e-11 1
6 56 94 1001.6653390260403 1.8217226313569886e-11 1
6 56 95 1001.6653390260403 1.8175988725707517e-11 1
6 56 96 1003.8781686158903 1.8137613248881056e-11 1
6 56 97 1006.1343942018203 1.8101826364244083e-11 1
6 56 98 1006.5096993776003 1.8060144434593378e-11 1
6 56 99 1007.4715524049503 1.80027735851613e-11 1
6 56 100 1008.9818673463503 1.79200698744298e-11 1
6 56 101 1010.4879098268203 1.7770977948788172e-11 1
6 56 102 1013.3781686158903 1.741711457506789e-11 1
6 56 103 1016.3179269166703 1.6764812720956176e-11 1
6 56 104 1018.7178902955703 1.6047177762356847e-11 1
6 56 105 1023.1100411744803 1.5558752118567038e-11 1
6 57 32 966.3793282838503 2.1578257337981045e-11 1
6 57 33 968.6561837526003 2.150449745694189e-11 1
6 57 34 967.3574776979203 2.145783283946e-11 1
6 57 35 967.3574776979203 2.142228225029523e-11 1
6 57 36 965.0682931276003 2.1388170124577808e-11 1
6 57 37 964.0142159791703 2.1355348534898063e-11 1
6 57 38 966.8837228151003 2.132438497095449e-11 1
6 57 39 968.0427804322903 2.1294870730530583e-11 1
6 57 40 968.0427804322903 2.1266808368320424e-11 1
6 57 41 967.8699288697903 2.124070358892106e-11 1
6 57 42 967.3483834596403 2.121614644603715e-11 1
6 57 43 965.7967477174503 2.119319629358966e-11 1
6 57 44 968.9078927369803 2.117209075845474e-11 1
6 57 45 968.9078927369803 2.11524383402279e-11 1
6 57 46 970.6098580690103 2.113421584946514e-11 1
6 57 47 969.8063912721403 2.111712353222825e-11 1
6 57 48 965.9049020143203 2.110081554842719e-11 1
6 57 49 968.5560250612003 2.108505049487258e-11 1
6 57 50 968.5560250612003 2.1069430000893793e-11 1
6 57 51 970.9694161744803 2.105305373956626e-11 1
6 57 52 974.4031930299503 2.1035800696031858e-11 1
6 57 53 977.3314156862003 2.101711131375225e-11 1
6 57 54 977.5665841432303 2.0995105759224197e-11 1
6 57 55 977.5665841432303 2.096823567679889e-11 1
6 57 56 978.6263375612003 2.093526639953873e-11 1
6 57 57 978.4661202760403 2.0896368757282708e-11 1
6 57 58 979.7686105104203 2.0851611266942135e-11 1
6 57 59 980.7803292604203 2.080138544706949e-11 1
6 57 60 980.7803292604203 2.0745978711045157e-11 1
6 57 61 982.0291695924503 2.068585599964501e-11 1
6 57 62 982.6936593385403 2.0621287280447957e-11 1
6 57 63 983.8195748658903 2.0552445141949216e-11 1
6 57 64 987.5308175416703 2.0480248789995575e-11 1
6 57 65 987.5308175416703 2.0404524010683544e-11 1
6 57 66 989.4188180299503 2.032630593691193e-11 1
6 57 67 990.1315255494803 2.02452669273457e-11 1
6 57 68 990.7820992799503 2.016239662265706e-11 1
6 57 69 990.5513253541703 2.0078130565728625e-11 1
6 57 70 990.5513253541703 1.999227832496595e-11 1
6 57 71 989.5184884401003 1.9905319391323423e-11 1
6 57 72 987.9216866822903 1.9818284302608948e-11 1
6 57 73 985.5731149049503 1.9730884895454555e-11 1
6 57 74 983.3311715455703 1.964354158648789e-11 1
6 57 75 983.3311715455703 1.9556342392062637e-11 1
6 57 76 984.8085275026003 1.9470186750969176e-11 1
6 57 77 984.1092477174503 1.938502667521068e-11 1
6 57 78 983.0182442994803 1.9301436631039005e-11 1
6 57 79 988.4075875612003 1.921887970069212e-11 1
6 57 80 988.4075875612003 1.9138538028456012e-11 1
6 57 81 990.6513009401003 1.9059647352308046e-11 1
6 57 82 993.7273507447903 1.8963906768507707e-11 1
6 57 83 995.9187569947903 1.888957456087118e-11 1
6 57 84 1001.1216988893203 1.8817859623521877e-11 1
6 57 85 1001.1216988893203 1.874880023527558e-11 1
6 57 86 1002.3138375612003 1.8682509093811647e-11 1
6 57 87 1002.9976754518203 1.861911277382051e-11 1
6 57 88 1003.9750924440103 1.8558730611823738e-11 1
6 57 89 1004.8988595338503 1.8558730611823738e-11 1
6 57 90 1004.8988595338503 1.8437172779287678e-11 1
6 57 91 1006.0374093385403 1.8385227406938076e-11 1
6 58 24 961.9722237916703 2.386018331587628e-11 1
6 58 25 963.2784982057303 2.3564554038835564e-11 1
6 58 26 966.3312936158903 2.320291744451702e-11 1
6 58 27 969.9564156862003 2.279514694740835e-11 1
6 58 28 973.9750924440103 2.2368287455648365e-11 1
6 58 29 975.8146310182303 2.196721571016403e-11 1
6 58 30 979.1096139283903 2.1673768315776346e-11 1
6 58 31 981.0235543580703 2.14994500310011e-11 1
6 58 32 981.6419015260403 2.1394503475326868e-11 1
6 58 33 983.3248849244803 2.132976523913669e-11 1
6 58 34 983.8848214479203 2.128899671677164e-11 1
6 58 35 983.8848214479203 2.1266301563139222e-11 1
6 58 36 984.0385690065103 2.1236270030112594e-11 1
6 58 37 984.4360909791703 2.1207558428706692e-11 1
6 58 38 985.6860299440103 2.1180046880761307e-11 1
6 58 39 985.9283395143203 2.1153726352715395e-11 1
6 58 40 985.9283395143203 2.1128697223795288e-11 1
6 58 41 986.2759347291703 2.1128697223795288e-11 1
6 58 42 986.8015694947903 2.109971851373463e-11 1
6 58 43 987.3531442018203 2.107781288102103e-11 1
6 59 24 962.8945260377603 2.3491138131591726e-11 1
6 59 25 965.0385690065103 2.324284008382704e-11 1
6 59 26 967.4669747682303 2.294209550361443e-11 1
