3 55 104 972.629845653998 1.288220385880811e-10 1
3 55 105 993.231591259468 1.1898291960161562e-10 1
3 55 106 1016.724877392278 1.292073155228986e-10 1
3 55 107 1009.681603466498 1.6860563836846748e-10 1
3 56 79 952.253258739938 1.1541024505989828e-10 1
3 56 80 952.253258739938 1.168150609367819e-10 1
3 56 81 955.239464794628 1.1811754666156431e-10 1
3 56 82 958.047265087598 1.1931390892623914e-10 1
3 56 83 960.045495068068 1.2039757164077703e-10 1
3 56 84 966.961510693068 1.2136722787339726e-10 1
3 56 85 966.961510693068 1.2222203215407405e-10 1
3 56 86 969.974816357128 1.2296684860873398e-10 1
3 56 87 974.304772411818 1.236041456871767e-10 1
3 56 88 979.183007275098 1.241459056051941e-10 1
3 56 89 988.863488232128 1.2459607990951078e-10 1
3 56 90 988.863488232128 1.2497142635638727e-10 1
3 56 91 992.527611767278 1.2527608223894307e-10 1
3 56 92 995.712365185248 1.255046323430792e-10 1
3 56 93 998.947045361028 1.2565546935426987e-10 1
3 56 94 1003.929345165718 1.2576125813431568e-10 1
3 56 95 1003.929345165718 1.2580806272237224e-10 1
3 56 96 1006.142174755568 1.2581628801164814e-10 1
3 56 97 1008.398400341498 1.2579696783469923e-10 1
3 56 98 1008.773705517278 1.2575319259457552e-10 1
3 56 99 1009.735558544628 1.2569882898176527e-10 1
3 56 100 1011.245873486028 1.2585847129815047e-10 1
3 56 101 1012.751915966498 1.2721117947159413e-10 1
3 56 102 1015.642174755568 1.3160907972955489e-10 1
3 56 103 1018.581933056348 1.3266557893416811e-10 1
3 56 104 1020.981896435248 1.2326466278831854e-10 1
3 56 105 1025.374047314158 1.119193530345604e-10 1
3 57 32 968.643334423528 9.201583040010168e-11 1
3 57 33 970.920189892278 9.182292293909261e-11 1
3 57 34 969.621483837598 9.157084843133434e-11 1
3 57 35 969.621483837598 9.131010309773213e-11 1
3 57 36 967.332299267278 9.095152438669302e-11 1
3 57 37 966.278222118848 9.050216275248696e-11 1
3 57 38 969.147728954778 8.999257653028161e-11 1
3 57 39 970.306786571968 8.940074910865597e-11 1
3 57 40 970.306786571968 8.875440789806736e-11 1
3 57 41 970.133935009468 8.809793778098304e-11 1
3 57 42 969.612389599318 8.743025867901864e-11 1
3 57 43 968.060753857128 8.677949557269574e-11 1
3 57 44 971.171898876658 8.61457856381387e-11 1
3 57 45 971.171898876658 8.555248985611803e-11 1
3 57 46 972.873864208688 8.497949291038883e-11 1
3 57 47 972.070397411818 8.442986816498019e-11 1
3 57 48 968.168908153998 8.389477347311403e-11 1
3 57 49 970.820031200878 8.339986258133116e-11 1
3 57 50 970.820031200878 8.295100752508871e-11 1
3 57 51 973.233422314158 8.257084932673986e-11 1
3 57 52 976.667199169628 8.230237438203943e-11 1
3 57 53 979.595421825878 8.219004679626044e-11 1
3 57 54 979.830590282908 8.225021785492947e-11 1
3 57 55 979.830590282908 8.248103061410693e-11 1
3 57 56 980.890343700878 8.286349787163746e-11 1
3 57 57 980.730126415718 8.339575712307635e-11 1
3 57 58 982.032616650098 8.409560252077812e-11 1
3 57 59 983.044335400098 8.494335617842267e-11 1
3 57 60 983.044335400098 8.589661112039088e-11 1
3 57 61 984.293175732128 8.693207703502944e-11 1
3 57 62 984.957665478218 8.80408656386844e-11 1
3 57 63 986.083581005568 8.92077018879704e-11 1
3 57 64 989.794823681348 9.040999543287011e-11 1
3 57 65 989.794823681348 9.164613603571873e-11 1
3 57 66 991.682824169628 9.29003127095801e-11 1
3 57 67 992.395531689158 9.421827231370469e-11 1
3 57 68 993.046105419628 9.559967235225166e-11 1
3 57 69 992.815331493848 9.704761672304224e-11 1
3 57 70 992.815331493848 9.859290964369965e-11 1
3 57 71 991.782494579778 1.0016503104790974e-10 1
3 57 72 990.185692821968 1.0170248723120288e-10 1
3 57 73 987.837121044628 1.0318951926017055e-10 1
3 57 74 985.595177685248 1.0463388053823188e-10 1
3 57 75 985.595177685248 1.060502707865501e-10 1
3 57 76 987.072533642278 1.0741968723967701e-10 1
3 57 77 986.373253857128 1.0873909082090059e-10 1
3 57 78 985.282250439158 1.099953786252491e-10 1
3 57 79 990.671593700878 1.1121172831614568e-10 1
3 57 80 990.671593700878 1.1234170622069179e-10 1
3 57 81 992.915307079778 1.1340091437943294e-10 1
3 57 82 995.991356884468 1.1526542213216281e-10 1
3 57 83 998.182763134468 1.1612209333744557e-10 1
3 57 84 1003.385705028998 1.1685318731439028e-10 1
3 57 85 1003.385705028998 1.1746918575837356e-10 1
3 57 86 1004.577843700878 1.1798711136276108e-10 1
3 57 87 1005.261681591498 1.1841679691381569e-10 1
3 57 88 1006.239098583688 1.1875959861372035e-10 1
3 57 89 1007.162865673528 1.1875959861372035e-10 1
3 57 90 1007.162865673528 1.2076016845541178e-10 1
3 57 91 1008.301415478218 1.2094279872147872e-10 1
3 58 24 964.236229931348 9.849946768491547e-11 1
3 58 25 965.542504345408 1.0069703659704535e-10 1
3 58 26 968.595299755568 1.0160733099324496e-10 1
3 58 27 972.220421825878 1.0079146073551606e-10 1
3 58 28 976.239098583688 9.697546725219969e-11 1
3 58 29 978.078637157908 9.196729661597917e-11 1
3 58 30 981.373620068068 9.072648573170657e-11 1
3 58 31 983.287560497748 9.106896836082179e-11 1
3 58 32 983.905907665718 9.111471083729061e-11 1
3 58 33 985.588891064158 9.107633546115708e-11 1
3 58 34 986.148827587598 9.102261923935008e-11 1
3 58 35 986.148827587598 9.119923740872182e-11 1
3 58 36 986.302575146188 9.104979007532319e-11 1
3 58 37 986.700097118848 9.08554016098168e-11 1
3 58 38 987.950036083688 9.06279278002368e-11 1
3 58 39 988.192345653998 9.037709295935844e-11 1
3 58 40 988.192345653998 9.011543565098674e-11 1
3 58 41 988.539940868848 8.944641247357788e-11 1
3 58 42 989.065575634468 9.02018241039616e-11 1
3 58 43 989.617150341498 8.901052259863657e-11 1
3 59 24 965.158532177438 9.942954242019663e-11 1
3 59 25 967.302575146188 1.0188492395087497e-10 1
3 59 26 969.730980907908 1.0129407446047244e-10 1
