5 113 272 1015.9593555817003 1.089027005910594e-11 1
5 113 273 1006.4829449261536 1.1176923037567372e-11 1
5 113 274 991.6052514334033 1.1176923037567372e-11 1
5 114 266 990.4367339653597 8.635516283967733e-12 1
5 114 267 996.562679968056 9.105985659809342e-12 1
5 114 268 1003.6577678236938 9.502402261922767e-12 1
5 114 269 1018.9055165043965 9.813379864656342e-12 1
5 114 270 1023.512669058686 1.0029157776198447e-11 1
5 114 271 1024.8984472764375 1.0248567111594759e-11 1
5 114 272 1023.352648008097 1.0603022938525631e-11 1
5 114 273 1018.9333498625921 1.0976359357860777e-11 1
5 114 274 1007.5522939933463 1.0976359357860777e-11 1
5 115 260 1015.5881067854144 6.628902972373803e-12 1
5 115 261 1016.9170139253176 6.722462606190182e-12 1
5 115 262 1018.3194300109111 6.8697415715771935e-12 1
5 115 263 1020.4462901326095 7.0941276506090526e-12 1
5 115 264 1021.2637810733946 7.392711963664138e-12 1
5 115 265 1021.9329045378391 7.75685851480002e-12 1
5 115 266 1017.8739947694688 8.185295915468105e-12 1
5 115 267 1025.2359081254156 8.656507595616485e-12 1
5 115 268 1026.2890000030125 9.134841748935693e-12 1
5 115 269 1029.2126241767298 9.586290182046833e-12 1
5 116 199 961.9854048336921 4.9257212377896635e-12 1
5 116 200 962.4431239635924 4.949141480193886e-12 1
5 116 201 962.9061646863321 4.9727604995058426e-12 1
5 116 202 963.4814738667496 4.996431375211549e-12 1
5 116 203 964.0683233838353 5.020323970901147e-12 1
5 116 204 964.6551729009368 5.044366252247936e-12 1
5 116 205 965.2420224180319 5.06850774489583e-12 1
5 116 206 966.0191353795752 5.0928814230315125e-12 1
5 116 207 966.8484505858671 5.117637791648541e-12 1
5 116 208 967.6777657921363 5.1421908648520594e-12 1
5 116 209 968.5070809984699 5.166980672151734e-12 1
5 116 210 969.2898526119523 5.192065359100243e-12 1
5 116 211 970.0438013583445 5.217112821707192e-12 1
5 116 212 970.797750104778 5.24226092675723e-12 1
5 116 213 971.5516988511704 5.2676550685294695e-12 1
5 116 214 972.313287240711 5.293083584353225e-12 1
5 116 215 973.0841969558215 5.3184306559715424e-12 1
5 116 216 973.8551066709501 5.344052324468449e-12 1
5 116 217 974.6260163860608 5.3698855396442086e-12 1
5 116 218 975.5538988967908 5.395260627538782e-12 1
5 116 219 976.8789225806504 5.421014890255323e-12 1
5 116 220 978.2039462644075 5.447016208102468e-12 1
5 116 221 979.5289699480771 5.4727543493149314e-12 1
5 116 222 980.7449405480525 5.4985274973124645e-12 1
5 116 223 981.5445529247602 5.5245036351626265e-12 1
5 116 224 982.301135161823 5.550052974727462e-12 1
5 116 225 983.057717398877 5.575500065388191e-12 1
5 116 226 983.8867001917038 5.6013344929731735e-12 1
5 116 227 985.0859113134211 5.627363844586631e-12 1
5 116 228 986.3851962145422 5.652675766706339e-12 1
5 116 229 987.6844811157641 5.678216424086042e-12 1
5 116 230 989.0502610900567 5.703724842529444e-12 1
5 116 231 990.9723871675012 5.7282633317933815e-12 1
5 116 232 993.1533231414983 5.753455108608617e-12 1
5 116 233 995.3342591153786 5.7788922946557375e-12 1
5 116 234 997.4957205421123 5.803759245203201e-12 1
5 116 235 999.026831614057 5.8281292118312686e-12 1
5 116 236 1000.1189993595215 5.853048237637948e-12 1
5 116 237 1001.2111671050443 5.878123195597482e-12 1
5 116 238 1002.3033348505379 5.9021917086449976e-12 1
5 116 239 1003.1460844106402 5.926458133516618e-12 1
5 116 240 1003.7121697703718 5.950481293775072e-12 1
5 116 241 1004.2686199001175 5.9738141555967924e-12 1
5 116 242 1004.8250700298779 5.997190555845947e-12 1
5 116 243 1005.462805929124 6.0206340961161914e-12 1
5 116 244 1006.2582430065823 6.042810810375731e-12 1
5 116 245 1007.0648176256465 6.064756634390863e-12 1
5 116 246 1007.8713922446893 6.0871838195291435e-12 1
5 116 247 1008.736483014347 6.109658497676561e-12 1
5 116 248 1009.8369976644788 6.1300744965568204e-12 1
5 116 249 1010.960155062465 6.151257440965257e-12 1
5 116 250 1012.0833124605106 6.172587291610277e-12 1
5 116 251 1013.1628137424477 6.1927108794322715e-12 1
5 116 252 1013.4146441920008 6.21241576492738e-12 1
5 116 253 1013.5707685906937 6.232149736747062e-12 1
5 116 254 1013.7268929893904 6.25057727865093e-12 1
5 116 255 1013.8830173880833 6.2730869238892585e-12 1
5 116 256 1014.0529185418385 6.30732190233288e-12 1
5 116 257 1014.2894802020317 6.354142644867185e-12 1
5 116 258 1014.7134487327908 6.416582155624614e-12 1
5 116 259 1015.9863113654295 6.496782562890267e-12 1
5 116 260 1017.153335514899 6.588151155411417e-12 1
5 116 261 1018.6682632448361 6.680520602726471e-12 1
5 116 262 1020.0769062959814 6.792508727289686e-12 1
5 116 263 1022.6862883247617 6.987875498612423e-12 1
5 117 121 970.7444976794307 3.951800153719169e-12 1
5 117 122 970.7275133564859 3.948634323945606e-12 1
5 117 123 970.4889353095557 3.945480009193483e-12 1
5 117 124 970.2259518281403 3.942873943333121e-12 1
5 117 125 969.9629683467043 3.941160320980976e-12 1
5 117 126 969.7224725757634 3.939448187505179e-12 1
5 117 127 969.5889188578634 3.937616970313746e-12 1
5 117 128 969.4841267284155 3.937278522276981e-12 1
5 117 129 969.3793345989819 3.937069191770092e-12 1
5 117 130 969.3292786568992 3.9368598835206556e-12 1
5 117 131 969.7225920307051 3.9376196373989104e-12 1
5 117 132 970.3147753184205 3.9389749302202845e-12 1
5 117 133 970.9069586061248 3.940336939334341e-12 1
5 117 134 971.4904784854604 3.942274212089398e-12 1
5 117 135 971.7383184893415 3.945155492208276e-12 1
5 117 136 971.7666494587211 3.948040987075611e-12 1
5 117 137 971.7949804281009 3.950795475965863e-12 1
5 117 138 971.8233113974817 3.954975561059786e-12 1
5 117 139 971.825599076842 3.959343844370639e-12 1
5 117 140 971.7998862281665 3.963721787917353e-12 1
5 117 141 971.7733225390009 3.96891729718962e-12 1
5 117 142 971.7467588498359 3.974708111764749e-12 1
5 117 143 972.1042806775552 3.9805230910335846e-12 1
5 117 144 973.2054182156458 3.986856189150313e-12 1
5 117 145 974.3491631245221 3.994033196585556e-12 1
5 117 146 975.4929080334648 4.00123609024599e-12 1
5 117 147 976.6374082467975 4.008230887155468e-12 1
5 117 148 977.7850546096123 4.016340389725639e-12 1
5 117 149 978.9329401625955 4.024803473443757e-12 1
5 117 150 980.0808257156013 4.0333022986681725e-12 1
5 117 151 981.1998993215702 4.042552157844465e-12 1
5 117 152 981.6326936254119 4.052134632794744e-12 1
5 117 153 982.0036625267945 4.061690372800159e-12 1
5 117 154 982.3746314281483 4.071023079494316e-12 1
5 117 155 982.745600329506 4.081296391502073e-12 1
5 117 156 983.334329606612 4.091879759889876e-12 1
5 117 157 983.9808161159644 4.10251819449602e-12 1
5 117 158 984.6273026253352 4.113410799830884e-12 1
5 117 159 985.2737891346999 4.124813385708294e-12 1
5 117 160 985.6958093842486 4.136279364420604e-12 1
5 117 161 985.9821295767536 4.148240753347612e-12 1
5 117 162 986.2684497692503 4.160446763613302e-12 1
5 117 163 986.5547699617692 4.1726766236770006e-12 1
5 117 164 986.6017594746958 4.185062884061666e-12 1
5 117 165 986.3633360032425 4.198253217970419e-12 1
5 117 166 986.1249125317756 4.2115269604236924e-12 1
5 117 167 985.8864890603223 4.224984177484573e-12 1
5 117 168 985.5442196835965 4.239673222741612e-12 1
5 117 169 984.9464079321165 4.2543238352528405e-12 1
5 117 170 984.3485961806537 4.269076052165623e-12 1
5 117 171 983.7507844291445 4.284824040474208e-12 1
5 117 172 983.1445499399454 4.3009424771199454e-12 1
5 117 173 982.5077116397478 4.317179508909524e-12 1
5 117 174 981.867602923287 4.333913721377415e-12 1
5 117 175 981.227494206912 4.3513959446160804e-12 1
5 117 176 980.6322173093162 4.369019779336127e-12 1
5 117 177 980.2576955025658 4.3868205782201685e-12 1
5 117 178 979.9427434958578 4.405511603942429e-12 1
5 117 179 979.6277914891566 4.424414220358e-12 1
5 117 180 979.2988760837237 4.443479745712252e-12 1
5 117 181 978.8552103020211 4.4631890027685524e-12 1
5 117 182 978.3590890783306 4.4832689036250935e-12 1
5 117 183 977.8629678546346 4.503508640523002e-12 1
5 117 184 977.3756439313707 4.524042919407193e-12 1
5 117 185 977.197110033904 4.545216255070272e-12 1
5 117 186 977.2270790989116 4.566588712708702e-12 1
5 117 187 977.2570481639189 4.587873562263361e-12 1
5 117 188 977.2870172289267 4.609594205622595e-12 1
5 117 189 977.3311972121862 4.631901922951764e-12 1
5 117 190 977.3908870188186 4.654426602641451e-12 1
5 117 191 977.4510858614875 4.677252039560352e-12 1
5 117 192 977.5112847041516 4.700335321350704e-12 1
5 117 193 977.6461206975989 4.723571956926199e-12 1
5 117 194 977.9255217539029 4.746480553052143e-12 1
5 117 195 978.2141904107563 4.7700381116846655e-12 1
5 117 196 978.5028590676176 4.794067605604381e-12 1
5 117 197 978.9673700106878 4.818340329574203e-12 1
5 117 198 980.1511908153833 4.842858044535806e-12 1
5 117 199 981.396976017112 4.867626548229199e-12 1
5 117 200 982.6427612188068 4.892349831037888e-12 1
5 117 201 983.8562954785106 4.916894187778012e-12 1
5 117 202 984.3894387985432 4.942371799680973e-12 1
5 117 203 984.8526431467288 4.968135231152928e-12 1
5 117 204 985.3158474949273 4.994140536799995e-12 1
5 117 205 985.7790518431206 5.020372952869393e-12 1
5 117 206 986.5400876374723 5.046882402908036e-12 1
5 117 207 987.3828389189222 5.072858306829839e-12 1
5 117 208 988.2255902003492 5.0989269209234825e-12 1
5 117 209 989.0683414818415 5.125880174601995e-12 1
5 117 210 989.923336325986 5.153119895810303e-12 1
5 117 211 990.7859131929259 5.180464256378662e-12 1
5 117 212 991.6484900599131 5.208024299880445e-12 1
5 117 213 992.5110669268533 5.235742030477018e-12 1
5 117 214 993.5610472744404 5.2629831501591204e-12 1
5 117 215 994.8396834411792 5.290926935814388e-12 1
5 117 216 996.1183196079483 5.319169040203258e-12 1
5 117 217 997.3969557746874 5.346606093454561e-12 1
5 117 218 998.5463031325088 5.3738255444946225e-12 1
5 117 219 999.3685498038737 5.402326011605525e-12 1
5 117 220 1000.1907964751749 5.431130399100607e-12 1
5 117 221 1001.013043146422 5.4596554397683384e-12 1
5 117 222 1001.8394356333147 5.488241766111612e-12 1
5 117 223 1002.6816565986398 5.516968647077161e-12 1
5 117 224 1003.5255134188875 5.544474825409238e-12 1
5 117 225 1004.3693702391253 5.572554825375506e-12 1
5 117 226 1005.1645168966638 5.601396518051898e-12 1
5 117 227 1005.7105786962509 5.630486092898201e-12 1
5 117 228 1006.189312144135 5.65877830131984e-12 1
5 117 229 1006.6680455920562 5.687356272452974e-12 1
5 117 230 1007.1765891348939 5.715693259992322e-12 1
5 117 231 1007.9345455946734 5.742835423662398e-12 1
5 117 232 1008.80852790754 5.770968799630517e-12 1
5 117 233 1009.6825102203597 5.799409835557141e-12 1
5 117 234 1010.5475222216832 5.8276204553019616e-12 1
5 117 235 1011.122184003852 5.8552599008791235e-12 1
5 117 236 1011.4946609374391 5.883162774543542e-12 1
5 117 237 1011.8671378710463 5.910424873468697e-12 1
5 117 238 1012.2396148046435 5.93667712289615e-12 1
5 117 239 1012.5807963221974 5.96386661486063e-12 1
5 118 61 982.6077332422814 3.887665885589919e-12 1
5 118 62 983.2341899286839 3.861256159022476e-12 1
5 118 63 981.9694529433549 3.845609397319801e-12 1
5 118 64 981.9265334114565 3.836693735550905e-12 1
5 118 65 983.2987606477883 3.83152153463872e-12 1
5 118 66 983.6367450055307 3.828550140863829e-12 1
5 118 67 984.3127137210206 3.826674232581317e-12 1
5 118 68 984.572958266598 3.825520857927873e-12 1
5 118 69 984.6520543819946 3.824291950960872e-12 1
5 118 70 984.731150497396 3.823063833286312e-12 1
5 118 71 984.8102466127926 3.822117556389116e-12 1
5 118 72 984.8343108414651 3.821285171543149e-12 1
5 118 73 984.6758528184695 3.820464839812401e-12 1
5 118 74 984.4967417666833 3.819897438492517e-12 1
5 118 75 984.3176307149 3.8195040627758384e-12 1
5 118 76 984.1472210590508 3.819055344740421e-12 1
5 118 77 984.0168866992466 3.818624769565179e-12 1
5 118 78 983.8972764246938 3.818570702329742e-12 1
5 118 79 983.7776661501401 3.8185166366253315e-12 1
5 118 80 983.6976346308572 3.818546510342358e-12 1
5 118 81 983.9346563742101 3.8189581204692885e-12 1
5 118 82 984.3110120675196 3.819258918727073e-12 1
5 118 83 984.6873677607971 3.8195534094392546e-12 1
5 118 84 985.0628022088758 3.820076584886796e-12 1
5 118 85 985.3979517938108 3.820778996433739e-12 1
5 118 86 985.7076215865518 3.821371166139527e-12 1
5 118 87 986.017291379317 3.821991005422606e-12 1
5 118 88 986.3269611720583 3.823067758454122e-12 1
5 118 89 986.4667557471082 3.823878831672992e-12 1
5 118 90 986.4264096084404 3.824690249107241e-12 1
5 118 91 986.381105367064 3.82552539582157e-12 1
5 118 92 986.3358011256862 3.8263703526167776e-12 1
5 118 93 986.2614797596758 3.827279771016633e-12 1
5 118 94 986.1309365714575 3.828677228961276e-12 1
5 118 95 985.9975703361278 3.829688456737786e-12 1
5 118 96 985.8642041008022 3.830469430575336e-12 1
5 118 97 985.7571353528319 3.831237174421557e-12 1
5 118 98 985.7617752642278 3.8317223641446765e-12 1
5 118 99 985.7737703893813 3.8322076767726894e-12 1
5 118 100 985.7857655145358 3.8330265257574756e-12 1
5 118 101 985.8084319536862 3.833370071901546e-12 1
5 118 102 986.1234409339512 3.833358636525588e-12 1
5 118 103 986.4611150729314 3.83343383418967e-12 1
5 118 104 986.7987892119013 3.8338453304889835e-12 1
5 118 105 987.1364633508973 3.833384003812486e-12 1
5 118 106 987.5225442424231 3.832712118204558e-12 1
5 118 107 987.9210282876342 3.832012745153175e-12 1
5 118 108 988.3195123328688 3.830735328620062e-12 1
5 118 109 988.7179963780798 3.829458763466806e-12 1
5 118 110 989.1005327361196 3.828287444470116e-12 1
5 118 111 989.4736585219887 3.826758378846357e-12 1
5 118 112 989.8467843078644 3.825173083516606e-12 1
5 118 113 990.2199100937333 3.8235930144250944e-12 1
5 118 114 990.6088386026466 3.821935675519028e-12 1
5 118 115 991.0161874636879 3.820431265016833e-12 1
5 118 116 991.4235363246974 3.8190861090842835e-12 1
5 118 117 991.8308851857104 3.817761820741935e-12 1
5 118 118 992.144423886261 3.817011186006924e-12 1
5 118 119 992.2333594140479 3.816617730677764e-12 1
5 118 120 992.3222949418372 3.8162243564545365e-12 1
5 118 121 992.4112304696258 3.816788083589303e-12 1
5 118 122 992.5114009284737 3.817738601763879e-12 1
5 118 123 992.6505244302094 3.818614192644599e-12 1
5 118 124 992.793938062182 3.81929234615924e-12 1
5 118 125 992.9373516941658 3.821107717102857e-12 1
5 118 126 993.0851666245757 3.823233661854065e-12 1
5 118 127 993.2539122714091 3.825362494218841e-12 1
5 118 128 993.4282871411334 3.827790016471854e-12 1
5 118 129 993.6026620108338 3.830869729303546e-12 1
5 118 130 993.803977891092 3.833954401795129e-12 1
5 118 131 994.2235190074794 3.837641411880323e-12 1
5 118 132 994.7409433836438 3.841577209852395e-12 1
5 118 133 995.2583677597983 3.845420775806604e-12 1
5 118 134 995.7711495123534 3.848915596839021e-12 1
5 118 135 996.1040441762227 3.853508267253933e-12 1
5 118 136 996.3193064049874 3.858369899793643e-12 1
5 118 137 996.5345686337541 3.863260214706704e-12 1
5 118 138 996.7498308625271 3.868687940648814e-12 1
5 118 139 996.9565191446362 3.874545006950826e-12 1
5 118 140 997.1539891200873 3.880419834954941e-12 1
5 118 141 997.3511789826541 3.887047502116259e-12 1
5 118 142 997.5483688452152 3.8939956805491065e-12 1
5 118 143 997.7336367981629 3.900914351801696e-12 1
5 118 144 997.8958231223601 3.9080437812348175e-12 1
5 118 145 998.0566869254126 3.916169893487239e-12 1
5 118 146 998.2175507284744 3.924329869890631e-12 1
5 118 147 998.4070561467537 3.932325930373321e-12 1
5 118 148 998.7158655108719 3.94155613687449e-12 1
5 118 149 999.033745115522 3.951016799726423e-12 1
5 118 150 999.3516247201784 3.960522987485992e-12 1
5 118 151 999.6636382779624 3.970732019983682e-12 1
5 118 152 999.8359269310885 3.981515223506949e-12 1
5 118 153 999.9956280729306 3.992364418741258e-12 1
5 118 154 1000.1553292147602 4.003710374617328e-12 1
5 118 155 1000.3150303565915 4.0158419401116155e-12 1
5 118 156 1000.4999589085369 4.028047248296911e-12 1
5 118 157 1000.6915786015039 4.040090636465973e-12 1
5 118 158 1000.8831982944763 4.053166724852948e-12 1
5 118 159 1001.074817987447 4.066628857511333e-12 1
5 118 160 1001.2352521096342 4.080180714064907e-12 1
5 118 161 1001.3768331367701 4.0944321237871836e-12 1
5 119 54 977.923801967423 4.05984452873977e-12 1
5 119 55 980.0244032031275 4.030435905456666e-12 1
5 119 56 981.5170937888311 4.005081429143031e-12 1
5 119 57 982.1696307476735 3.986263777006939e-12 1
5 119 58 983.5737101698883 3.970831107202489e-12 1
5 119 59 985.5139431051015 3.9482024827293585e-12 1
5 119 60 987.1770842066023 3.913765646685762e-12 1
5 119 61 988.3769429502504 3.87534828784213e-12 1
5 119 62 990.0124627266446 3.8457151511251505e-12 1
5 119 63 991.1574152312476 3.8274756671673925e-12 1
5 119 64 991.7576958311397 3.816516278396594e-12 1
5 119 65 992.3417628048487 3.80980276003326e-12 1
5 119 66 992.40142059554 3.805697539798726e-12 1
5 119 67 992.5207361769236 3.8029229275579435e-12 1
5 119 68 992.6305468832753 3.801061507616673e-12 1
5 119 69 992.8572233459905 3.7990367794885765e-12 1
5 119 70 993.0838998087196 3.797014207253725e-12 1
5 119 71 993.3105762714347 3.795354988279313e-12 1
5 119 72 993.5065825529718 3.793580269319219e-12 1
5 119 73 993.6008661631274 3.791799766421887e-12 1
5 119 74 993.6836394985581 3.790106676656991e-12 1
5 119 75 993.7664128339873 3.7885554387544e-12 1
5 119 76 993.8520632304011 3.78700547013246e-12 1
5 119 77 993.9509642674982 3.785705619649353e-12 1
5 119 78 994.0534111548768 3.784611709681691e-12 1
5 119 79 994.1558580422563 3.7832805163910175e-12 1
5 120 48 970.1912791599397 4.21396783258732e-12 1
5 120 49 971.1773334059734 4.20740696185661e-12 1
5 120 50 972.2995685972039 4.209199158021821e-12 1
5 120 51 973.7644982138316 4.212823641540734e-12 1
5 120 52 975.583847652958 4.213295831630439e-12 1
5 120 53 977.6270498061776 4.20567580185376e-12 1
5 120 54 979.8502266391662 4.186335971918213e-12 1
5 120 55 981.440959763092 4.15373734885939e-12 1
5 120 56 982.7700912099979 4.113833729468626e-12 1
5 120 57 984.698417389515 4.073655867036927e-12 1
5 121 48 970.4967939879564 4.334674611926342e-12 1
5 121 49 971.957672207929 4.332978856300813e-12 1
5 121 50 973.0506192898284 4.3457052362619765e-12 1
5 121 51 974.2947845180898 4.331254812156252e-12 1
