2 55 104 993.1499740290765 1.2882203858808065e-10 1
2 55 105 1013.7517196345465 1.1898291960161562e-10 1
2 55 106 1037.2450057673566 1.292073155228986e-10 1
2 55 107 1030.2017318415765 1.6860563836846748e-10 1
2 56 79 972.7733871150165 1.1541024505989865e-10 1
2 56 80 972.7733871150165 1.168150609367819e-10 1
2 56 81 975.7595931697065 1.1811754666156431e-10 1
2 56 82 978.5673934626765 1.1931390892623914e-10 1
2 56 83 980.5656234431465 1.2039757164077744e-10 1
2 56 84 987.4816390681465 1.2136722787339685e-10 1
2 56 85 987.4816390681465 1.2222203215407405e-10 1
2 56 86 990.4949447322065 1.2296684860873398e-10 1
2 56 87 994.8249007868965 1.236041456871767e-10 1
2 56 88 999.7031356501765 1.241459056051941e-10 1
2 56 89 1009.3836166072065 1.2459607990951078e-10 1
2 56 90 1009.3836166072065 1.2497142635638727e-10 1
2 56 91 1013.0477401423565 1.2527608223894353e-10 1
2 56 92 1016.2324935603265 1.255046323430792e-10 1
2 56 93 1019.4671737361065 1.2565546935426987e-10 1
2 56 94 1024.4494735407966 1.2576125813431524e-10 1
2 56 95 1024.4494735407966 1.2580806272237224e-10 1
2 56 96 1026.6623031306465 1.2581628801164767e-10 1
2 56 97 1028.9185287165765 1.2579696783469923e-10 1
2 56 98 1029.2938338923566 1.2575319259457552e-10 1
2 56 99 1030.2556869197065 1.2569882898176574e-10 1
2 56 100 1031.7660018611066 1.2585847129815094e-10 1
2 56 101 1033.2720443415765 1.2721117947159413e-10 1
2 56 102 1036.1623031306465 1.3160907972955489e-10 1
2 56 103 1039.1020614314266 1.3266557893416811e-10 1
2 56 104 1041.5020248103265 1.2326466278831854e-10 1
2 56 105 1045.8941756892366 1.1191935303456004e-10 1
2 57 32 989.1634627986065 9.201583040010145e-11 1
2 57 33 991.4403182673565 9.182292293909261e-11 1
2 57 34 990.1416122126765 9.157084843133458e-11 1
2 57 35 990.1416122126765 9.131010309773213e-11 1
2 57 36 987.8524276423565 9.095152438669302e-11 1
2 57 37 986.7983504939265 9.050216275248719e-11 1
2 57 38 989.6678573298565 8.999257653028161e-11 1
2 57 39 990.8269149470465 8.940074910865597e-11 1
2 57 40 990.8269149470465 8.875440789806736e-11 1
2 57 41 990.6540633845465 8.809793778098304e-11 1
2 57 42 990.1325179743965 8.743025867901864e-11 1
2 57 43 988.5808822322065 8.677949557269574e-11 1
2 57 44 991.6920272517365 8.61457856381387e-11 1
2 57 45 991.6920272517365 8.555248985611782e-11 1
2 57 46 993.3939925837665 8.497949291038863e-11 1
2 57 47 992.5905257868965 8.442986816498e-11 1
2 57 48 988.6890365290765 8.389477347311403e-11 1
2 57 49 991.3401595759565 8.339986258133116e-11 1
2 57 50 991.3401595759565 8.295100752508871e-11 1
2 57 51 993.7535506892365 8.257084932673986e-11 1
2 57 52 997.1873275447065 8.230237438203943e-11 1
2 57 53 1000.1155502009565 8.219004679626044e-11 1
2 57 54 1000.3507186579865 8.225021785492928e-11 1
2 57 55 1000.3507186579865 8.248103061410713e-11 1
2 57 56 1001.4104720759565 8.286349787163746e-11 1
2 57 57 1001.2502547907965 8.339575712307654e-11 1
2 57 58 1002.5527450251765 8.409560252077812e-11 1
2 57 59 1003.5644637751765 8.494335617842267e-11 1
2 57 60 1003.5644637751765 8.589661112039067e-11 1
2 57 61 1004.8133041072065 8.693207703502966e-11 1
2 57 62 1005.4777938532965 8.80408656386844e-11 1
2 57 63 1006.6037093806465 8.920770188797063e-11 1
2 57 64 1010.3149520564265 9.040999543286987e-11 1
2 57 65 1010.3149520564265 9.164613603571849e-11 1
2 57 66 1012.2029525447065 9.29003127095801e-11 1
2 57 67 1012.9156600642365 9.421827231370469e-11 1
2 57 68 1013.5662337947065 9.559967235225166e-11 1
2 57 69 1013.3354598689265 9.704761672304198e-11 1
2 57 70 1013.3354598689265 9.859290964369992e-11 1
2 57 71 1012.3026229548565 1.0016503104790974e-10 1
2 57 72 1010.7058211970465 1.0170248723120288e-10 1
2 57 73 1008.3572494197065 1.0318951926017026e-10 1
2 57 74 1006.1153060603265 1.0463388053823188e-10 1
2 57 75 1006.1153060603265 1.0605027078655042e-10 1
2 57 76 1007.5926620173565 1.0741968723967701e-10 1
2 57 77 1006.8933822322065 1.0873909082090025e-10 1
2 57 78 1005.8023788142365 1.099953786252491e-10 1
2 57 79 1011.1917220759565 1.1121172831614568e-10 1
2 57 80 1011.1917220759565 1.1234170622069179e-10 1
2 57 81 1013.4354354548565 1.1340091437943332e-10 1
2 57 82 1016.5114852595465 1.1526542213216281e-10 1
2 57 83 1018.7028915095465 1.1612209333744519e-10 1
2 57 84 1023.9058334040765 1.1685318731439067e-10 1
2 57 85 1023.9058334040765 1.1746918575837317e-10 1
2 57 86 1025.0979720759565 1.179871113627607e-10 1
2 57 87 1025.7818099665765 1.1841679691381569e-10 1
2 57 88 1026.7592269587665 1.1875959861371993e-10 1
2 57 89 1027.6829940486066 1.1875959861371993e-10 1
2 57 90 1027.6829940486066 1.2076016845541137e-10 1
2 57 91 1028.8215438532966 1.2094279872147872e-10 1
2 58 24 984.7563583064265 9.849946768491547e-11 1
2 58 25 986.0626327204865 1.0069703659704535e-10 1
2 58 26 989.1154281306465 1.0160733099324526e-10 1
2 58 27 992.7405502009565 1.0079146073551636e-10 1
2 58 28 996.7592269587665 9.697546725219942e-11 1
2 58 29 998.5987655329865 9.196729661597941e-11 1
2 58 30 1001.8937484431465 9.072648573170657e-11 1
2 58 31 1003.8076888728265 9.106896836082203e-11 1
2 58 32 1004.4260360407965 9.111471083729038e-11 1
2 58 33 1006.1090194392365 9.107633546115684e-11 1
2 58 34 1006.6689559626765 9.102261923935008e-11 1
2 58 35 1006.6689559626765 9.119923740872158e-11 1
2 58 36 1006.8227035212665 9.104979007532319e-11 1
2 58 37 1007.2202254939265 9.08554016098168e-11 1
2 58 38 1008.4701644587665 9.062792780023656e-11 1
2 58 39 1008.7124740290765 9.037709295935868e-11 1
2 58 40 1008.7124740290765 9.011543565098674e-11 1
2 58 41 1009.0600692439265 8.944641247357811e-11 1
2 58 42 1009.5857040095465 9.020182410396183e-11 1
2 58 43 1010.1372787165765 8.901052259863635e-11 1
2 59 24 985.6786605525165 9.942954242019663e-11 1
2 59 25 987.8227035212665 1.0188492395087527e-10 1
2 59 26 990.2511092829865 1.0129407446047214e-10 1
