1 19 27 1007.744439472846 8.025265765914338e-09 1
1 20 17 930.977654804886 9.000000000000001e-07 1
1 20 18 938.855950703316 1.6143736820163768e-07 1
1 20 19 946.285027851756 5.339263459249444e-08 1
1 20 20 957.581658711136 2.340047091986865e-08 1
1 20 21 962.166497578316 1.6476161909824505e-08 1
1 20 22 981.788812031446 1.093139158965714e-08 1
1 20 23 1010.761041035346 7.837335980624142e-09 1
1 20 24 1022.668450703316 7.080239920902328e-09 1
1 20 25 1026.667230000196 6.904690488359578e-09 1
1 20 26 1032.216363300976 7.171014814144638e-09 1
1 20 27 1042.360650410346 7.156911756854627e-09 1
1 21 11 976.405084004096 1.0642035279192093e-08 1
1 21 12 982.543145527536 1.036982568711014e-08 1
1 21 13 989.385491718946 1.1379525096831459e-08 1
1 21 14 994.053094258006 1.2278974953409665e-08 1
1 21 15 997.321893086136 1.2434236988851996e-08 1
1 21 16 1001.885064472846 1.2506955093842877e-08 1
1 21 17 1005.314935078316 1.2997363612564518e-08 1
1 21 18 1008.406976093946 1.326379531499846e-08 1
