2 113 272 999.905493863986 8.454411023420913e-11 1
2 113 273 990.4290832084392 9.621629874971682e-11 1
2 113 274 975.551389715689 9.621629874971682e-11 1
2 114 266 974.3828722476454 6.642782373579309e-11 1
2 114 267 980.5088182503417 6.268341116044766e-11 1
2 114 268 987.6039061059795 5.984726088640311e-11 1
2 114 269 1002.8516547866822 5.835173320064869e-11 1
2 114 270 1007.4588073409717 5.973437253905326e-11 1
2 114 271 1008.8445855587231 6.531448132448565e-11 1
2 114 272 1007.2987862903827 7.543363472936246e-11 1
2 114 273 1002.8794881448778 8.080150516474462e-11 1
2 114 274 991.498432275632 8.080150516474462e-11 1
2 115 260 999.5342450677001 6.282302319949792e-11 1
2 115 261 1000.8631522076033 6.359381653386679e-11 1
2 115 262 1002.2655682931968 6.527582018821457e-11 1
2 115 263 1004.3924284148952 6.727919894355275e-11 1
2 115 264 1005.2099193556803 6.834742241129968e-11 1
2 115 265 1005.8790428201248 6.742996592232429e-11 1
2 115 266 1001.8201330517545 6.456387907107484e-11 1
2 115 267 1009.1820464077013 6.099713760662053e-11 1
2 115 268 1010.235138285298 5.788113116800752e-11 1
2 115 269 1013.1587624590154 5.606064330397174e-11 1
2 116 199 945.9315431159778 5.749030874618514e-11 1
2 116 200 946.3892622458781 5.772327823817095e-11 1
2 116 201 946.8523029686178 5.794109259628406e-11 1
2 116 202 947.4276121490353 5.815880268401228e-11 1
2 116 203 948.014461666121 5.837830302885134e-11 1
2 116 204 948.6013111832225 5.859185261439688e-11 1
2 116 205 949.1881607003176 5.879441028853523e-11 1
2 116 206 949.9652736618609 5.899837334396478e-11 1
2 116 207 950.7945888681528 5.91977139835103e-11 1
2 116 208 951.623904074422 5.938280285853853e-11 1
2 116 209 952.4532192807555 5.956905276958562e-11 1
2 116 210 953.235990894238 5.975368715767722e-11 1
2 116 211 953.9899396406302 5.992474826704133e-11 1
2 116 212 954.7438883870636 6.009219389433516e-11 1
2 116 213 955.4978371334561 6.025986365516569e-11 1
2 116 214 956.2594255229967 6.04150672500393e-11 1
2 116 215 957.0303352381072 6.056126647477942e-11 1
2 116 216 957.8012449532358 6.071016614003981e-11 1
2 116 217 958.5721546683465 6.08586059504822e-11 1
2 116 218 959.5000371790765 6.098428080631084e-11 1
2 116 219 960.8250608629361 6.11139771231909e-11 1
2 116 220 962.1500845466932 6.124422627055169e-11 1
2 116 221 963.4751082303628 6.13603558343969e-11 1
2 116 222 964.6910788303381 6.147098103258584e-11 1
2 116 223 965.4906912070459 6.158163183698871e-11 1
2 116 224 966.2472734441087 6.16830896850713e-11 1
2 116 225 967.0038556811627 6.177532759794514e-11 1
2 116 226 967.8328384739895 6.186877138928655e-11 1
2 116 227 969.0320495957068 6.196170838560544e-11 1
2 116 228 970.3313344968279 6.203839374871616e-11 1
2 116 229 971.6306193980498 6.211526916249335e-11 1
2 116 230 972.9963993723424 6.219207102501381e-11 1
2 116 231 974.9185254497869 6.225880534375933e-11 1
2 116 232 977.099461423784 6.231967532672939e-11 1
2 116 233 979.2803973976643 6.238060794850993e-11 1
2 116 234 981.441858824398 6.24373438087789e-11 1
2 116 235 982.9729698963426 6.24844739760803e-11 1
2 116 236 984.0651376418072 6.253018953530685e-11 1
2 116 237 985.15730538733 6.25753540809828e-11 1
2 116 238 986.2494731328236 6.260767077850323e-11 1
2 116 239 987.0922226929259 6.264002087283294e-11 1
2 116 240 987.6583080526575 6.267426705066069e-11 1
2 116 241 988.2147581824032 6.269967848558341e-11 1
2 116 242 988.7712083121636 6.272061462772325e-11 1
2 116 243 989.4089442114097 6.2742092398068e-11 1
2 116 244 990.204381288868 6.276391115931567e-11 1
2 116 245 991.0109559079322 6.277741832040752e-11 1
2 116 246 991.817530526975 6.278954386845813e-11 1
2 116 247 992.6826212966326 6.280147102878783e-11 1
2 116 248 993.7831359467644 6.280816925664149e-11 1
2 116 249 994.9062933447507 6.28126118792086e-11 1
2 116 250 996.0294507427963 6.281705513030173e-11 1
2 116 251 997.1089520247334 6.281770261619474e-11 1
2 116 252 997.3607824742865 6.281681750999578e-11 1
2 116 253 997.5169068729793 6.281624847376856e-11 1
2 116 254 997.6730312716761 6.281611521304087e-11 1
2 116 255 997.829155670369 6.280941808681549e-11 1
2 116 256 997.9990568241242 6.279721752641975e-11 1
2 116 257 998.2356184843173 6.277188356404447e-11 1
2 116 258 998.6595870150765 6.273004571038367e-11 1
2 116 259 999.9324496477152 6.266927000197749e-11 1
2 116 260 1001.0994737971847 6.267584299690933e-11 1
2 116 261 1002.6144015271218 6.304250998430494e-11 1
2 116 262 1004.0230445782671 6.391522549882335e-11 1
2 116 263 1006.6324266070474 6.558131668982339e-11 1
2 117 121 954.6906359617163 4.114911858786033e-11 1
2 117 122 954.6736516387716 4.122383170702647e-11 1
2 117 123 954.4350735918414 4.1298788632818476e-11 1
2 117 124 954.172090110426 4.1381852808478556e-11 1
2 117 125 953.90910662899 4.147814340564878e-11 1
2 117 126 953.6686108580491 4.157488316124664e-11 1
2 117 127 953.5350571401491 4.167314936926039e-11 1
2 117 128 953.4302650107012 4.1788352502315764e-11 1
2 117 129 953.3254728812676 4.190511514547248e-11 1
2 117 130 953.2754169391849 4.2022532120027676e-11 1
2 117 131 953.6687303129908 4.2150288080239004e-11 1
2 117 132 954.2609136007062 4.2284180656879315e-11 1
2 117 133 954.8530968884105 4.241896724433293e-11 1
2 117 134 955.436616767746 4.255935489578789e-11 1
2 117 135 955.6844567716272 4.270849194028686e-11 1
2 117 136 955.7127877410068 4.2858677876263714e-11 1
2 117 137 955.7411187103866 4.3009941567502504e-11 1
2 117 138 955.7694496797674 4.317163339890952e-11 1
2 117 139 955.7717373591277 4.333425312111767e-11 1
2 117 140 955.7460245104522 4.349810259364049e-11 1
2 117 141 955.7194608212866 4.3667175144473285e-11 1
2 117 142 955.6928971321216 4.383875874112792e-11 1
2 117 143 956.0504189598408 4.401168385251194e-11 1
2 117 144 957.1515564979314 4.418686959898273e-11 1
2 117 145 958.2953014068078 4.436492689539536e-11 1
2 117 146 959.4390463157505 4.454442501236855e-11 1
2 117 147 960.5835465290832 4.472597259647031e-11 1
2 117 148 961.731192891898 4.4911046025253727e-11 1
2 117 149 962.8790784448812 4.5095744364384036e-11 1
2 117 150 964.026963997887 4.5281968134417705e-11 1
2 117 151 965.1460376038559 4.547161747251144e-11 1
2 117 152 965.5788319076976 4.5663627985913135e-11 1
2 117 153 965.9498008090802 4.5858056425282536e-11 1
2 117 154 966.320769710434 4.60639625622806e-11 1
2 117 155 966.6917386117917 4.627092918383596e-11 1
2 117 156 967.2804678888976 4.6475616938491716e-11 1
2 117 157 967.9269543982501 4.668307927150704e-11 1
2 117 158 968.5734409076209 4.690910004890216e-11 1
2 117 159 969.2199274169856 4.712944801749523e-11 1
2 117 160 969.6419476665343 4.735187585436894e-11 1
2 117 161 969.9282678590392 4.758186867179649e-11 1
2 117 162 970.214588051536 4.781633104021788e-11 1
2 117 163 970.5009082440549 4.805395973870838e-11 1
2 117 164 970.5478977569815 4.829782111612511e-11 1
2 117 165 970.3094742855282 4.8540111324678963e-11 1
2 117 166 970.0710508140613 4.8784844729429077e-11 1
2 117 167 969.832627342608 4.902966481732043e-11 1
2 117 168 969.4903579658821 4.9266091189792456e-11 1
2 117 169 968.8925462144022 4.9507737388935566e-11 1
2 117 170 968.2947344629393 4.975176578273964e-11 1
2 117 171 967.6969227114301 4.998752669345271e-11 1
2 117 172 967.090688222231 5.0223031491211934e-11 1
2 117 173 966.4538499220334 5.0460818893661616e-11 1
2 117 174 965.8137412055727 5.0696408649431265e-11 1
2 117 175 965.1736324891976 5.092683545596178e-11 1
2 117 176 964.5783555916018 5.115936651217625e-11 1
2 117 177 964.2038337848514 5.139473352224097e-11 1
2 117 178 963.8888817781435 5.162351021070071e-11 1
2 117 179 963.5739297714423 5.1852367402240875e-11 1
2 117 180 963.2450143660094 5.208326276744475e-11 1
2 117 181 962.8013485843068 5.230906639842697e-11 1
2 117 182 962.3052273606163 5.2533922237769384e-11 1
2 117 183 961.8091061369203 5.276126558629413e-11 1
2 117 184 961.3217822136564 5.2989000143108806e-11 1
2 117 185 961.1432483161897 5.320935614962373e-11 1
2 117 186 961.1732173811973 5.3431552520635485e-11 1
2 117 187 961.2031864462045 5.36606234177893e-11 1
2 117 188 961.2331555112124 5.3881887852220264e-11 1
2 117 189 961.2773354944719 5.409918931399461e-11 1
2 117 190 961.3370253011043 5.4318250592753127e-11 1
2 117 191 961.3972241437732 5.453146996637571e-11 1
2 117 192 961.4574229864373 5.4743268491201855e-11 1
2 117 193 961.5922589798846 5.495787721454552e-11 1
2 117 194 961.8716600361886 5.517797962623594e-11 1
2 117 195 962.160328693042 5.538612698742584e-11 1
2 117 196 962.4489973499033 5.559258775746171e-11 1
2 117 197 962.9135082929735 5.5799941818149386e-11 1
2 117 198 964.097329097669 5.599514841224474e-11 1
2 117 199 965.3431142993977 5.6191725595165656e-11 1
2 117 200 966.5888995010924 5.639335568475138e-11 1
2 117 201 967.8024337607962 5.658978679890008e-11 1
2 117 202 968.3355770808289 5.677389991770782e-11 1
2 117 203 968.7987814290145 5.695895320585901e-11 1
2 117 204 969.261985777213 5.7138627566963245e-11 1
2 117 205 969.7251901254062 5.730857993826531e-11 1
2 117 206 970.486225919758 5.747954633379778e-11 1
2 117 207 971.3289772012079 5.7659085168459803e-11 1
2 117 208 972.1717284826349 5.7820993486591146e-11 1
2 117 209 973.0144797641271 5.7977873463402253e-11 1
2 117 210 973.8694746082717 5.813560705004541e-11 1
2 117 211 974.7320514752116 5.828023045403837e-11 1
2 117 212 975.5946283421988 5.841990857921149e-11 1
2 117 213 976.457205209139 5.856160693231488e-11 1
2 117 214 977.5071855567261 5.870266098032324e-11 1
2 117 215 978.7858217234649 5.882569159235047e-11 1
2 117 216 980.0644578902339 5.894923898918478e-11 1
2 117 217 981.3430940569731 5.908297442241329e-11 1
2 117 218 982.4924414147945 5.919919023496899e-11 1
2 117 219 983.3146880861594 5.930688679594263e-11 1
2 117 220 984.1369347574606 5.941497591931483e-11 1
2 117 221 984.9591814287077 5.951172312840605e-11 1
2 117 222 985.7855739156004 5.960403338700972e-11 1
2 117 223 986.6277948809255 5.969793339154983e-11 1
2 117 224 987.4716517011732 5.979520979528857e-11 1
2 117 225 988.315508521411 5.98757678415812e-11 1
2 117 226 989.1106551789495 5.995303344607584e-11 1
2 117 227 989.6567169785366 6.00298568542795e-11 1
2 117 228 990.1354504264207 6.009344985045889e-11 1
2 117 229 990.6141838743418 6.015717772478152e-11 1
2 117 230 991.1227274171796 6.022447303972698e-11 1
2 117 231 991.8806838769591 6.028561693532615e-11 1
2 117 232 992.7546661898257 6.033626626791899e-11 1
2 117 233 993.6286485026454 6.038681937434864e-11 1
2 117 234 994.4936605039688 6.043278012675113e-11 1
2 117 235 995.0683222861377 6.047113902295309e-11 1
2 117 236 995.4407992197248 6.050954664567295e-11 1
2 117 237 995.813276153332 6.055158924347356e-11 1
2 117 238 996.1857530869291 6.05823529556758e-11 1
2 117 239 996.5269346044831 6.060990221949261e-11 1
2 118 61 966.5538715245671 4.6114395748623315e-11 1
2 118 62 967.1803282109696 4.5994549336495706e-11 1
2 118 63 965.9155912256406 4.576177641372486e-11 1
2 118 64 965.8726716937422 4.5511383760917e-11 1
2 118 65 967.244898930074 4.531245480817762e-11 1
2 118 66 967.5828832878163 4.516483431494836e-11 1
2 118 67 968.2588520033063 4.5061379521696723e-11 1
2 118 68 968.5190965488837 4.49696042139822e-11 1
2 118 69 968.5981926642803 4.48827085218999e-11 1
2 118 70 968.6772887796817 4.479614800282574e-11 1
2 118 71 968.7563848950783 4.470608148619826e-11 1
2 118 72 968.7804491237508 4.461483281590524e-11 1
2 118 73 968.6219911007552 4.4523265684064016e-11 1
2 118 74 968.442880048969 4.442529843285812e-11 1
2 118 75 968.2637689971857 4.4328129233090265e-11 1
2 118 76 968.0933593413365 4.423313936442577e-11 1
2 118 77 967.9630249815323 4.413830087634169e-11 1
2 118 78 967.8434147069795 4.403857260500142e-11 1
2 118 79 967.7238044324258 4.393929397973687e-11 1
2 118 80 967.6437729131429 4.383935954985354e-11 1
2 118 81 967.8807946564958 4.3739273868670825e-11 1
2 118 82 968.2571503498053 4.363951112402583e-11 1
2 118 83 968.6335060430828 4.354019046369892e-11 1
2 118 84 969.0089404911615 4.3442119875225785e-11 1
2 118 85 969.3440900760964 4.334480378038222e-11 1
2 118 86 969.6537598688375 4.3247366496199196e-11 1
2 118 87 969.9634296616027 4.3150590385179314e-11 1
2 118 88 970.273099454344 4.305835023187671e-11 1
2 118 89 970.4128940293939 4.296525395324895e-11 1
2 118 90 970.3725478907261 4.287255937226022e-11 1
2 118 91 970.3272436493497 4.278397645812245e-11 1
2 118 92 970.2819394079719 4.26972517140808e-11 1
2 118 93 970.2076180419615 4.2610926323557726e-11 1
2 118 94 970.0770748537432 4.252617899776277e-11 1
2 118 95 969.9437086184134 4.2443971530599956e-11 1
2 118 96 969.8103423830879 4.236252008191902e-11 1
2 118 97 969.7032736351176 4.228167475372984e-11 1
2 118 98 969.7079135465135 4.220725315908791e-11 1
2 118 99 969.719908671667 4.213309308872355e-11 1
2 118 100 969.7319037968215 4.205847521162421e-11 1
2 118 101 969.7545702359719 4.199286207584908e-11 1
2 118 102 970.0695792162369 4.1931321098853574e-11 1
2 118 103 970.4072533552171 4.1869553323971834e-11 1
2 118 104 970.744927494187 4.180988393334375e-11 1
2 118 105 971.082601633183 4.1761932438034576e-11 1
2 118 106 971.4686825247088 4.1716068783971946e-11 1
2 118 107 971.8671665699198 4.1671115872245187e-11 1
2 118 108 972.2656506151545 4.164313834948571e-11 1
2 118 109 972.6641346603654 4.161519836911452e-11 1
2 118 110 973.0466710184053 4.158483202581627e-11 1
2 118 111 973.4197968042744 4.1566564692907956e-11 1
2 118 112 973.79292259015 4.155867746285654e-11 1
2 118 113 974.166048376019 4.15509150788611e-11 1
2 118 114 974.5549768849323 4.155002342868842e-11 1
2 118 115 974.9623257459735 4.1562696052782823e-11 1
2 118 116 975.369674606983 4.157668152448336e-11 1
2 118 117 975.7770234679961 4.159166157030653e-11 1
2 118 118 976.0905621685467 4.162592940010983e-11 1
2 118 119 976.1794976963336 4.165727548197135e-11 1
2 118 120 976.2684332241229 4.1688668809256365e-11 1
2 118 121 976.3573687519115 4.173052772716676e-11 1
2 118 122 976.4575392107594 4.177668684284264e-11 1
2 118 123 976.5966627124951 4.18239470150887e-11 1
2 118 124 976.7400763444676 4.188640767279093e-11 1
2 118 125 976.8834899764515 4.195433442364374e-11 1
2 118 126 977.0313049068614 4.201831899302224e-11 1
2 118 127 977.2000505536948 4.208402954712197e-11 1
2 118 128 977.3744254234191 4.2177936081424016e-11 1
2 118 129 977.5488002931195 4.2262962581890195e-11 1
2 118 130 977.7501161733777 4.234833258466369e-11 1
2 118 131 978.169657289765 4.244858641451601e-11 1
2 118 132 978.6870816659294 4.2555216241515656e-11 1
2 118 133 979.204506042084 4.2664040314745e-11 1
2 118 134 979.7172877946391 4.279158455097513e-11 1
2 118 135 980.0501824585084 4.2921730951257914e-11 1
2 118 136 980.2654446872731 4.3048256047514363e-11 1
2 118 137 980.4807069160398 4.317658355077709e-11 1
2 118 138 980.6959691448128 4.332485645394158e-11 1
2 118 139 980.9026574269219 4.346736499578541e-11 1
2 118 140 981.100127402373 4.361081413884629e-11 1
2 118 141 981.2973172649398 4.376247546141577e-11 1
2 118 142 981.4945071275009 4.391814844519374e-11 1
2 118 143 981.6797750804486 4.4075835792664e-11 1
2 118 144 981.8419614046458 4.424100439465616e-11 1
2 118 145 982.0028252076983 4.440677654632453e-11 1
2 118 146 982.1636890107601 4.4573795675257585e-11 1
2 118 147 982.3531944290394 4.474650771032639e-11 1
2 118 148 982.6620037931576 4.4922144579679864e-11 1
2 118 149 982.9798833978077 4.509641224019641e-11 1
2 118 150 983.2977630024641 4.527203724857347e-11 1
2 118 151 983.6097765602481 4.545168970179615e-11 1
2 118 152 983.7820652133742 4.5630507726507546e-11 1
2 118 153 983.9417663552163 4.5810642681220396e-11 1
2 118 154 984.1014674970459 4.599124388058967e-11 1
2 118 155 984.2611686388772 4.6171687025435983e-11 1
2 118 156 984.4460971908226 4.6353551657267984e-11 1
2 118 157 984.6377168837896 4.653891639132121e-11 1
2 118 158 984.829336576762 4.672241998958203e-11 1
2 118 159 985.0209562697327 4.6903712595255517e-11 1
2 118 160 985.1813903919199 4.7086417586520946e-11 1
2 118 161 985.3229714190558 4.7268278142990257e-11 1
2 119 54 961.8699402497086 5.047679805603366e-11 1
2 119 55 963.9705414854132 4.9741332704618606e-11 1
2 119 56 965.4632320711167 4.8434943492445626e-11 1
2 119 57 966.1157690299592 4.6982271592989194e-11 1
2 119 58 967.519848452174 4.5968382467601136e-11 1
2 119 59 969.4600813873872 4.56088138230651e-11 1
2 119 60 971.123222488888 4.576137329103683e-11 1
2 119 61 972.3230812325361 4.5858073737847694e-11 1
2 119 62 973.9586010089303 4.582714878201363e-11 1
2 119 63 975.1035535135333 4.5694731380461584e-11 1
2 119 64 975.7038341134254 4.554147147032457e-11 1
2 119 65 976.2879010871344 4.5414880905015046e-11 1
2 119 66 976.3475588778257 4.532160975210509e-11 1
2 119 67 976.4668744592093 4.526198135948412e-11 1
2 119 68 976.576685165561 4.520496694425213e-11 1
2 119 69 976.8033616282762 4.5155209856072754e-11 1
2 119 70 977.0300380910053 4.510556218267304e-11 1
2 119 71 977.2567145537204 4.504616177189451e-11 1
2 119 72 977.4527208352575 4.4994750365433983e-11 1
2 119 73 977.5470044454131 4.4943790275081975e-11 1
2 119 74 977.6297777808438 4.489031236631685e-11 1
2 119 75 977.712551116273 4.483265908785107e-11 1
2 119 76 977.7982015126868 4.4775153709316584e-11 1
2 119 77 977.8971025497839 4.470816752391915e-11 1
2 119 78 977.9995494371625 4.4633192911390235e-11 1
2 119 79 978.101996324542 4.4565903545696324e-11 1
2 120 48 954.1374174422253 4.985848028599102e-11 1
2 120 49 955.1234716882591 5.053262264656096e-11 1
2 120 50 956.2457068794896 5.091163691293989e-11 1
2 120 51 957.7106364961173 5.1003720171872945e-11 1
2 120 52 959.5299859352436 5.080144189089031e-11 1
2 120 53 961.5731880884633 5.0322989994860456e-11 1
2 120 54 963.7963649214519 4.9536729418184057e-11 1
2 120 55 965.3870980453777 4.836684038733702e-11 1
2 120 56 966.7162294922836 4.691968403200026e-11 1
2 120 57 968.6445556718007 4.5763896178979944e-11 1
2 121 48 954.4429322702421 5.002390227690845e-11 1
2 121 49 955.9038104902147 5.071938686425014e-11 1
2 121 50 956.9967575721141 5.100657955784175e-11 1
2 121 51 958.2409228003755 5.089514602766015e-11 1
