1 98 267 964.8267411163046 4.8906941504865306e-11 1
1 98 268 984.5460404327046 4.3456486766929615e-11 1
1 98 269 1006.8330277373946 3.4062214759519676e-11 1
1 98 270 1000.9960526397346 3.092874486475607e-11 1
1 99 206 943.5677079131746 6.799148611694095e-11 1
1 99 207 943.5677079131746 6.758101306040419e-11 1
1 99 208 943.5677079131746 6.718632950494957e-11 1
1 99 209 943.5677079131746 6.679622920841546e-11 1
1 99 210 946.5539139678646 6.328029709131783e-11 1
1 99 211 946.5539139678646 6.295788031823573e-11 1
1 99 212 946.5539139678646 6.263873235458784e-11 1
1 99 213 946.5539139678646 6.232616798646495e-11 1
1 99 214 949.3617142608346 5.944980704662133e-11 1
1 99 215 949.3617142608346 5.918669845663407e-11 1
1 99 216 949.3617142608346 5.892590849836615e-11 1
1 99 217 949.3617142608346 5.867678488530815e-11 1
1 99 218 949.3617142608346 5.844223071992524e-11 1
1 99 219 951.3599442413046 5.6564698627447024e-11 1
1 99 220 951.3599442413046 5.635385413136067e-11 1
1 99 221 951.3599442413046 5.6157326696400596e-11 1
1 99 222 951.3599442413046 5.596216523039147e-11 1
1 99 223 958.2759598663046 5.0866884051208334e-11 1
1 99 224 958.2759598663046 5.072473434318444e-11 1
1 99 225 958.2759598663046 5.0580801426161104e-11 1
1 99 226 958.2759598663046 5.0437683025645497e-11 1
1 99 227 961.2892655303646 4.846766115132367e-11 1
1 99 228 961.2892655303646 4.835159353838546e-11 1
1 99 229 961.2892655303646 4.823422191115009e-11 1
1 99 230 961.2892655303646 4.8118593102462326e-11 1
1 99 231 965.6192215850546 4.5642506623134726e-11 1
1 99 232 965.6192215850546 4.55491088010597e-11 1
1 99 233 965.6192215850546 4.5458649143616616e-11 1
1 99 234 965.6192215850546 4.537862904107814e-11 1
1 99 235 970.4974564483346 4.2925205699692524e-11 1
1 99 236 970.4974564483346 4.285168065521875e-11 1
1 99 237 970.4974564483346 4.27820400002041e-11 1
1 99 238 970.4974564483346 4.2717480977338646e-11 1
1 99 239 980.1779374053646 3.8662186389183496e-11 1
1 99 240 980.1779374053646 3.861246235739157e-11 1
1 99 241 980.1779374053646 3.8566333430652113e-11 1
1 99 242 980.1779374053646 3.85203145895527e-11 1
1 99 243 980.1779374053646 3.8475796103733485e-11 1
1 99 244 983.8420609405146 3.712985033347534e-11 1
1 99 245 983.8420609405146 3.709297484269809e-11 1
1 99 246 983.8420609405146 3.705617252499644e-11 1
1 99 247 983.8420609405146 3.702256317165426e-11 1
1 99 248 987.0268143584846 3.593351645967267e-11 1
1 99 249 987.0268143584846 3.590400482360898e-11 1
1 99 250 987.0268143584846 3.587501295264701e-11 1
1 99 251 987.0268143584846 3.585060932067136e-11 1
1 99 252 990.2614945342646 3.4817519407108756e-11 1
1 99 253 990.2614945342646 3.479530398812556e-11 1
1 99 254 990.2614945342646 3.4777238405312526e-11 1
1 99 255 990.2614945342646 3.47589224019589e-11 1
1 99 256 995.2437943389546 3.329968015231187e-11 1
1 99 257 995.2437943389546 3.3285196666624586e-11 1
1 99 258 995.2437943389546 3.3269884639758614e-11 1
1 99 259 997.4566239288046 3.264706959341344e-11 1
1 99 260 997.4566239288046 3.2624368922859955e-11 1
1 99 261 999.7128495147346 3.2017623149496786e-11 1
1 99 262 1001.0500077178646 3.168173820728337e-11 1
1 99 263 1002.1689042022346 3.144589631238691e-11 1
1 99 264 1004.0663651397346 3.104955916637985e-11 1
1 99 265 1006.9566239288046 3.0450099409905147e-11 1
1 99 266 1009.8963822295846 3.057403399537252e-11 1
1 99 267 1011.9590653350546 3.217619925519779e-11 1
1 99 268 1016.6884964873946 3.366183965939612e-11 1
1 100 43 959.7602127959846 6.854436677272719e-11 1
1 100 44 959.9577835967646 6.850447624413491e-11 1
1 100 45 959.9577835967646 6.870143136489279e-11 1
1 100 46 959.9577835967646 6.88995840395918e-11 1
1 100 47 959.9577835967646 6.910760703940534e-11 1
1 100 48 962.4014481475546 6.651078323728678e-11 1
1 100 49 962.4014481475546 6.671445195256589e-11 1
1 100 50 962.4014481475546 6.69209483838006e-11 1
1 100 51 962.4014481475546 6.714403857249278e-11 1
1 100 52 962.2346390655146 6.755842142171107e-11 1
1 100 53 962.2346390655146 6.778803187192255e-11 1
1 100 54 962.2346390655146 6.8037904748191e-11 1
1 100 55 962.2346390655146 6.828601573776704e-11 1
1 100 56 960.9359330108346 7.009571349012568e-11 1
1 100 57 960.9359330108346 7.03678032557876e-11 1
1 100 58 960.9359330108346 7.06537912777293e-11 1
1 100 59 960.9359330108346 7.09421134044149e-11 1
1 100 60 958.6467484405146 7.427275806923855e-11 1
1 100 61 958.6467484405146 7.46185999218983e-11 1
1 100 62 958.6467484405146 7.496767758076175e-11 1
1 100 63 958.6467484405146 7.532641957046839e-11 1
1 100 64 957.5926712920846 7.725544421135225e-11 1
1 100 65 957.5926712920846 7.765543756792599e-11 1
1 100 66 957.5926712920846 7.805959444663165e-11 1
1 100 67 957.5926712920846 7.847785571378178e-11 1
1 100 68 957.5926712920846 7.891400991976315e-11 1
1 100 69 960.4621781280146 7.508087589901125e-11 1
1 100 70 960.4621781280146 7.549325221754723e-11 1
1 100 71 960.4621781280146 7.591360400827674e-11 1
1 100 72 960.4621781280146 7.633866310688906e-11 1
1 100 73 961.6212357452046 7.510518234443423e-11 1
1 100 74 961.6212357452046 7.553714570606841e-11 1
1 100 75 961.6212357452046 7.596276853456032e-11 1
1 100 76 961.6212357452046 7.639321498492023e-11 1
1 100 77 961.4483841827046 7.70801059872965e-11 1
1 100 78 961.4483841827046 7.751297513805775e-11 1
1 100 79 961.4483841827046 7.795073358971023e-11 1
1 100 80 961.4483841827046 7.839873440501507e-11 1
1 100 81 960.9268387725546 7.964844994072344e-11 1
1 100 82 960.9268387725546 8.0093403689405e-11 1
1 100 83 960.9268387725546 8.054335680927316e-11 1
1 100 84 960.9268387725546 8.096978059621564e-11 1
1 100 85 959.3752030303646 8.405548360763689e-11 1
1 100 86 959.3752030303646 8.452063816616655e-11 1
1 100 87 959.3752030303646 8.497409111550446e-11 1
1 100 88 959.3752030303646 8.540957374773671e-11 1
1 100 89 962.4863480498946 8.047595468206967e-11 1
1 100 90 962.4863480498946 8.084904439747834e-11 1
1 100 91 962.4863480498946 8.11957298678944e-11 1
1 100 92 962.4863480498946 8.155828476652565e-11 1
1 100 93 962.4863480498946 8.192409194504288e-11 1
1 100 94 964.1883133819246 7.946852480776499e-11 1
1 100 95 964.1883133819246 7.978284657629973e-11 1
1 100 96 964.1883133819246 8.009966469172164e-11 1
1 100 97 964.1883133819246 8.039684307371705e-11 1
1 100 98 963.3848465850546 8.20125587232395e-11 1
1 100 99 963.3848465850546 8.231888373003668e-11 1
1 100 100 963.3848465850546 8.26255834731091e-11 1
1 100 101 963.3848465850546 8.291589475859291e-11 1
1 100 102 959.4833573272346 9.055783939542892e-11 1
1 100 103 959.4833573272346 9.088466884472106e-11 1
1 100 104 959.4833573272346 9.120738541496575e-11 1
1 100 105 959.4833573272346 9.153736096554437e-11 1
1 100 106 962.1344803741146 8.658908668191848e-11 1
1 100 107 962.1344803741146 8.683150063046412e-11 1
1 100 108 962.1344803741146 8.710128294969219e-11 1
1 100 109 962.1344803741146 8.738958056329494e-11 1
1 100 110 964.5478714873946 8.327440925349006e-11 1
1 100 111 964.5478714873946 8.353738071323227e-11 1
1 100 112 964.5478714873946 8.380201830454626e-11 1
1 100 113 964.5478714873946 8.404021903051861e-11 1
1 100 114 967.9816483428646 7.860603359699476e-11 1
1 100 115 967.9816483428646 7.883982188749822e-11 1
1 100 116 967.9816483428646 7.90697503503915e-11 1
1 100 117 967.9816483428646 7.928277285770468e-11 1
1 100 118 967.9816483428646 7.94964037538366e-11 1
1 100 119 970.9098709991146 7.531159634229326e-11 1
1 100 120 970.9098709991146 7.549407318116918e-11 1
1 100 121 970.9098709991146 7.562338552659971e-11 1
1 100 122 970.9098709991146 7.575314162538347e-11 1
1 100 123 971.1450394561446 7.554608353529213e-11 1
1 100 124 971.1450394561446 7.561825047385237e-11 1
1 100 125 971.1450394561446 7.566804281735525e-11 1
1 100 126 971.1450394561446 7.571790077758586e-11 1
1 100 127 972.2047928741146 7.424552931143888e-11 1
1 100 128 972.2047928741146 7.420839059865878e-11 1
1 100 129 972.2047928741146 7.416586300263366e-11 1
1 100 130 972.2047928741146 7.411553243190533e-11 1
1 100 131 972.0445755889546 7.420962035123519e-11 1
1 100 132 972.0445755889546 7.408346069410014e-11 1
1 100 133 972.0445755889546 7.39644975572194e-11 1
1 100 134 972.0445755889546 7.377929020787861e-11 1
1 100 135 973.3470658233346 7.185075071893272e-11 1
1 100 136 973.3470658233346 7.165593838388446e-11 1
1 100 137 973.3470658233346 7.143955026998927e-11 1
1 100 138 973.3470658233346 7.117633872169443e-11 1
1 100 139 974.3587845733346 6.966266105065072e-11 1
1 100 140 974.3587845733346 6.940478816638812e-11 1
1 100 141 974.3587845733346 6.910121189946142e-11 1
1 100 142 974.3587845733346 6.879637420286781e-11 1
1 100 143 974.3587845733346 6.84942142561763e-11 1
1 100 144 975.6076249053646 6.674073947105122e-11 1
1 100 145 975.6076249053646 6.641428479765533e-11 1
1 100 146 975.6076249053646 6.609166350313602e-11 1
1 100 147 975.6076249053646 6.575849278680242e-11 1
1 100 148 976.2721146514546 6.470321678114304e-11 1
1 100 149 976.2721146514546 6.436215552065606e-11 1
1 100 150 976.2721146514546 6.402589132913967e-11 1
1 100 151 976.2721146514546 6.36668477422405e-11 1
1 100 152 977.3980301788046 6.219991213345254e-11 1
1 100 153 977.3980301788046 6.185766319743543e-11 1
1 100 154 977.3980301788046 6.150275968844064e-11 1
1 100 155 977.3980301788046 6.114680295695648e-11 1
1 100 156 981.1092728545846 5.7549911983723327e-11 1
1 100 157 981.1092728545846 5.723906054407604e-11 1
1 100 158 981.1092728545846 5.691981258336112e-11 1
1 100 159 981.1092728545846 5.660207871743477e-11 1
1 100 160 982.9972733428646 5.483023384741365e-11 1
1 100 161 982.9972733428646 5.452594765498656e-11 1
1 100 162 982.9972733428646 5.4225020160044466e-11 1
1 100 163 982.9972733428646 5.3929148595708756e-11 1
1 100 164 983.7099808623946 5.3120309710222745e-11 1
1 100 165 983.7099808623946 5.282504928840589e-11 1
1 100 166 983.7099808623946 5.253305303531256e-11 1
1 100 167 983.7099808623946 5.223813974075118e-11 1
1 100 168 983.7099808623946 5.194034176823299e-11 1
1 100 169 984.3605545928646 5.121657452656975e-11 1
1 100 170 984.3605545928646 5.0930107250124065e-11 1
1 100 171 984.3605545928646 5.063708279476507e-11 1
1 100 172 984.3605545928646 5.0347410861150985e-11 1
1 100 173 984.1297806670846 5.020509192425617e-11 1
1 100 174 984.1297806670846 4.991461366948326e-11 1
1 100 175 984.1297806670846 4.96262815818924e-11 1
1 100 176 984.1297806670846 4.9341565206388484e-11 1
1 100 177 983.0969437530146 4.9691488087279476e-11 1
1 100 178 983.0969437530146 4.940632685502163e-11 1
1 100 179 983.0969437530146 4.912345596225732e-11 1
1 100 180 983.0969437530146 4.8844057995636324e-11 1
1 100 181 981.5001419952046 4.95305885388594e-11 1
1 100 182 981.5001419952046 4.9249028218637044e-11 1
1 100 183 981.5001419952046 4.897182132180316e-11 1
1 100 184 981.5001419952046 4.869941745230448e-11 1
1 100 185 979.1515702178646 4.984763686742935e-11 1
1 100 186 979.1515702178646 4.9565792562912166e-11 1
1 100 187 979.1515702178646 4.92887234840683e-11 1
1 100 188 979.1515702178646 4.901566074917225e-11 1
1 100 189 976.9096268584846 5.011480464004593e-11 1
1 100 190 976.9096268584846 4.983299621419791e-11 1
1 100 191 976.9096268584846 4.955713923597607e-11 1
1 100 192 976.9096268584846 4.9284204591700516e-11 1
1 100 193 976.9096268584846 4.9014259841448525e-11 1
1 100 194 978.3869828155146 4.7888513836242554e-11 1
1 100 195 978.3869828155146 4.76376845456289e-11 1
1 100 196 978.3869828155146 4.738946913916667e-11 1
1 100 197 978.3869828155146 4.714646119589936e-11 1
1 100 198 977.6877030303646 4.729683549884215e-11 1
1 100 199 977.6877030303646 4.7057623480898776e-11 1
1 100 200 977.6877030303646 4.6821422073693016e-11 1
1 100 201 977.6877030303646 4.6593342247580755e-11 1
1 100 202 976.5966996123946 4.696138345201156e-11 1
1 100 203 976.5966996123946 4.673259686581323e-11 1
1 100 204 976.5966996123946 4.651257275203462e-11 1
1 100 205 976.5966996123946 4.6295361693725957e-11 1
1 100 206 981.9860428741146 4.338649903690421e-11 1
1 100 207 981.9860428741146 4.320049212514964e-11 1
1 100 208 981.9860428741146 4.3020124731551895e-11 1
1 100 209 981.9860428741146 4.284125718821226e-11 1
1 100 210 984.2297562530146 4.166888669847169e-11 1
1 100 211 984.2297562530146 4.150993606015943e-11 1
1 100 212 984.2297562530146 4.135094942436403e-11 1
1 100 213 984.2297562530146 4.119317600689659e-11 1
1 100 214 987.3058060577046 3.994039656396602e-11 1
1 100 215 987.3058060577046 3.994039656396602e-11 1
1 100 216 987.3058060577046 3.927681657374407e-11 1
1 100 217 987.3058060577046 3.927681657374407e-11 1
1 100 218 987.3058060577046 3.927681657374407e-11 1
1 100 219 989.4972123077046 3.8051155626186356e-11 1
1 100 220 989.4972123077046 3.8051155626186356e-11 1
1 100 221 989.4972123077046 3.8051155626186356e-11 1
1 100 222 989.4972123077046 3.768583141318065e-11 1
1 100 223 994.7001542022346 3.592482187239519e-11 1
1 100 224 994.7001542022346 3.592482187239519e-11 1
1 100 225 994.7001542022346 3.562153424365739e-11 1
1 100 226 994.7001542022346 3.562153424365739e-11 1
1 100 227 995.8922928741146 3.524733262411194e-11 1
1 100 228 995.8922928741146 3.524733262411194e-11 1
1 100 229 995.8922928741146 3.4976727901912105e-11 1
1 100 230 995.8922928741146 3.4976727901912105e-11 1
1 100 231 996.5761307647346 3.476882413827276e-11 1
1 100 232 996.5761307647346 3.452663122475002e-11 1
1 100 233 996.5761307647346 3.452663122475002e-11 1
1 100 234 996.5761307647346 3.452663122475002e-11 1
1 100 235 997.5535477569246 3.402314795106338e-11 1
1 100 236 997.5535477569246 3.402314795106338e-11 1
1 100 237 997.5535477569246 3.402314795106338e-11 1
1 100 238 997.5535477569246 3.402314795106338e-11 1
1 100 239 998.4773148467646 3.375789977402536e-11 1
1 100 240 998.4773148467646 3.375789977402536e-11 1
1 100 241 998.4773148467646 3.375789977402536e-11 1
1 100 242 998.4773148467646 3.375789977402536e-11 1
1 100 243 998.4773148467646 3.3301202199011177e-11 1
1 100 244 999.6158646514546 3.2988511706503137e-11 1
1 100 245 999.6158646514546 3.2850075914672475e-11 1
1 100 246 999.6158646514546 3.2850075914672475e-11 1
1 101 24 955.5506791045846 4.770294088069093e-11 1
1 101 25 956.8569535186446 4.7344283215779755e-11 1
1 101 26 959.9097489288046 4.693193993227221e-11 1
1 101 27 963.5348709991146 4.749434680231474e-11 1
1 101 28 967.5535477569246 4.969114222100192e-11 1
1 101 29 969.1237381866146 5.384963390702791e-11 1
1 101 30 971.0038651397346 5.538317776326991e-11 1
1 101 31 972.6880692413046 5.553993076542046e-11 1
1 101 32 972.9376419952046 5.612846436270707e-11 1
1 101 33 973.3654984405146 5.626699976112709e-11 1
1 101 34 973.7027176788046 5.632747777068023e-11 1
1 101 35 974.6020096709846 5.5847079847497745e-11 1
1 101 36 974.6020096709846 5.6001897636914115e-11 1
1 101 37 974.6020096709846 5.612980306535098e-11 1
1 101 38 974.6020096709846 5.626291665505752e-11 1
1 101 39 974.9795121123946 5.609808277698206e-11 1
1 101 40 974.9795121123946 5.6229845169775005e-11 1
1 101 41 974.9795121123946 5.636938272411935e-11 1
1 101 42 974.9795121123946 5.6509614542050593e-11 1
1 101 43 974.9795121123946 5.665018550477066e-11 1
1 101 44 975.2203568389546 5.660032165093942e-11 1
1 101 45 975.2203568389546 5.674533213382669e-11 1
1 101 46 975.2203568389546 5.689108756133342e-11 1
1 101 47 975.2203568389546 5.703749188853937e-11 1
1 101 48 975.4486283233346 5.6999507326762085e-11 1
1 101 49 975.4486283233346 5.7147798985093126e-11 1
1 101 50 975.4486283233346 5.729667939811803e-11 1
1 101 51 975.4486283233346 5.744498287864094e-11 1
1 101 52 976.9033402373946 5.641322999342973e-11 1
1 101 53 976.9033402373946 5.655776539025512e-11 1
1 101 54 976.9033402373946 5.6705248647512583e-11 1
1 101 55 976.9033402373946 5.6854201017321373e-11 1
1 101 56 977.4632767608346 5.655226621499648e-11 1
1 101 57 977.4632767608346 5.670108853566766e-11 1
1 101 58 977.4632767608346 5.666307277161434e-11 1
1 101 59 977.4632767608346 5.666307277161434e-11 1
1 101 60 977.6170243194246 5.692777965502576e-11 1
1 101 61 977.6170243194246 5.692777965502576e-11 1
1 101 62 977.6170243194246 5.747914784637585e-11 1
1 101 63 977.6170243194246 5.747914784637585e-11 1
1 101 64 978.0145462920846 5.7152674278766526e-11 1
1 101 65 978.0145462920846 5.7725914651333224e-11 1
1 101 66 978.0145462920846 5.7725914651333224e-11 1
1 101 67 978.0145462920846 5.7725914651333224e-11 1
1 101 68 978.0145462920846 5.7725914651333224e-11 1
1 101 69 979.2644852569246 5.727464756113134e-11 1
1 101 70 979.2644852569246 5.727464756113134e-11 1
1 101 71 979.2644852569246 5.727464756113134e-11 1
1 101 72 979.2644852569246 5.7857040070695855e-11 1
1 101 73 979.5067948272346 5.7654969283703856e-11 1
1 101 74 979.5067948272346 5.7654969283703856e-11 1
1 101 75 979.5067948272346 5.823160247974893e-11 1
1 101 76 979.5067948272346 5.823160247974893e-11 1
1 101 77 979.8543900420846 5.793841921190034e-11 1
1 101 78 979.8543900420846 5.793841921190034e-11 1
1 101 79 979.8543900420846 5.850107074027135e-11 1
1 101 80 979.8543900420846 5.850107074027135e-11 1
1 101 81 980.3800248077046 5.8054771828346127e-11 1
1 101 82 980.3800248077046 5.8054771828346127e-11 1
1 101 83 980.3800248077046 5.8054771828346127e-11 1
1 101 84 980.3800248077046 5.8054771828346127e-11 1
1 101 85 980.9315995147346 5.759371193653503e-11 1
1 101 86 980.9315995147346 5.887198559102295e-11 1
1 102 24 956.4729813506746 4.592504244857009e-11 1
1 102 25 958.6170243194246 4.520718696043973e-11 1
1 102 26 961.0454300811446 4.544323028587353e-11 1
