2 55 104 971.9094800641005 1.2882203858808065e-10 1
2 55 105 992.5112256695705 1.1898291960161562e-10 1
2 55 106 1016.0045118023805 1.292073155228986e-10 1
2 55 107 1008.9612378766005 1.6860563836846748e-10 1
2 56 79 951.5328931500405 1.1541024505989865e-10 1
2 56 80 951.5328931500405 1.168150609367819e-10 1
2 56 81 954.5190992047305 1.1811754666156431e-10 1
2 56 82 957.3268994977005 1.1931390892623914e-10 1
2 56 83 959.3251294781705 1.2039757164077744e-10 1
2 56 84 966.2411451031705 1.2136722787339685e-10 1
2 56 85 966.2411451031705 1.2222203215407405e-10 1
2 56 86 969.2544507672305 1.2296684860873398e-10 1
2 56 87 973.5844068219205 1.236041456871767e-10 1
2 56 88 978.4626416852005 1.241459056051941e-10 1
2 56 89 988.1431226422305 1.2459607990951078e-10 1
2 56 90 988.1431226422305 1.2497142635638727e-10 1
2 56 91 991.8072461773805 1.2527608223894353e-10 1
2 56 92 994.9919995953505 1.255046323430792e-10 1
2 56 93 998.2266797711305 1.2565546935426987e-10 1
2 56 94 1003.2089795758205 1.2576125813431524e-10 1
2 56 95 1003.2089795758205 1.2580806272237224e-10 1
2 56 96 1005.4218091656705 1.2581628801164767e-10 1
2 56 97 1007.6780347516005 1.2579696783469923e-10 1
2 56 98 1008.0533399273805 1.2575319259457552e-10 1
2 56 99 1009.0151929547305 1.2569882898176574e-10 1
2 56 100 1010.5255078961305 1.2585847129815094e-10 1
2 56 101 1012.0315503766005 1.2721117947159413e-10 1
2 56 102 1014.9218091656705 1.3160907972955489e-10 1
2 56 103 1017.8615674664505 1.3266557893416811e-10 1
2 56 104 1020.2615308453505 1.2326466278831854e-10 1
2 56 105 1024.6536817242607 1.1191935303456004e-10 1
2 57 32 967.9229688336305 9.201583040010145e-11 1
2 57 33 970.1998243023805 9.182292293909261e-11 1
2 57 34 968.9011182477005 9.157084843133458e-11 1
2 57 35 968.9011182477005 9.131010309773213e-11 1
2 57 36 966.6119336773805 9.095152438669302e-11 1
2 57 37 965.5578565289505 9.050216275248719e-11 1
2 57 38 968.4273633648805 8.999257653028161e-11 1
2 57 39 969.5864209820705 8.940074910865597e-11 1
2 57 40 969.5864209820705 8.875440789806736e-11 1
2 57 41 969.4135694195705 8.809793778098304e-11 1
2 57 42 968.8920240094205 8.743025867901864e-11 1
2 57 43 967.3403882672305 8.677949557269574e-11 1
2 57 44 970.4515332867605 8.61457856381387e-11 1
2 57 45 970.4515332867605 8.555248985611782e-11 1
2 57 46 972.1534986187905 8.497949291038863e-11 1
2 57 47 971.3500318219205 8.442986816498e-11 1
2 57 48 967.4485425641005 8.389477347311403e-11 1
2 57 49 970.0996656109805 8.339986258133116e-11 1
2 57 50 970.0996656109805 8.295100752508871e-11 1
2 57 51 972.5130567242605 8.257084932673986e-11 1
2 57 52 975.9468335797305 8.230237438203943e-11 1
2 57 53 978.8750562359805 8.219004679626044e-11 1
2 57 54 979.1102246930105 8.225021785492928e-11 1
2 57 55 979.1102246930105 8.248103061410713e-11 1
2 57 56 980.1699781109805 8.286349787163746e-11 1
2 57 57 980.0097608258205 8.339575712307654e-11 1
2 57 58 981.3122510602005 8.409560252077812e-11 1
2 57 59 982.3239698102005 8.494335617842267e-11 1
2 57 60 982.3239698102005 8.589661112039067e-11 1
2 57 61 983.5728101422305 8.693207703502966e-11 1
2 57 62 984.2372998883205 8.80408656386844e-11 1
2 57 63 985.3632154156705 8.920770188797063e-11 1
2 57 64 989.0744580914505 9.040999543286987e-11 1
2 57 65 989.0744580914505 9.164613603571849e-11 1
2 57 66 990.9624585797305 9.29003127095801e-11 1
2 57 67 991.6751660992605 9.421827231370469e-11 1
2 57 68 992.3257398297305 9.559967235225166e-11 1
2 57 69 992.0949659039505 9.704761672304198e-11 1
2 57 70 992.0949659039505 9.859290964369992e-11 1
2 57 71 991.0621289898805 1.0016503104790974e-10 1
2 57 72 989.4653272320705 1.0170248723120288e-10 1
2 57 73 987.1167554547305 1.0318951926017026e-10 1
2 57 74 984.8748120953505 1.0463388053823188e-10 1
2 57 75 984.8748120953505 1.0605027078655042e-10 1
2 57 76 986.3521680523805 1.0741968723967701e-10 1
2 57 77 985.6528882672305 1.0873909082090025e-10 1
2 57 78 984.5618848492605 1.099953786252491e-10 1
2 57 79 989.9512281109805 1.1121172831614568e-10 1
2 57 80 989.9512281109805 1.1234170622069179e-10 1
2 57 81 992.1949414898805 1.1340091437943332e-10 1
2 57 82 995.2709912945705 1.1526542213216281e-10 1
2 57 83 997.4623975445705 1.1612209333744519e-10 1
2 57 84 1002.6653394391005 1.1685318731439067e-10 1
2 57 85 1002.6653394391005 1.1746918575837317e-10 1
2 57 86 1003.8574781109805 1.179871113627607e-10 1
2 57 87 1004.5413160016005 1.1841679691381569e-10 1
2 57 88 1005.5187329937905 1.1875959861371993e-10 1
2 57 89 1006.4425000836305 1.1875959861371993e-10 1
2 57 90 1006.4425000836305 1.2076016845541137e-10 1
2 57 91 1007.5810498883205 1.2094279872147872e-10 1
2 58 24 963.5158643414505 9.849946768491547e-11 1
2 58 25 964.8221387555105 1.0069703659704535e-10 1
2 58 26 967.8749341656705 1.0160733099324526e-10 1
2 58 27 971.5000562359805 1.0079146073551636e-10 1
2 58 28 975.5187329937905 9.697546725219942e-11 1
2 58 29 977.3582715680105 9.196729661597941e-11 1
2 58 30 980.6532544781705 9.072648573170657e-11 1
2 58 31 982.5671949078505 9.106896836082203e-11 1
2 58 32 983.1855420758205 9.111471083729038e-11 1
2 58 33 984.8685254742605 9.107633546115684e-11 1
2 58 34 985.4284619977005 9.102261923935008e-11 1
2 58 35 985.4284619977005 9.119923740872158e-11 1
2 58 36 985.5822095562905 9.104979007532319e-11 1
2 58 37 985.9797315289505 9.08554016098168e-11 1
2 58 38 987.2296704937905 9.062792780023656e-11 1
2 58 39 987.4719800641005 9.037709295935868e-11 1
2 58 40 987.4719800641005 9.011543565098674e-11 1
2 58 41 987.8195752789505 8.944641247357811e-11 1
2 58 42 988.3452100445705 9.020182410396183e-11 1
2 58 43 988.8967847516005 8.901052259863635e-11 1
2 59 24 964.4381665875405 9.942954242019663e-11 1
2 59 25 966.5822095562905 1.0188492395087527e-10 1
2 59 26 969.0106153180105 1.0129407446047214e-10 1
