2 19 27 989.2619166234774 3.1351201793252124e-10 1
2 20 17 912.4951319555174 1.86218191297687e-10 1
2 20 18 920.3734278539474 1.8464022906941621e-10 1
2 20 19 927.8025050023874 1.9766020944635173e-10 1
2 20 20 939.0991358617674 2.2434893003946843e-10 1
2 20 21 943.6839747289474 2.554288094682041e-10 1
2 20 22 963.3062891820774 2.767110880162794e-10 1
2 20 23 992.2785181859774 2.830114595474337e-10 1
2 20 24 1004.1859278539474 2.8269137906288287e-10 1
2 20 25 1008.1847071508274 2.9108968591064874e-10 1
2 20 26 1013.7338404516074 2.8241918725190666e-10 1
2 20 27 1023.8781275609774 2.6121777980122466e-10 1
2 21 11 957.9225611547274 2.2368257687503054e-10 1
2 21 12 964.0606226781674 2.277061364630045e-10 1
2 21 13 970.9029688695774 2.0938762469381843e-10 1
2 21 14 975.5705714086374 2.0328187962949494e-10 1
2 21 15 978.8393702367674 2.0486672395384064e-10 1
2 21 16 983.4025416234774 2.0391283755053223e-10 1
2 21 17 986.8324122289474 1.9647858610462982e-10 1
2 21 18 989.9244532445774 1.9068198526201937e-10 1
