3 113 272 1022.4426458907773 8.454411023420913e-11 1
3 113 273 1012.9662352352306 9.621629874971682e-11 1
3 113 274 998.0885417424803 9.621629874971682e-11 1
3 114 266 996.9200242744367 6.642782373579309e-11 1
3 114 267 1003.045970277133 6.268341116044766e-11 1
3 114 268 1010.1410581327708 5.984726088640311e-11 1
3 114 269 1025.3888068134734 5.83517332006485e-11 1
3 114 270 1029.995959367763 5.973437253905326e-11 1
3 114 271 1031.3817375855144 6.53144813244859e-11 1
3 114 272 1029.835938317174 7.543363472936213e-11 1
3 114 273 1025.416640171669 8.080150516474462e-11 1
3 114 274 1014.0355843024233 8.080150516474462e-11 1
3 115 260 1022.0713970944914 6.282302319949792e-11 1
3 115 261 1023.4003042343946 6.359381653386679e-11 1
3 115 262 1024.802720319988 6.527582018821481e-11 1
3 115 263 1026.9295804416865 6.727919894355275e-11 1
3 115 264 1027.7470713824716 6.83474224112994e-11 1
3 115 265 1028.4161948469161 6.742996592232429e-11 1
3 115 266 1024.3572850785458 6.456387907107484e-11 1
3 115 267 1031.7191984344925 6.099713760662033e-11 1
3 115 268 1032.7722903120894 5.788113116800752e-11 1
3 115 269 1035.6959144858067 5.606064330397192e-11 1
3 116 199 968.4686951427691 5.749030874618514e-11 1
3 116 200 968.9264142726694 5.772327823817076e-11 1
3 116 201 969.3894549954091 5.794109259628406e-11 1
3 116 202 969.9647641758266 5.815880268401247e-11 1
3 116 203 970.5516136929123 5.837830302885134e-11 1
3 116 204 971.1384632100138 5.859185261439688e-11 1
3 116 205 971.7253127271089 5.879441028853523e-11 1
3 116 206 972.5024256886522 5.899837334396458e-11 1
3 116 207 973.3317408949441 5.91977139835101e-11 1
3 116 208 974.1610561012133 5.938280285853833e-11 1
3 116 209 974.9903713075469 5.956905276958543e-11 1
3 116 210 975.7731429210293 5.975368715767722e-11 1
3 116 211 976.5270916674215 5.992474826704133e-11 1
3 116 212 977.281040413855 6.009219389433536e-11 1
3 116 213 978.0349891602474 6.025986365516569e-11 1
3 116 214 978.796577549788 6.04150672500393e-11 1
3 116 215 979.5674872648985 6.056126647477942e-11 1
3 116 216 980.3383969800271 6.07101661400396e-11 1
3 116 217 981.1093066951378 6.08586059504822e-11 1
3 116 218 982.0371892058678 6.098428080631084e-11 1
3 116 219 983.3622128897274 6.111397712319068e-11 1
3 116 220 984.6872365734845 6.12442262705519e-11 1
3 116 221 986.0122602571541 6.136035583439668e-11 1
3 116 222 987.2282308571295 6.147098103258562e-11 1
3 116 223 988.0278432338372 6.158163183698871e-11 1
3 116 224 988.7844254709 6.16830896850713e-11 1
3 116 225 989.541007707954 6.177532759794492e-11 1
3 116 226 990.3699905007808 6.186877138928633e-11 1
3 116 227 991.5692016224981 6.196170838560544e-11 1
3 116 228 992.8684865236193 6.203839374871638e-11 1
3 116 229 994.1677714248411 6.211526916249335e-11 1
3 116 230 995.5335513991337 6.219207102501403e-11 1
3 116 231 997.4556774765782 6.225880534375955e-11 1
3 116 232 999.6366134505753 6.231967532672939e-11 1
3 116 233 1001.8175494244556 6.238060794850971e-11 1
3 116 234 1003.9790108511893 6.243734380877912e-11 1
3 116 235 1005.510121923134 6.248447397608052e-11 1
3 116 236 1006.6022896685985 6.253018953530685e-11 1
3 116 237 1007.6944574141213 6.25753540809828e-11 1
3 116 238 1008.7866251596149 6.260767077850345e-11 1
3 116 239 1009.6293747197172 6.264002087283294e-11 1
3 116 240 1010.1954600794488 6.267426705066091e-11 1
3 116 241 1010.7519102091945 6.269967848558341e-11 1
3 116 242 1011.3083603389549 6.272061462772303e-11 1
3 116 243 1011.946096238201 6.2742092398068e-11 1
3 116 244 1012.7415333156594 6.276391115931567e-11 1
3 116 245 1013.5481079347235 6.277741832040752e-11 1
3 116 246 1014.3546825537663 6.278954386845813e-11 1
3 116 247 1015.219773323424 6.280147102878783e-11 1
3 116 248 1016.3202879735558 6.280816925664171e-11 1
3 116 249 1017.443445371542 6.281261187920838e-11 1
3 116 250 1018.5666027695876 6.281705513030149e-11 1
3 116 251 1019.6461040515247 6.281770261619474e-11 1
3 116 252 1019.8979345010778 6.281681750999578e-11 1
3 116 253 1020.0540588997707 6.281624847376833e-11 1
3 116 254 1020.2101832984674 6.281611521304087e-11 1
3 116 255 1020.3663076971603 6.280941808681526e-11 1
3 116 256 1020.5362088509155 6.279721752641975e-11 1
3 116 257 1020.7727705111087 6.277188356404447e-11 1
3 116 258 1021.1967390418678 6.273004571038389e-11 1
3 116 259 1022.4696016745065 6.266927000197749e-11 1
3 116 260 1023.636625823976 6.267584299690909e-11 1
3 116 261 1025.1515535539131 6.304250998430494e-11 1
3 116 262 1026.5601966050583 6.391522549882335e-11 1
3 116 263 1029.1695786338387 6.558131668982314e-11 1
3 117 121 977.2277879885077 4.114911858786043e-11 1
3 117 122 977.2108036655629 4.122383170702657e-11 1
3 117 123 976.9722256186327 4.129878863281838e-11 1
3 117 124 976.7092421372173 4.1381852808478556e-11 1
3 117 125 976.4462586557813 4.147814340564878e-11 1
3 117 126 976.2057628848404 4.1574883161246737e-11 1
3 117 127 976.0722091669404 4.167314936926049e-11 1
3 117 128 975.9674170374925 4.1788352502315764e-11 1
3 117 129 975.8626249080589 4.1905115145472375e-11 1
3 117 130 975.8125689659762 4.202253212002758e-11 1
3 117 131 976.2058823397821 4.2150288080239004e-11 1
3 117 132 976.7980656274975 4.2284180656879315e-11 1
3 117 133 977.3902489152018 4.241896724433293e-11 1
3 117 134 977.9737687945374 4.255935489578789e-11 1
3 117 135 978.2216087984185 4.270849194028686e-11 1
3 117 136 978.2499397677981 4.285867787626382e-11 1
3 117 137 978.2782707371779 4.30099415675024e-11 1
3 117 138 978.3066017065587 4.317163339890952e-11 1
3 117 139 978.308889385919 4.333425312111767e-11 1
3 117 140 978.2831765372435 4.349810259364049e-11 1
3 117 141 978.2566128480779 4.3667175144473395e-11 1
3 117 142 978.230049158913 4.383875874112781e-11 1
3 117 143 978.5875709866322 4.401168385251205e-11 1
3 117 144 979.6887085247228 4.418686959898273e-11 1
3 117 145 980.8324534335991 4.436492689539536e-11 1
3 117 146 981.9761983425418 4.454442501236855e-11 1
3 117 147 983.1206985558745 4.472597259647042e-11 1
3 117 148 984.2683449186893 4.4911046025253727e-11 1
3 117 149 985.4162304716725 4.509574436438392e-11 1
3 117 150 986.5641160246784 4.528196813441759e-11 1
3 117 151 987.6831896306472 4.547161747251144e-11 1
3 117 152 988.1159839344889 4.5663627985913135e-11 1
3 117 153 988.4869528358715 4.5858056425282536e-11 1
3 117 154 988.8579217372253 4.60639625622806e-11 1
3 117 155 989.228890638583 4.6270929183835836e-11 1
3 117 156 989.817619915689 4.6475616938491716e-11 1
3 117 157 990.4641064250415 4.6683079271506915e-11 1
3 117 158 991.1105929344122 4.690910004890216e-11 1
3 117 159 991.7570794437769 4.712944801749511e-11 1
3 117 160 992.1790996933256 4.735187585436894e-11 1
3 117 161 992.4654198858306 4.758186867179636e-11 1
3 117 162 992.7517400783273 4.781633104021788e-11 1
3 117 163 993.0380602708462 4.805395973870825e-11 1
3 117 164 993.0850497837728 4.829782111612511e-11 1
3 117 165 992.8466263123195 4.8540111324678963e-11 1
3 117 166 992.6082028408526 4.878484472942921e-11 1
3 117 167 992.3697793693993 4.902966481732043e-11 1
3 117 168 992.0275099926735 4.9266091189792456e-11 1
3 117 169 991.4296982411935 4.9507737388935423e-11 1
3 117 170 990.8318864897307 4.97517657827395e-11 1
3 117 171 990.2340747382215 4.998752669345271e-11 1
3 117 172 989.6278402490224 5.022303149121179e-11 1
3 117 173 988.9910019488248 5.0460818893661616e-11 1
3 117 174 988.350893232364 5.0696408649431116e-11 1
3 117 175 987.710784515989 5.092683545596178e-11 1
3 117 176 987.1155076183932 5.115936651217625e-11 1
3 117 177 986.7409858116428 5.139473352224097e-11 1
3 117 178 986.4260338049348 5.162351021070071e-11 1
3 117 179 986.1110817982336 5.185236740224072e-11 1
3 117 180 985.7821663928007 5.2083262767444594e-11 1
3 117 181 985.3385006110981 5.230906639842681e-11 1
3 117 182 984.8423793874076 5.2533922237769384e-11 1
3 117 183 984.3462581637116 5.2761265586293974e-11 1
3 117 184 983.8589342404478 5.2989000143108806e-11 1
3 117 185 983.680400342981 5.320935614962373e-11 1
3 117 186 983.7103694079887 5.3431552520635485e-11 1
3 117 187 983.7403384729959 5.36606234177893e-11 1
3 117 188 983.7703075380037 5.3881887852220264e-11 1
3 117 189 983.8144875212632 5.409918931399461e-11 1
3 117 190 983.8741773278956 5.4318250592753295e-11 1
3 117 191 983.9343761705645 5.453146996637571e-11 1
3 117 192 983.9945750132287 5.474326849120168e-11 1
3 117 193 984.1294110066759 5.4957877214545686e-11 1
3 117 194 984.4088120629799 5.517797962623594e-11 1
3 117 195 984.6974807198333 5.538612698742584e-11 1
3 117 196 984.9861493766946 5.559258775746171e-11 1
3 117 197 985.4506603197648 5.5799941818149386e-11 1
3 117 198 986.6344811244603 5.599514841224456e-11 1
3 117 199 987.880266326189 5.6191725595165656e-11 1
3 117 200 989.1260515278838 5.639335568475138e-11 1
3 117 201 990.3395857875876 5.658978679890008e-11 1
3 117 202 990.8727291076202 5.677389991770782e-11 1
3 117 203 991.3359334558058 5.695895320585901e-11 1
3 117 204 991.7991378040043 5.7138627566963245e-11 1
3 117 205 992.2623421521976 5.7308579938265496e-11 1
3 117 206 993.0233779465493 5.7479546333797965e-11 1
3 117 207 993.8661292279992 5.7659085168459616e-11 1
3 117 208 994.7088805094262 5.7820993486591146e-11 1
3 117 209 995.5516317909185 5.7977873463402253e-11 1
3 117 210 996.406626635063 5.8135607050045606e-11 1
3 117 211 997.2692035020029 5.828023045403818e-11 1
3 117 212 998.1317803689901 5.841990857921149e-11 1
3 117 213 998.9943572359304 5.856160693231469e-11 1
3 117 214 1000.0443375835174 5.870266098032324e-11 1
3 117 215 1001.3229737502562 5.882569159235047e-11 1
3 117 216 1002.6016099170253 5.894923898918498e-11 1
3 117 217 1003.8802460837644 5.908297442241329e-11 1
3 117 218 1005.0295934415858 5.919919023496878e-11 1
3 117 219 1005.8518401129508 5.930688679594243e-11 1
3 117 220 1006.6740867842519 5.941497591931463e-11 1
3 117 221 1007.496333455499 5.951172312840605e-11 1
3 117 222 1008.3227259423917 5.960403338700972e-11 1
3 117 223 1009.1649469077169 5.969793339154983e-11 1
3 117 224 1010.0088037279645 5.979520979528857e-11 1
3 117 225 1010.8526605482023 5.987576784158141e-11 1
3 117 226 1011.6478072057408 5.995303344607584e-11 1
3 117 227 1012.1938690053279 6.00298568542795e-11 1
3 117 228 1012.672602453212 6.009344985045889e-11 1
3 117 229 1013.1513359011332 6.015717772478131e-11 1
3 117 230 1013.6598794439709 6.022447303972719e-11 1
3 117 231 1014.4178359037504 6.028561693532615e-11 1
3 117 232 1015.291818216617 6.033626626791899e-11 1
3 117 233 1016.1658005294368 6.038681937434885e-11 1
3 117 234 1017.0308125307602 6.043278012675092e-11 1
3 117 235 1017.605474312929 6.047113902295309e-11 1
3 117 236 1017.9779512465161 6.050954664567295e-11 1
3 117 237 1018.3504281801233 6.055158924347356e-11 1
3 117 238 1018.7229051137205 6.05823529556758e-11 1
3 117 239 1019.0640866312744 6.060990221949261e-11 1
3 118 61 989.0910235513584 4.611439574862343e-11 1
3 118 62 989.7174802377609 4.5994549336495706e-11 1
3 118 63 988.4527432524319 4.576177641372474e-11 1
3 118 64 988.4098237205335 4.551138376091688e-11 1
3 118 65 989.7820509568653 4.531245480817762e-11 1
3 118 66 990.1200353146077 4.5164834314948244e-11 1
3 118 67 990.7960040300976 4.506137952169684e-11 1
3 118 68 991.056248575675 4.49696042139822e-11 1
3 118 69 991.1353446910716 4.48827085218999e-11 1
3 118 70 991.214440806473 4.479614800282574e-11 1
3 118 71 991.2935369218696 4.470608148619815e-11 1
3 118 72 991.3176011505421 4.461483281590513e-11 1
3 118 73 991.1591431275465 4.452326568406413e-11 1
3 118 74 990.9800320757603 4.442529843285812e-11 1
3 118 75 990.800921023977 4.4328129233090265e-11 1
3 118 76 990.6305113681278 4.423313936442577e-11 1
3 118 77 990.5001770083236 4.413830087634169e-11 1
3 118 78 990.3805667337708 4.403857260500131e-11 1
3 118 79 990.2609564592171 4.393929397973687e-11 1
3 118 80 990.1809249399342 4.383935954985354e-11 1
3 118 81 990.4179466832871 4.3739273868670935e-11 1
3 118 82 990.7943023765966 4.363951112402572e-11 1
3 118 83 991.1706580698741 4.354019046369892e-11 1
3 118 84 991.5460925179528 4.3442119875225785e-11 1
3 118 85 991.8812421028878 4.334480378038233e-11 1
3 118 86 992.1909118956288 4.3247366496199196e-11 1
3 118 87 992.500581688394 4.3150590385179314e-11 1
3 118 88 992.8102514811353 4.3058350231876816e-11 1
3 118 89 992.9500460561852 4.296525395324895e-11 1
3 118 90 992.9096999175174 4.287255937226022e-11 1
3 118 91 992.864395676141 4.278397645812245e-11 1
3 118 92 992.8190914347632 4.26972517140808e-11 1
3 118 93 992.7447700687528 4.261092632355762e-11 1
3 118 94 992.6142268805345 4.252617899776277e-11 1
3 118 95 992.4808606452048 4.244397153059985e-11 1
3 118 96 992.3474944098792 4.236252008191902e-11 1
3 118 97 992.240425661909 4.228167475372984e-11 1
3 118 98 992.2450655733048 4.220725315908791e-11 1
3 118 99 992.2570606984583 4.2133093088723654e-11 1
3 118 100 992.2690558236128 4.2058475211624305e-11 1
3 118 101 992.2917222627632 4.199286207584898e-11 1
3 118 102 992.6067312430282 4.1931321098853574e-11 1
3 118 103 992.9444053820084 4.186955332397194e-11 1
3 118 104 993.2820795209783 4.180988393334375e-11 1
3 118 105 993.6197536599743 4.1761932438034576e-11 1
3 118 106 994.0058345515001 4.1716068783971946e-11 1
3 118 107 994.4043185967112 4.1671115872245284e-11 1
3 118 108 994.8028026419458 4.164313834948571e-11 1
3 118 109 995.2012866871568 4.161519836911452e-11 1
3 118 110 995.5838230451966 4.158483202581637e-11 1
3 118 111 995.9569488310657 4.1566564692907956e-11 1
3 118 112 996.3300746169414 4.1558677462856636e-11 1
3 118 113 996.7032004028104 4.15509150788611e-11 1
3 118 114 997.0921289117236 4.1550023428688325e-11 1
3 118 115 997.4994777727649 4.156269605278292e-11 1
3 118 116 997.9068266337744 4.157668152448336e-11 1
3 118 117 998.3141754947874 4.159166157030653e-11 1
3 118 118 998.6277141953381 4.162592940010983e-11 1
3 118 119 998.7166497231249 4.1657275481971446e-11 1
3 118 120 998.8055852509142 4.1688668809256365e-11 1
3 118 121 998.8945207787028 4.173052772716666e-11 1
3 118 122 998.9946912375507 4.177668684284264e-11 1
3 118 123 999.1338147392864 4.18239470150886e-11 1
3 118 124 999.277228371259 4.188640767279093e-11 1
3 118 125 999.4206420032428 4.1954334423643635e-11 1
3 118 126 999.5684569336527 4.201831899302214e-11 1
3 118 127 999.7372025804862 4.2084029547121864e-11 1
3 118 128 999.9115774502104 4.217793608142411e-11 1
3 118 129 1000.0859523199108 4.2262962581890195e-11 1
3 118 130 1000.287268200169 4.234833258466369e-11 1
3 118 131 1000.7068093165564 4.244858641451601e-11 1
3 118 132 1001.2242336927208 4.2555216241515656e-11 1
3 118 133 1001.7416580688753 4.2664040314745e-11 1
3 118 134 1002.2544398214304 4.279158455097513e-11 1
3 118 135 1002.5873344852997 4.292173095125781e-11 1
3 118 136 1002.8025967140644 4.3048256047514363e-11 1
3 118 137 1003.0178589428311 4.317658355077709e-11 1
3 118 138 1003.2331211716041 4.332485645394158e-11 1
3 118 139 1003.4398094537132 4.346736499578551e-11 1
3 118 140 1003.6372794291643 4.361081413884639e-11 1
3 118 141 1003.8344692917311 4.376247546141588e-11 1
3 118 142 1004.0316591542922 4.391814844519363e-11 1
3 118 143 1004.2169271072399 4.407583579266389e-11 1
3 118 144 1004.3791134314371 4.424100439465605e-11 1
3 118 145 1004.5399772344896 4.440677654632464e-11 1
3 118 146 1004.7008410375514 4.4573795675257695e-11 1
3 118 147 1004.8903464558307 4.474650771032639e-11 1
3 118 148 1005.1991558199489 4.4922144579679864e-11 1
3 118 149 1005.517035424599 4.509641224019641e-11 1
3 118 150 1005.8349150292554 4.527203724857347e-11 1
3 118 151 1006.1469285870394 4.545168970179615e-11 1
3 118 152 1006.3192172401655 4.5630507726507546e-11 1
3 118 153 1006.4789183820076 4.5810642681220396e-11 1
3 118 154 1006.6386195238372 4.599124388058967e-11 1
3 118 155 1006.7983206656685 4.6171687025436106e-11 1
3 118 156 1006.9832492176139 4.6353551657268107e-11 1
3 118 157 1007.1748689105809 4.653891639132121e-11 1
3 118 158 1007.3664886035533 4.67224199895819e-11 1
3 118 159 1007.558108296524 4.6903712595255517e-11 1
3 118 160 1007.7185424187112 4.7086417586520816e-11 1
3 118 161 1007.8601234458471 4.7268278142990134e-11 1
3 119 54 984.4070922765 5.047679805603366e-11 1
3 119 55 986.5076935122045 4.974133270461875e-11 1
3 119 56 988.0003840979081 4.843494349244549e-11 1
3 119 57 988.6529210567505 4.6982271592989194e-11 1
3 119 58 990.0570004789653 4.596838246760125e-11 1
3 119 59 991.9972334141785 4.560881382306522e-11 1
3 119 60 993.6603745156793 4.576137329103683e-11 1
3 119 61 994.8602332593274 4.5858073737847694e-11 1
3 119 62 996.4957530357216 4.5827148782013514e-11 1
3 119 63 997.6407055403246 4.56947313804617e-11 1
3 119 64 998.2409861402167 4.554147147032457e-11 1
3 119 65 998.8250531139257 4.541488090501493e-11 1
3 119 66 998.884710904617 4.532160975210509e-11 1
3 119 67 999.0040264860006 4.5261981359484e-11 1
3 119 68 999.1138371923523 4.520496694425213e-11 1
3 119 69 999.3405136550675 4.5155209856072754e-11 1
3 119 70 999.5671901177966 4.510556218267304e-11 1
3 119 71 999.7938665805117 4.5046161771894396e-11 1
3 119 72 999.9898728620489 4.49947503654341e-11 1
3 119 73 1000.0841564722044 4.4943790275081975e-11 1
3 119 74 1000.1669298076351 4.4890312366316965e-11 1
3 119 75 1000.2497031430643 4.483265908785096e-11 1
3 119 76 1000.3353535394781 4.4775153709316474e-11 1
3 119 77 1000.4342545765752 4.470816752391915e-11 1
3 119 78 1000.5367014639538 4.4633192911390235e-11 1
3 119 79 1000.6391483513333 4.4565903545696324e-11 1
3 120 48 976.6745694690167 4.985848028599116e-11 1
3 120 49 977.6606237150504 5.053262264656096e-11 1
3 120 50 978.7828589062809 5.091163691293989e-11 1
3 120 51 980.2477885229086 5.1003720171872945e-11 1
3 120 52 982.067137962035 5.080144189089031e-11 1
3 120 53 984.1103401152546 5.0322989994860605e-11 1
3 120 54 986.3335169482432 4.953672941818419e-11 1
3 120 55 987.924250072169 4.836684038733715e-11 1
3 120 56 989.2533815190749 4.691968403200014e-11 1
3 120 57 991.181707698592 4.5763896178979944e-11 1
3 121 48 976.9800842970334 5.002390227690831e-11 1
3 121 49 978.440962517006 5.071938686424999e-11 1
3 121 50 979.5339095989054 5.100657955784175e-11 1
3 121 51 980.7780748271668 5.089514602766e-11 1
