2 98 267 971.7834145273141 1.3008478458616857e-10 1
2 98 268 991.5027138437141 1.1932245759540626e-10 1
2 98 269 1013.7897011484041 1.2705867499591648e-10 1
2 98 270 1007.9527260507441 1.6910120221127004e-10 1
2 99 206 950.5243813241841 1.1546178451676881e-10 1
2 99 207 950.5243813241841 1.1589315955349976e-10 1
2 99 208 950.5243813241841 1.1630712418426384e-10 1
2 99 209 950.5243813241841 1.1672405673865577e-10 1
2 99 210 953.5105873788741 1.171393618417111e-10 1
2 99 211 953.5105873788741 1.1752089963957334e-10 1
2 99 212 953.5105873788741 1.179049309935191e-10 1
2 99 213 953.5105873788741 1.1829172089147072e-10 1
2 99 214 956.3183876718441 1.186507919391163e-10 1
2 99 215 956.3183876718441 1.1900182286706034e-10 1
2 99 216 956.3183876718441 1.1935493702342886e-10 1
2 99 217 956.3183876718441 1.196929472266996e-10 1
2 99 218 956.3183876718441 1.2000968717020987e-10 1
2 99 219 958.3166176523141 1.203281079208776e-10 1
2 99 220 958.3166176523141 1.2064453152284243e-10 1
2 99 221 958.3166176523141 1.2092682696790818e-10 1
2 99 222 958.3166176523141 1.2121044659439415e-10 1
2 99 223 965.2326332773141 1.214953997413402e-10 1
2 99 224 965.2326332773141 1.2175210164589215e-10 1
2 99 225 965.2326332773141 1.2200106788637215e-10 1
2 99 226 965.2326332773141 1.2225105441638987e-10 1
2 99 227 968.2459389413741 1.2248692530820502e-10 1
2 99 228 968.2459389413741 1.2270297995130583e-10 1
2 99 229 968.2459389413741 1.2291963591034491e-10 1
2 99 230 968.2459389413741 1.2313385176632579e-10 1
2 99 231 972.5758949960641 1.233177740309194e-10 1
2 99 232 972.5758949960641 1.235022465585274e-10 1
2 99 233 972.5758949960641 1.2368785020404243e-10 1
2 99 234 972.5758949960641 1.2385263183694656e-10 1
2 99 235 977.4541298593441 1.2400811508832474e-10 1
2 99 236 977.4541298593441 1.241639892143797e-10 1
2 99 237 977.4541298593441 1.2430863462356169e-10 1
2 99 238 977.4541298593441 1.2443800481086845e-10 1
2 99 239 987.1346108163741 1.2456764455437546e-10 1
2 99 240 987.1346108163741 1.2469839100633546e-10 1
2 99 241 987.1346108163741 1.2480518244228448e-10 1
2 99 242 987.1346108163741 1.249121569469293e-10 1
2 99 243 987.1346108163741 1.2502196516147795e-10 1
2 99 244 990.7987343515241 1.2511879056883579e-10 1
2 99 245 990.7987343515241 1.2520222442076652e-10 1
2 99 246 990.7987343515241 1.252857696205245e-10 1
2 99 247 990.7987343515241 1.2536487718396844e-10 1
2 99 248 993.9834877694941 1.254298856313547e-10 1
2 99 249 993.9834877694941 1.2549127532669378e-10 1
2 99 250 993.9834877694941 1.2555078052498293e-10 1
2 99 251 993.9834877694941 1.2559156263133432e-10 1
2 99 252 997.2181679452741 1.2563237124043753e-10 1
2 99 253 997.2181679452741 1.256791595778776e-10 1
2 99 254 997.2181679452741 1.257176906216789e-10 1
2 99 255 997.2181679452741 1.2574081046233444e-10 1
2 99 256 1002.2004677499641 1.2576393880816205e-10 1
2 99 257 1002.2004677499641 1.2578453829493481e-10 1
2 99 258 1002.2004677499641 1.2579884593003943e-10 1
2 99 259 1004.4132973398141 1.2581579011844608e-10 1
2 99 260 1004.4132973398141 1.2581582563846654e-10 1
2 99 261 1006.6695229257441 1.2578432138541192e-10 1
2 99 262 1008.0066811288741 1.2571675366281353e-10 1
2 99 263 1009.1255776132441 1.257686801686079e-10 1
2 99 264 1011.0230385507441 1.2686519989842164e-10 1
2 99 265 1013.9132973398141 1.3107624407839333e-10 1
2 99 266 1016.8530556405941 1.3268132564080683e-10 1
2 99 267 1018.9157387460641 1.2499022560263224e-10 1
2 99 268 1023.6451698984041 1.1289227896464085e-10 1
2 100 43 966.7168862069941 9.203075056389074e-11 1
2 100 44 966.9144570077741 9.202700789361159e-11 1
2 100 45 966.9144570077741 9.201939063792715e-11 1
2 100 46 966.9144570077741 9.200895915530837e-11 1
2 100 47 966.9144570077741 9.197746396964277e-11 1
2 100 48 969.3581215585641 9.194745238606351e-11 1
2 100 49 969.3581215585641 9.192241974031372e-11 1
2 100 50 969.3581215585641 9.189576359432864e-11 1
2 100 51 969.3581215585641 9.1853337398168e-11 1
2 100 52 969.1913124765241 9.181095035836064e-11 1
2 100 53 969.1913124765241 9.176007439047549e-11 1
2 100 54 969.1913124765241 9.168533053420381e-11 1
2 100 55 969.1913124765241 9.162453315984865e-11 1
2 100 56 967.8926064218441 9.156381636264314e-11 1
2 100 57 967.8926064218441 9.149378993670739e-11 1
2 100 58 967.8926064218441 9.141130410742316e-11 1
2 100 59 967.8926064218441 9.132896687365571e-11 1
2 100 60 965.6034218515241 9.123012778722005e-11 1
2 100 61 965.6034218515241 9.112100849218794e-11 1
2 100 62 965.6034218515241 9.101214991795041e-11 1
2 100 63 965.6034218515241 9.089595926776951e-11 1
2 100 64 964.5493447030941 9.075399593526325e-11 1
2 100 65 964.5493447030941 9.062016037789816e-11 1
2 100 66 964.5493447030941 9.048671897574906e-11 1
2 100 67 964.5493447030941 9.034280638462287e-11 1
2 100 68 964.5493447030941 9.018483693255128e-11 1
2 100 69 967.4188515390241 9.002741895305121e-11 1
2 100 70 967.4188515390241 8.985848547027302e-11 1
2 100 71 967.4188515390241 8.967869146550827e-11 1
2 100 72 967.4188515390241 8.949961550831875e-11 1
2 100 73 968.5779091562141 8.931599796959855e-11 1
2 100 74 968.5779091562141 8.911767160419555e-11 1
2 100 75 968.5779091562141 8.892449870721037e-11 1
2 100 76 968.5779091562141 8.87321614482335e-11 1
2 100 77 968.4050575937141 8.853726622797436e-11 1
2 100 78 968.4050575937141 8.833870323190186e-11 1
2 100 79 968.4050575937141 8.814102887943014e-11 1
2 100 80 968.4050575937141 8.794055289590958e-11 1
2 100 81 967.8835121835641 8.773975580976892e-11 1
2 100 82 967.8835121835641 8.753987360568557e-11 1
2 100 83 967.8835121835641 8.734175651935955e-11 1
2 100 84 967.8835121835641 8.714979327052471e-11 1
2 100 85 966.3318764413741 8.695286391019452e-11 1
2 100 86 966.3318764413741 8.675682253219042e-11 1
2 100 87 966.3318764413741 8.656381734291715e-11 1
2 100 88 966.3318764413741 8.637454436079582e-11 1
2 100 89 969.4430214609041 8.618609726883324e-11 1
2 100 90 969.4430214609041 8.600796033546751e-11 1
2 100 91 969.4430214609041 8.583304791424632e-11 1
2 100 92 969.4430214609041 8.565192363380273e-11 1
2 100 93 969.4430214609041 8.547156215800278e-11 1
2 100 94 971.1449867929341 8.530420116312354e-11 1
2 100 95 971.1449867929341 8.513155281180915e-11 1
2 100 96 971.1449867929341 8.495960189970525e-11 1
2 100 97 971.1449867929341 8.479398959020521e-11 1
2 100 98 970.3415199960641 8.463082680705039e-11 1
2 100 99 970.3415199960641 8.446569127646752e-11 1
2 100 100 970.3415199960641 8.430155022764339e-11 1
2 100 101 970.3415199960641 8.41414227826948e-11 1
2 100 102 966.4400307382441 8.398190249591188e-11 1
2 100 103 966.4400307382441 8.38275986009924e-11 1
2 100 104 966.4400307382441 8.367865429963788e-11 1
2 100 105 966.4400307382441 8.353030334882028e-11 1
2 100 106 969.0911537851241 8.338339279991681e-11 1
2 100 107 969.0911537851241 8.32450919735128e-11 1
2 100 108 969.0911537851241 8.311216787047582e-11 1
2 100 109 969.0911537851241 8.297974645166175e-11 1
2 100 110 971.5045448984041 8.284982488123148e-11 1
2 100 111 971.5045448984041 8.274030940741684e-11 1
2 100 112 971.5045448984041 8.26310830785965e-11 1
2 100 113 971.5045448984041 8.252022557601652e-11 1
2 100 114 974.9383217538741 8.243838522263838e-11 1
2 100 115 974.9383217538741 8.23663352242949e-11 1
2 100 116 974.9383217538741 8.229322143959476e-11 1
2 100 117 974.9383217538741 8.223739041203835e-11 1
2 100 118 974.9383217538741 8.221533452288715e-11 1
2 100 119 977.8665444101241 8.2194562286491e-11 1
2 100 120 977.8665444101241 8.217836499519407e-11 1
2 100 121 977.8665444101241 8.220622802457112e-11 1
2 100 122 977.8665444101241 8.22341099545851e-11 1
2 100 123 978.1017128671541 8.226926012188892e-11 1
2 100 124 978.1017128671541 8.23466775610226e-11 1
2 100 125 978.1017128671541 8.241793133299644e-11 1
2 100 126 978.1017128671541 8.248930852214103e-11 1
2 100 127 979.1614662851241 8.258878015655896e-11 1
2 100 128 979.1614662851241 8.271517519253091e-11 1
2 100 129 979.1614662851241 8.283696700619482e-11 1
2 100 130 979.1614662851241 8.29634313641528e-11 1
2 100 131 979.0012489999641 8.313205526269363e-11 1
2 100 132 979.0012489999641 8.330136601636537e-11 1
2 100 133 979.0012489999641 8.347960629369378e-11 1
2 100 134 979.0012489999641 8.368765066491423e-11 1
2 100 135 980.3037392343441 8.390331183700484e-11 1
2 100 136 980.3037392343441 8.412234868738978e-11 1
2 100 137 980.3037392343441 8.436822662109232e-11 1
2 100 138 980.3037392343441 8.462828564279732e-11 1
2 100 139 981.3154579843441 8.488690957279861e-11 1
2 100 140 981.3154579843441 8.515041161373085e-11 1
2 100 141 981.3154579843441 8.544462807641195e-11 1
2 100 142 981.3154579843441 8.573553659692005e-11 1
2 100 143 981.3154579843441 8.602843276442124e-11 1
2 100 144 982.5642983163741 8.633673911862984e-11 1
2 100 145 982.5642983163741 8.665151359521594e-11 1
2 100 146 982.5642983163741 8.696972932253622e-11 1
2 100 147 982.5642983163741 8.729795154561278e-11 1
2 100 148 983.2287880624641 8.763129808349901e-11 1
2 100 149 983.2287880624641 8.796720014185939e-11 1
2 100 150 983.2287880624641 8.831089430653569e-11 1
2 100 151 983.2287880624641 8.866217007725847e-11 1
2 100 152 984.3547035898141 8.901318171193336e-11 1
2 100 153 984.3547035898141 8.936698368861825e-11 1
2 100 154 984.3547035898141 8.972544528405412e-11 1
2 100 155 984.3547035898141 9.00873767539317e-11 1
2 100 156 988.0659462655941 9.045285677739347e-11 1
2 100 157 988.0659462655941 9.082412948766119e-11 1
2 100 158 988.0659462655941 9.119401238263407e-11 1
2 100 159 988.0659462655941 9.1565053836632e-11 1
2 100 160 989.9539467538741 9.193886170717488e-11 1
2 100 161 989.9539467538741 9.231315382129553e-11 1
2 100 162 989.9539467538741 9.269050595278617e-11 1
2 100 163 989.9539467538741 9.307729750609881e-11 1
2 100 164 990.6666542734041 9.348149477259798e-11 1
2 100 165 990.6666542734041 9.387110095793509e-11 1
2 100 166 990.6666542734041 9.426396828625666e-11 1
2 100 167 990.6666542734041 9.467680642162521e-11 1
2 100 168 990.6666542734041 9.509578205610019e-11 1
2 100 169 991.3172280038741 9.550928135495426e-11 1
2 100 170 991.3172280038741 9.592775102365627e-11 1
2 100 171 991.3172280038741 9.636313221368083e-11 1
2 100 172 991.3172280038741 9.680248349641424e-11 1
2 100 173 991.0864540780941 9.725988070533072e-11 1
2 100 174 991.0864540780941 9.772076919029118e-11 1
2 100 175 991.0864540780941 9.818128661192894e-11 1
2 100 176 991.0864540780941 9.864891349884558e-11 1
2 100 177 990.0536171640241 9.912507614939855e-11 1
2 100 178 990.0536171640241 9.959163087935352e-11 1
2 100 179 990.0536171640241 1.0006213241943492e-10 1
2 100 180 990.0536171640241 1.0053478715057965e-10 1
2 100 181 988.4568154062141 1.0098939708880203e-10 1
2 100 182 988.4568154062141 1.0144813711954996e-10 1
2 100 183 988.4568154062141 1.0191008811643752e-10 1
2 100 184 988.4568154062141 1.0235434219860352e-10 1
2 100 185 986.1082436288741 1.0279583809382575e-10 1
2 100 186 986.1082436288741 1.032416935583287e-10 1
2 100 187 986.1082436288741 1.0368172331415038e-10 1
2 100 188 986.1082436288741 1.0410876494382576e-10 1
2 100 189 983.8663002694941 1.0453933889863127e-10 1
2 100 190 983.8663002694941 1.0497863069209698e-10 1
2 100 191 983.8663002694941 1.0539960721590482e-10 1
2 100 192 983.8663002694941 1.0581826077547716e-10 1
2 100 193 983.8663002694941 1.0624025343222549e-10 1
2 100 194 985.3436562265241 1.0665472895372812e-10 1
2 100 195 985.3436562265241 1.0705937122241767e-10 1
2 100 196 985.3436562265241 1.0746709556606298e-10 1
2 100 197 985.3436562265241 1.078719631703855e-10 1
2 100 198 984.6443764413741 1.0826339753534171e-10 1
2 100 199 984.6443764413741 1.0865382102306439e-10 1
2 100 200 984.6443764413741 1.0904468112112824e-10 1
2 100 201 984.6443764413741 1.09415144314072e-10 1
2 100 202 983.5533730234041 1.0978813327586805e-10 1
2 100 203 983.5533730234041 1.1017073737697592e-10 1
2 100 204 983.5533730234041 1.1054294180920072e-10 1
2 100 205 983.5533730234041 1.1089689758045669e-10 1
2 100 206 988.9427162851241 1.1125312734828e-10 1
2 100 207 988.9427162851241 1.1159988714970262e-10 1
2 100 208 988.9427162851241 1.1193294652676623e-10 1
2 100 209 988.9427162851241 1.1226799982332717e-10 1
2 100 210 991.1864296640241 1.1261146918859107e-10 1
2 100 211 991.1864296640241 1.1292433592296467e-10 1
2 100 212 991.1864296640241 1.132311910500452e-10 1
2 100 213 991.1864296640241 1.1353971838766305e-10 1
2 100 214 994.2624794687141 1.134203854174739e-10 1
2 100 215 994.2624794687141 1.134203854174739e-10 1
2 100 216 994.2624794687141 1.1526542213216281e-10 1
2 100 217 994.2624794687141 1.1526542213216281e-10 1
2 100 218 994.2624794687141 1.1526542213216281e-10 1
2 100 219 996.4538857187141 1.1612209333744519e-10 1
2 100 220 996.4538857187141 1.1612209333744519e-10 1
2 100 221 996.4538857187141 1.1612209333744519e-10 1
2 100 222 996.4538857187141 1.1685318731439067e-10 1
2 100 223 1001.6568276132441 1.1685318731439067e-10 1
2 100 224 1001.6568276132441 1.1685318731439067e-10 1
2 100 225 1001.6568276132441 1.1746918575837317e-10 1
2 100 226 1001.6568276132441 1.1746918575837317e-10 1
2 100 227 1002.8489662851241 1.1746918575837317e-10 1
2 100 228 1002.8489662851241 1.1746918575837317e-10 1
2 100 229 1002.8489662851241 1.179871113627607e-10 1
2 100 230 1002.8489662851241 1.179871113627607e-10 1
2 100 231 1003.5328041757441 1.179871113627607e-10 1
2 100 232 1003.5328041757441 1.1841679691381569e-10 1
2 100 233 1003.5328041757441 1.1841679691381569e-10 1
2 100 234 1003.5328041757441 1.1841679691381569e-10 1
2 100 235 1004.5102211679341 1.1875959861371993e-10 1
2 100 236 1004.5102211679341 1.1875959861371993e-10 1
2 100 237 1004.5102211679341 1.1875959861371993e-10 1
2 100 238 1004.5102211679341 1.1875959861371993e-10 1
2 100 239 1005.4339882577741 1.1875959861371993e-10 1
2 100 240 1005.4339882577741 1.1875959861371993e-10 1
2 100 241 1005.4339882577741 1.1875959861371993e-10 1
2 100 242 1005.4339882577741 1.1875959861371993e-10 1
2 100 243 1005.4339882577741 1.2076016845541137e-10 1
2 100 244 1006.5725380624641 1.2076016845541137e-10 1
2 100 245 1006.5725380624641 1.2094279872147872e-10 1
2 100 246 1006.5725380624641 1.2094279872147872e-10 1
2 101 24 962.5073525155941 9.849946768491547e-11 1
2 101 25 963.8136269296541 1.0069703659704535e-10 1
2 101 26 966.8664223398141 1.0160733099324526e-10 1
2 101 27 970.4915444101241 1.0079146073551636e-10 1
2 101 28 974.5102211679341 9.708924198997966e-11 1
2 101 29 976.0804115976241 9.272402737842754e-11 1
2 101 30 977.9605385507441 9.107504590515298e-11 1
2 101 31 979.6447426523141 9.072130663203944e-11 1
2 101 32 979.8943154062141 9.078214572023811e-11 1
2 101 33 980.3221718515241 9.091199827793352e-11 1
2 101 34 980.6593910898141 9.099599949874331e-11 1
2 101 35 981.5586830819941 9.104227006436372e-11 1
2 101 36 981.5586830819941 9.106712927581821e-11 1
2 101 37 981.5586830819941 9.108264553100395e-11 1
2 101 38 981.5586830819941 9.109229253168503e-11 1
2 101 39 981.9361855234041 9.110194157610298e-11 1
2 101 40 981.9361855234041 9.111405234901137e-11 1
2 101 41 981.9361855234041 9.11156104777337e-11 1
2 101 42 981.9361855234041 9.111716865974714e-11 1
2 101 43 981.9361855234041 9.11199729612475e-11 1
2 101 44 982.1770302499641 9.112017637819504e-11 1
2 101 45 982.1770302499641 9.111645178580998e-11 1
2 101 46 982.1770302499641 9.111272749790242e-11 1
2 101 47 982.1770302499641 9.11091333876787e-11 1
2 101 48 982.4053017343441 9.110314161522174e-11 1
2 101 49 982.4053017343441 9.109598042440052e-11 1
2 101 50 982.4053017343441 9.108896658434942e-11 1
2 101 51 982.4053017343441 9.108237001691249e-11 1
2 101 52 983.8600136484041 9.107395909514182e-11 1
2 101 53 983.8600136484041 9.106554972662589e-11 1
2 101 54 983.8600136484041 9.105171517582559e-11 1
2 101 55 983.8600136484041 9.10361770951049e-11 1
2 101 56 984.4199501718441 9.102121502654191e-11 1
2 101 57 984.4199501718441 9.100272589153206e-11 1
2 101 58 984.4199501718441 9.093595936078081e-11 1
2 101 59 984.4199501718441 9.093595936078081e-11 1
2 101 60 984.5736977304341 9.119923740872158e-11 1
2 101 61 984.5736977304341 9.119923740872158e-11 1
2 101 62 984.5736977304341 9.104979007532319e-11 1
2 101 63 984.5736977304341 9.104979007532319e-11 1
2 101 64 984.9712197030941 9.104979007532319e-11 1
2 101 65 984.9712197030941 9.08554016098168e-11 1
2 101 66 984.9712197030941 9.08554016098168e-11 1
2 101 67 984.9712197030941 9.08554016098168e-11 1
2 101 68 984.9712197030941 9.08554016098168e-11 1
2 101 69 986.2211586679341 9.062792780023656e-11 1
2 101 70 986.2211586679341 9.062792780023656e-11 1
2 101 71 986.2211586679341 9.062792780023656e-11 1
2 101 72 986.2211586679341 9.037709295935868e-11 1
2 101 73 986.4634682382441 9.037709295935868e-11 1
2 101 74 986.4634682382441 9.037709295935868e-11 1
2 101 75 986.4634682382441 9.011543565098674e-11 1
2 101 76 986.4634682382441 9.011543565098674e-11 1
2 101 77 986.8110634530941 9.011543565098674e-11 1
2 101 78 986.8110634530941 9.011543565098674e-11 1
2 101 79 986.8110634530941 8.944641247357811e-11 1
2 101 80 986.8110634530941 8.944641247357811e-11 1
2 101 81 987.3366982187141 8.944641247357811e-11 1
2 101 82 987.3366982187141 8.944641247357811e-11 1
2 101 83 987.3366982187141 9.020182410396183e-11 1
2 101 84 987.3366982187141 9.020182410396183e-11 1
2 101 85 987.8882729257441 9.052946531310568e-11 1
2 101 86 987.8882729257441 8.901052259863635e-11 1
2 102 24 963.4296547616841 9.942954242019663e-11 1
2 102 25 965.5736977304341 1.0188492395087527e-10 1
2 102 26 968.0021034921541 1.0129407446047214e-10 1
