4 19 27 992.4726889670203 5.1003088278201924e-11 1
4 20 17 915.7059042990603 1.8495888104119484e-11 1
4 20 18 923.5842001974903 1.8255565855051855e-11 1
4 20 19 931.0132773459303 1.843397025261293e-11 1
4 20 20 942.3099082053103 1.9627136506441836e-11 1
4 20 21 946.8947470724903 2.19110703301415e-11 1
4 20 22 966.5170615256203 2.4902343258559568e-11 1
4 20 23 995.4892905295203 2.7745815462468485e-11 1
4 20 24 1007.3967001974903 2.946467908827312e-11 1
4 20 25 1011.3954794943703 3.074488407758902e-11 1
4 20 26 1016.9446127951503 3.518098562398329e-11 1
4 20 27 1027.0888999045203 4.5826023584911396e-11 1
4 21 11 961.1333334982703 1.9074575773860805e-11 1
4 21 12 967.2713950217103 1.91218879265004e-11 1
4 21 13 974.1137412131203 1.8789733029720065e-11 1
4 21 14 978.7813437521803 1.8010091103290164e-11 1
4 21 15 982.0501425803103 1.7607359325968274e-11 1
4 21 16 986.6133139670203 1.718508262664109e-11 1
4 21 17 990.0431845724903 1.696832305820207e-11 1
4 21 18 993.1352255881203 1.6881594372801875e-11 1
