5 98 267 997.140283291704 1.8212521499813435e-11 1
5 98 268 1016.859582608104 1.9768134176170344e-11 1
5 98 269 1039.146569912794 2.0478807345078532e-11 1
5 98 270 1033.309594815134 2.182536676303063e-11 1
5 99 206 975.881250088574 1.002614492363583e-11 1
5 99 207 975.881250088574 1.0075163399283268e-11 1
5 99 208 975.881250088574 1.0124510342471644e-11 1
5 99 209 975.881250088574 1.0174343055734247e-11 1
5 99 210 978.867456143264 1.0224287138427208e-11 1
5 99 211 978.867456143264 1.0274432785487394e-11 1
5 99 212 978.867456143264 1.0325072741757102e-11 1
5 99 213 978.867456143264 1.0375850493289626e-11 1
5 99 214 981.675256436234 1.0425852893744338e-11 1
5 99 215 981.675256436234 1.0476934911895205e-11 1
5 99 216 981.675256436234 1.0528519952736338e-11 1
5 99 217 981.675256436234 1.0580021090064078e-11 1
5 99 218 981.675256436234 1.0631223933085662e-11 1
5 99 219 983.673486416704 1.0682924786628907e-11 1
5 99 220 983.673486416704 1.0734212105240782e-11 1
5 99 221 983.673486416704 1.0785268376595263e-11 1
5 99 222 983.673486416704 1.0836812657838494e-11 1
5 99 223 990.589502041704 1.0888273351561475e-11 1
5 99 224 990.589502041704 1.093826835387048e-11 1
5 99 225 990.589502041704 1.0989522412830875e-11 1
5 99 226 990.589502041704 1.1041259061138279e-11 1
5 99 227 993.602807705764 1.1092044855809356e-11 1
5 99 228 993.602807705764 1.114234379581043e-11 1
5 99 229 993.602807705764 1.1193556583963283e-11 1
5 99 230 993.602807705764 1.1245046640579552e-11 1
5 99 231 997.932763760454 1.1295107245761438e-11 1
5 99 232 997.932763760454 1.1345615562835748e-11 1
5 99 233 997.932763760454 1.1395797975972453e-11 1
5 99 234 997.932763760454 1.1443844869039319e-11 1
5 99 235 1002.810998623734 1.1493363649332826e-11 1
5 99 236 1002.810998623734 1.1543312838512688e-11 1
5 99 237 1002.810998623734 1.1592621696551838e-11 1
5 99 238 1002.810998623734 1.1640898496232105e-11 1
5 99 239 1012.491479580764 1.1689579069259096e-11 1
5 99 240 1012.491479580764 1.1737107280119309e-11 1
5 99 241 1012.491479580764 1.1783790531575438e-11 1
5 99 242 1012.491479580764 1.1830846622538701e-11 1
5 99 243 1012.491479580764 1.1877429858490603e-11 1
5 99 244 1016.155603115914 1.192133534995704e-11 1
5 99 245 1016.155603115914 1.1966698857924034e-11 1
5 99 246 1016.155603115914 1.2012408922430982e-11 1
5 99 247 1016.155603115914 1.2056398216611714e-11 1
5 99 248 1019.340356533884 1.2099344533223443e-11 1
5 99 249 1019.340356533884 1.2143253339642447e-11 1
5 99 250 1019.340356533884 1.218720012456659e-11 1
5 99 251 1019.340356533884 1.222872705402719e-11 1
5 99 252 1022.575036709664 1.227053795059986e-11 1
5 99 253 1022.575036709664 1.2311609371756696e-11 1
5 99 254 1022.575036709664 1.23496184255175e-11 1
5 99 255 1022.575036709664 1.2389035687689366e-11 1
5 99 256 1027.557336514354 1.242870537799576e-11 1
5 99 257 1027.557336514354 1.2466412284179437e-11 1
5 99 258 1027.557336514354 1.251172093022556e-11 1
5 99 259 1029.770166104204 1.2579943977246493e-11 1
5 99 260 1029.770166104204 1.2674091513262014e-11 1
5 99 261 1032.026391690134 1.2800968276317514e-11 1
5 99 262 1033.363549893264 1.2959819203080024e-11 1
5 99 263 1034.482446377634 1.313854381766798e-11 1
5 99 264 1036.379907315134 1.3350154962615249e-11 1
5 99 265 1039.270166104204 1.3801751710109388e-11 1
5 99 266 1042.209924404984 1.4730252917739665e-11 1
5 99 267 1044.272607510454 1.6651739150870823e-11 1
5 99 268 1049.002038662794 1.8566648818479336e-11 1
5 100 43 992.073754971384 7.857712003832472e-12 1
5 100 44 992.271325772164 7.853515768051484e-12 1
5 100 45 992.271325772164 7.849263236050275e-12 1
5 100 46 992.271325772164 7.845231294696759e-12 1
5 100 47 992.271325772164 7.842150237955064e-12 1
5 100 48 994.714990322954 7.838060132114522e-12 1
5 100 49 994.714990322954 7.833592561489627e-12 1
5 100 50 994.714990322954 7.829119410261401e-12 1
5 100 51 994.714990322954 7.824548516437739e-12 1
5 100 52 994.548181240914 7.819982956771953e-12 1
5 100 53 994.548181240914 7.8159384843416e-12 1
5 100 54 994.548181240914 7.812271326784093e-12 1
5 100 55 994.548181240914 7.807672639929689e-12 1
5 100 56 993.249475186234 7.803079363916406e-12 1
5 100 57 993.249475186234 7.798531334281029e-12 1
5 100 58 993.249475186234 7.794041959580128e-12 1
5 100 59 993.249475186234 7.78955775069538e-12 1
5 100 60 990.960290615914 7.785652190414678e-12 1
5 100 61 990.960290615914 7.781381346074247e-12 1
5 100 62 990.960290615914 7.777115184735542e-12 1
5 100 63 990.960290615914 7.773125729030543e-12 1
5 100 64 989.906213467484 7.769576515032672e-12 1
5 100 65 989.906213467484 7.76568490396303e-12 1
5 100 66 989.906213467484 7.761797189387552e-12 1
5 100 67 989.906213467484 7.758096401650034e-12 1
5 100 68 989.906213467484 7.754644306828024e-12 1
5 100 69 992.775720303414 7.751195282774344e-12 1
5 100 70 992.775720303414 7.748019826485263e-12 1
5 100 71 992.775720303414 7.745161547523795e-12 1
5 100 72 992.775720303414 7.742305376648262e-12 1
5 100 73 993.934777920604 7.73951924877438e-12 1
5 100 74 993.934777920604 7.737279798140348e-12 1
5 100 75 993.934777920604 7.735126423527753e-12 1
5 100 76 993.934777920604 7.732974247199837e-12 1
5 100 77 993.761926358104 7.731157573090645e-12 1
5 100 78 993.761926358104 7.729789770141208e-12 1
5 100 79 993.761926358104 7.728422451091874e-12 1
5 100 80 993.761926358104 7.727137615071639e-12 1
5 100 81 993.240380947954 7.726644295782843e-12 1
5 100 82 993.240380947954 7.726151039479452e-12 1
5 100 83 993.240380947954 7.725635965093195e-12 1
5 100 84 993.240380947954 7.725780487297872e-12 1
5 100 85 991.688745205764 7.72622860808555e-12 1
5 100 86 991.688745205764 7.726676780861199e-12 1
5 100 87 991.688745205764 7.727507456068276e-12 1
5 100 88 991.688745205764 7.728851208383916e-12 1
5 100 89 994.799890225294 7.730195428116598e-12 1
5 100 90 994.799890225294 7.731594051923754e-12 1
5 100 91 994.799890225294 7.733843095988995e-12 1
5 100 92 994.799890225294 7.736064244527979e-12 1
5 100 93 994.799890225294 7.738286669254752e-12 1
5 100 94 996.501855557324 7.74122477903261e-12 1
5 100 95 996.501855557324 7.744236634630747e-12 1
5 100 96 996.501855557324 7.747250834768681e-12 1
5 100 97 996.501855557324 7.750710282534376e-12 1
5 100 98 995.698388760454 7.75450423490518e-12 1
5 100 99 995.698388760454 7.758182129043638e-12 1
5 100 100 995.698388760454 7.761903782703584e-12 1
5 100 101 995.698388760454 7.766017984736088e-12 1
5 100 102 991.796899502634 7.770136550552384e-12 1
5 100 103 991.796899502634 7.774622329651097e-12 1
5 100 104 991.796899502634 7.77890693779863e-12 1
5 100 105 991.796899502634 7.783017006017743e-12 1
5 100 106 994.448022549514 7.787347945243885e-12 1
5 100 107 994.448022549514 7.792783129865293e-12 1
5 100 108 994.448022549514 7.796842449165983e-12 1
5 100 109 994.448022549514 7.800263986368066e-12 1
5 100 110 996.861413662794 7.803519040545058e-12 1
5 100 111 996.861413662794 7.805140336329825e-12 1
5 100 112 996.861413662794 7.806762305950654e-12 1
5 100 113 996.861413662794 7.80971373702765e-12 1
5 100 114 1000.295190518264 7.809676459285796e-12 1
5 100 115 1000.295190518264 7.808280734503087e-12 1
5 100 116 1000.295190518264 7.807229562923899e-12 1
5 100 117 1000.295190518264 7.805558527330721e-12 1
5 100 118 1000.295190518264 7.801170785521149e-12 1
5 100 119 1003.223413174514 7.79697334568245e-12 1
5 100 120 1003.223413174514 7.792733435021552e-12 1
5 100 121 1003.223413174514 7.788045264570606e-12 1
5 100 122 1003.223413174514 7.783362731609409e-12 1
5 100 123 1003.458581631544 7.777970505242683e-12 1
5 100 124 1003.458581631544 7.772687768373249e-12 1
5 100 125 1003.458581631544 7.769540448287915e-12 1
5 100 126 1003.458581631544 7.766395675999338e-12 1
5 100 127 1004.518335049514 7.763011238292506e-12 1
5 100 128 1004.518335049514 7.760936525360132e-12 1
5 100 129 1004.518335049514 7.759605022199129e-12 1
5 100 130 1004.518335049514 7.75844344397736e-12 1
5 100 131 1004.358117764354 7.758917408132922e-12 1
5 100 132 1004.358117764354 7.759391430201065e-12 1
5 100 133 1004.358117764354 7.758792936002991e-12 1
5 100 134 1004.358117764354 7.760316696838443e-12 1
5 100 135 1005.660607998734 7.762846856110853e-12 1
5 100 136 1005.660607998734 7.76509113284869e-12 1
5 100 137 1005.660607998734 7.767045399876955e-12 1
5 100 138 1005.660607998734 7.771402161253414e-12 1
5 100 139 1006.672326748734 7.776160269936224e-12 1
5 100 140 1006.672326748734 7.78106695131252e-12 1
5 100 141 1006.672326748734 7.787698232957135e-12 1
5 100 142 1006.672326748734 7.794960745167935e-12 1
5 100 143 1006.672326748734 7.802236815509848e-12 1
5 100 144 1007.921167080764 7.81145711294458e-12 1
5 100 145 1007.921167080764 7.821308645639573e-12 1
5 100 146 1007.921167080764 7.831070056616783e-12 1
5 100 147 1007.921167080764 7.841689098612954e-12 1
5 100 148 1008.585656826854 7.854229727676783e-12 1
5 100 149 1008.585656826854 7.866810531576447e-12 1
5 100 150 1008.585656826854 7.87917190825184e-12 1
5 100 151 1008.585656826854 7.89405781211238e-12 1
5 100 152 1009.711572354204 7.909393208022846e-12 1
5 100 153 1009.711572354204 7.92478830253803e-12 1
5 100 154 1009.711572354204 7.942168978807483e-12 1
5 100 155 1009.711572354204 7.960235098887028e-12 1
5 100 156 1013.422815029984 7.978263500111429e-12 1
5 100 157 1013.422815029984 7.996696401899571e-12 1
5 100 158 1013.422815029984 8.017053249858186e-12 1
5 100 159 1013.422815029984 8.037785917048065e-12 1
5 100 160 1015.310815518264 8.058818429702198e-12 1
5 100 161 1015.310815518264 8.081827491434333e-12 1
5 100 162 1015.310815518264 8.104968317596775e-12 1
5 100 163 1015.310815518264 8.127682728374365e-12 1
5 100 164 1016.023523037794 8.151108588511688e-12 1
5 100 165 1016.023523037794 8.176300634296291e-12 1
5 100 166 1016.023523037794 8.201648881333366e-12 1
5 100 167 1016.023523037794 8.227056830611747e-12 1
5 100 168 1016.023523037794 8.25356197463308e-12 1
5 100 169 1016.674096768264 8.28072925311514e-12 1
5 100 170 1016.674096768264 8.308163346037682e-12 1
5 100 171 1016.674096768264 8.336628688313988e-12 1
5 100 172 1016.674096768264 8.36528975649973e-12 1
5 100 173 1016.443322842484 8.393395490255499e-12 1
5 100 174 1016.443322842484 8.422755503967558e-12 1
5 100 175 1016.443322842484 8.452899164200402e-12 1
5 100 176 1016.443322842484 8.483060789033288e-12 1
5 100 177 1015.410485928414 8.513301342972887e-12 1
5 100 178 1015.410485928414 8.54506870953084e-12 1
5 100 179 1015.410485928414 8.577143027310616e-12 1
5 100 180 1015.410485928414 8.60962344288079e-12 1
5 100 181 1013.813684170604 8.643949653970235e-12 1
5 100 182 1013.813684170604 8.678550675071721e-12 1
5 100 183 1013.813684170604 8.71348722773909e-12 1
5 100 184 1013.813684170604 8.750117900400364e-12 1
5 100 185 1011.465112393264 8.787487787063359e-12 1
5 100 186 1011.465112393264 8.825173471426801e-12 1
5 100 187 1011.465112393264 8.863876579371155e-12 1
5 100 188 1011.465112393264 8.903890228816187e-12 1
5 100 189 1009.223169033884 8.94426677876292e-12 1
5 100 190 1009.223169033884 8.984896970807619e-12 1
5 100 191 1009.223169033884 9.027058293557547e-12 1
5 100 192 1009.223169033884 9.06979719096813e-12 1
5 100 193 1009.223169033884 9.112942710910999e-12 1
5 100 194 1010.700524990914 9.15696094175177e-12 1
5 100 195 1010.700524990914 9.201924237358739e-12 1
5 100 196 1010.700524990914 9.247331277143468e-12 1
5 100 197 1010.700524990914 9.293258757721631e-12 1
5 100 198 1010.001245205764 9.340166393145767e-12 1
5 100 199 1010.001245205764 9.38774614772476e-12 1
5 100 200 1010.001245205764 9.43584738885805e-12 1
5 100 201 1010.001245205764 9.484778042620148e-12 1
5 100 202 1008.910241787794 9.534218812524804e-12 1
5 100 203 1008.910241787794 9.583730491606468e-12 1
5 100 204 1008.910241787794 9.633301682788697e-12 1
5 100 205 1008.910241787794 9.684309287644475e-12 1
5 100 206 1014.299585049514 9.73585993067717e-12 1
5 100 207 1014.299585049514 9.787901436641122e-12 1
5 100 208 1014.299585049514 9.84041977679303e-12 1
5 100 209 1014.299585049514 9.893504746121235e-12 1
5 100 210 1016.543298428414 9.94640628113435e-12 1
5 100 211 1016.543298428414 9.999926258142749e-12 1
5 100 212 1016.543298428414 1.0054635215126531e-11 1
5 100 213 1016.543298428414 1.0109946083538384e-11 1
5 100 214 1019.619348233104 1.0122226315224647e-11 1
5 100 215 1019.619348233104 1.0122226315224647e-11 1
5 100 216 1019.619348233104 1.031207171371261e-11 1
5 100 217 1019.619348233104 1.031207171371261e-11 1
5 100 218 1019.619348233104 1.031207171371261e-11 1
5 100 219 1021.810754483104 1.0502547271559205e-11 1
5 100 220 1021.810754483104 1.0502547271559205e-11 1
5 100 221 1021.810754483104 1.0502547271559205e-11 1
5 100 222 1021.810754483104 1.0698480017892103e-11 1
5 100 223 1027.013696377634 1.0698480017892103e-11 1
5 100 224 1027.013696377634 1.0698480017892103e-11 1
5 100 225 1027.013696377634 1.089843581104603e-11 1
5 100 226 1027.013696377634 1.089843581104603e-11 1
5 100 227 1028.205835049514 1.089843581104603e-11 1
5 100 228 1028.205835049514 1.089843581104603e-11 1
5 100 229 1028.205835049514 1.1100477820555986e-11 1
5 100 230 1028.205835049514 1.1100477820555986e-11 1
5 100 231 1028.889672940134 1.1100477820555986e-11 1
5 100 232 1028.889672940134 1.1302788875541652e-11 1
5 100 233 1028.889672940134 1.1302788875541652e-11 1
5 100 234 1028.889672940134 1.1302788875541652e-11 1
5 100 235 1029.867089932324 1.1504497016179679e-11 1
5 100 236 1029.867089932324 1.1504497016179679e-11 1
5 100 237 1029.867089932324 1.1504497016179679e-11 1
5 100 238 1029.867089932324 1.1504497016179679e-11 1
5 100 239 1030.790857022164 1.1504497016179679e-11 1
5 100 240 1030.790857022164 1.1504497016179679e-11 1
5 100 241 1030.790857022164 1.1504497016179679e-11 1
5 100 242 1030.790857022164 1.1504497016179679e-11 1
5 100 243 1030.790857022164 1.1832924223316503e-11 1
5 100 244 1031.929406826854 1.1832924223316503e-11 1
5 100 245 1031.929406826854 1.2014890279977605e-11 1
5 100 246 1031.929406826854 1.2014890279977605e-11 1
5 101 24 987.864221279984 8.396055338460146e-12 1
5 101 25 989.170495694044 8.366170373170636e-12 1
5 101 26 992.223291104204 8.333350066139275e-12 1
5 101 27 995.848413174514 8.254824535017892e-12 1
5 101 28 999.867089932324 8.134554040427526e-12 1
5 101 29 1001.437280362014 8.035675563835927e-12 1
5 101 30 1003.317407315134 7.98353152272608e-12 1
5 101 31 1005.001611416704 7.947773391838911e-12 1
5 101 32 1005.251184170604 7.919148774420431e-12 1
5 101 33 1005.679040615914 7.897520697403273e-12 1
5 101 34 1006.016259854204 7.88185028822371e-12 1
5 101 35 1006.915551846384 7.87101925005881e-12 1
5 101 36 1006.915551846384 7.863707445962687e-12 1
5 101 37 1006.915551846384 7.857759095664783e-12 1
5 101 38 1006.915551846384 7.851674260660933e-12 1
5 101 39 1007.293054287794 7.845598842226727e-12 1
5 101 40 1007.293054287794 7.839534415006407e-12 1
5 101 41 1007.293054287794 7.833317652496332e-12 1
5 101 42 1007.293054287794 7.827110741977592e-12 1
5 101 43 1007.293054287794 7.820901747304624e-12 1
5 101 44 1007.533899014354 7.81455189614541e-12 1
5 101 45 1007.533899014354 7.808189078966994e-12 1
5 101 46 1007.533899014354 7.801836614910685e-12 1
5 101 47 1007.533899014354 7.795446345370134e-12 1
5 101 48 1007.762170498734 7.789034559649244e-12 1
5 101 49 1007.762170498734 7.782648053636657e-12 1
5 101 50 1007.762170498734 7.776265513942241e-12 1
5 101 51 1007.762170498734 7.76983083289063e-12 1
5 101 52 1009.216882412794 7.763406792135884e-12 1
5 101 53 1009.216882412794 7.756993365307837e-12 1
5 101 54 1009.216882412794 7.750623989523837e-12 1
5 101 55 1009.216882412794 7.744275582488378e-12 1
5 101 56 1009.776818936234 7.73794146216125e-12 1
5 101 57 1009.776818936234 7.73171422628921e-12 1
5 101 58 1009.776818936234 7.740309406868504e-12 1
5 101 59 1009.776818936234 7.740309406868504e-12 1
5 101 60 1009.930566494824 7.693197138763542e-12 1
5 101 61 1009.930566494824 7.693197138763542e-12 1
5 101 62 1009.930566494824 7.67371265145107e-12 1
5 101 63 1009.930566494824 7.67371265145107e-12 1
5 101 64 1010.328088467484 7.67371265145107e-12 1
5 101 65 1010.328088467484 7.655207295435164e-12 1
5 101 66 1010.328088467484 7.655207295435164e-12 1
5 101 67 1010.328088467484 7.655207295435164e-12 1
5 101 68 1010.328088467484 7.655207295435164e-12 1
5 101 69 1011.578027432324 7.637814500729356e-12 1
5 101 70 1011.578027432324 7.637814500729356e-12 1
5 101 71 1011.578027432324 7.637814500729356e-12 1
5 101 72 1011.578027432324 7.621586198434921e-12 1
5 101 73 1011.820337002634 7.621586198434921e-12 1
5 101 74 1011.820337002634 7.621586198434921e-12 1
5 101 75 1011.820337002634 7.606658147246865e-12 1
5 101 76 1011.820337002634 7.606658147246865e-12 1
5 101 77 1012.167932217484 7.606658147246865e-12 1
5 101 78 1012.167932217484 7.606658147246865e-12 1
5 101 79 1012.167932217484 7.606658147246865e-12 1
5 101 80 1012.167932217484 7.606658147246865e-12 1
5 101 81 1012.693566983104 7.606658147246865e-12 1
5 101 82 1012.693566983104 7.606658147246865e-12 1
5 101 83 1012.693566983104 7.571453163070964e-12 1
5 101 84 1012.693566983104 7.571453163070964e-12 1
5 101 85 1013.245141690134 7.562580596769575e-12 1
5 101 86 1013.245141690134 7.562580596769575e-12 1
5 102 24 988.786523526074 8.783002766800983e-12 1
5 102 25 990.930566494824 8.698866649278383e-12 1
5 102 26 993.358972256544 8.682438385237923e-12 1
