4 113 272 1025.3858538723582 1.089027005910594e-11 1
4 113 273 1015.9094432168115 1.1176923037567443e-11 1
4 113 274 1001.0317497240612 1.1176923037567443e-11 1
4 114 266 999.8632322560177 8.635516283967733e-12 1
4 114 267 1005.989178258714 9.105985659809389e-12 1
4 114 268 1013.0842661143517 9.502402261922715e-12 1
4 114 269 1028.3320147950544 9.813379864656342e-12 1
4 114 270 1032.939167349344 1.0029157776198447e-11 1
4 114 271 1034.3249455670955 1.0248567111594699e-11 1
4 114 272 1032.779146298755 1.0603022938525631e-11 1
4 114 273 1028.3598481532501 1.097635935786071e-11 1
4 114 274 1016.9787922840043 1.097635935786071e-11 1
4 115 260 1025.0146050760725 6.628902972373803e-12 1
4 115 261 1026.3435122159756 6.722462606190182e-12 1
4 115 262 1027.7459283015692 6.8697415715771935e-12 1
4 115 263 1029.8727884232676 7.094127650609024e-12 1
4 115 264 1030.6902793640527 7.392711963664138e-12 1
4 115 265 1031.3594028284972 7.75685851480002e-12 1
4 115 266 1027.3004930601269 8.185295915468066e-12 1
4 115 267 1034.6624064160735 8.656507595616443e-12 1
4 115 268 1035.7154982936704 9.134841748935693e-12 1
4 115 269 1038.6391224673878 9.586290182046833e-12 1
4 116 199 971.41190312435 4.9257212377896635e-12 1
4 116 200 971.8696222542503 4.949141480193886e-12 1
4 116 201 972.33266297699 4.9727604995058426e-12 1
4 116 202 972.9079721574076 4.996431375211549e-12 1
4 116 203 973.4948216744932 5.020323970901161e-12 1
4 116 204 974.0816711915948 5.044366252247936e-12 1
4 116 205 974.6685207086898 5.068507744895845e-12 1
4 116 206 975.4456336702332 5.0928814230315125e-12 1
4 116 207 976.2749488765251 5.117637791648527e-12 1
4 116 208 977.1042640827942 5.1421908648520594e-12 1
4 116 209 977.9335792891278 5.166980672151749e-12 1
4 116 210 978.7163509026102 5.192065359100243e-12 1
4 116 211 979.4702996490024 5.217112821707207e-12 1
4 116 212 980.2242483954359 5.242260926757214e-12 1
4 116 213 980.9781971418283 5.2676550685294695e-12 1
4 116 214 981.739785531369 5.293083584353209e-12 1
4 116 215 982.5106952464795 5.3184306559715424e-12 1
4 116 216 983.2816049616081 5.3440523244684655e-12 1
4 116 217 984.0525146767187 5.3698855396442086e-12 1
4 116 218 984.9803971874487 5.395260627538782e-12 1
4 116 219 986.3054208713083 5.421014890255323e-12 1
4 116 220 987.6304445550654 5.447016208102468e-12 1
4 116 221 988.9554682387351 5.4727543493149145e-12 1
4 116 222 990.1714388387104 5.4985274973124475e-12 1
4 116 223 990.9710512154181 5.5245036351626095e-12 1
4 116 224 991.727633452481 5.550052974727462e-12 1
4 116 225 992.484215689535 5.575500065388173e-12 1
4 116 226 993.3131984823617 5.6013344929731735e-12 1
4 116 227 994.512409604079 5.627363844586613e-12 1
4 116 228 995.8116945052002 5.652675766706339e-12 1
4 116 229 997.1109794064221 5.678216424086024e-12 1
4 116 230 998.4767593807146 5.703724842529444e-12 1
4 116 231 1000.3988854581592 5.7282633317933815e-12 1
4 116 232 1002.5798214321562 5.753455108608617e-12 1
4 116 233 1004.7607574060365 5.778892294655719e-12 1
4 116 234 1006.9222188327702 5.803759245203201e-12 1
4 116 235 1008.4533299047149 5.828129211831249e-12 1
4 116 236 1009.5454976501794 5.853048237637948e-12 1
4 116 237 1010.6376653957022 5.878123195597482e-12 1
4 116 238 1011.7298331411959 5.9021917086449976e-12 1
4 116 239 1012.5725827012982 5.926458133516618e-12 1
4 116 240 1013.1386680610298 5.950481293775072e-12 1
4 116 241 1013.6951181907755 5.9738141555967924e-12 1
4 116 242 1014.2515683205359 5.997190555845947e-12 1
4 116 243 1014.8893042197819 6.0206340961162124e-12 1
4 116 244 1015.6847412972403 6.042810810375752e-12 1
4 116 245 1016.4913159163044 6.064756634390863e-12 1
4 116 246 1017.2978905353473 6.0871838195291435e-12 1
4 116 247 1018.1629813050049 6.109658497676561e-12 1
4 116 248 1019.2634959551367 6.130074496556842e-12 1
4 116 249 1020.3866533531229 6.151257440965257e-12 1
4 116 250 1021.5098107511685 6.172587291610277e-12 1
4 116 251 1022.5893120331057 6.192710879432293e-12 1
4 116 252 1022.8411424826587 6.21241576492738e-12 1
4 116 253 1022.9972668813516 6.23214973674704e-12 1
4 116 254 1023.1533912800484 6.250577278650952e-12 1
4 116 255 1023.3095156787413 6.2730869238892585e-12 1
4 116 256 1023.4794168324964 6.3073219023328574e-12 1
4 116 257 1023.7159784926896 6.354142644867185e-12 1
4 116 258 1024.1399470234487 6.416582155624591e-12 1
4 116 259 1025.4128096560876 6.4967825628902915e-12 1
4 116 260 1026.579833805557 6.588151155411417e-12 1
4 116 261 1028.0947615354942 6.680520602726497e-12 1
4 116 262 1029.5034045866394 6.792508727289686e-12 1
4 116 263 1032.1127866154197 6.9878754986123946e-12 1
4 117 121 980.1709959700886 3.951800153719169e-12 1
4 117 122 980.1540116471439 3.9486343239456145e-12 1
4 117 123 979.9154336002136 3.945480009193474e-12 1
4 117 124 979.6524501187982 3.942873943333112e-12 1
4 117 125 979.3894666373623 3.941160320980976e-12 1
4 117 126 979.1489708664213 3.93944818750517e-12 1
4 117 127 979.0154171485214 3.937616970313746e-12 1
4 117 128 978.9106250190734 3.93727852227699e-12 1
4 117 129 978.8058328896399 3.937069191770092e-12 1
4 117 130 978.7557769475571 3.9368598835206645e-12 1
4 117 131 979.149090321363 3.9376196373989104e-12 1
4 117 132 979.7412736090785 3.9389749302202845e-12 1
4 117 133 980.3334568967828 3.94033693933435e-12 1
4 117 134 980.9169767761183 3.942274212089398e-12 1
4 117 135 981.1648167799995 3.945155492208276e-12 1
4 117 136 981.193147749379 3.9480409870756196e-12 1
4 117 137 981.2214787187588 3.950795475965863e-12 1
4 117 138 981.2498096881396 3.954975561059777e-12 1
4 117 139 981.2520973674999 3.95934384437063e-12 1
4 117 140 981.2263845188245 3.963721787917362e-12 1
4 117 141 981.1998208296588 3.96891729718962e-12 1
4 117 142 981.1732571404939 3.974708111764749e-12 1
4 117 143 981.5307789682131 3.9805230910335935e-12 1
4 117 144 982.6319165063037 3.986856189150322e-12 1
4 117 145 983.77566141518 3.994033196585565e-12 1
4 117 146 984.9194063241227 4.00123609024599e-12 1
4 117 147 986.0639065374554 4.008230887155468e-12 1
4 117 148 987.2115529002702 4.016340389725639e-12 1
4 117 149 988.3594384532535 4.024803473443757e-12 1
4 117 150 989.5073240062593 4.0333022986681725e-12 1
4 117 151 990.6263976122282 4.042552157844465e-12 1
4 117 152 991.0591919160698 4.052134632794735e-12 1
4 117 153 991.4301608174525 4.06169037280015e-12 1
4 117 154 991.8011297188062 4.071023079494306e-12 1
4 117 155 992.172098620164 4.081296391502063e-12 1
4 117 156 992.7608278972699 4.091879759889876e-12 1
4 117 157 993.4073144066224 4.10251819449602e-12 1
4 117 158 994.0538009159932 4.113410799830894e-12 1
4 117 159 994.7002874253578 4.124813385708304e-12 1
4 117 160 995.1223076749066 4.136279364420594e-12 1
4 117 161 995.4086278674115 4.1482407533476215e-12 1
4 117 162 995.6949480599083 4.160446763613302e-12 1
4 117 163 995.9812682524272 4.172676623676991e-12 1
4 117 164 996.0282577653537 4.1850628840616566e-12 1
4 117 165 995.7898342939004 4.19825321797043e-12 1
4 117 166 995.5514108224336 4.211526960423683e-12 1
4 117 167 995.3129873509803 4.224984177484583e-12 1
4 117 168 994.9707179742544 4.2396732227416225e-12 1
4 117 169 994.3729062227744 4.25432383525283e-12 1
4 117 170 993.7750944713116 4.269076052165623e-12 1
4 117 171 993.1772827198024 4.284824040474208e-12 1
4 117 172 992.5710482306033 4.3009424771199454e-12 1
4 117 173 991.9342099304057 4.317179508909524e-12 1
4 117 174 991.2941012139449 4.3339137213774265e-12 1
4 117 175 990.6539924975699 4.3513959446160804e-12 1
4 117 176 990.0587155999741 4.369019779336116e-12 1
4 117 177 989.6841937932237 4.3868205782201685e-12 1
4 117 178 989.3692417865158 4.405511603942429e-12 1
4 117 179 989.0542897798146 4.424414220357989e-12 1
4 117 180 988.7253743743817 4.443479745712263e-12 1
4 117 181 988.281708592679 4.463189002768564e-12 1
4 117 182 987.7855873689886 4.483268903625081e-12 1
4 117 183 987.2894661452925 4.503508640522991e-12 1
4 117 184 986.8021422220287 4.524042919407181e-12 1
4 117 185 986.6236083245619 4.5452162550702845e-12 1
4 117 186 986.6535773895696 4.566588712708702e-12 1
4 117 187 986.6835464545768 4.587873562263361e-12 1
4 117 188 986.7135155195847 4.609594205622583e-12 1
4 117 189 986.7576955028442 4.631901922951764e-12 1
4 117 190 986.8173853094765 4.654426602641451e-12 1
4 117 191 986.8775841521455 4.677252039560352e-12 1
4 117 192 986.9377829948096 4.700335321350704e-12 1
4 117 193 987.0726189882569 4.723571956926199e-12 1
4 117 194 987.3520200445608 4.746480553052156e-12 1
4 117 195 987.6406887014142 4.7700381116846655e-12 1
4 117 196 987.9293573582755 4.794067605604394e-12 1
4 117 197 988.3938683013457 4.818340329574203e-12 1
4 117 198 989.5776891060412 4.84285804453582e-12 1
4 117 199 990.82347430777 4.867626548229199e-12 1
4 117 200 992.0692595094647 4.892349831037888e-12 1
4 117 201 993.2827937691685 4.916894187778012e-12 1
4 117 202 993.8159370892012 4.942371799680973e-12 1
4 117 203 994.2791414373868 4.968135231152928e-12 1
4 117 204 994.7423457855853 4.994140536799995e-12 1
4 117 205 995.2055501337785 5.0203729528693785e-12 1
4 117 206 995.9665859281303 5.046882402908036e-12 1
4 117 207 996.8093372095801 5.072858306829855e-12 1
4 117 208 997.6520884910071 5.0989269209234825e-12 1
4 117 209 998.4948397724994 5.125880174601995e-12 1
4 117 210 999.349834616644 5.153119895810303e-12 1
4 117 211 1000.2124114835839 5.180464256378677e-12 1
4 117 212 1001.0749883505711 5.20802429988046e-12 1
4 117 213 1001.9375652175113 5.235742030477034e-12 1
4 117 214 1002.9875455650983 5.262983150159137e-12 1
4 117 215 1004.2661817318372 5.290926935814388e-12 1
4 117 216 1005.5448178986062 5.319169040203258e-12 1
4 117 217 1006.8234540653453 5.346606093454561e-12 1
4 117 218 1007.9728014231667 5.3738255444946055e-12 1
4 117 219 1008.7950480945317 5.402326011605525e-12 1
4 117 220 1009.6172947658329 5.431130399100607e-12 1
4 117 221 1010.4395414370799 5.4596554397683384e-12 1
4 117 222 1011.2659339239726 5.488241766111612e-12 1
4 117 223 1012.1081548892978 5.516968647077161e-12 1
4 117 224 1012.9520117095454 5.544474825409238e-12 1
4 117 225 1013.7958685297832 5.572554825375506e-12 1
4 117 226 1014.5910151873218 5.601396518051898e-12 1
4 117 227 1015.1370769869088 5.630486092898201e-12 1
4 117 228 1015.6158104347929 5.65877830131984e-12 1
4 117 229 1016.0945438827141 5.687356272452956e-12 1
4 117 230 1016.6030874255518 5.715693259992322e-12 1
4 117 231 1017.3610438853314 5.742835423662398e-12 1
4 117 232 1018.2350261981979 5.770968799630517e-12 1
4 117 233 1019.1090085110177 5.799409835557141e-12 1
4 117 234 1019.9740205123411 5.827620455301981e-12 1
4 117 235 1020.54868229451 5.855259900879104e-12 1
4 117 236 1020.921159228097 5.883162774543542e-12 1
4 117 237 1021.2936361617043 5.910424873468697e-12 1
4 117 238 1021.6661130953014 5.93667712289617e-12 1
4 117 239 1022.0072946128554 5.96386661486065e-12 1
4 118 61 992.0342315329393 3.887665885589919e-12 1
4 118 62 992.6606882193419 3.861256159022476e-12 1
4 118 63 991.3959512340128 3.84560939731981e-12 1
4 118 64 991.3530317021144 3.836693735550905e-12 1
4 118 65 992.7252589384462 3.83152153463872e-12 1
4 118 66 993.0632432961886 3.828550140863838e-12 1
4 118 67 993.7392120116785 3.826674232581317e-12 1
4 118 68 993.9994565572559 3.825520857927881e-12 1
4 118 69 994.0785526726526 3.8242919509608805e-12 1
4 118 70 994.157648788054 3.823063833286304e-12 1
4 118 71 994.2367449034506 3.822117556389108e-12 1
4 118 72 994.2608091321231 3.821285171543141e-12 1
4 118 73 994.1023511091274 3.820464839812393e-12 1
4 118 74 993.9232400573412 3.819897438492525e-12 1
4 118 75 993.744129005558 3.8195040627758384e-12 1
4 118 76 993.5737193497088 3.819055344740421e-12 1
4 118 77 993.4433849899045 3.818624769565179e-12 1
4 118 78 993.3237747153518 3.818570702329734e-12 1
4 118 79 993.2041644407981 3.8185166366253315e-12 1
4 118 80 993.1241329215152 3.818546510342358e-12 1
4 118 81 993.3611546648681 3.8189581204692885e-12 1
4 118 82 993.7375103581776 3.819258918727081e-12 1
4 118 83 994.113866051455 3.8195534094392546e-12 1
4 118 84 994.4893004995338 3.8200765848868044e-12 1
4 118 85 994.8244500844687 3.820778996433748e-12 1
4 118 86 995.1341198772097 3.821371166139535e-12 1
4 118 87 995.443789669975 3.821991005422597e-12 1
4 118 88 995.7534594627163 3.823067758454122e-12 1
4 118 89 995.8932540377662 3.823878831672992e-12 1
4 118 90 995.8529078990983 3.82469024910725e-12 1
4 118 91 995.807603657722 3.82552539582157e-12 1
4 118 92 995.7622994163441 3.8263703526167776e-12 1
4 118 93 995.6879780503338 3.827279771016633e-12 1
4 118 94 995.5574348621154 3.828677228961284e-12 1
4 118 95 995.4240686267857 3.829688456737777e-12 1
4 118 96 995.2907023914602 3.830469430575336e-12 1
4 118 97 995.1836336434899 3.831237174421549e-12 1
4 118 98 995.1882735548858 3.8317223641446765e-12 1
4 118 99 995.2002686800392 3.832207676772681e-12 1
4 118 100 995.2122638051937 3.8330265257574675e-12 1
4 118 101 995.2349302443441 3.833370071901546e-12 1
4 118 102 995.5499392246091 3.833358636525596e-12 1
4 118 103 995.8876133635894 3.833433834189678e-12 1
4 118 104 996.2252875025592 3.8338453304889835e-12 1
4 118 105 996.5629616415553 3.833384003812486e-12 1
4 118 106 996.9490425330811 3.832712118204558e-12 1
4 118 107 997.3475265782921 3.832012745153167e-12 1
4 118 108 997.7460106235268 3.830735328620062e-12 1
4 118 109 998.1444946687377 3.829458763466806e-12 1
4 118 110 998.5270310267775 3.828287444470116e-12 1
4 118 111 998.9001568126466 3.826758378846348e-12 1
4 118 112 999.2732825985223 3.825173083516614e-12 1
4 118 113 999.6464083843913 3.8235930144251025e-12 1
4 118 114 1000.0353368933046 3.82193567551902e-12 1
4 118 115 1000.4426857543458 3.820431265016825e-12 1
4 118 116 1000.8500346153553 3.8190861090842835e-12 1
4 118 117 1001.2573834763683 3.817761820741943e-12 1
4 118 118 1001.570922176919 3.817011186006915e-12 1
4 118 119 1001.6598577047058 3.816617730677756e-12 1
4 118 120 1001.7487932324951 3.8162243564545284e-12 1
4 118 121 1001.8377287602838 3.816788083589303e-12 1
4 118 122 1001.9378992191316 3.817738601763871e-12 1
4 118 123 1002.0770227208674 3.818614192644599e-12 1
4 118 124 1002.2204363528399 3.819292346159232e-12 1
4 118 125 1002.3638499848238 3.821107717102857e-12 1
4 118 126 1002.5116649152336 3.823233661854057e-12 1
4 118 127 1002.6804105620671 3.825362494218841e-12 1
4 118 128 1002.8547854317914 3.827790016471854e-12 1
4 118 129 1003.0291603014917 3.830869729303546e-12 1
4 118 130 1003.23047618175 3.833954401795129e-12 1
4 118 131 1003.6500172981373 3.837641411880332e-12 1
4 118 132 1004.1674416743017 3.8415772098523866e-12 1
4 118 133 1004.6848660504562 3.845420775806604e-12 1
4 118 134 1005.1976478030114 3.84891559683903e-12 1
4 118 135 1005.5305424668807 3.853508267253933e-12 1
4 118 136 1005.7458046956453 3.858369899793643e-12 1
4 118 137 1005.9610669244121 3.863260214706712e-12 1
4 118 138 1006.1763291531851 3.868687940648823e-12 1
4 118 139 1006.3830174352942 3.874545006950826e-12 1
4 118 140 1006.5804874107453 3.88041983495495e-12 1
4 118 141 1006.7776772733121 3.88704750211625e-12 1
4 118 142 1006.9748671358732 3.8939956805491065e-12 1
4 118 143 1007.1601350888209 3.900914351801696e-12 1
4 118 144 1007.322321413018 3.9080437812348086e-12 1
4 118 145 1007.4831852160705 3.916169893487239e-12 1
4 118 146 1007.6440490191324 3.924329869890622e-12 1
4 118 147 1007.8335544374116 3.9323259303733125e-12 1
4 118 148 1008.1423638015299 3.94155613687449e-12 1
4 118 149 1008.46024340618 3.951016799726432e-12 1
4 118 150 1008.7781230108363 3.9605229874859834e-12 1
4 118 151 1009.0901365686203 3.970732019983682e-12 1
4 118 152 1009.2624252217464 3.981515223506958e-12 1
4 118 153 1009.4221263635885 3.992364418741258e-12 1
4 118 154 1009.5818275054181 4.0037103746173194e-12 1
4 118 155 1009.7415286472494 4.015841940111624e-12 1
4 118 156 1009.9264571991948 4.028047248296911e-12 1
4 118 157 1010.1180768921619 4.040090636465973e-12 1
4 118 158 1010.3096965851342 4.053166724852948e-12 1
4 118 159 1010.5013162781049 4.066628857511333e-12 1
4 118 160 1010.6617504002921 4.080180714064907e-12 1
4 118 161 1010.803331427428 4.094432123787193e-12 1
4 119 54 987.3503002580809 4.05984452873977e-12 1
4 119 55 989.4509014937854 4.030435905456666e-12 1
4 119 56 990.943592079489 4.005081429143031e-12 1
4 119 57 991.5961290383315 3.986263777006939e-12 1
4 119 58 993.0002084605462 3.970831107202489e-12 1
4 119 59 994.9404413957594 3.9482024827293585e-12 1
4 119 60 996.6035824972603 3.913765646685771e-12 1
4 119 61 997.8034412409083 3.875348287842139e-12 1
4 119 62 999.4389610173025 3.8457151511251594e-12 1
4 119 63 1000.5839135219055 3.827475667167401e-12 1
4 119 64 1001.1841941217976 3.816516278396594e-12 1
4 119 65 1001.7682610955067 3.80980276003326e-12 1
4 119 66 1001.827918886198 3.805697539798717e-12 1
4 119 67 1001.9472344675816 3.802922927557952e-12 1
4 119 68 1002.0570451739333 3.801061507616673e-12 1
4 119 69 1002.2837216366485 3.7990367794885765e-12 1
4 119 70 1002.5103980993775 3.797014207253725e-12 1
4 119 71 1002.7370745620926 3.795354988279321e-12 1
4 119 72 1002.9330808436298 3.793580269319219e-12 1
4 119 73 1003.0273644537854 3.791799766421887e-12 1
4 119 74 1003.1101377892161 3.790106676656991e-12 1
4 119 75 1003.1929111246452 3.788555438754392e-12 1
4 119 76 1003.278561521059 3.78700547013246e-12 1
4 119 77 1003.3774625581561 3.785705619649353e-12 1
4 119 78 1003.4799094455348 3.784611709681691e-12 1
4 119 79 1003.5823563329143 3.7832805163910175e-12 1
4 120 48 979.6177774505976 4.21396783258732e-12 1
4 120 49 980.6038316966313 4.20740696185661e-12 1
4 120 50 981.7260668878619 4.209199158021821e-12 1
4 120 51 983.1909965044896 4.212823641540734e-12 1
4 120 52 985.0103459436159 4.213295831630439e-12 1
4 120 53 987.0535480968356 4.20567580185376e-12 1
4 120 54 989.2767249298241 4.186335971918213e-12 1
4 120 55 990.8674580537499 4.15373734885939e-12 1
4 120 56 992.1965895006558 4.1138337294686354e-12 1
4 120 57 994.124915680173 4.073655867036927e-12 1
4 121 48 979.9232922786143 4.334674611926331e-12 1
4 121 49 981.384170498587 4.332978856300825e-12 1
4 121 50 982.4771175804864 4.3457052362619765e-12 1
4 121 51 983.7212828087478 4.3312548121562415e-12 1
