4 19 27 979.8765820808136 5.1003088278201924e-11 1
4 20 17 903.1097974128536 1.8495888104119484e-11 1
4 20 18 910.9880933112836 1.8255565855051855e-11 1
4 20 19 918.4171704597236 1.843397025261293e-11 1
4 20 20 929.7138013191036 1.9627136506441836e-11 1
4 20 21 934.2986401862836 2.19110703301415e-11 1
4 20 22 953.9209546394136 2.4902343258559568e-11 1
4 20 23 982.8931836433136 2.7745815462468485e-11 1
4 20 24 994.8005933112836 2.946467908827312e-11 1
4 20 25 998.7993726081636 3.074488407758902e-11 1
4 20 26 1004.3485059089436 3.518098562398329e-11 1
4 20 27 1014.4927930183136 4.5826023584911396e-11 1
4 21 11 948.5372266120636 1.9074575773860805e-11 1
4 21 12 954.6752881355036 1.91218879265004e-11 1
4 21 13 961.5176343269136 1.8789733029720065e-11 1
4 21 14 966.1852368659736 1.8010091103290164e-11 1
4 21 15 969.4540356941036 1.7607359325968274e-11 1
4 21 16 974.0172070808136 1.718508262664109e-11 1
4 21 17 977.4470776862836 1.696832305820207e-11 1
4 21 18 980.5391187019136 1.6881594372801875e-11 1
