3 113 272 1008.8997728007054 8.454411023420913e-11 1
3 113 273 999.4233621451586 9.621629874971682e-11 1
3 113 274 984.5456686524084 9.621629874971682e-11 1
3 114 266 983.3771511843648 6.642782373579309e-11 1
3 114 267 989.5030971870611 6.268341116044766e-11 1
3 114 268 996.5981850426989 5.984726088640311e-11 1
3 114 269 1011.8459337234016 5.83517332006485e-11 1
3 114 270 1016.4530862776911 5.973437253905326e-11 1
3 114 271 1017.8388644954425 6.53144813244859e-11 1
3 114 272 1016.2930652271021 7.543363472936213e-11 1
3 114 273 1011.8737670815972 8.080150516474462e-11 1
3 114 274 1000.4927112123514 8.080150516474462e-11 1
3 115 260 1008.5285240044195 6.282302319949792e-11 1
3 115 261 1009.8574311443227 6.359381653386679e-11 1
3 115 262 1011.2598472299162 6.527582018821481e-11 1
3 115 263 1013.3867073516146 6.727919894355275e-11 1
3 115 264 1014.2041982923997 6.83474224112994e-11 1
3 115 265 1014.8733217568442 6.742996592232429e-11 1
3 115 266 1010.8144119884739 6.456387907107484e-11 1
3 115 267 1018.1763253444207 6.099713760662033e-11 1
3 115 268 1019.2294172220174 5.788113116800752e-11 1
3 115 269 1022.1530413957348 5.606064330397192e-11 1
3 116 199 954.9258220526972 5.749030874618514e-11 1
3 116 200 955.3835411825975 5.772327823817076e-11 1
3 116 201 955.8465819053372 5.794109259628406e-11 1
3 116 202 956.4218910857547 5.815880268401247e-11 1
3 116 203 957.0087406028404 5.837830302885134e-11 1
3 116 204 957.5955901199419 5.859185261439688e-11 1
3 116 205 958.182439637037 5.879441028853523e-11 1
3 116 206 958.9595525985803 5.899837334396458e-11 1
3 116 207 959.7888678048722 5.91977139835101e-11 1
3 116 208 960.6181830111414 5.938280285853833e-11 1
3 116 209 961.447498217475 5.956905276958543e-11 1
3 116 210 962.2302698309574 5.975368715767722e-11 1
3 116 211 962.9842185773496 5.992474826704133e-11 1
3 116 212 963.738167323783 6.009219389433536e-11 1
3 116 213 964.4921160701755 6.025986365516569e-11 1
3 116 214 965.2537044597161 6.04150672500393e-11 1
3 116 215 966.0246141748266 6.056126647477942e-11 1
3 116 216 966.7955238899552 6.07101661400396e-11 1
3 116 217 967.5664336050659 6.08586059504822e-11 1
3 116 218 968.4943161157959 6.098428080631084e-11 1
3 116 219 969.8193397996555 6.111397712319068e-11 1
3 116 220 971.1443634834126 6.12442262705519e-11 1
3 116 221 972.4693871670822 6.136035583439668e-11 1
3 116 222 973.6853577670576 6.147098103258562e-11 1
3 116 223 974.4849701437653 6.158163183698871e-11 1
3 116 224 975.2415523808281 6.16830896850713e-11 1
3 116 225 975.9981346178821 6.177532759794492e-11 1
3 116 226 976.8271174107089 6.186877138928633e-11 1
3 116 227 978.0263285324262 6.196170838560544e-11 1
3 116 228 979.3256134335473 6.203839374871638e-11 1
3 116 229 980.6248983347692 6.211526916249335e-11 1
3 116 230 981.9906783090618 6.219207102501403e-11 1
3 116 231 983.9128043865063 6.225880534375955e-11 1
3 116 232 986.0937403605034 6.231967532672939e-11 1
3 116 233 988.2746763343837 6.238060794850971e-11 1
3 116 234 990.4361377611174 6.243734380877912e-11 1
3 116 235 991.9672488330621 6.248447397608052e-11 1
3 116 236 993.0594165785266 6.253018953530685e-11 1
3 116 237 994.1515843240494 6.25753540809828e-11 1
3 116 238 995.243752069543 6.260767077850345e-11 1
3 116 239 996.0865016296453 6.264002087283294e-11 1
3 116 240 996.6525869893769 6.267426705066091e-11 1
3 116 241 997.2090371191226 6.269967848558341e-11 1
3 116 242 997.765487248883 6.272061462772303e-11 1
3 116 243 998.4032231481291 6.2742092398068e-11 1
3 116 244 999.1986602255874 6.276391115931567e-11 1
3 116 245 1000.0052348446516 6.277741832040752e-11 1
3 116 246 1000.8118094636944 6.278954386845813e-11 1
3 116 247 1001.6769002333521 6.280147102878783e-11 1
3 116 248 1002.7774148834839 6.280816925664171e-11 1
3 116 249 1003.9005722814701 6.281261187920838e-11 1
3 116 250 1005.0237296795157 6.281705513030149e-11 1
3 116 251 1006.1032309614528 6.281770261619474e-11 1
3 116 252 1006.3550614110059 6.281681750999578e-11 1
3 116 253 1006.5111858096988 6.281624847376833e-11 1
3 116 254 1006.6673102083955 6.281611521304087e-11 1
3 116 255 1006.8234346070884 6.280941808681526e-11 1
3 116 256 1006.9933357608436 6.279721752641975e-11 1
3 116 257 1007.2298974210368 6.277188356404447e-11 1
3 116 258 1007.6538659517959 6.273004571038389e-11 1
3 116 259 1008.9267285844346 6.266927000197749e-11 1
3 116 260 1010.0937527339041 6.267584299690909e-11 1
3 116 261 1011.6086804638412 6.304250998430494e-11 1
3 116 262 1013.0173235149865 6.391522549882335e-11 1
3 116 263 1015.6267055437668 6.558131668982314e-11 1
3 117 121 963.6849148984357 4.114911858786043e-11 1
3 117 122 963.667930575491 4.122383170702657e-11 1
3 117 123 963.4293525285608 4.129878863281838e-11 1
3 117 124 963.1663690471454 4.1381852808478556e-11 1
3 117 125 962.9033855657094 4.147814340564878e-11 1
3 117 126 962.6628897947685 4.1574883161246737e-11 1
3 117 127 962.5293360768685 4.167314936926049e-11 1
3 117 128 962.4245439474206 4.1788352502315764e-11 1
3 117 129 962.319751817987 4.1905115145472375e-11 1
3 117 130 962.2696958759043 4.202253212002758e-11 1
3 117 131 962.6630092497102 4.2150288080239004e-11 1
3 117 132 963.2551925374256 4.2284180656879315e-11 1
3 117 133 963.8473758251299 4.241896724433293e-11 1
3 117 134 964.4308957044655 4.255935489578789e-11 1
3 117 135 964.6787357083466 4.270849194028686e-11 1
3 117 136 964.7070666777262 4.285867787626382e-11 1
3 117 137 964.735397647106 4.30099415675024e-11 1
3 117 138 964.7637286164868 4.317163339890952e-11 1
3 117 139 964.7660162958471 4.333425312111767e-11 1
3 117 140 964.7403034471716 4.349810259364049e-11 1
3 117 141 964.713739758006 4.3667175144473395e-11 1
3 117 142 964.687176068841 4.383875874112781e-11 1
3 117 143 965.0446978965603 4.401168385251205e-11 1
3 117 144 966.1458354346508 4.418686959898273e-11 1
3 117 145 967.2895803435272 4.436492689539536e-11 1
3 117 146 968.4333252524699 4.454442501236855e-11 1
3 117 147 969.5778254658026 4.472597259647042e-11 1
3 117 148 970.7254718286174 4.4911046025253727e-11 1
3 117 149 971.8733573816006 4.509574436438392e-11 1
3 117 150 973.0212429346064 4.528196813441759e-11 1
3 117 151 974.1403165405753 4.547161747251144e-11 1
3 117 152 974.573110844417 4.5663627985913135e-11 1
3 117 153 974.9440797457996 4.5858056425282536e-11 1
3 117 154 975.3150486471534 4.60639625622806e-11 1
3 117 155 975.6860175485111 4.6270929183835836e-11 1
3 117 156 976.2747468256171 4.6475616938491716e-11 1
3 117 157 976.9212333349695 4.6683079271506915e-11 1
3 117 158 977.5677198443403 4.690910004890216e-11 1
3 117 159 978.214206353705 4.712944801749511e-11 1
3 117 160 978.6362266032537 4.735187585436894e-11 1
3 117 161 978.9225467957586 4.758186867179636e-11 1
3 117 162 979.2088669882554 4.781633104021788e-11 1
3 117 163 979.4951871807743 4.805395973870825e-11 1
3 117 164 979.5421766937009 4.829782111612511e-11 1
3 117 165 979.3037532222476 4.8540111324678963e-11 1
3 117 166 979.0653297507807 4.878484472942921e-11 1
3 117 167 978.8269062793274 4.902966481732043e-11 1
3 117 168 978.4846369026016 4.9266091189792456e-11 1
3 117 169 977.8868251511216 4.9507737388935423e-11 1
3 117 170 977.2890133996588 4.97517657827395e-11 1
3 117 171 976.6912016481496 4.998752669345271e-11 1
3 117 172 976.0849671589505 5.022303149121179e-11 1
3 117 173 975.4481288587529 5.0460818893661616e-11 1
3 117 174 974.8080201422921 5.0696408649431116e-11 1
3 117 175 974.167911425917 5.092683545596178e-11 1
3 117 176 973.5726345283213 5.115936651217625e-11 1
3 117 177 973.1981127215709 5.139473352224097e-11 1
3 117 178 972.8831607148629 5.162351021070071e-11 1
3 117 179 972.5682087081617 5.185236740224072e-11 1
3 117 180 972.2392933027288 5.2083262767444594e-11 1
3 117 181 971.7956275210262 5.230906639842681e-11 1
3 117 182 971.2995062973357 5.2533922237769384e-11 1
3 117 183 970.8033850736397 5.2761265586293974e-11 1
3 117 184 970.3160611503758 5.2989000143108806e-11 1
3 117 185 970.1375272529091 5.320935614962373e-11 1
3 117 186 970.1674963179167 5.3431552520635485e-11 1
3 117 187 970.197465382924 5.36606234177893e-11 1
3 117 188 970.2274344479318 5.3881887852220264e-11 1
3 117 189 970.2716144311913 5.409918931399461e-11 1
3 117 190 970.3313042378237 5.4318250592753295e-11 1
3 117 191 970.3915030804926 5.453146996637571e-11 1
3 117 192 970.4517019231567 5.474326849120168e-11 1
3 117 193 970.586537916604 5.4957877214545686e-11 1
3 117 194 970.865938972908 5.517797962623594e-11 1
3 117 195 971.1546076297614 5.538612698742584e-11 1
3 117 196 971.4432762866227 5.559258775746171e-11 1
3 117 197 971.9077872296929 5.5799941818149386e-11 1
3 117 198 973.0916080343884 5.599514841224456e-11 1
3 117 199 974.3373932361171 5.6191725595165656e-11 1
3 117 200 975.5831784378119 5.639335568475138e-11 1
3 117 201 976.7967126975157 5.658978679890008e-11 1
3 117 202 977.3298560175483 5.677389991770782e-11 1
3 117 203 977.7930603657339 5.695895320585901e-11 1
3 117 204 978.2562647139324 5.7138627566963245e-11 1
3 117 205 978.7194690621257 5.7308579938265496e-11 1
3 117 206 979.4805048564774 5.7479546333797965e-11 1
3 117 207 980.3232561379273 5.7659085168459616e-11 1
3 117 208 981.1660074193543 5.7820993486591146e-11 1
3 117 209 982.0087587008466 5.7977873463402253e-11 1
3 117 210 982.8637535449911 5.8135607050045606e-11 1
3 117 211 983.726330411931 5.828023045403818e-11 1
3 117 212 984.5889072789182 5.841990857921149e-11 1
3 117 213 985.4514841458584 5.856160693231469e-11 1
3 117 214 986.5014644934455 5.870266098032324e-11 1
3 117 215 987.7801006601843 5.882569159235047e-11 1
3 117 216 989.0587368269533 5.894923898918498e-11 1
3 117 217 990.3373729936925 5.908297442241329e-11 1
3 117 218 991.4867203515139 5.919919023496878e-11 1
3 117 219 992.3089670228788 5.930688679594243e-11 1
3 117 220 993.13121369418 5.941497591931463e-11 1
3 117 221 993.9534603654271 5.951172312840605e-11 1
3 117 222 994.7798528523198 5.960403338700972e-11 1
3 117 223 995.622073817645 5.969793339154983e-11 1
3 117 224 996.4659306378926 5.979520979528857e-11 1
3 117 225 997.3097874581304 5.987576784158141e-11 1
3 117 226 998.1049341156689 5.995303344607584e-11 1
3 117 227 998.650995915256 6.00298568542795e-11 1
3 117 228 999.1297293631401 6.009344985045889e-11 1
3 117 229 999.6084628110613 6.015717772478131e-11 1
3 117 230 1000.117006353899 6.022447303972719e-11 1
3 117 231 1000.8749628136785 6.028561693532615e-11 1
3 117 232 1001.7489451265451 6.033626626791899e-11 1
3 117 233 1002.6229274393648 6.038681937434885e-11 1
3 117 234 1003.4879394406883 6.043278012675092e-11 1
3 117 235 1004.0626012228571 6.047113902295309e-11 1
3 117 236 1004.4350781564442 6.050954664567295e-11 1
3 117 237 1004.8075550900514 6.055158924347356e-11 1
3 117 238 1005.1800320236486 6.05823529556758e-11 1
3 117 239 1005.5212135412025 6.060990221949261e-11 1
3 118 61 975.5481504612865 4.611439574862343e-11 1
3 118 62 976.174607147689 4.5994549336495706e-11 1
3 118 63 974.90987016236 4.576177641372474e-11 1
3 118 64 974.8669506304616 4.551138376091688e-11 1
3 118 65 976.2391778667934 4.531245480817762e-11 1
3 118 66 976.5771622245358 4.5164834314948244e-11 1
3 118 67 977.2531309400257 4.506137952169684e-11 1
3 118 68 977.5133754856031 4.49696042139822e-11 1
3 118 69 977.5924716009997 4.48827085218999e-11 1
3 118 70 977.6715677164011 4.479614800282574e-11 1
3 118 71 977.7506638317977 4.470608148619815e-11 1
3 118 72 977.7747280604702 4.461483281590513e-11 1
3 118 73 977.6162700374746 4.452326568406413e-11 1
3 118 74 977.4371589856884 4.442529843285812e-11 1
3 118 75 977.2580479339051 4.4328129233090265e-11 1
3 118 76 977.0876382780559 4.423313936442577e-11 1
3 118 77 976.9573039182517 4.413830087634169e-11 1
3 118 78 976.8376936436989 4.403857260500131e-11 1
3 118 79 976.7180833691452 4.393929397973687e-11 1
3 118 80 976.6380518498623 4.383935954985354e-11 1
3 118 81 976.8750735932152 4.3739273868670935e-11 1
3 118 82 977.2514292865247 4.363951112402572e-11 1
3 118 83 977.6277849798022 4.354019046369892e-11 1
3 118 84 978.0032194278809 4.3442119875225785e-11 1
3 118 85 978.3383690128159 4.334480378038233e-11 1
3 118 86 978.6480388055569 4.3247366496199196e-11 1
3 118 87 978.9577085983221 4.3150590385179314e-11 1
3 118 88 979.2673783910634 4.3058350231876816e-11 1
3 118 89 979.4071729661133 4.296525395324895e-11 1
3 118 90 979.3668268274455 4.287255937226022e-11 1
3 118 91 979.3215225860691 4.278397645812245e-11 1
3 118 92 979.2762183446913 4.26972517140808e-11 1
3 118 93 979.2018969786809 4.261092632355762e-11 1
3 118 94 979.0713537904626 4.252617899776277e-11 1
3 118 95 978.9379875551328 4.244397153059985e-11 1
3 118 96 978.8046213198073 4.236252008191902e-11 1
3 118 97 978.697552571837 4.228167475372984e-11 1
3 118 98 978.7021924832329 4.220725315908791e-11 1
3 118 99 978.7141876083864 4.2133093088723654e-11 1
3 118 100 978.7261827335409 4.2058475211624305e-11 1
3 118 101 978.7488491726913 4.199286207584898e-11 1
3 118 102 979.0638581529563 4.1931321098853574e-11 1
3 118 103 979.4015322919365 4.186955332397194e-11 1
3 118 104 979.7392064309064 4.180988393334375e-11 1
3 118 105 980.0768805699024 4.1761932438034576e-11 1
3 118 106 980.4629614614282 4.1716068783971946e-11 1
3 118 107 980.8614455066393 4.1671115872245284e-11 1
3 118 108 981.2599295518739 4.164313834948571e-11 1
3 118 109 981.6584135970849 4.161519836911452e-11 1
3 118 110 982.0409499551247 4.158483202581637e-11 1
3 118 111 982.4140757409938 4.1566564692907956e-11 1
3 118 112 982.7872015268695 4.1558677462856636e-11 1
3 118 113 983.1603273127384 4.15509150788611e-11 1
3 118 114 983.5492558216517 4.1550023428688325e-11 1
3 118 115 983.956604682693 4.156269605278292e-11 1
3 118 116 984.3639535437025 4.157668152448336e-11 1
3 118 117 984.7713024047155 4.159166157030653e-11 1
3 118 118 985.0848411052662 4.162592940010983e-11 1
3 118 119 985.173776633053 4.1657275481971446e-11 1
3 118 120 985.2627121608423 4.1688668809256365e-11 1
3 118 121 985.3516476886309 4.173052772716666e-11 1
3 118 122 985.4518181474788 4.177668684284264e-11 1
3 118 123 985.5909416492145 4.18239470150886e-11 1
3 118 124 985.734355281187 4.188640767279093e-11 1
3 118 125 985.8777689131709 4.1954334423643635e-11 1
3 118 126 986.0255838435808 4.201831899302214e-11 1
3 118 127 986.1943294904142 4.2084029547121864e-11 1
3 118 128 986.3687043601385 4.217793608142411e-11 1
3 118 129 986.5430792298389 4.2262962581890195e-11 1
3 118 130 986.7443951100971 4.234833258466369e-11 1
3 118 131 987.1639362264845 4.244858641451601e-11 1
3 118 132 987.6813606026489 4.2555216241515656e-11 1
3 118 133 988.1987849788034 4.2664040314745e-11 1
3 118 134 988.7115667313585 4.279158455097513e-11 1
3 118 135 989.0444613952278 4.292173095125781e-11 1
3 118 136 989.2597236239925 4.3048256047514363e-11 1
3 118 137 989.4749858527592 4.317658355077709e-11 1
3 118 138 989.6902480815322 4.332485645394158e-11 1
3 118 139 989.8969363636413 4.346736499578551e-11 1
3 118 140 990.0944063390924 4.361081413884639e-11 1
3 118 141 990.2915962016592 4.376247546141588e-11 1
3 118 142 990.4887860642203 4.391814844519363e-11 1
3 118 143 990.674054017168 4.407583579266389e-11 1
3 118 144 990.8362403413652 4.424100439465605e-11 1
3 118 145 990.9971041444177 4.440677654632464e-11 1
3 118 146 991.1579679474795 4.4573795675257695e-11 1
3 118 147 991.3474733657588 4.474650771032639e-11 1
3 118 148 991.656282729877 4.4922144579679864e-11 1
3 118 149 991.9741623345271 4.509641224019641e-11 1
3 118 150 992.2920419391835 4.527203724857347e-11 1
3 118 151 992.6040554969675 4.545168970179615e-11 1
3 118 152 992.7763441500936 4.5630507726507546e-11 1
3 118 153 992.9360452919357 4.5810642681220396e-11 1
3 118 154 993.0957464337653 4.599124388058967e-11 1
3 118 155 993.2554475755966 4.6171687025436106e-11 1
3 118 156 993.440376127542 4.6353551657268107e-11 1
3 118 157 993.631995820509 4.653891639132121e-11 1
3 118 158 993.8236155134814 4.67224199895819e-11 1
3 118 159 994.0152352064521 4.6903712595255517e-11 1
3 118 160 994.1756693286393 4.7086417586520816e-11 1
3 118 161 994.3172503557752 4.7268278142990134e-11 1
3 119 54 970.864219186428 5.047679805603366e-11 1
3 119 55 972.9648204221326 4.974133270461875e-11 1
3 119 56 974.4575110078362 4.843494349244549e-11 1
3 119 57 975.1100479666786 4.6982271592989194e-11 1
3 119 58 976.5141273888934 4.596838246760125e-11 1
3 119 59 978.4543603241066 4.560881382306522e-11 1
3 119 60 980.1175014256074 4.576137329103683e-11 1
3 119 61 981.3173601692555 4.5858073737847694e-11 1
3 119 62 982.9528799456497 4.5827148782013514e-11 1
3 119 63 984.0978324502527 4.56947313804617e-11 1
3 119 64 984.6981130501448 4.554147147032457e-11 1
3 119 65 985.2821800238538 4.541488090501493e-11 1
3 119 66 985.3418378145451 4.532160975210509e-11 1
3 119 67 985.4611533959287 4.5261981359484e-11 1
3 119 68 985.5709641022804 4.520496694425213e-11 1
3 119 69 985.7976405649956 4.5155209856072754e-11 1
3 119 70 986.0243170277247 4.510556218267304e-11 1
3 119 71 986.2509934904398 4.5046161771894396e-11 1
3 119 72 986.446999771977 4.49947503654341e-11 1
3 119 73 986.5412833821325 4.4943790275081975e-11 1
3 119 74 986.6240567175632 4.4890312366316965e-11 1
3 119 75 986.7068300529924 4.483265908785096e-11 1
3 119 76 986.7924804494062 4.4775153709316474e-11 1
3 119 77 986.8913814865033 4.470816752391915e-11 1
3 119 78 986.9938283738819 4.4633192911390235e-11 1
3 119 79 987.0962752612614 4.4565903545696324e-11 1
3 120 48 963.1316963789448 4.985848028599116e-11 1
3 120 49 964.1177506249785 5.053262264656096e-11 1
3 120 50 965.239985816209 5.091163691293989e-11 1
3 120 51 966.7049154328367 5.1003720171872945e-11 1
3 120 52 968.524264871963 5.080144189089031e-11 1
3 120 53 970.5674670251827 5.0322989994860605e-11 1
3 120 54 972.7906438581713 4.953672941818419e-11 1
3 120 55 974.3813769820971 4.836684038733715e-11 1
3 120 56 975.710508429003 4.691968403200014e-11 1
3 120 57 977.6388346085201 4.5763896178979944e-11 1
3 121 48 963.4372112069615 5.002390227690831e-11 1
3 121 49 964.8980894269341 5.071938686424999e-11 1
3 121 50 965.9910365088335 5.100657955784175e-11 1
3 121 51 967.2352017370949 5.089514602766e-11 1
