5 55 104 971.5184244581562 1.8372260423062438e-11 1
5 55 105 992.1201700636262 1.984564033334244e-11 1
5 55 106 1015.6134561964362 2.0534329000000472e-11 1
5 55 107 1008.5701822706562 2.1952718715721555e-11 1
5 56 79 951.1418375440962 1.0020482248458632e-11 1
5 56 80 951.1418375440962 1.0185222143759698e-11 1
5 56 81 954.1280435987862 1.0353140904696391e-11 1
5 56 82 956.9358438917562 1.0522515991026294e-11 1
5 56 83 958.9340738722262 1.0694181001144625e-11 1
5 56 84 965.8500894972262 1.0865354169971832e-11 1
5 56 85 965.8500894972262 1.1035238596841421e-11 1
5 56 86 968.8633951612862 1.1204755074438205e-11 1
5 56 87 973.1933512159762 1.1373548368175522e-11 1
5 56 88 978.0715860792562 1.1537502226478173e-11 1
5 56 89 987.7520670362862 1.1700128936264492e-11 1
5 56 90 987.7520670362862 1.1856838229305778e-11 1
5 56 91 991.4161905714362 1.2007093911450899e-11 1
5 56 92 994.6009439894062 1.2152843435368535e-11 1
5 56 93 997.8356241651862 1.2293584026110095e-11 1
5 56 94 1002.8179239698762 1.2424095230033501e-11 1
5 56 95 1002.8179239698762 1.2547428946740697e-11 1
5 56 96 1005.0307535597262 1.2660942093321015e-11 1
5 56 97 1007.2869791456562 1.2763950635535481e-11 1
5 56 98 1007.6622843214362 1.2878388617573299e-11 1
5 56 99 1008.6241373487862 1.301949906705244e-11 1
5 56 100 1010.1344522901862 1.3180530586286235e-11 1
5 56 101 1011.6404947706562 1.3389455824813566e-11 1
5 56 102 1014.5307535597262 1.3870949959786778e-11 1
5 56 103 1017.4705118605062 1.5018946707444842e-11 1
5 56 104 1019.8704752394062 1.6887979529096187e-11 1
5 56 105 1024.2626261183161 1.8809833717694135e-11 1
5 57 32 967.5319132276862 7.8472769779528e-12 1
5 57 33 969.8087686964362 7.821272425048337e-12 1
5 57 34 968.5100626417562 7.803611380741793e-12 1
5 57 35 968.5100626417562 7.788621829192087e-12 1
5 57 36 966.2208780714362 7.774795363989072e-12 1
5 57 37 965.1668009230062 7.762247519389707e-12 1
5 57 38 968.0363077589362 7.750460664094542e-12 1
5 57 39 969.1953653761262 7.740740118502473e-12 1
5 57 40 969.1953653761262 7.733223591696811e-12 1
5 57 41 969.0225138136262 7.728125194439856e-12 1
5 57 42 968.5009684034762 7.725877146482185e-12 1
5 57 43 966.9493326612862 7.726624841508825e-12 1
5 57 44 970.0604776808162 7.730485541544824e-12 1
5 57 45 970.0604776808162 7.737288156448678e-12 1
5 57 46 971.7624430128462 7.746901412735656e-12 1
5 57 47 970.9589762159762 7.758982341305278e-12 1
5 57 48 967.0574869581562 7.772444028004332e-12 1
5 57 49 969.7086100050362 7.78672084418307e-12 1
5 57 50 969.7086100050362 7.801008390035311e-12 1
5 57 51 972.1220011183162 7.807792136805232e-12 1
5 57 52 975.5557779737862 7.807152769620161e-12 1
5 57 53 978.4840006300362 7.796061218945337e-12 1
5 57 54 978.7191690870662 7.780712697657719e-12 1
5 57 55 978.7191690870662 7.766759978827352e-12 1
5 57 56 979.7789225050362 7.759315550083503e-12 1
5 57 57 979.6187052198762 7.759542560253826e-12 1
5 57 58 980.9211954542562 7.764996934507424e-12 1
5 57 59 981.9329142042562 7.777195682073385e-12 1
5 57 60 981.9329142042562 7.798966588574049e-12 1
5 57 61 983.1817545362862 7.830003961627755e-12 1
5 57 62 983.8462442823762 7.869520549271755e-12 1
5 57 63 984.9721598097262 7.9178651297985e-12 1
5 57 64 988.6834024855062 7.97623937063418e-12 1
5 57 65 988.6834024855062 8.042308394204849e-12 1
5 57 66 990.5714029737862 8.117713333465624e-12 1
5 57 67 991.2841104933162 8.198703340563599e-12 1
5 57 68 991.9346842237862 8.28666041135295e-12 1
5 57 69 991.7039102980062 8.381083078369089e-12 1
5 57 70 991.7039102980062 8.479668990358088e-12 1
5 57 71 990.6710733839362 8.58414941860395e-12 1
5 57 72 989.0742716261262 8.697732697749533e-12 1
5 57 73 986.7256998487862 8.820792449625822e-12 1
5 57 74 984.4837564894062 8.95308115971634e-12 1
5 57 75 984.4837564894062 9.093510260538158e-12 1
5 57 76 985.9611124464362 9.242046320070433e-12 1
5 57 77 985.2618326612862 9.398156501977538e-12 1
5 57 78 984.1708292433162 9.561624981948835e-12 1
5 57 79 989.5601725050362 9.72985786534169e-12 1
5 57 80 989.5601725050362 9.90507834198931e-12 1
5 57 81 991.8038858839362 1.0085024307856674e-11 1
5 57 82 994.8799356886262 1.031207171371261e-11 1
5 57 83 997.0713419386262 1.0502547271559205e-11 1
5 57 84 1002.2742838331562 1.0698480017892103e-11 1
5 57 85 1002.2742838331562 1.089843581104603e-11 1
5 57 86 1003.4664225050362 1.1100477820555986e-11 1
5 57 87 1004.1502603956562 1.1302788875541652e-11 1
5 57 88 1005.1276773878462 1.1504497016179679e-11 1
5 57 89 1006.0514444776862 1.1504497016179679e-11 1
5 57 90 1006.0514444776862 1.1832924223316503e-11 1
5 57 91 1007.1899942823762 1.2014890279977605e-11 1
5 58 24 963.1248087355062 8.396055338460146e-12 1
5 58 25 964.4310831495662 8.366170373170636e-12 1
5 58 26 967.4838785597262 8.333350066139275e-12 1
5 58 27 971.1090006300362 8.254824535017892e-12 1
5 58 28 975.1276773878462 8.131890057293443e-12 1
5 58 29 976.9672159620662 8.016367056711579e-12 1
5 58 30 980.2621988722262 7.936908412684573e-12 1
5 58 31 982.1761393019062 7.863167216582545e-12 1
5 58 32 982.7944864698762 7.805218345762342e-12 1
5 58 33 984.4774698683162 7.765220841284987e-12 1
5 58 34 985.0374063917562 7.738672714637476e-12 1
5 58 35 985.0374063917562 7.693197138763542e-12 1
5 58 36 985.1911539503462 7.67371265145107e-12 1
5 58 37 985.5886759230062 7.655207295435164e-12 1
5 58 38 986.8386148878462 7.637814500729356e-12 1
5 58 39 987.0809244581562 7.621586198434921e-12 1
5 58 40 987.0809244581562 7.606658147246865e-12 1
5 58 41 987.4285196730062 7.606658147246865e-12 1
5 58 42 987.9541544386262 7.571453163070964e-12 1
5 58 43 988.5057291456562 7.562580596769575e-12 1
5 59 24 964.0471109815962 8.783002766800983e-12 1
5 59 25 966.1911539503462 8.698866649278383e-12 1
5 59 26 968.6195597120662 8.682438385237923e-12 1
