6 19 27 1014.7216947578527 3.5316349092853453e-11 1
6 20 17 937.9549100898927 4.788639325370883e-11 1
6 20 18 945.8332059883227 4.7583550765063536e-11 1
6 20 19 953.2622831367627 4.6713329486355564e-11 1
6 20 20 964.5589139961427 4.519754137531937e-11 1
6 20 21 969.1437528633227 4.350578429900998e-11 1
6 20 22 988.7660673164527 4.2041955030462854e-11 1
6 20 23 1017.7382963203527 4.102158416690468e-11 1
6 20 24 1029.6457059883226 4.040635361005011e-11 1
6 20 25 1033.6444852852026 3.949360040836433e-11 1
6 20 26 1039.1936185859827 3.6921717875468634e-11 1
6 20 27 1049.3379056953527 3.4566462308148866e-11 1
6 21 11 983.3823392891027 5.3272066583406884e-11 1
6 21 12 989.5204008125427 5.15707414074902e-11 1
6 21 13 996.3627470039527 4.986673998419241e-11 1
6 21 14 1001.0303495430127 4.885648341730387e-11 1
6 21 15 1004.2991483711427 4.8180897941686646e-11 1
6 21 16 1008.8623197578527 4.765510548171294e-11 1
6 21 17 1012.2921903633227 4.7287789247106445e-11 1
6 21 18 1015.3842313789527 4.7003036824082835e-11 1
