1 19 27 1008.4442231887464 8.025265765914338e-09 1
1 20 17 931.6774385207864 9.000000000000001e-07 1
1 20 18 939.5557344192164 1.6143736820163768e-07 1
1 20 19 946.9848115676564 5.339263459249444e-08 1
1 20 20 958.2814424270364 2.340047091986865e-08 1
1 20 21 962.8662812942164 1.6476161909824505e-08 1
1 20 22 982.4885957473464 1.093139158965714e-08 1
1 20 23 1011.4608247512464 7.837335980624142e-09 1
1 20 24 1023.3682344192164 7.080239920902328e-09 1
1 20 25 1027.3670137160964 6.904690488359578e-09 1
1 20 26 1032.9161470168763 7.171014814144638e-09 1
1 20 27 1043.0604341262463 7.156911756854627e-09 1
1 21 11 977.1048677199964 1.0642035279192093e-08 1
1 21 12 983.2429292434364 1.036982568711014e-08 1
1 21 13 990.0852754348464 1.1379525096831459e-08 1
1 21 14 994.7528779739064 1.2278974953409665e-08 1
1 21 15 998.0216768020364 1.2434236988851996e-08 1
1 21 16 1002.5848481887464 1.2506955093842877e-08 1
1 21 17 1006.0147187942164 1.2997363612564518e-08 1
1 21 18 1009.1067598098464 1.326379531499846e-08 1
