5 98 267 960.2164013409609 1.8212521499813435e-11 1
5 98 268 979.9357006573609 1.9768134176170344e-11 1
5 98 269 1002.2226879620509 2.0478807345078532e-11 1
5 98 270 996.3857128643909 2.182536676303063e-11 1
5 99 206 938.9573681378309 1.002614492363583e-11 1
5 99 207 938.9573681378309 1.0075163399283268e-11 1
5 99 208 938.9573681378309 1.0124510342471644e-11 1
5 99 209 938.9573681378309 1.0174343055734247e-11 1
5 99 210 941.9435741925209 1.0224287138427208e-11 1
5 99 211 941.9435741925209 1.0274432785487394e-11 1
5 99 212 941.9435741925209 1.0325072741757102e-11 1
5 99 213 941.9435741925209 1.0375850493289626e-11 1
5 99 214 944.7513744854909 1.0425852893744338e-11 1
5 99 215 944.7513744854909 1.0476934911895205e-11 1
5 99 216 944.7513744854909 1.0528519952736338e-11 1
5 99 217 944.7513744854909 1.0580021090064078e-11 1
5 99 218 944.7513744854909 1.0631223933085662e-11 1
5 99 219 946.7496044659609 1.0682924786628907e-11 1
5 99 220 946.7496044659609 1.0734212105240782e-11 1
5 99 221 946.7496044659609 1.0785268376595263e-11 1
5 99 222 946.7496044659609 1.0836812657838494e-11 1
5 99 223 953.6656200909609 1.0888273351561475e-11 1
5 99 224 953.6656200909609 1.093826835387048e-11 1
5 99 225 953.6656200909609 1.0989522412830875e-11 1
5 99 226 953.6656200909609 1.1041259061138279e-11 1
5 99 227 956.6789257550209 1.1092044855809356e-11 1
5 99 228 956.6789257550209 1.114234379581043e-11 1
5 99 229 956.6789257550209 1.1193556583963283e-11 1
5 99 230 956.6789257550209 1.1245046640579552e-11 1
5 99 231 961.0088818097109 1.1295107245761438e-11 1
5 99 232 961.0088818097109 1.1345615562835748e-11 1
5 99 233 961.0088818097109 1.1395797975972453e-11 1
5 99 234 961.0088818097109 1.1443844869039319e-11 1
5 99 235 965.8871166729909 1.1493363649332826e-11 1
5 99 236 965.8871166729909 1.1543312838512688e-11 1
5 99 237 965.8871166729909 1.1592621696551838e-11 1
5 99 238 965.8871166729909 1.1640898496232105e-11 1
5 99 239 975.5675976300209 1.1689579069259096e-11 1
5 99 240 975.5675976300209 1.1737107280119309e-11 1
5 99 241 975.5675976300209 1.1783790531575438e-11 1
5 99 242 975.5675976300209 1.1830846622538701e-11 1
5 99 243 975.5675976300209 1.1877429858490603e-11 1
5 99 244 979.2317211651709 1.192133534995704e-11 1
5 99 245 979.2317211651709 1.1966698857924034e-11 1
5 99 246 979.2317211651709 1.2012408922430982e-11 1
5 99 247 979.2317211651709 1.2056398216611714e-11 1
5 99 248 982.4164745831409 1.2099344533223443e-11 1
5 99 249 982.4164745831409 1.2143253339642447e-11 1
5 99 250 982.4164745831409 1.218720012456659e-11 1
5 99 251 982.4164745831409 1.222872705402719e-11 1
5 99 252 985.6511547589209 1.227053795059986e-11 1
5 99 253 985.6511547589209 1.2311609371756696e-11 1
5 99 254 985.6511547589209 1.23496184255175e-11 1
5 99 255 985.6511547589209 1.2389035687689366e-11 1
5 99 256 990.6334545636109 1.242870537799576e-11 1
5 99 257 990.6334545636109 1.2466412284179437e-11 1
5 99 258 990.6334545636109 1.251172093022556e-11 1
5 99 259 992.8462841534609 1.2579943977246493e-11 1
5 99 260 992.8462841534609 1.2674091513262014e-11 1
5 99 261 995.1025097393909 1.2800968276317514e-11 1
5 99 262 996.4396679425209 1.2959819203080024e-11 1
5 99 263 997.5585644268909 1.313854381766798e-11 1
5 99 264 999.4560253643909 1.3350154962615249e-11 1
5 99 265 1002.3462841534609 1.3801751710109388e-11 1
5 99 266 1005.2860424542409 1.4730252917739665e-11 1
5 99 267 1007.3487255597109 1.6651739150870823e-11 1
5 99 268 1012.0781567120509 1.8566648818479336e-11 1
5 100 43 955.1498730206409 7.857712003832472e-12 1
5 100 44 955.3474438214209 7.853515768051484e-12 1
5 100 45 955.3474438214209 7.849263236050275e-12 1
5 100 46 955.3474438214209 7.845231294696759e-12 1
5 100 47 955.3474438214209 7.842150237955064e-12 1
5 100 48 957.7911083722109 7.838060132114522e-12 1
5 100 49 957.7911083722109 7.833592561489627e-12 1
5 100 50 957.7911083722109 7.829119410261401e-12 1
5 100 51 957.7911083722109 7.824548516437739e-12 1
5 100 52 957.6242992901709 7.819982956771953e-12 1
5 100 53 957.6242992901709 7.8159384843416e-12 1
5 100 54 957.6242992901709 7.812271326784093e-12 1
5 100 55 957.6242992901709 7.807672639929689e-12 1
5 100 56 956.3255932354909 7.803079363916406e-12 1
5 100 57 956.3255932354909 7.798531334281029e-12 1
5 100 58 956.3255932354909 7.794041959580128e-12 1
5 100 59 956.3255932354909 7.78955775069538e-12 1
5 100 60 954.0364086651709 7.785652190414678e-12 1
5 100 61 954.0364086651709 7.781381346074247e-12 1
5 100 62 954.0364086651709 7.777115184735542e-12 1
5 100 63 954.0364086651709 7.773125729030543e-12 1
5 100 64 952.9823315167409 7.769576515032672e-12 1
5 100 65 952.9823315167409 7.76568490396303e-12 1
5 100 66 952.9823315167409 7.761797189387552e-12 1
5 100 67 952.9823315167409 7.758096401650034e-12 1
5 100 68 952.9823315167409 7.754644306828024e-12 1
5 100 69 955.8518383526709 7.751195282774344e-12 1
5 100 70 955.8518383526709 7.748019826485263e-12 1
5 100 71 955.8518383526709 7.745161547523795e-12 1
5 100 72 955.8518383526709 7.742305376648262e-12 1
5 100 73 957.0108959698609 7.73951924877438e-12 1
5 100 74 957.0108959698609 7.737279798140348e-12 1
5 100 75 957.0108959698609 7.735126423527753e-12 1
5 100 76 957.0108959698609 7.732974247199837e-12 1
5 100 77 956.8380444073609 7.731157573090645e-12 1
5 100 78 956.8380444073609 7.729789770141208e-12 1
5 100 79 956.8380444073609 7.728422451091874e-12 1
5 100 80 956.8380444073609 7.727137615071639e-12 1
5 100 81 956.3164989972109 7.726644295782843e-12 1
5 100 82 956.3164989972109 7.726151039479452e-12 1
5 100 83 956.3164989972109 7.725635965093195e-12 1
5 100 84 956.3164989972109 7.725780487297872e-12 1
5 100 85 954.7648632550209 7.72622860808555e-12 1
5 100 86 954.7648632550209 7.726676780861199e-12 1
5 100 87 954.7648632550209 7.727507456068276e-12 1
5 100 88 954.7648632550209 7.728851208383916e-12 1
5 100 89 957.8760082745509 7.730195428116598e-12 1
5 100 90 957.8760082745509 7.731594051923754e-12 1
5 100 91 957.8760082745509 7.733843095988995e-12 1
5 100 92 957.8760082745509 7.736064244527979e-12 1
5 100 93 957.8760082745509 7.738286669254752e-12 1
5 100 94 959.5779736065809 7.74122477903261e-12 1
5 100 95 959.5779736065809 7.744236634630747e-12 1
5 100 96 959.5779736065809 7.747250834768681e-12 1
5 100 97 959.5779736065809 7.750710282534376e-12 1
5 100 98 958.7745068097109 7.75450423490518e-12 1
5 100 99 958.7745068097109 7.758182129043638e-12 1
5 100 100 958.7745068097109 7.761903782703584e-12 1
5 100 101 958.7745068097109 7.766017984736088e-12 1
5 100 102 954.8730175518909 7.770136550552384e-12 1
5 100 103 954.8730175518909 7.774622329651097e-12 1
5 100 104 954.8730175518909 7.77890693779863e-12 1
5 100 105 954.8730175518909 7.783017006017743e-12 1
5 100 106 957.5241405987709 7.787347945243885e-12 1
5 100 107 957.5241405987709 7.792783129865293e-12 1
5 100 108 957.5241405987709 7.796842449165983e-12 1
5 100 109 957.5241405987709 7.800263986368066e-12 1
5 100 110 959.9375317120509 7.803519040545058e-12 1
5 100 111 959.9375317120509 7.805140336329825e-12 1
5 100 112 959.9375317120509 7.806762305950654e-12 1
5 100 113 959.9375317120509 7.80971373702765e-12 1
5 100 114 963.3713085675209 7.809676459285796e-12 1
5 100 115 963.3713085675209 7.808280734503087e-12 1
5 100 116 963.3713085675209 7.807229562923899e-12 1
5 100 117 963.3713085675209 7.805558527330721e-12 1
5 100 118 963.3713085675209 7.801170785521149e-12 1
5 100 119 966.2995312237709 7.79697334568245e-12 1
5 100 120 966.2995312237709 7.792733435021552e-12 1
5 100 121 966.2995312237709 7.788045264570606e-12 1
5 100 122 966.2995312237709 7.783362731609409e-12 1
5 100 123 966.5346996808009 7.777970505242683e-12 1
5 100 124 966.5346996808009 7.772687768373249e-12 1
5 100 125 966.5346996808009 7.769540448287915e-12 1
5 100 126 966.5346996808009 7.766395675999338e-12 1
5 100 127 967.5944530987709 7.763011238292506e-12 1
5 100 128 967.5944530987709 7.760936525360132e-12 1
5 100 129 967.5944530987709 7.759605022199129e-12 1
5 100 130 967.5944530987709 7.75844344397736e-12 1
5 100 131 967.4342358136109 7.758917408132922e-12 1
5 100 132 967.4342358136109 7.759391430201065e-12 1
5 100 133 967.4342358136109 7.758792936002991e-12 1
5 100 134 967.4342358136109 7.760316696838443e-12 1
5 100 135 968.7367260479909 7.762846856110853e-12 1
5 100 136 968.7367260479909 7.76509113284869e-12 1
5 100 137 968.7367260479909 7.767045399876955e-12 1
5 100 138 968.7367260479909 7.771402161253414e-12 1
5 100 139 969.7484447979909 7.776160269936224e-12 1
5 100 140 969.7484447979909 7.78106695131252e-12 1
5 100 141 969.7484447979909 7.787698232957135e-12 1
5 100 142 969.7484447979909 7.794960745167935e-12 1
5 100 143 969.7484447979909 7.802236815509848e-12 1
5 100 144 970.9972851300209 7.81145711294458e-12 1
5 100 145 970.9972851300209 7.821308645639573e-12 1
5 100 146 970.9972851300209 7.831070056616783e-12 1
5 100 147 970.9972851300209 7.841689098612954e-12 1
5 100 148 971.6617748761109 7.854229727676783e-12 1
5 100 149 971.6617748761109 7.866810531576447e-12 1
5 100 150 971.6617748761109 7.87917190825184e-12 1
5 100 151 971.6617748761109 7.89405781211238e-12 1
5 100 152 972.7876904034609 7.909393208022846e-12 1
5 100 153 972.7876904034609 7.92478830253803e-12 1
5 100 154 972.7876904034609 7.942168978807483e-12 1
5 100 155 972.7876904034609 7.960235098887028e-12 1
5 100 156 976.4989330792409 7.978263500111429e-12 1
5 100 157 976.4989330792409 7.996696401899571e-12 1
5 100 158 976.4989330792409 8.017053249858186e-12 1
5 100 159 976.4989330792409 8.037785917048065e-12 1
5 100 160 978.3869335675209 8.058818429702198e-12 1
5 100 161 978.3869335675209 8.081827491434333e-12 1
5 100 162 978.3869335675209 8.104968317596775e-12 1
5 100 163 978.3869335675209 8.127682728374365e-12 1
5 100 164 979.0996410870509 8.151108588511688e-12 1
5 100 165 979.0996410870509 8.176300634296291e-12 1
5 100 166 979.0996410870509 8.201648881333366e-12 1
5 100 167 979.0996410870509 8.227056830611747e-12 1
5 100 168 979.0996410870509 8.25356197463308e-12 1
5 100 169 979.7502148175209 8.28072925311514e-12 1
5 100 170 979.7502148175209 8.308163346037682e-12 1
5 100 171 979.7502148175209 8.336628688313988e-12 1
5 100 172 979.7502148175209 8.36528975649973e-12 1
5 100 173 979.5194408917409 8.393395490255499e-12 1
5 100 174 979.5194408917409 8.422755503967558e-12 1
5 100 175 979.5194408917409 8.452899164200402e-12 1
5 100 176 979.5194408917409 8.483060789033288e-12 1
5 100 177 978.4866039776709 8.513301342972887e-12 1
5 100 178 978.4866039776709 8.54506870953084e-12 1
5 100 179 978.4866039776709 8.577143027310616e-12 1
5 100 180 978.4866039776709 8.60962344288079e-12 1
5 100 181 976.8898022198609 8.643949653970235e-12 1
5 100 182 976.8898022198609 8.678550675071721e-12 1
5 100 183 976.8898022198609 8.71348722773909e-12 1
5 100 184 976.8898022198609 8.750117900400364e-12 1
5 100 185 974.5412304425209 8.787487787063359e-12 1
5 100 186 974.5412304425209 8.825173471426801e-12 1
5 100 187 974.5412304425209 8.863876579371155e-12 1
5 100 188 974.5412304425209 8.903890228816187e-12 1
5 100 189 972.2992870831409 8.94426677876292e-12 1
5 100 190 972.2992870831409 8.984896970807619e-12 1
5 100 191 972.2992870831409 9.027058293557547e-12 1
5 100 192 972.2992870831409 9.06979719096813e-12 1
5 100 193 972.2992870831409 9.112942710910999e-12 1
5 100 194 973.7766430401709 9.15696094175177e-12 1
5 100 195 973.7766430401709 9.201924237358739e-12 1
5 100 196 973.7766430401709 9.247331277143468e-12 1
5 100 197 973.7766430401709 9.293258757721631e-12 1
5 100 198 973.0773632550209 9.340166393145767e-12 1
5 100 199 973.0773632550209 9.38774614772476e-12 1
5 100 200 973.0773632550209 9.43584738885805e-12 1
5 100 201 973.0773632550209 9.484778042620148e-12 1
5 100 202 971.9863598370509 9.534218812524804e-12 1
5 100 203 971.9863598370509 9.583730491606468e-12 1
5 100 204 971.9863598370509 9.633301682788697e-12 1
5 100 205 971.9863598370509 9.684309287644475e-12 1
5 100 206 977.3757030987709 9.73585993067717e-12 1
5 100 207 977.3757030987709 9.787901436641122e-12 1
5 100 208 977.3757030987709 9.84041977679303e-12 1
5 100 209 977.3757030987709 9.893504746121235e-12 1
5 100 210 979.6194164776709 9.94640628113435e-12 1
5 100 211 979.6194164776709 9.999926258142749e-12 1
5 100 212 979.6194164776709 1.0054635215126531e-11 1
5 100 213 979.6194164776709 1.0109946083538384e-11 1
5 100 214 982.6954662823609 1.0122226315224647e-11 1
5 100 215 982.6954662823609 1.0122226315224647e-11 1
5 100 216 982.6954662823609 1.031207171371261e-11 1
5 100 217 982.6954662823609 1.031207171371261e-11 1
5 100 218 982.6954662823609 1.031207171371261e-11 1
5 100 219 984.8868725323609 1.0502547271559205e-11 1
5 100 220 984.8868725323609 1.0502547271559205e-11 1
5 100 221 984.8868725323609 1.0502547271559205e-11 1
5 100 222 984.8868725323609 1.0698480017892103e-11 1
5 100 223 990.0898144268909 1.0698480017892103e-11 1
5 100 224 990.0898144268909 1.0698480017892103e-11 1
5 100 225 990.0898144268909 1.089843581104603e-11 1
5 100 226 990.0898144268909 1.089843581104603e-11 1
5 100 227 991.2819530987709 1.089843581104603e-11 1
5 100 228 991.2819530987709 1.089843581104603e-11 1
5 100 229 991.2819530987709 1.1100477820555986e-11 1
5 100 230 991.2819530987709 1.1100477820555986e-11 1
5 100 231 991.9657909893909 1.1100477820555986e-11 1
5 100 232 991.9657909893909 1.1302788875541652e-11 1
5 100 233 991.9657909893909 1.1302788875541652e-11 1
5 100 234 991.9657909893909 1.1302788875541652e-11 1
5 100 235 992.9432079815809 1.1504497016179679e-11 1
5 100 236 992.9432079815809 1.1504497016179679e-11 1
5 100 237 992.9432079815809 1.1504497016179679e-11 1
5 100 238 992.9432079815809 1.1504497016179679e-11 1
5 100 239 993.8669750714209 1.1504497016179679e-11 1
5 100 240 993.8669750714209 1.1504497016179679e-11 1
5 100 241 993.8669750714209 1.1504497016179679e-11 1
5 100 242 993.8669750714209 1.1504497016179679e-11 1
5 100 243 993.8669750714209 1.1832924223316503e-11 1
5 100 244 995.0055248761109 1.1832924223316503e-11 1
5 100 245 995.0055248761109 1.2014890279977605e-11 1
5 100 246 995.0055248761109 1.2014890279977605e-11 1
5 101 24 950.9403393292409 8.396055338460146e-12 1
5 101 25 952.2466137433009 8.366170373170636e-12 1
5 101 26 955.2994091534609 8.333350066139275e-12 1
5 101 27 958.9245312237709 8.254824535017892e-12 1
5 101 28 962.9432079815809 8.134554040427526e-12 1
5 101 29 964.5133984112709 8.035675563835927e-12 1
5 101 30 966.3935253643909 7.98353152272608e-12 1
5 101 31 968.0777294659609 7.947773391838911e-12 1
5 101 32 968.3273022198609 7.919148774420431e-12 1
5 101 33 968.7551586651709 7.897520697403273e-12 1
5 101 34 969.0923779034609 7.88185028822371e-12 1
5 101 35 969.9916698956409 7.87101925005881e-12 1
5 101 36 969.9916698956409 7.863707445962687e-12 1
5 101 37 969.9916698956409 7.857759095664783e-12 1
5 101 38 969.9916698956409 7.851674260660933e-12 1
5 101 39 970.3691723370509 7.845598842226727e-12 1
5 101 40 970.3691723370509 7.839534415006407e-12 1
5 101 41 970.3691723370509 7.833317652496332e-12 1
5 101 42 970.3691723370509 7.827110741977592e-12 1
5 101 43 970.3691723370509 7.820901747304624e-12 1
5 101 44 970.6100170636109 7.81455189614541e-12 1
5 101 45 970.6100170636109 7.808189078966994e-12 1
5 101 46 970.6100170636109 7.801836614910685e-12 1
5 101 47 970.6100170636109 7.795446345370134e-12 1
5 101 48 970.8382885479909 7.789034559649244e-12 1
5 101 49 970.8382885479909 7.782648053636657e-12 1
5 101 50 970.8382885479909 7.776265513942241e-12 1
5 101 51 970.8382885479909 7.76983083289063e-12 1
5 101 52 972.2930004620509 7.763406792135884e-12 1
5 101 53 972.2930004620509 7.756993365307837e-12 1
5 101 54 972.2930004620509 7.750623989523837e-12 1
5 101 55 972.2930004620509 7.744275582488378e-12 1
5 101 56 972.8529369854909 7.73794146216125e-12 1
5 101 57 972.8529369854909 7.73171422628921e-12 1
5 101 58 972.8529369854909 7.740309406868504e-12 1
5 101 59 972.8529369854909 7.740309406868504e-12 1
5 101 60 973.0066845440809 7.693197138763542e-12 1
5 101 61 973.0066845440809 7.693197138763542e-12 1
5 101 62 973.0066845440809 7.67371265145107e-12 1
5 101 63 973.0066845440809 7.67371265145107e-12 1
5 101 64 973.4042065167409 7.67371265145107e-12 1
5 101 65 973.4042065167409 7.655207295435164e-12 1
5 101 66 973.4042065167409 7.655207295435164e-12 1
5 101 67 973.4042065167409 7.655207295435164e-12 1
5 101 68 973.4042065167409 7.655207295435164e-12 1
5 101 69 974.6541454815809 7.637814500729356e-12 1
5 101 70 974.6541454815809 7.637814500729356e-12 1
5 101 71 974.6541454815809 7.637814500729356e-12 1
5 101 72 974.6541454815809 7.621586198434921e-12 1
5 101 73 974.8964550518909 7.621586198434921e-12 1
5 101 74 974.8964550518909 7.621586198434921e-12 1
5 101 75 974.8964550518909 7.606658147246865e-12 1
5 101 76 974.8964550518909 7.606658147246865e-12 1
5 101 77 975.2440502667409 7.606658147246865e-12 1
5 101 78 975.2440502667409 7.606658147246865e-12 1
5 101 79 975.2440502667409 7.606658147246865e-12 1
5 101 80 975.2440502667409 7.606658147246865e-12 1
5 101 81 975.7696850323609 7.606658147246865e-12 1
5 101 82 975.7696850323609 7.606658147246865e-12 1
5 101 83 975.7696850323609 7.571453163070964e-12 1
5 101 84 975.7696850323609 7.571453163070964e-12 1
5 101 85 976.3212597393909 7.562580596769575e-12 1
5 101 86 976.3212597393909 7.562580596769575e-12 1
5 102 24 951.8626415753309 8.783002766800983e-12 1
5 102 25 954.0066845440809 8.698866649278383e-12 1
5 102 26 956.4350903058009 8.682438385237923e-12 1
