6 19 27 1011.4903405403127 3.5316349092853453e-11 1
6 20 17 934.7235558723527 4.788639325370883e-11 1
6 20 18 942.6018517707827 4.7583550765063536e-11 1
6 20 19 950.0309289192227 4.6713329486355564e-11 1
6 20 20 961.3275597786027 4.519754137531937e-11 1
6 20 21 965.9123986457827 4.350578429900998e-11 1
6 20 22 985.5347130989127 4.2041955030462854e-11 1
6 20 23 1014.5069421028127 4.102158416690468e-11 1
6 20 24 1026.4143517707828 4.040635361005011e-11 1
6 20 25 1030.4131310676628 3.949360040836433e-11 1
6 20 26 1035.9622643684427 3.6921717875468634e-11 1
6 20 27 1046.1065514778127 3.4566462308148866e-11 1
6 21 11 980.1509850715627 5.3272066583406884e-11 1
6 21 12 986.2890465950027 5.15707414074902e-11 1
6 21 13 993.1313927864127 4.986673998419241e-11 1
6 21 14 997.7989953254727 4.885648341730387e-11 1
6 21 15 1001.0677941536027 4.8180897941686646e-11 1
6 21 16 1005.6309655403127 4.765510548171294e-11 1
6 21 17 1009.0608361457827 4.7287789247106445e-11 1
6 21 18 1012.1528771614127 4.7003036824082835e-11 1
