2 55 104 985.8228268861196 1.2882203858808065e-10 1
2 55 105 1006.4245724915896 1.1898291960161562e-10 1
2 55 106 1029.9178586243997 1.292073155228986e-10 1
2 55 107 1022.8745846986196 1.6860563836846748e-10 1
2 56 79 965.4462399720596 1.1541024505989865e-10 1
2 56 80 965.4462399720596 1.168150609367819e-10 1
2 56 81 968.4324460267496 1.1811754666156431e-10 1
2 56 82 971.2402463197196 1.1931390892623914e-10 1
2 56 83 973.2384763001896 1.2039757164077744e-10 1
2 56 84 980.1544919251896 1.2136722787339685e-10 1
2 56 85 980.1544919251896 1.2222203215407405e-10 1
2 56 86 983.1677975892496 1.2296684860873398e-10 1
2 56 87 987.4977536439396 1.236041456871767e-10 1
2 56 88 992.3759885072196 1.241459056051941e-10 1
2 56 89 1002.0564694642496 1.2459607990951078e-10 1
2 56 90 1002.0564694642496 1.2497142635638727e-10 1
2 56 91 1005.7205929993996 1.2527608223894353e-10 1
2 56 92 1008.9053464173696 1.255046323430792e-10 1
2 56 93 1012.1400265931496 1.2565546935426987e-10 1
2 56 94 1017.1223263978396 1.2576125813431524e-10 1
2 56 95 1017.1223263978396 1.2580806272237224e-10 1
2 56 96 1019.3351559876896 1.2581628801164767e-10 1
2 56 97 1021.5913815736196 1.2579696783469923e-10 1
2 56 98 1021.9666867493996 1.2575319259457552e-10 1
2 56 99 1022.9285397767496 1.2569882898176574e-10 1
2 56 100 1024.4388547181497 1.2585847129815094e-10 1
2 56 101 1025.9448971986196 1.2721117947159413e-10 1
2 56 102 1028.8351559876896 1.3160907972955489e-10 1
2 56 103 1031.7749142884697 1.3266557893416811e-10 1
2 56 104 1034.1748776673696 1.2326466278831854e-10 1
2 56 105 1038.5670285462797 1.1191935303456004e-10 1
2 57 32 981.8363156556496 9.201583040010145e-11 1
2 57 33 984.1131711243996 9.182292293909261e-11 1
2 57 34 982.8144650697196 9.157084843133458e-11 1
2 57 35 982.8144650697196 9.131010309773213e-11 1
2 57 36 980.5252804993996 9.095152438669302e-11 1
2 57 37 979.4712033509696 9.050216275248719e-11 1
2 57 38 982.3407101868996 8.999257653028161e-11 1
2 57 39 983.4997678040896 8.940074910865597e-11 1
2 57 40 983.4997678040896 8.875440789806736e-11 1
2 57 41 983.3269162415896 8.809793778098304e-11 1
2 57 42 982.8053708314396 8.743025867901864e-11 1
2 57 43 981.2537350892496 8.677949557269574e-11 1
2 57 44 984.3648801087796 8.61457856381387e-11 1
2 57 45 984.3648801087796 8.555248985611782e-11 1
2 57 46 986.0668454408096 8.497949291038863e-11 1
2 57 47 985.2633786439396 8.442986816498e-11 1
2 57 48 981.3618893861196 8.389477347311403e-11 1
2 57 49 984.0130124329996 8.339986258133116e-11 1
2 57 50 984.0130124329996 8.295100752508871e-11 1
2 57 51 986.4264035462796 8.257084932673986e-11 1
2 57 52 989.8601804017496 8.230237438203943e-11 1
2 57 53 992.7884030579996 8.219004679626044e-11 1
2 57 54 993.0235715150296 8.225021785492928e-11 1
2 57 55 993.0235715150296 8.248103061410713e-11 1
2 57 56 994.0833249329996 8.286349787163746e-11 1
2 57 57 993.9231076478396 8.339575712307654e-11 1
2 57 58 995.2255978822196 8.409560252077812e-11 1
2 57 59 996.2373166322196 8.494335617842267e-11 1
2 57 60 996.2373166322196 8.589661112039067e-11 1
2 57 61 997.4861569642496 8.693207703502966e-11 1
2 57 62 998.1506467103396 8.80408656386844e-11 1
2 57 63 999.2765622376896 8.920770188797063e-11 1
2 57 64 1002.9878049134696 9.040999543286987e-11 1
2 57 65 1002.9878049134696 9.164613603571849e-11 1
2 57 66 1004.8758054017496 9.29003127095801e-11 1
2 57 67 1005.5885129212796 9.421827231370469e-11 1
2 57 68 1006.2390866517496 9.559967235225166e-11 1
2 57 69 1006.0083127259696 9.704761672304198e-11 1
2 57 70 1006.0083127259696 9.859290964369992e-11 1
2 57 71 1004.9754758118996 1.0016503104790974e-10 1
2 57 72 1003.3786740540896 1.0170248723120288e-10 1
2 57 73 1001.0301022767496 1.0318951926017026e-10 1
2 57 74 998.7881589173696 1.0463388053823188e-10 1
2 57 75 998.7881589173696 1.0605027078655042e-10 1
2 57 76 1000.2655148743996 1.0741968723967701e-10 1
2 57 77 999.5662350892496 1.0873909082090025e-10 1
2 57 78 998.4752316712796 1.099953786252491e-10 1
2 57 79 1003.8645749329996 1.1121172831614568e-10 1
2 57 80 1003.8645749329996 1.1234170622069179e-10 1
2 57 81 1006.1082883118996 1.1340091437943332e-10 1
2 57 82 1009.1843381165896 1.1526542213216281e-10 1
2 57 83 1011.3757443665896 1.1612209333744519e-10 1
2 57 84 1016.5786862611196 1.1685318731439067e-10 1
2 57 85 1016.5786862611196 1.1746918575837317e-10 1
2 57 86 1017.7708249329996 1.179871113627607e-10 1
2 57 87 1018.4546628236196 1.1841679691381569e-10 1
2 57 88 1019.4320798158096 1.1875959861371993e-10 1
2 57 89 1020.3558469056496 1.1875959861371993e-10 1
2 57 90 1020.3558469056496 1.2076016845541137e-10 1
2 57 91 1021.4943967103396 1.2094279872147872e-10 1
2 58 24 977.4292111634696 9.849946768491547e-11 1
2 58 25 978.7354855775296 1.0069703659704535e-10 1
2 58 26 981.7882809876896 1.0160733099324526e-10 1
2 58 27 985.4134030579996 1.0079146073551636e-10 1
2 58 28 989.4320798158096 9.697546725219942e-11 1
2 58 29 991.2716183900296 9.196729661597941e-11 1
2 58 30 994.5666013001896 9.072648573170657e-11 1
2 58 31 996.4805417298696 9.106896836082203e-11 1
2 58 32 997.0988888978396 9.111471083729038e-11 1
2 58 33 998.7818722962796 9.107633546115684e-11 1
2 58 34 999.3418088197196 9.102261923935008e-11 1
2 58 35 999.3418088197196 9.119923740872158e-11 1
2 58 36 999.4955563783096 9.104979007532319e-11 1
2 58 37 999.8930783509696 9.08554016098168e-11 1
2 58 38 1001.1430173158096 9.062792780023656e-11 1
2 58 39 1001.3853268861196 9.037709295935868e-11 1
2 58 40 1001.3853268861196 9.011543565098674e-11 1
2 58 41 1001.7329221009696 8.944641247357811e-11 1
2 58 42 1002.2585568665896 9.020182410396183e-11 1
2 58 43 1002.8101315736196 8.901052259863635e-11 1
2 59 24 978.3515134095596 9.942954242019663e-11 1
2 59 25 980.4955563783096 1.0188492395087527e-10 1
2 59 26 982.9239621400296 1.0129407446047214e-10 1
