2 113 272 1034.2566415650952 8.454411023420913e-11 1
2 113 273 1024.7802309095484 9.621629874971682e-11 1
2 113 274 1009.9025374167983 9.621629874971682e-11 1
2 114 266 1008.7340199487547 6.642782373579309e-11 1
2 114 267 1014.859965951451 6.268341116044766e-11 1
2 114 268 1021.9550538070888 5.984726088640311e-11 1
2 114 269 1037.2028024877914 5.835173320064869e-11 1
2 114 270 1041.809955042081 5.973437253905326e-11 1
2 114 271 1043.1957332598324 6.531448132448565e-11 1
2 114 272 1041.649933991492 7.543363472936246e-11 1
2 114 273 1037.230635845987 8.080150516474462e-11 1
2 114 274 1025.8495799767413 8.080150516474462e-11 1
2 115 260 1033.8853927688094 6.282302319949792e-11 1
2 115 261 1035.2142999087125 6.359381653386679e-11 1
2 115 262 1036.616715994306 6.527582018821457e-11 1
2 115 263 1038.7435761160045 6.727919894355275e-11 1
2 115 264 1039.5610670567896 6.834742241129968e-11 1
2 115 265 1040.2301905212341 6.742996592232429e-11 1
2 115 266 1036.1712807528638 6.456387907107484e-11 1
2 115 267 1043.5331941088104 6.099713760662053e-11 1
2 115 268 1044.5862859864073 5.788113116800752e-11 1
2 115 269 1047.5099101601247 5.606064330397174e-11 1
2 116 199 980.2826908170871 5.749030874618514e-11 1
2 116 200 980.7404099469874 5.772327823817095e-11 1
2 116 201 981.2034506697271 5.794109259628406e-11 1
2 116 202 981.7787598501446 5.815880268401228e-11 1
2 116 203 982.3656093672303 5.837830302885134e-11 1
2 116 204 982.9524588843318 5.859185261439688e-11 1
2 116 205 983.5393084014269 5.879441028853523e-11 1
2 116 206 984.3164213629702 5.899837334396478e-11 1
2 116 207 985.1457365692621 5.91977139835103e-11 1
2 116 208 985.9750517755313 5.938280285853853e-11 1
2 116 209 986.8043669818649 5.956905276958562e-11 1
2 116 210 987.5871385953473 5.975368715767722e-11 1
2 116 211 988.3410873417395 5.992474826704133e-11 1
2 116 212 989.095036088173 6.009219389433516e-11 1
2 116 213 989.8489848345654 6.025986365516569e-11 1
2 116 214 990.610573224106 6.04150672500393e-11 1
2 116 215 991.3814829392165 6.056126647477942e-11 1
2 116 216 992.1523926543451 6.071016614003981e-11 1
2 116 217 992.9233023694558 6.08586059504822e-11 1
2 116 218 993.8511848801858 6.098428080631084e-11 1
2 116 219 995.1762085640454 6.11139771231909e-11 1
2 116 220 996.5012322478025 6.124422627055169e-11 1
2 116 221 997.8262559314721 6.13603558343969e-11 1
2 116 222 999.0422265314475 6.147098103258584e-11 1
2 116 223 999.8418389081552 6.158163183698871e-11 1
2 116 224 1000.598421145218 6.16830896850713e-11 1
2 116 225 1001.355003382272 6.177532759794514e-11 1
2 116 226 1002.1839861750988 6.186877138928655e-11 1
2 116 227 1003.3831972968161 6.196170838560544e-11 1
2 116 228 1004.6824821979372 6.203839374871616e-11 1
2 116 229 1005.9817670991591 6.211526916249335e-11 1
2 116 230 1007.3475470734517 6.219207102501381e-11 1
2 116 231 1009.2696731508962 6.225880534375933e-11 1
2 116 232 1011.4506091248933 6.231967532672939e-11 1
2 116 233 1013.6315450987736 6.238060794850993e-11 1
2 116 234 1015.7930065255073 6.24373438087789e-11 1
2 116 235 1017.324117597452 6.24844739760803e-11 1
2 116 236 1018.4162853429165 6.253018953530685e-11 1
2 116 237 1019.5084530884393 6.25753540809828e-11 1
2 116 238 1020.6006208339329 6.260767077850323e-11 1
2 116 239 1021.4433703940352 6.264002087283294e-11 1
2 116 240 1022.0094557537668 6.267426705066069e-11 1
2 116 241 1022.5659058835125 6.269967848558341e-11 1
2 116 242 1023.1223560132729 6.272061462772325e-11 1
2 116 243 1023.760091912519 6.2742092398068e-11 1
2 116 244 1024.5555289899773 6.276391115931567e-11 1
2 116 245 1025.3621036090415 6.277741832040752e-11 1
2 116 246 1026.1686782280842 6.278954386845813e-11 1
2 116 247 1027.0337689977418 6.280147102878783e-11 1
2 116 248 1028.1342836478736 6.280816925664149e-11 1
2 116 249 1029.2574410458599 6.28126118792086e-11 1
2 116 250 1030.3805984439055 6.281705513030173e-11 1
2 116 251 1031.4600997258426 6.281770261619474e-11 1
2 116 252 1031.7119301753958 6.281681750999578e-11 1
2 116 253 1031.8680545740885 6.281624847376856e-11 1
2 116 254 1032.0241789727854 6.281611521304087e-11 1
2 116 255 1032.1803033714782 6.280941808681549e-11 1
2 116 256 1032.3502045252335 6.279721752641975e-11 1
2 116 257 1032.5867661854265 6.277188356404447e-11 1
2 116 258 1033.0107347161857 6.273004571038367e-11 1
2 116 259 1034.2835973488245 6.266927000197749e-11 1
2 116 260 1035.450621498294 6.267584299690933e-11 1
2 116 261 1036.965549228231 6.304250998430494e-11 1
2 116 262 1038.3741922793763 6.391522549882335e-11 1
2 116 263 1040.9835743081567 6.558131668982339e-11 1
2 117 121 989.0417836628257 4.114911858786033e-11 1
2 117 122 989.0247993398809 4.122383170702647e-11 1
2 117 123 988.7862212929507 4.1298788632818476e-11 1
2 117 124 988.5232378115353 4.1381852808478556e-11 1
2 117 125 988.2602543300993 4.147814340564878e-11 1
2 117 126 988.0197585591584 4.157488316124664e-11 1
2 117 127 987.8862048412584 4.167314936926039e-11 1
2 117 128 987.7814127118105 4.1788352502315764e-11 1
2 117 129 987.6766205823769 4.190511514547248e-11 1
2 117 130 987.6265646402942 4.2022532120027676e-11 1
2 117 131 988.0198780141001 4.2150288080239004e-11 1
2 117 132 988.6120613018155 4.2284180656879315e-11 1
2 117 133 989.2042445895198 4.241896724433293e-11 1
2 117 134 989.7877644688554 4.255935489578789e-11 1
2 117 135 990.0356044727365 4.270849194028686e-11 1
2 117 136 990.0639354421161 4.2858677876263714e-11 1
2 117 137 990.0922664114959 4.3009941567502504e-11 1
2 117 138 990.1205973808767 4.317163339890952e-11 1
2 117 139 990.122885060237 4.333425312111767e-11 1
2 117 140 990.0971722115615 4.349810259364049e-11 1
2 117 141 990.0706085223959 4.3667175144473285e-11 1
2 117 142 990.0440448332309 4.383875874112792e-11 1
2 117 143 990.4015666609502 4.401168385251194e-11 1
2 117 144 991.5027041990407 4.418686959898273e-11 1
2 117 145 992.6464491079171 4.436492689539536e-11 1
2 117 146 993.7901940168598 4.454442501236855e-11 1
2 117 147 994.9346942301925 4.472597259647031e-11 1
2 117 148 996.0823405930073 4.4911046025253727e-11 1
2 117 149 997.2302261459905 4.5095744364384036e-11 1
2 117 150 998.3781116989963 4.5281968134417705e-11 1
2 117 151 999.4971853049652 4.547161747251144e-11 1
2 117 152 999.9299796088069 4.5663627985913135e-11 1
2 117 153 1000.3009485101895 4.5858056425282536e-11 1
2 117 154 1000.6719174115433 4.60639625622806e-11 1
2 117 155 1001.042886312901 4.627092918383596e-11 1
2 117 156 1001.631615590007 4.6475616938491716e-11 1
2 117 157 1002.2781020993594 4.668307927150704e-11 1
2 117 158 1002.9245886087302 4.690910004890216e-11 1
2 117 159 1003.5710751180949 4.712944801749523e-11 1
2 117 160 1003.9930953676436 4.735187585436894e-11 1
2 117 161 1004.2794155601485 4.758186867179649e-11 1
2 117 162 1004.5657357526453 4.781633104021788e-11 1
2 117 163 1004.8520559451642 4.805395973870838e-11 1
2 117 164 1004.8990454580908 4.829782111612511e-11 1
2 117 165 1004.6606219866375 4.8540111324678963e-11 1
2 117 166 1004.4221985151706 4.8784844729429077e-11 1
2 117 167 1004.1837750437173 4.902966481732043e-11 1
2 117 168 1003.8415056669915 4.9266091189792456e-11 1
2 117 169 1003.2436939155115 4.9507737388935566e-11 1
2 117 170 1002.6458821640487 4.975176578273964e-11 1
2 117 171 1002.0480704125395 4.998752669345271e-11 1
2 117 172 1001.4418359233404 5.0223031491211934e-11 1
2 117 173 1000.8049976231428 5.0460818893661616e-11 1
2 117 174 1000.164888906682 5.0696408649431265e-11 1
2 117 175 999.524780190307 5.092683545596178e-11 1
2 117 176 998.9295032927112 5.115936651217625e-11 1
2 117 177 998.5549814859608 5.139473352224097e-11 1
2 117 178 998.2400294792528 5.162351021070071e-11 1
2 117 179 997.9250774725516 5.1852367402240875e-11 1
2 117 180 997.5961620671187 5.208326276744475e-11 1
2 117 181 997.1524962854161 5.230906639842697e-11 1
2 117 182 996.6563750617256 5.2533922237769384e-11 1
2 117 183 996.1602538380296 5.276126558629413e-11 1
2 117 184 995.6729299147657 5.2989000143108806e-11 1
2 117 185 995.494396017299 5.320935614962373e-11 1
2 117 186 995.5243650823066 5.3431552520635485e-11 1
2 117 187 995.5543341473139 5.36606234177893e-11 1
2 117 188 995.5843032123217 5.3881887852220264e-11 1
2 117 189 995.6284831955812 5.409918931399461e-11 1
2 117 190 995.6881730022136 5.4318250592753127e-11 1
2 117 191 995.7483718448825 5.453146996637571e-11 1
2 117 192 995.8085706875466 5.4743268491201855e-11 1
2 117 193 995.9434066809939 5.495787721454552e-11 1
2 117 194 996.2228077372979 5.517797962623594e-11 1
2 117 195 996.5114763941513 5.538612698742584e-11 1
2 117 196 996.8001450510126 5.559258775746171e-11 1
2 117 197 997.2646559940828 5.5799941818149386e-11 1
2 117 198 998.4484767987783 5.599514841224474e-11 1
2 117 199 999.694262000507 5.6191725595165656e-11 1
2 117 200 1000.9400472022018 5.639335568475138e-11 1
2 117 201 1002.1535814619056 5.658978679890008e-11 1
2 117 202 1002.6867247819382 5.677389991770782e-11 1
2 117 203 1003.1499291301238 5.695895320585901e-11 1
2 117 204 1003.6131334783223 5.7138627566963245e-11 1
2 117 205 1004.0763378265156 5.730857993826531e-11 1
2 117 206 1004.8373736208673 5.747954633379778e-11 1
2 117 207 1005.6801249023172 5.7659085168459803e-11 1
2 117 208 1006.5228761837442 5.7820993486591146e-11 1
2 117 209 1007.3656274652365 5.7977873463402253e-11 1
2 117 210 1008.220622309381 5.813560705004541e-11 1
2 117 211 1009.0831991763209 5.828023045403837e-11 1
2 117 212 1009.9457760433081 5.841990857921149e-11 1
2 117 213 1010.8083529102483 5.856160693231488e-11 1
2 117 214 1011.8583332578354 5.870266098032324e-11 1
2 117 215 1013.1369694245742 5.882569159235047e-11 1
2 117 216 1014.4156055913433 5.894923898918478e-11 1
2 117 217 1015.6942417580824 5.908297442241329e-11 1
2 117 218 1016.8435891159038 5.919919023496899e-11 1
2 117 219 1017.6658357872687 5.930688679594263e-11 1
2 117 220 1018.4880824585699 5.941497591931483e-11 1
2 117 221 1019.310329129817 5.951172312840605e-11 1
2 117 222 1020.1367216167097 5.960403338700972e-11 1
2 117 223 1020.9789425820348 5.969793339154983e-11 1
2 117 224 1021.8227994022825 5.979520979528857e-11 1
2 117 225 1022.6666562225203 5.98757678415812e-11 1
2 117 226 1023.4618028800588 5.995303344607584e-11 1
2 117 227 1024.0078646796458 6.00298568542795e-11 1
2 117 228 1024.48659812753 6.009344985045889e-11 1
2 117 229 1024.965331575451 6.015717772478152e-11 1
2 117 230 1025.4738751182888 6.022447303972698e-11 1
2 117 231 1026.2318315780683 6.028561693532615e-11 1
2 117 232 1027.105813890935 6.033626626791899e-11 1
2 117 233 1027.9797962037546 6.038681937434864e-11 1
2 117 234 1028.8448082050782 6.043278012675113e-11 1
2 117 235 1029.4194699872469 6.047113902295309e-11 1
2 117 236 1029.791946920834 6.050954664567295e-11 1
2 117 237 1030.1644238544413 6.055158924347356e-11 1
2 117 238 1030.5369007880383 6.05823529556758e-11 1
2 117 239 1030.8780823055924 6.060990221949261e-11 1
2 118 61 1000.9050192256764 4.6114395748623315e-11 1
2 118 62 1001.5314759120789 4.5994549336495706e-11 1
2 118 63 1000.2667389267499 4.576177641372486e-11 1
2 118 64 1000.2238193948515 4.5511383760917e-11 1
2 118 65 1001.5960466311833 4.531245480817762e-11 1
2 118 66 1001.9340309889257 4.516483431494836e-11 1
2 118 67 1002.6099997044156 4.5061379521696723e-11 1
2 118 68 1002.870244249993 4.49696042139822e-11 1
2 118 69 1002.9493403653896 4.48827085218999e-11 1
2 118 70 1003.028436480791 4.479614800282574e-11 1
2 118 71 1003.1075325961876 4.470608148619826e-11 1
2 118 72 1003.1315968248601 4.461483281590524e-11 1
2 118 73 1002.9731388018645 4.4523265684064016e-11 1
2 118 74 1002.7940277500783 4.442529843285812e-11 1
2 118 75 1002.614916698295 4.4328129233090265e-11 1
2 118 76 1002.4445070424458 4.423313936442577e-11 1
2 118 77 1002.3141726826416 4.413830087634169e-11 1
2 118 78 1002.1945624080888 4.403857260500142e-11 1
2 118 79 1002.0749521335351 4.393929397973687e-11 1
2 118 80 1001.9949206142522 4.383935954985354e-11 1
2 118 81 1002.2319423576051 4.3739273868670825e-11 1
2 118 82 1002.6082980509146 4.363951112402583e-11 1
2 118 83 1002.9846537441921 4.354019046369892e-11 1
2 118 84 1003.3600881922708 4.3442119875225785e-11 1
2 118 85 1003.6952377772058 4.334480378038222e-11 1
2 118 86 1004.0049075699468 4.3247366496199196e-11 1
2 118 87 1004.314577362712 4.3150590385179314e-11 1
2 118 88 1004.6242471554533 4.305835023187671e-11 1
2 118 89 1004.7640417305032 4.296525395324895e-11 1
2 118 90 1004.7236955918354 4.287255937226022e-11 1
2 118 91 1004.678391350459 4.278397645812245e-11 1
2 118 92 1004.6330871090812 4.26972517140808e-11 1
2 118 93 1004.5587657430708 4.2610926323557726e-11 1
2 118 94 1004.4282225548525 4.252617899776277e-11 1
2 118 95 1004.2948563195228 4.2443971530599956e-11 1
2 118 96 1004.1614900841972 4.236252008191902e-11 1
2 118 97 1004.0544213362269 4.228167475372984e-11 1
2 118 98 1004.0590612476228 4.220725315908791e-11 1
2 118 99 1004.0710563727763 4.213309308872355e-11 1
2 118 100 1004.0830514979308 4.205847521162421e-11 1
2 118 101 1004.1057179370812 4.199286207584908e-11 1
2 118 102 1004.4207269173462 4.1931321098853574e-11 1
2 118 103 1004.7584010563264 4.1869553323971834e-11 1
2 118 104 1005.0960751952963 4.180988393334375e-11 1
2 118 105 1005.4337493342923 4.1761932438034576e-11 1
2 118 106 1005.8198302258181 4.1716068783971946e-11 1
2 118 107 1006.2183142710292 4.1671115872245187e-11 1
2 118 108 1006.6167983162638 4.164313834948571e-11 1
2 118 109 1007.0152823614748 4.161519836911452e-11 1
2 118 110 1007.3978187195146 4.158483202581627e-11 1
2 118 111 1007.7709445053837 4.1566564692907956e-11 1
2 118 112 1008.1440702912594 4.155867746285654e-11 1
2 118 113 1008.5171960771283 4.15509150788611e-11 1
2 118 114 1008.9061245860416 4.155002342868842e-11 1
2 118 115 1009.3134734470829 4.1562696052782823e-11 1
2 118 116 1009.7208223080924 4.157668152448336e-11 1
2 118 117 1010.1281711691054 4.159166157030653e-11 1
2 118 118 1010.441709869656 4.162592940010983e-11 1
2 118 119 1010.5306453974429 4.165727548197135e-11 1
2 118 120 1010.6195809252322 4.1688668809256365e-11 1
2 118 121 1010.7085164530208 4.173052772716676e-11 1
2 118 122 1010.8086869118687 4.177668684284264e-11 1
2 118 123 1010.9478104136044 4.18239470150887e-11 1
2 118 124 1011.091224045577 4.188640767279093e-11 1
2 118 125 1011.2346376775608 4.195433442364374e-11 1
2 118 126 1011.3824526079707 4.201831899302224e-11 1
2 118 127 1011.5511982548041 4.208402954712197e-11 1
2 118 128 1011.7255731245284 4.2177936081424016e-11 1
2 118 129 1011.8999479942288 4.2262962581890195e-11 1
2 118 130 1012.101263874487 4.234833258466369e-11 1
2 118 131 1012.5208049908744 4.244858641451601e-11 1
2 118 132 1013.0382293670388 4.2555216241515656e-11 1
2 118 133 1013.5556537431933 4.2664040314745e-11 1
2 118 134 1014.0684354957484 4.279158455097513e-11 1
2 118 135 1014.4013301596177 4.2921730951257914e-11 1
2 118 136 1014.6165923883824 4.3048256047514363e-11 1
2 118 137 1014.8318546171491 4.317658355077709e-11 1
2 118 138 1015.0471168459221 4.332485645394158e-11 1
2 118 139 1015.2538051280312 4.346736499578541e-11 1
2 118 140 1015.4512751034823 4.361081413884629e-11 1
2 118 141 1015.6484649660491 4.376247546141577e-11 1
2 118 142 1015.8456548286102 4.391814844519374e-11 1
2 118 143 1016.0309227815579 4.4075835792664e-11 1
2 118 144 1016.1931091057551 4.424100439465616e-11 1
2 118 145 1016.3539729088076 4.440677654632453e-11 1
2 118 146 1016.5148367118694 4.4573795675257585e-11 1
2 118 147 1016.7043421301487 4.474650771032639e-11 1
2 118 148 1017.0131514942669 4.4922144579679864e-11 1
2 118 149 1017.331031098917 4.509641224019641e-11 1
2 118 150 1017.6489107035734 4.527203724857347e-11 1
2 118 151 1017.9609242613574 4.545168970179615e-11 1
2 118 152 1018.1332129144835 4.5630507726507546e-11 1
2 118 153 1018.2929140563256 4.5810642681220396e-11 1
2 118 154 1018.4526151981552 4.599124388058967e-11 1
2 118 155 1018.6123163399865 4.6171687025435983e-11 1
2 118 156 1018.7972448919319 4.6353551657267984e-11 1
2 118 157 1018.9888645848989 4.653891639132121e-11 1
2 118 158 1019.1804842778713 4.672241998958203e-11 1
2 118 159 1019.372103970842 4.6903712595255517e-11 1
2 118 160 1019.5325380930292 4.7086417586520946e-11 1
2 118 161 1019.6741191201651 4.7268278142990257e-11 1
2 119 54 996.221087950818 5.047679805603366e-11 1
2 119 55 998.3216891865225 4.9741332704618606e-11 1
2 119 56 999.8143797722261 4.8434943492445626e-11 1
2 119 57 1000.4669167310685 4.6982271592989194e-11 1
2 119 58 1001.8709961532833 4.5968382467601136e-11 1
2 119 59 1003.8112290884965 4.56088138230651e-11 1
2 119 60 1005.4743701899973 4.576137329103683e-11 1
2 119 61 1006.6742289336454 4.5858073737847694e-11 1
2 119 62 1008.3097487100396 4.582714878201363e-11 1
2 119 63 1009.4547012146426 4.5694731380461584e-11 1
2 119 64 1010.0549818145347 4.554147147032457e-11 1
2 119 65 1010.6390487882437 4.5414880905015046e-11 1
2 119 66 1010.698706578935 4.532160975210509e-11 1
2 119 67 1010.8180221603186 4.526198135948412e-11 1
2 119 68 1010.9278328666703 4.520496694425213e-11 1
2 119 69 1011.1545093293855 4.5155209856072754e-11 1
2 119 70 1011.3811857921146 4.510556218267304e-11 1
2 119 71 1011.6078622548297 4.504616177189451e-11 1
2 119 72 1011.8038685363668 4.4994750365433983e-11 1
2 119 73 1011.8981521465224 4.4943790275081975e-11 1
2 119 74 1011.9809254819531 4.489031236631685e-11 1
2 119 75 1012.0636988173823 4.483265908785107e-11 1
2 119 76 1012.1493492137961 4.4775153709316584e-11 1
2 119 77 1012.2482502508932 4.470816752391915e-11 1
2 119 78 1012.3506971382718 4.4633192911390235e-11 1
2 119 79 1012.4531440256513 4.4565903545696324e-11 1
2 120 48 988.4885651433347 4.985848028599102e-11 1
2 120 49 989.4746193893684 5.053262264656096e-11 1
2 120 50 990.5968545805989 5.091163691293989e-11 1
2 120 51 992.0617841972266 5.1003720171872945e-11 1
2 120 52 993.881133636353 5.080144189089031e-11 1
2 120 53 995.9243357895726 5.0322989994860456e-11 1
2 120 54 998.1475126225612 4.9536729418184057e-11 1
2 120 55 999.738245746487 4.836684038733702e-11 1
2 120 56 1001.0673771933929 4.691968403200026e-11 1
2 120 57 1002.99570337291 4.5763896178979944e-11 1
2 121 48 988.7940799713514 5.002390227690845e-11 1
2 121 49 990.254958191324 5.071938686425014e-11 1
2 121 50 991.3479052732234 5.100657955784175e-11 1
2 121 51 992.5920705014848 5.089514602766015e-11 1
