1 113 272 1008.8997728007054 1.527067235830073e-11 1
1 113 273 999.4233621451586 1.5618640525435177e-11 1
1 113 274 984.5456686524084 1.7671837150601038e-11 1
1 114 266 983.3771511843648 2.111102719650229e-11 1
1 114 267 989.5030971870611 2.108147879603878e-11 1
1 114 268 996.5981850426989 2.0636284286491045e-11 1
1 114 269 1011.8459337234016 1.8305580023115162e-11 1
1 114 270 1016.4530862776911 1.737847094233314e-11 1
1 114 271 1017.8388644954425 1.6322740893232148e-11 1
1 114 272 1016.2930652271021 1.5342754599044593e-11 1
1 114 273 1011.8737670815972 1.524453690386873e-11 1
1 114 274 1000.4927112123514 1.6692612035736417e-11 1
1 115 260 1008.5285240044195 1.5780288829238933e-11 1
1 115 261 1009.8574311443227 1.5634256893169114e-11 1
1 115 262 1011.2598472299162 1.5446114925966355e-11 1
1 115 263 1013.3867073516146 1.5204321712639698e-11 1
1 115 264 1014.2041982923997 1.5267856492501733e-11 1
1 115 265 1014.8733217568442 1.5588618678393065e-11 1
1 115 266 1010.8144119884739 1.6793146925052934e-11 1
1 115 267 1018.1763253444207 1.6578060933410055e-11 1
1 115 268 1019.2294172220174 1.7161729395985733e-11 1
1 115 269 1022.1530413957348 1.718289347125047e-11 1
1 116 199 954.9258220526972 3.242906177652327e-11 1
1 116 200 955.3835411825975 3.199457742915531e-11 1
1 116 201 955.8465819053372 3.1578298807516606e-11 1
1 116 202 956.4218910857547 3.111911614282981e-11 1
1 116 203 957.0087406028404 3.0667590606836545e-11 1
1 116 204 957.5955901199419 3.0232773787751905e-11 1
1 116 205 958.182439637037 2.981615783437879e-11 1
1 116 206 958.9595525985803 2.932880870449494e-11 1
1 116 207 959.7888678048722 2.8837978765681104e-11 1
1 116 208 960.6181830111414 2.8370116747799072e-11 1
1 116 209 961.447498217475 2.7917193381158972e-11 1
1 116 210 962.2302698309574 2.749737128363755e-11 1
1 116 211 962.9842185773496 2.71063192246291e-11 1
1 116 212 963.738167323783 2.6727898491408278e-11 1
1 116 213 964.4921160701755 2.6360245806550815e-11 1
1 116 214 965.2537044597161 2.6005604754111023e-11 1
1 116 215 966.0246141748266 2.56603862767172e-11 1
1 116 216 966.7955238899552 2.5323172689758146e-11 1
1 116 217 967.5664336050659 2.4995178067284502e-11 1
1 116 218 968.4943161157959 2.4636502802314092e-11 1
1 116 219 969.8193397996555 2.4169391163917793e-11 1
1 116 220 971.1443634834126 2.3719662941252543e-11 1
1 116 221 972.4693871670822 2.3290772985282213e-11 1
1 116 222 973.6853577670576 2.2907411929437303e-11 1
1 116 223 974.4849701437653 2.264299088113359e-11 1
1 116 224 975.2415523808281 2.23995949344653e-11 1
1 116 225 975.9981346178821 2.21632068508871e-11 1
1 116 226 976.8271174107089 2.1913525915354642e-11 1
1 116 227 978.0263285324262 2.1583052917582357e-11 1
1 116 228 979.3256134335473 2.1244260916107135e-11 1
1 116 229 980.6248983347692 2.0915940662830555e-11 1
1 116 230 981.9906783090618 2.0584407692416372e-11 1
1 116 231 983.9128043865063 2.0153454252893534e-11 1
1 116 232 986.0937403605034 1.968925100067523e-11 1
1 116 233 988.2746763343837 1.924590465285937e-11 1
1 116 234 990.4361377611174 1.8827348989102906e-11 1
1 116 235 991.9672488330621 1.8536275325827868e-11 1
1 116 236 993.0594165785266 1.8327016422978928e-11 1
1 116 237 994.1515843240494 1.8122562434075056e-11 1
1 116 238 995.243752069543 1.792533403959184e-11 1
1 116 239 996.0865016296453 1.777165228903672e-11 1
1 116 240 996.6525869893769 1.7664188760586238e-11 1
1 116 241 997.2090371191226 1.756121488394926e-11 1
1 116 242 997.765487248883 1.7459855235635992e-11 1
1 116 243 998.4032231481291 1.7347543145771484e-11 1
1 116 244 999.1986602255874 1.7215065477683738e-11 1
1 116 245 1000.0052348446516 1.7083823270513358e-11 1
1 116 246 1000.8118094636944 1.695424028277286e-11 1
1 116 247 1001.6769002333521 1.6818473923451395e-11 1
1 116 248 1002.7774148834839 1.665488296041666e-11 1
1 116 249 1003.9005722814701 1.649079723219929e-11 1
1 116 250 1005.0237296795157 1.6329913142160383e-11 1
1 116 251 1006.1032309614528 1.6179248624967386e-11 1
1 116 252 1006.3550614110059 1.6138968823483937e-11 1
1 116 253 1006.5111858096988 1.6111393415450842e-11 1
1 116 254 1006.6673102083955 1.6085315382393596e-11 1
1 116 255 1006.8234346070884 1.6058683491709954e-11 1
1 116 256 1006.9933357608436 1.6027051911879606e-11 1
1 116 257 1007.2298974210368 1.5986855351698396e-11 1
1 116 258 1007.6538659517959 1.5925610996759116e-11 1
1 116 259 1008.9267285844346 1.5766326556297357e-11 1
1 116 260 1010.0937527339041 1.5641070470506007e-11 1
1 116 261 1011.6086804638412 1.549318240727905e-11 1
1 116 262 1013.0173235149865 1.5376991631912878e-11 1
1 116 263 1015.6267055437668 1.5153641872140385e-11 1
1 117 121 963.6849148984357 4.9668072594613284e-11 1
1 117 122 963.667930575491 4.968695712308476e-11 1
1 117 123 963.4293525285608 4.998094874841643e-11 1
1 117 124 963.1663690471454 5.027695986523798e-11 1
1 117 125 962.9033855657094 5.052296793573872e-11 1
1 117 126 962.6628897947685 5.0742428169295505e-11 1
1 117 127 962.5293360768685 5.082804243048331e-11 1
1 117 128 962.4245439474206 5.079916747823264e-11 1
1 117 129 962.319751817987 5.076252797450562e-11 1
1 117 130 962.2696958759043 5.065561749478072e-11 1
1 117 131 962.6630092497102 4.994602375879247e-11 1
1 117 132 963.2551925374256 4.898810695693489e-11 1
1 117 133 963.8473758251299 4.8065937431280716e-11 1
1 117 134 964.4308957044655 4.716571492267038e-11 1
1 117 135 964.6787357083466 4.6626319117659113e-11 1
1 117 136 964.7070666777262 4.633354969183298e-11 1
1 117 137 964.735397647106 4.605028898126401e-11 1
1 117 138 964.7637286164868 4.572598303065084e-11 1
1 117 139 964.7660162958471 4.542792032738174e-11 1
1 117 140 964.7403034471716 4.516225557994178e-11 1
1 117 141 964.713739758006 4.4882438820292256e-11 1
1 117 142 964.687176068841 4.459189670677626e-11 1
1 117 143 965.0446978965603 4.393111219168705e-11 1
1 117 144 966.1458354346508 4.259512488403916e-11 1
1 117 145 967.2895803435272 4.128812022398996e-11 1
1 117 146 968.4333252524699 4.0058936899623496e-11 1
1 117 147 969.5778254658026 3.890543777472317e-11 1
1 117 148 970.7254718286174 3.780009698615696e-11 1
1 117 149 971.8733573816006 3.675187207731702e-11 1
1 117 150 973.0212429346064 3.576021462908466e-11 1
1 117 151 974.1403165405753 3.483010098514661e-11 1
1 117 152 974.573110844417 3.434408665604347e-11 1
1 117 153 974.9440797457996 3.390725996622958e-11 1
1 117 154 975.3150486471534 3.3477954449167123e-11 1
1 117 155 975.6860175485111 3.305094785278105e-11 1
1 117 156 976.2747468256171 3.25194899547082e-11 1
1 117 157 976.9212333349695 3.197467628636183e-11 1
1 117 158 977.5677198443403 3.1435595387068873e-11 1
1 117 159 978.214206353705 3.091518627822446e-11 1
1 117 160 978.6362266032537 3.051588399207573e-11 1
1 117 161 978.9225467957586 3.018204338851951e-11 1
1 117 162 979.2088669882554 2.985288881084051e-11 1
1 117 163 979.4951871807743 2.953083606744435e-11 1
1 117 164 979.5421766937009 2.931630173628652e-11 1
1 117 165 979.3037532222476 2.92232318012824e-11 1
1 117 166 979.0653297507807 2.9130750931082666e-11 1
1 117 167 978.8269062793274 2.9040705521592226e-11 1
1 117 168 978.4846369026016 2.899389998593031e-11 1
1 117 169 977.8868251511216 2.9053124747787688e-11 1
1 117 170 977.2890133996588 2.9112591957316266e-11 1
1 117 171 976.6912016481496 2.9173757403909926e-11 1
1 117 172 976.0849671589505 2.9237748967606716e-11 1
1 117 173 975.4481288587529 2.931511989102231e-11 1
1 117 174 974.8080201422921 2.939450908602815e-11 1
1 117 175 974.167911425917 2.947465045946548e-11 1
1 117 176 973.5726345283213 2.953566242978304e-11 1
1 117 177 973.1981127215709 2.950106773943656e-11 1
1 117 178 972.8831607148629 2.9440782060143304e-11 1
1 117 179 972.5682087081617 2.938056120670557e-11 1
1 117 180 972.2392933027288 2.932658958615709e-11 1
1 117 181 971.7956275210262 2.932288761640734e-11 1
1 117 182 971.2995062973357 2.9342082916185336e-11 1
1 117 183 970.8033850736397 2.9361334365272907e-11 1
1 117 184 970.3160611503758 2.937782897970545e-11 1
1 117 185 970.1375272529091 2.92628186856445e-11 1
1 117 186 970.1674963179167 2.9060396770912757e-11 1
1 117 187 970.197465382924 2.8861322664313873e-11 1
1 117 188 970.2274344479318 2.8668447266021645e-11 1
1 117 189 970.2716144311913 2.8471783878271906e-11 1
1 117 190 970.3313042378237 2.8271600567852756e-11 1
1 117 191 970.3915030804926 2.8077127391249668e-11 1
1 117 192 970.4517019231567 2.7886552248663336e-11 1
1 117 193 970.586537916604 2.7670027742344904e-11 1
1 117 194 970.865938972908 2.7405145207641156e-11 1
1 117 195 971.1546076297614 2.7144450738938836e-11 1
1 117 196 971.4432762866227 2.6888236903177324e-11 1
1 117 197 971.9077872296929 2.65748307176474e-11 1
1 117 198 973.0916080343884 2.6027839843486096e-11 1
1 117 199 974.3373932361171 2.5482777444317768e-11 1
1 117 200 975.5831784378119 2.4960666518217497e-11 1
1 117 201 976.7967126975157 2.4473698986299954e-11 1
1 117 202 977.3298560175483 2.4203261696660397e-11 1
1 117 203 977.7930603657339 2.3958756811344262e-11 1
1 117 204 978.2562647139324 2.3721124438869514e-11 1
1 117 205 978.7194690621257 2.3491343439166896e-11 1
1 117 206 979.4805048564774 2.3185640830812123e-11 1
1 117 207 980.3232561379273 2.2867769999215865e-11 1
1 117 208 981.1660074193543 2.25634053190388e-11 1
1 117 209 982.0087587008466 2.2265949065582532e-11 1
1 117 210 982.8637535449911 2.1973277426008647e-11 1
1 117 211 983.726330411931 2.168993569776408e-11 1
1 117 212 984.5889072789182 2.1415193248318537e-11 1
1 117 213 985.4514841458584 2.114749940580527e-11 1
1 117 214 986.5014644934455 2.0848115647460168e-11 1
1 117 215 987.7801006601843 2.051084781611318e-11 1
1 117 216 989.0587368269533 2.018431848191066e-11 1
1 117 217 990.3373729936925 1.9869293806469688e-11 1
1 117 218 991.4867203515139 1.959261881876188e-11 1
1 117 219 992.3089670228788 1.9383789063914338e-11 1
1 117 220 993.13121369418 1.9179364023849523e-11 1
1 117 221 993.9534603654271 1.898197841451798e-11 1
1 117 222 994.7798528523198 1.8788979326908976e-11 1
1 117 223 995.622073817645 1.859729438821924e-11 1
1 117 224 996.4659306378926 1.8411799041087272e-11 1
1 117 225 997.3097874581304 1.823133563165955e-11 1
1 117 226 998.1049341156689 1.806184132965122e-11 1
1 117 227 998.650995915256 1.7935595227499385e-11 1
1 117 228 999.1297293631401 1.7824923779218036e-11 1
1 117 229 999.6084628110613 1.7715609749579807e-11 1
1 117 230 1000.117006353899 1.7603598879724607e-11 1
1 117 231 1000.8749628136785 1.745783265292572e-11 1
1 117 232 1001.7489451265451 1.7296785877910762e-11 1
1 117 233 1002.6229274393648 1.71386504399417e-11 1
1 117 234 1003.4879394406883 1.6985773389356622e-11 1
1 117 235 1004.0626012228571 1.6878626524457905e-11 1
1 117 236 1004.4350781564442 1.6801311351643158e-11 1
1 117 237 1004.8075550900514 1.6725711605364537e-11 1
1 117 238 1005.1800320236486 1.6653213910290023e-11 1
1 117 239 1005.5212135412025 1.6584928467684352e-11 1
1 118 61 975.5481504612865 3.057176916065255e-11 1
1 118 62 976.174607147689 3.1148028646319254e-11 1
1 118 63 974.90987016236 3.250597963097311e-11 1
1 118 64 974.8669506304616 3.310257043929521e-11 1
1 118 65 976.2391778667934 3.2762951996912274e-11 1
1 118 66 976.5771622245358 3.285501898908887e-11 1
1 118 67 977.2531309400257 3.267911491155571e-11 1
1 118 68 977.5133754856031 3.269164617166314e-11 1
1 118 69 977.5924716009997 3.2797212907795676e-11 1
1 118 70 977.6715677164011 3.2903463637580024e-11 1
1 118 71 977.7506638317977 3.300888418733251e-11 1
1 118 72 977.7747280604702 3.314456494377484e-11 1
1 118 73 977.6162700374746 3.338341600782109e-11 1
1 118 74 977.4371589856884 3.364087577568446e-11 1
1 118 75 977.2580479339051 3.389744704205172e-11 1
1 118 76 977.0876382780559 3.4151491358790516e-11 1
1 118 77 976.9573039182517 3.438557537522855e-11 1
1 118 78 976.8376936436989 3.461459009341336e-11 1
1 118 79 976.7180833691452 3.484667583163924e-11 1
1 118 80 976.6380518498623 3.5057718992138373e-11 1
1 118 81 976.8750735932152 3.506804571697568e-11 1
1 118 82 977.2514292865247 3.4994198120383227e-11 1
1 118 83 977.6277849798022 3.4920782219601763e-11 1
1 118 84 978.0032194278809 3.4842574059412686e-11 1
1 118 85 978.3383690128159 3.4784474935183303e-11 1
1 118 86 978.6480388055569 3.4744552041895113e-11 1
1 118 87 978.9577085983221 3.470389435860387e-11 1
1 118 88 979.2673783910634 3.464888695343746e-11 1
1 118 89 979.4071729661133 3.470226986101349e-11 1
1 118 90 979.3668268274455 3.486496119078826e-11 1
1 118 91 979.3215225860691 3.5025809047224993e-11 1
1 118 92 979.2762183446913 3.518553327699008e-11 1
1 118 93 979.2018969786809 3.5363629158901656e-11 1
1 118 94 979.0713537904626 3.5568089466146605e-11 1
1 118 95 978.9379875551328 3.5780379249756255e-11 1
1 118 96 978.8046213198073 3.599900763876042e-11 1
1 118 97 978.697552571837 3.6202875595667306e-11 1
1 118 98 978.7021924832329 3.6330826419194065e-11 1
1 118 99 978.7141876083864 3.6454796857548394e-11 1
1 118 100 978.7261827335409 3.657416965441289e-11 1
1 118 101 978.7488491726913 3.668310040554732e-11 1
1 118 102 979.0638581529563 3.659690851174585e-11 1
1 118 103 979.4015322919365 3.649492554292592e-11 1
1 118 104 979.7392064309064 3.638395408417535e-11 1
1 118 105 980.0768805699024 3.627360373182045e-11 1
1 118 106 980.4629614614282 3.613363619345864e-11 1
1 118 107 980.8614455066393 3.598609845424253e-11 1
1 118 108 981.2599295518739 3.5827072885797646e-11 1
1 118 109 981.6584135970849 3.5669446628179674e-11 1
1 118 110 982.0409499551247 3.552420138582574e-11 1
1 118 111 982.4140757409938 3.5376328586269065e-11 1
1 118 112 982.7872015268695 3.5218821378832836e-11 1
1 118 113 983.1603273127384 3.506252703062641e-11 1
1 118 114 983.5492558216517 3.48911343233376e-11 1
1 118 115 983.956604682693 3.4692518955746844e-11 1
1 118 116 984.3639535437025 3.44924208957833e-11 1
1 118 117 984.7713024047155 3.429323049975909e-11 1
1 118 118 985.0848411052662 3.412193236049995e-11 1
1 118 119 985.173776633053 3.408155850463647e-11 1
1 118 120 985.2627121608423 3.404128007840827e-11 1
1 118 121 985.3516476886309 3.3977881683256724e-11 1
1 118 122 985.4518181474788 3.389893375055121e-11 1
1 118 123 985.5909416492145 3.379790595733701e-11 1
1 118 124 985.734355281187 3.368156673782798e-11 1
1 118 125 985.8777689131709 3.3547178860039673e-11 1
1 118 126 986.0255838435808 3.341188921703571e-11 1
1 118 127 986.1943294904142 3.326457518475924e-11 1
1 118 128 986.3687043601385 3.308459068108683e-11 1
1 118 129 986.5430792298389 3.2908009432169255e-11 1
1 118 130 986.7443951100971 3.2718876229098865e-11 1
1 118 131 987.1639362264845 3.239674680474354e-11 1
1 118 132 987.6813606026489 3.202268596035847e-11 1
1 118 133 988.1987849788034 3.16567888366633e-11 1
1 118 134 988.7115667313585 3.1290027898177394e-11 1
1 118 135 989.0444613952278 3.100564849047539e-11 1
1 118 136 989.2597236239925 3.078294491788324e-11 1
1 118 137 989.4749858527592 3.05624828235119e-11 1
1 118 138 989.6902480815322 3.032631118786562e-11 1
1 118 139 989.8969363636413 3.0098490938318337e-11 1
1 118 140 990.0944063390924 2.987818212445892e-11 1
1 118 141 990.2915962016592 2.965001320956465e-11 1
1 118 142 990.4887860642203 2.942085761762483e-11 1
1 118 143 990.674054017168 2.9200237444990904e-11 1
1 118 144 990.8362403413652 2.8987467640876067e-11 1
1 118 145 990.9971041444177 2.87707643974079e-11 1
1 118 146 991.1579679474795 2.8557277153178978e-11 1
1 118 147 991.3474733657588 2.8334997206009664e-11 1
1 118 148 991.656282729877 2.805980290798004e-11 1
1 118 149 991.9741623345271 2.778584129358362e-11 1
1 118 150 992.2920419391835 2.7517177596170343e-11 1
1 118 151 992.6040554969675 2.725130885145975e-11 1
1 118 152 992.7763441500936 2.7038442751776844e-11 1
1 118 153 992.9360452919357 2.6833371668702653e-11 1
1 118 154 993.0957464337653 2.6629450969955345e-11 1
1 118 155 993.2554475755966 2.642548168562052e-11 1
1 118 156 993.440376127542 2.6215941311825064e-11 1
1 118 157 993.631995820509 2.6009038127716395e-11 1
1 118 158 993.8236155134814 2.580224124214636e-11 1
1 118 159 994.0152352064521 2.5597682318475092e-11 1
1 118 160 994.1756693286393 2.5406402277258527e-11 1
1 118 161 994.3172503557752 2.5222258821437238e-11 1
1 119 54 970.864219186428 2.411878059295927e-11 1
1 119 55 972.9648204221326 2.4564627847258954e-11 1
1 119 56 974.4575110078362 2.5518456972834908e-11 1
1 119 57 975.1100479666786 2.6922759792801647e-11 1
1 119 58 976.5141273888934 2.7870050949715468e-11 1
1 119 59 978.4543603241066 2.8223930032740165e-11 1
1 119 60 980.1175014256074 2.838437850325448e-11 1
1 119 61 981.3173601692555 2.8736029696626772e-11 1
1 119 62 982.9528799456497 2.876671974107512e-11 1
1 119 63 984.0978324502527 2.8818785136814016e-11 1
1 119 64 984.6981130501448 2.8951976670528277e-11 1
1 119 65 985.2821800238538 2.8974229007966983e-11 1
1 119 66 985.3418378145451 2.912948623871607e-11 1
1 119 67 985.4611533959287 2.919839050758722e-11 1
1 119 68 985.5709641022804 2.9250093945341054e-11 1
1 119 69 985.7976405649956 2.9247708555711107e-11 1
1 119 70 986.0243170277247 2.9245323555107814e-11 1
1 119 71 986.2509934904398 2.924604587916398e-11 1
1 119 72 986.446999771977 2.925428066809045e-11 1
1 119 73 986.5412833821325 2.930594191941402e-11 1
1 119 74 986.6240567175632 2.936353096554531e-11 1
1 119 75 986.7068300529924 2.9422636138084785e-11 1
1 119 76 986.7924804494062 2.948072943424775e-11 1
1 119 77 986.8913814865033 2.953849101600888e-11 1
1 119 78 986.9938283738819 2.959849979422081e-11 1
1 119 79 987.0962752612614 2.9655186239371746e-11 1
1 120 48 963.1316963789448 2.3629557583325758e-11 1
1 120 49 964.1177506249785 2.339383724288371e-11 1
1 120 50 965.239985816209 2.3240326351372388e-11 1
1 120 51 966.7049154328367 2.31390574869761e-11 1
1 120 52 968.524264871963 2.3113899247904485e-11 1
1 120 53 970.5674670251827 2.3220159053466476e-11 1
1 120 54 972.7906438581713 2.3512019126528264e-11 1
1 120 55 974.3813769820971 2.4297996456608732e-11 1
1 120 56 975.710508429003 2.547915262276329e-11 1
1 120 57 977.6388346085201 2.642970230185086e-11 1
1 121 48 963.4372112069615 2.313513497989822e-11 1
1 121 49 964.8980894269341 2.275153451387258e-11 1
1 121 50 965.9910365088335 2.25894725553831e-11 1
1 121 51 967.2352017370949 2.2697093491066568e-11 1
