5 113 272 1001.4902981617603 1.089027005910594e-11 1
5 113 273 992.0138875062136 1.1176923037567372e-11 1
5 113 274 977.1361940134633 1.1176923037567372e-11 1
5 114 266 975.9676765454197 8.635516283967733e-12 1
5 114 267 982.0936225481161 9.105985659809342e-12 1
5 114 268 989.1887104037538 9.502402261922767e-12 1
5 114 269 1004.4364590844565 9.813379864656342e-12 1
5 114 270 1009.043611638746 1.0029157776198447e-11 1
5 114 271 1010.4293898564974 1.0248567111594759e-11 1
5 114 272 1008.8835905881571 1.0603022938525631e-11 1
5 114 273 1004.4642924426521 1.0976359357860777e-11 1
5 114 274 993.0832365734063 1.0976359357860777e-11 1
5 115 260 1001.1190493654744 6.628902972373803e-12 1
5 115 261 1002.4479565053776 6.722462606190182e-12 1
5 115 262 1003.8503725909711 6.8697415715771935e-12 1
5 115 263 1005.9772327126695 7.0941276506090526e-12 1
5 115 264 1006.7947236534546 7.392711963664138e-12 1
5 115 265 1007.4638471178991 7.75685851480002e-12 1
5 115 266 1003.4049373495288 8.185295915468105e-12 1
5 115 267 1010.7668507054756 8.656507595616485e-12 1
5 115 268 1011.8199425830724 9.134841748935693e-12 1
5 115 269 1014.7435667567897 9.586290182046833e-12 1
5 116 199 947.5163474137521 4.9257212377896635e-12 1
5 116 200 947.9740665436524 4.949141480193886e-12 1
5 116 201 948.4371072663921 4.9727604995058426e-12 1
5 116 202 949.0124164468097 4.996431375211549e-12 1
5 116 203 949.5992659638953 5.020323970901147e-12 1
5 116 204 950.1861154809968 5.044366252247936e-12 1
5 116 205 950.7729649980919 5.06850774489583e-12 1
5 116 206 951.5500779596352 5.0928814230315125e-12 1
5 116 207 952.3793931659271 5.117637791648541e-12 1
5 116 208 953.2087083721963 5.1421908648520594e-12 1
5 116 209 954.0380235785299 5.166980672151734e-12 1
5 116 210 954.8207951920123 5.192065359100243e-12 1
5 116 211 955.5747439384045 5.217112821707192e-12 1
5 116 212 956.328692684838 5.24226092675723e-12 1
5 116 213 957.0826414312304 5.2676550685294695e-12 1
5 116 214 957.844229820771 5.293083584353225e-12 1
5 116 215 958.6151395358816 5.3184306559715424e-12 1
5 116 216 959.3860492510101 5.344052324468449e-12 1
5 116 217 960.1569589661208 5.3698855396442086e-12 1
5 116 218 961.0848414768508 5.395260627538782e-12 1
5 116 219 962.4098651607104 5.421014890255323e-12 1
5 116 220 963.7348888444675 5.447016208102468e-12 1
5 116 221 965.0599125281371 5.4727543493149314e-12 1
5 116 222 966.2758831281125 5.4985274973124645e-12 1
5 116 223 967.0754955048202 5.5245036351626265e-12 1
5 116 224 967.832077741883 5.550052974727462e-12 1
5 116 225 968.588659978937 5.575500065388191e-12 1
5 116 226 969.4176427717638 5.6013344929731735e-12 1
5 116 227 970.6168538934811 5.627363844586631e-12 1
5 116 228 971.9161387946023 5.652675766706339e-12 1
5 116 229 973.2154236958241 5.678216424086042e-12 1
5 116 230 974.5812036701167 5.703724842529444e-12 1
5 116 231 976.5033297475612 5.7282633317933815e-12 1
5 116 232 978.6842657215583 5.753455108608617e-12 1
5 116 233 980.8652016954386 5.7788922946557375e-12 1
5 116 234 983.0266631221723 5.803759245203201e-12 1
5 116 235 984.557774194117 5.8281292118312686e-12 1
5 116 236 985.6499419395815 5.853048237637948e-12 1
5 116 237 986.7421096851043 5.878123195597482e-12 1
5 116 238 987.8342774305979 5.9021917086449976e-12 1
5 116 239 988.6770269907003 5.926458133516618e-12 1
5 116 240 989.2431123504318 5.950481293775072e-12 1
5 116 241 989.7995624801775 5.9738141555967924e-12 1
5 116 242 990.3560126099379 5.997190555845947e-12 1
5 116 243 990.993748509184 6.0206340961161914e-12 1
5 116 244 991.7891855866424 6.042810810375731e-12 1
5 116 245 992.5957602057065 6.064756634390863e-12 1
5 116 246 993.4023348247493 6.0871838195291435e-12 1
5 116 247 994.267425594407 6.109658497676561e-12 1
5 116 248 995.3679402445388 6.1300744965568204e-12 1
5 116 249 996.491097642525 6.151257440965257e-12 1
5 116 250 997.6142550405706 6.172587291610277e-12 1
5 116 251 998.6937563225077 6.1927108794322715e-12 1
5 116 252 998.9455867720608 6.21241576492738e-12 1
5 116 253 999.1017111707537 6.232149736747062e-12 1
5 116 254 999.2578355694504 6.25057727865093e-12 1
5 116 255 999.4139599681433 6.2730869238892585e-12 1
5 116 256 999.5838611218985 6.30732190233288e-12 1
5 116 257 999.8204227820917 6.354142644867185e-12 1
5 116 258 1000.2443913128508 6.416582155624614e-12 1
5 116 259 1001.5172539454895 6.496782562890267e-12 1
5 116 260 1002.684278094959 6.588151155411417e-12 1
5 116 261 1004.1992058248961 6.680520602726471e-12 1
5 116 262 1005.6078488760414 6.792508727289686e-12 1
5 116 263 1008.2172309048217 6.987875498612423e-12 1
5 117 121 956.2754402594907 3.951800153719169e-12 1
5 117 122 956.2584559365459 3.948634323945606e-12 1
5 117 123 956.0198778896157 3.945480009193483e-12 1
5 117 124 955.7568944082003 3.942873943333121e-12 1
5 117 125 955.4939109267643 3.941160320980976e-12 1
5 117 126 955.2534151558234 3.939448187505179e-12 1
5 117 127 955.1198614379234 3.937616970313746e-12 1
5 117 128 955.0150693084755 3.937278522276981e-12 1
5 117 129 954.9102771790419 3.937069191770092e-12 1
5 117 130 954.8602212369592 3.9368598835206556e-12 1
5 117 131 955.2535346107651 3.9376196373989104e-12 1
5 117 132 955.8457178984805 3.9389749302202845e-12 1
5 117 133 956.4379011861848 3.940336939334341e-12 1
5 117 134 957.0214210655204 3.942274212089398e-12 1
5 117 135 957.2692610694015 3.945155492208276e-12 1
5 117 136 957.2975920387811 3.948040987075611e-12 1
5 117 137 957.3259230081609 3.950795475965863e-12 1
5 117 138 957.3542539775417 3.954975561059786e-12 1
5 117 139 957.356541656902 3.959343844370639e-12 1
5 117 140 957.3308288082266 3.963721787917353e-12 1
5 117 141 957.3042651190609 3.96891729718962e-12 1
5 117 142 957.277701429896 3.974708111764749e-12 1
5 117 143 957.6352232576152 3.9805230910335846e-12 1
5 117 144 958.7363607957058 3.986856189150313e-12 1
5 117 145 959.8801057045821 3.994033196585556e-12 1
5 117 146 961.0238506135248 4.00123609024599e-12 1
5 117 147 962.1683508268575 4.008230887155468e-12 1
5 117 148 963.3159971896723 4.016340389725639e-12 1
5 117 149 964.4638827426555 4.024803473443757e-12 1
5 117 150 965.6117682956614 4.0333022986681725e-12 1
5 117 151 966.7308419016302 4.042552157844465e-12 1
5 117 152 967.1636362054719 4.052134632794744e-12 1
5 117 153 967.5346051068545 4.061690372800159e-12 1
5 117 154 967.9055740082083 4.071023079494316e-12 1
5 117 155 968.276542909566 4.081296391502073e-12 1
5 117 156 968.865272186672 4.091879759889876e-12 1
5 117 157 969.5117586960245 4.10251819449602e-12 1
5 117 158 970.1582452053952 4.113410799830884e-12 1
5 117 159 970.8047317147599 4.124813385708294e-12 1
5 117 160 971.2267519643086 4.136279364420604e-12 1
5 117 161 971.5130721568136 4.148240753347612e-12 1
5 117 162 971.7993923493103 4.160446763613302e-12 1
5 117 163 972.0857125418293 4.1726766236770006e-12 1
5 117 164 972.1327020547558 4.185062884061666e-12 1
5 117 165 971.8942785833025 4.198253217970419e-12 1
5 117 166 971.6558551118356 4.2115269604236924e-12 1
5 117 167 971.4174316403823 4.224984177484573e-12 1
5 117 168 971.0751622636565 4.239673222741612e-12 1
5 117 169 970.4773505121765 4.2543238352528405e-12 1
5 117 170 969.8795387607137 4.269076052165623e-12 1
5 117 171 969.2817270092045 4.284824040474208e-12 1
5 117 172 968.6754925200054 4.3009424771199454e-12 1
5 117 173 968.0386542198078 4.317179508909524e-12 1
5 117 174 967.398545503347 4.333913721377415e-12 1
5 117 175 966.758436786972 4.3513959446160804e-12 1
5 117 176 966.1631598893762 4.369019779336127e-12 1
5 117 177 965.7886380826258 4.3868205782201685e-12 1
5 117 178 965.4736860759178 4.405511603942429e-12 1
5 117 179 965.1587340692166 4.424414220358e-12 1
5 117 180 964.8298186637837 4.443479745712252e-12 1
5 117 181 964.3861528820811 4.4631890027685524e-12 1
5 117 182 963.8900316583906 4.4832689036250935e-12 1
5 117 183 963.3939104346946 4.503508640523002e-12 1
5 117 184 962.9065865114308 4.524042919407193e-12 1
5 117 185 962.728052613964 4.545216255070272e-12 1
5 117 186 962.7580216789717 4.566588712708702e-12 1
5 117 187 962.7879907439789 4.587873562263361e-12 1
5 117 188 962.8179598089868 4.609594205622595e-12 1
5 117 189 962.8621397922462 4.631901922951764e-12 1
5 117 190 962.9218295988786 4.654426602641451e-12 1
5 117 191 962.9820284415475 4.677252039560352e-12 1
5 117 192 963.0422272842117 4.700335321350704e-12 1
5 117 193 963.1770632776589 4.723571956926199e-12 1
5 117 194 963.4564643339629 4.746480553052143e-12 1
5 117 195 963.7451329908163 4.7700381116846655e-12 1
5 117 196 964.0338016476776 4.794067605604381e-12 1
5 117 197 964.4983125907478 4.818340329574203e-12 1
5 117 198 965.6821333954433 4.842858044535806e-12 1
5 117 199 966.927918597172 4.867626548229199e-12 1
5 117 200 968.1737037988668 4.892349831037888e-12 1
5 117 201 969.3872380585706 4.916894187778012e-12 1
5 117 202 969.9203813786032 4.942371799680973e-12 1
5 117 203 970.3835857267889 4.968135231152928e-12 1
5 117 204 970.8467900749873 4.994140536799995e-12 1
5 117 205 971.3099944231806 5.020372952869393e-12 1
5 117 206 972.0710302175323 5.046882402908036e-12 1
5 117 207 972.9137814989822 5.072858306829839e-12 1
5 117 208 973.7565327804092 5.0989269209234825e-12 1
5 117 209 974.5992840619015 5.125880174601995e-12 1
5 117 210 975.454278906046 5.153119895810303e-12 1
5 117 211 976.316855772986 5.180464256378662e-12 1
5 117 212 977.1794326399731 5.208024299880445e-12 1
5 117 213 978.0420095069134 5.235742030477018e-12 1
5 117 214 979.0919898545004 5.2629831501591204e-12 1
5 117 215 980.3706260212392 5.290926935814388e-12 1
5 117 216 981.6492621880083 5.319169040203258e-12 1
5 117 217 982.9278983547474 5.346606093454561e-12 1
5 117 218 984.0772457125688 5.3738255444946225e-12 1
5 117 219 984.8994923839338 5.402326011605525e-12 1
5 117 220 985.7217390552349 5.431130399100607e-12 1
5 117 221 986.543985726482 5.4596554397683384e-12 1
5 117 222 987.3703782133747 5.488241766111612e-12 1
5 117 223 988.2125991786999 5.516968647077161e-12 1
5 117 224 989.0564559989475 5.544474825409238e-12 1
5 117 225 989.9003128191853 5.572554825375506e-12 1
5 117 226 990.6954594767238 5.601396518051898e-12 1
5 117 227 991.2415212763109 5.630486092898201e-12 1
5 117 228 991.720254724195 5.65877830131984e-12 1
5 117 229 992.1989881721162 5.687356272452974e-12 1
5 117 230 992.7075317149539 5.715693259992322e-12 1
5 117 231 993.4654881747334 5.742835423662398e-12 1
5 117 232 994.3394704876 5.770968799630517e-12 1
5 117 233 995.2134528004198 5.799409835557141e-12 1
5 117 234 996.0784648017432 5.8276204553019616e-12 1
5 117 235 996.653126583912 5.8552599008791235e-12 1
5 117 236 997.0256035174991 5.883162774543542e-12 1
5 117 237 997.3980804511064 5.910424873468697e-12 1
5 117 238 997.7705573847035 5.93667712289615e-12 1
5 117 239 998.1117389022575 5.96386661486063e-12 1
5 118 61 968.1386758223414 3.887665885589919e-12 1
5 118 62 968.7651325087439 3.861256159022476e-12 1
5 118 63 967.5003955234149 3.845609397319801e-12 1
5 118 64 967.4574759915165 3.836693735550905e-12 1
5 118 65 968.8297032278483 3.83152153463872e-12 1
5 118 66 969.1676875855907 3.828550140863829e-12 1
5 118 67 969.8436563010806 3.826674232581317e-12 1
5 118 68 970.103900846658 3.825520857927873e-12 1
5 118 69 970.1829969620546 3.824291950960872e-12 1
5 118 70 970.262093077456 3.823063833286312e-12 1
5 118 71 970.3411891928527 3.822117556389116e-12 1
5 118 72 970.3652534215252 3.821285171543149e-12 1
5 118 73 970.2067953985295 3.820464839812401e-12 1
5 118 74 970.0276843467433 3.819897438492517e-12 1
5 118 75 969.84857329496 3.8195040627758384e-12 1
5 118 76 969.6781636391108 3.819055344740421e-12 1
5 118 77 969.5478292793066 3.818624769565179e-12 1
5 118 78 969.4282190047538 3.818570702329742e-12 1
5 118 79 969.3086087302001 3.8185166366253315e-12 1
5 118 80 969.2285772109173 3.818546510342358e-12 1
5 118 81 969.4655989542701 3.8189581204692885e-12 1
5 118 82 969.8419546475797 3.819258918727073e-12 1
5 118 83 970.2183103408571 3.8195534094392546e-12 1
5 118 84 970.5937447889359 3.820076584886796e-12 1
5 118 85 970.9288943738708 3.820778996433739e-12 1
5 118 86 971.2385641666118 3.821371166139527e-12 1
5 118 87 971.5482339593771 3.821991005422606e-12 1
5 118 88 971.8579037521183 3.823067758454122e-12 1
5 118 89 971.9976983271682 3.823878831672992e-12 1
5 118 90 971.9573521885004 3.824690249107241e-12 1
5 118 91 971.912047947124 3.82552539582157e-12 1
5 118 92 971.8667437057462 3.8263703526167776e-12 1
5 118 93 971.7924223397358 3.827279771016633e-12 1
5 118 94 971.6618791515175 3.828677228961276e-12 1
5 118 95 971.5285129161878 3.829688456737786e-12 1
5 118 96 971.3951466808622 3.830469430575336e-12 1
5 118 97 971.288077932892 3.831237174421557e-12 1
5 118 98 971.2927178442878 3.8317223641446765e-12 1
5 118 99 971.3047129694413 3.8322076767726894e-12 1
5 118 100 971.3167080945958 3.8330265257574756e-12 1
5 118 101 971.3393745337462 3.833370071901546e-12 1
5 118 102 971.6543835140112 3.833358636525588e-12 1
5 118 103 971.9920576529914 3.83343383418967e-12 1
5 118 104 972.3297317919613 3.8338453304889835e-12 1
5 118 105 972.6674059309573 3.833384003812486e-12 1
5 118 106 973.0534868224831 3.832712118204558e-12 1
5 118 107 973.4519708676942 3.832012745153175e-12 1
5 118 108 973.8504549129289 3.830735328620062e-12 1
5 118 109 974.2489389581398 3.829458763466806e-12 1
5 118 110 974.6314753161796 3.828287444470116e-12 1
5 118 111 975.0046011020487 3.826758378846357e-12 1
5 118 112 975.3777268879244 3.825173083516606e-12 1
5 118 113 975.7508526737934 3.8235930144250944e-12 1
5 118 114 976.1397811827067 3.821935675519028e-12 1
5 118 115 976.5471300437479 3.820431265016833e-12 1
5 118 116 976.9544789047574 3.8190861090842835e-12 1
5 118 117 977.3618277657704 3.817761820741935e-12 1
5 118 118 977.6753664663211 3.817011186006924e-12 1
5 118 119 977.7643019941079 3.816617730677764e-12 1
5 118 120 977.8532375218972 3.8162243564545365e-12 1
5 118 121 977.9421730496858 3.816788083589303e-12 1
5 118 122 978.0423435085337 3.817738601763879e-12 1
5 118 123 978.1814670102694 3.818614192644599e-12 1
5 118 124 978.324880642242 3.81929234615924e-12 1
5 118 125 978.4682942742259 3.821107717102857e-12 1
5 118 126 978.6161092046357 3.823233661854065e-12 1
5 118 127 978.7848548514692 3.825362494218841e-12 1
5 118 128 978.9592297211934 3.827790016471854e-12 1
5 118 129 979.1336045908938 3.830869729303546e-12 1
5 118 130 979.334920471152 3.833954401795129e-12 1
5 118 131 979.7544615875394 3.837641411880323e-12 1
5 118 132 980.2718859637038 3.841577209852395e-12 1
5 118 133 980.7893103398583 3.845420775806604e-12 1
5 118 134 981.3020920924134 3.848915596839021e-12 1
5 118 135 981.6349867562827 3.853508267253933e-12 1
5 118 136 981.8502489850474 3.858369899793643e-12 1
5 118 137 982.0655112138141 3.863260214706704e-12 1
5 118 138 982.2807734425871 3.868687940648814e-12 1
5 118 139 982.4874617246962 3.874545006950826e-12 1
5 118 140 982.6849317001473 3.880419834954941e-12 1
5 118 141 982.8821215627141 3.887047502116259e-12 1
5 118 142 983.0793114252753 3.8939956805491065e-12 1
5 118 143 983.264579378223 3.900914351801696e-12 1
5 118 144 983.4267657024201 3.9080437812348175e-12 1
5 118 145 983.5876295054726 3.916169893487239e-12 1
5 118 146 983.7484933085344 3.924329869890631e-12 1
5 118 147 983.9379987268137 3.932325930373321e-12 1
5 118 148 984.246808090932 3.94155613687449e-12 1
5 118 149 984.564687695582 3.951016799726423e-12 1
5 118 150 984.8825673002384 3.960522987485992e-12 1
5 118 151 985.1945808580224 3.970732019983682e-12 1
5 118 152 985.3668695111485 3.981515223506949e-12 1
5 118 153 985.5265706529906 3.992364418741258e-12 1
5 118 154 985.6862717948202 4.003710374617328e-12 1
5 118 155 985.8459729366515 4.0158419401116155e-12 1
5 118 156 986.0309014885969 4.028047248296911e-12 1
5 118 157 986.2225211815639 4.040090636465973e-12 1
5 118 158 986.4141408745363 4.053166724852948e-12 1
5 118 159 986.605760567507 4.066628857511333e-12 1
5 118 160 986.7661946896942 4.080180714064907e-12 1
5 118 161 986.9077757168301 4.0944321237871836e-12 1
5 119 54 963.454744547483 4.05984452873977e-12 1
5 119 55 965.5553457831875 4.030435905456666e-12 1
5 119 56 967.0480363688911 4.005081429143031e-12 1
5 119 57 967.7005733277335 3.986263777006939e-12 1
5 119 58 969.1046527499483 3.970831107202489e-12 1
5 119 59 971.0448856851615 3.9482024827293585e-12 1
5 119 60 972.7080267866623 3.913765646685762e-12 1
5 119 61 973.9078855303104 3.87534828784213e-12 1
5 119 62 975.5434053067046 3.8457151511251505e-12 1
5 119 63 976.6883578113076 3.8274756671673925e-12 1
5 119 64 977.2886384111997 3.816516278396594e-12 1
5 119 65 977.8727053849087 3.80980276003326e-12 1
5 119 66 977.9323631756 3.805697539798726e-12 1
5 119 67 978.0516787569836 3.8029229275579435e-12 1
5 119 68 978.1614894633353 3.801061507616673e-12 1
5 119 69 978.3881659260505 3.7990367794885765e-12 1
5 119 70 978.6148423887796 3.797014207253725e-12 1
5 119 71 978.8415188514947 3.795354988279313e-12 1
5 119 72 979.0375251330319 3.793580269319219e-12 1
5 119 73 979.1318087431874 3.791799766421887e-12 1
5 119 74 979.2145820786182 3.790106676656991e-12 1
5 119 75 979.2973554140473 3.7885554387544e-12 1
5 119 76 979.3830058104611 3.78700547013246e-12 1
5 119 77 979.4819068475582 3.785705619649353e-12 1
5 119 78 979.5843537349368 3.784611709681691e-12 1
5 119 79 979.6868006223164 3.7832805163910175e-12 1
5 120 48 955.7222217399997 4.21396783258732e-12 1
5 120 49 956.7082759860334 4.20740696185661e-12 1
5 120 50 957.8305111772639 4.209199158021821e-12 1
5 120 51 959.2954407938917 4.212823641540734e-12 1
5 120 52 961.114790233018 4.213295831630439e-12 1
5 120 53 963.1579923862377 4.20567580185376e-12 1
5 120 54 965.3811692192262 4.186335971918213e-12 1
5 120 55 966.971902343152 4.15373734885939e-12 1
5 120 56 968.3010337900579 4.113833729468626e-12 1
5 120 57 970.2293599695751 4.073655867036927e-12 1
5 121 48 956.0277365680164 4.334674611926342e-12 1
5 121 49 957.488614787989 4.332978856300813e-12 1
5 121 50 958.5815618698884 4.3457052362619765e-12 1
5 121 51 959.8257270981499 4.331254812156252e-12 1
