5 19 27 986.7509279958349 5.1003088278201924e-11 1
5 20 17 909.9841433278749 1.8495888104119526e-11 1
5 20 18 917.8624392263049 1.8255565855051855e-11 1
5 20 19 925.2915163747449 1.8433970252612886e-11 1
5 20 20 936.5881472341249 1.9627136506441836e-11 1
5 20 21 941.1729861013049 2.191107033014144e-11 1
5 20 22 960.7953005544349 2.4902343258559568e-11 1
5 20 23 989.7675295583349 2.7745815462468582e-11 1
5 20 24 1001.6749392263049 2.946467908827323e-11 1
5 20 25 1005.6737185231849 3.07448840775889e-11 1
5 20 26 1011.2228518239649 3.5180985623983445e-11 1
5 20 27 1021.3671389333349 4.582602358491166e-11 1
5 21 11 955.4115725270849 1.9074575773860805e-11 1
5 21 12 961.5496340505249 1.91218879265004e-11 1
5 21 13 968.3919802419349 1.8789733029720065e-11 1
5 21 14 973.0595827809949 1.8010091103290164e-11 1
5 21 15 976.3283816091249 1.7607359325968274e-11 1
5 21 16 980.8915529958349 1.718508262664105e-11 1
5 21 17 984.3214236013049 1.6968323058202036e-11 1
5 21 18 987.4134646169349 1.6881594372801875e-11 1
