4 55 104 968.5957983505723 1.8372260423062345e-11 1
4 55 105 989.1975439560423 1.9845640333342327e-11 1
4 55 106 1012.6908300888523 2.0534329000000592e-11 1
4 55 107 1005.6475561630723 2.195271871572142e-11 1
4 56 79 948.2192114365123 1.002048224845866e-11 1
4 56 80 948.2192114365123 1.0185222143759727e-11 1
4 56 81 951.2054174912023 1.0353140904696422e-11 1
4 56 82 954.0132177841723 1.0522515991026294e-11 1
4 56 83 956.0114477646423 1.0694181001144592e-11 1
4 56 84 962.9274633896423 1.0865354169971832e-11 1
4 56 85 962.9274633896423 1.1035238596841455e-11 1
4 56 86 965.9407690537023 1.1204755074438205e-11 1
4 56 87 970.2707251083923 1.1373548368175559e-11 1
4 56 88 975.1489599716723 1.1537502226478173e-11 1
4 56 89 984.8294409287023 1.1700128936264492e-11 1
4 56 90 984.8294409287023 1.1856838229305817e-11 1
4 56 91 988.4935644638523 1.2007093911450899e-11 1
4 56 92 991.6783178818223 1.2152843435368577e-11 1
4 56 93 994.9129980576023 1.2293584026110095e-11 1
4 56 94 999.8952978622923 1.2424095230033457e-11 1
4 56 95 999.8952978622923 1.2547428946740697e-11 1
4 56 96 1002.1081274521423 1.2660942093321015e-11 1
4 56 97 1004.3643530380723 1.2763950635535526e-11 1
4 56 98 1004.7396582138523 1.2878388617573252e-11 1
4 56 99 1005.7015112412023 1.301949906705244e-11 1
4 56 100 1007.2118261826023 1.3180530586286186e-11 1
4 56 101 1008.7178686630723 1.3389455824813516e-11 1
4 56 102 1011.6081274521423 1.3870949959786833e-11 1
4 56 103 1014.5478857529223 1.5018946707444906e-11 1
4 56 104 1016.9478491318223 1.6887979529096187e-11 1
4 56 105 1021.3400000107323 1.880983371769403e-11 1
4 57 32 964.6092871201023 7.847276977952783e-12 1
4 57 33 966.8861425888523 7.821272425048337e-12 1
4 57 34 965.5874365341723 7.803611380741793e-12 1
4 57 35 965.5874365341723 7.78862182919207e-12 1
4 57 36 963.2982519638523 7.774795363989054e-12 1
4 57 37 962.2441748154223 7.762247519389725e-12 1
4 57 38 965.1136816513523 7.750460664094526e-12 1
4 57 39 966.2727392685423 7.740740118502455e-12 1
4 57 40 966.2727392685423 7.733223591696811e-12 1
4 57 41 966.0998877060423 7.728125194439856e-12 1
4 57 42 965.5783422958923 7.725877146482203e-12 1
4 57 43 964.0267065537023 7.726624841508825e-12 1
4 57 44 967.1378515732323 7.730485541544824e-12 1
4 57 45 967.1378515732323 7.737288156448678e-12 1
4 57 46 968.8398169052623 7.746901412735638e-12 1
4 57 47 968.0363501083923 7.758982341305278e-12 1
4 57 48 964.1348608505723 7.772444028004332e-12 1
4 57 49 966.7859838974523 7.78672084418307e-12 1
4 57 50 966.7859838974523 7.801008390035311e-12 1
4 57 51 969.1993750107323 7.807792136805232e-12 1
4 57 52 972.6331518662023 7.807152769620161e-12 1
4 57 53 975.5613745224523 7.796061218945337e-12 1
4 57 54 975.7965429794823 7.780712697657719e-12 1
4 57 55 975.7965429794823 7.766759978827352e-12 1
4 57 56 976.8562963974523 7.759315550083485e-12 1
4 57 57 976.6960791122923 7.759542560253826e-12 1
4 57 58 977.9985693466723 7.764996934507406e-12 1
4 57 59 979.0102880966723 7.777195682073385e-12 1
4 57 60 979.0102880966723 7.798966588574031e-12 1
4 57 61 980.2591284287023 7.830003961627755e-12 1
4 57 62 980.9236181747923 7.869520549271755e-12 1
4 57 63 982.0495337021423 7.9178651297985e-12 1
4 57 64 985.7607763779223 7.97623937063418e-12 1
4 57 65 985.7607763779223 8.04230839420483e-12 1
4 57 66 987.6487768662023 8.117713333465605e-12 1
4 57 67 988.3614843857323 8.198703340563599e-12 1
4 57 68 989.0120581162023 8.286660411352969e-12 1
4 57 69 988.7812841904223 8.381083078369089e-12 1
4 57 70 988.7812841904223 8.479668990358088e-12 1
4 57 71 987.7484472763523 8.584149418603971e-12 1
4 57 72 986.1516455185423 8.697732697749512e-12 1
4 57 73 983.8030737412023 8.820792449625822e-12 1
4 57 74 981.5611303818223 8.95308115971634e-12 1
4 57 75 981.5611303818223 9.093510260538158e-12 1
4 57 76 983.0384863388523 9.242046320070433e-12 1
4 57 77 982.3392065537023 9.398156501977564e-12 1
4 57 78 981.2482031357323 9.561624981948809e-12 1
4 57 79 986.6375463974523 9.729857865341717e-12 1
4 57 80 986.6375463974523 9.905078341989281e-12 1
4 57 81 988.8812597763523 1.0085024307856674e-11 1
4 57 82 991.9573095810423 1.031207171371261e-11 1
4 57 83 994.1487158310423 1.0502547271559205e-11 1
4 57 84 999.3516577255723 1.0698480017892103e-11 1
4 57 85 999.3516577255723 1.089843581104603e-11 1
4 57 86 1000.5437963974523 1.1100477820555986e-11 1
4 57 87 1001.2276342880723 1.1302788875541688e-11 1
4 57 88 1002.2050512802623 1.1504497016179716e-11 1
4 57 89 1003.1288183701023 1.1504497016179716e-11 1
4 57 90 1003.1288183701023 1.1832924223316465e-11 1
4 57 91 1004.2673681747923 1.2014890279977645e-11 1
4 58 24 960.2021826279223 8.396055338460146e-12 1
4 58 25 961.5084570419823 8.366170373170636e-12 1
4 58 26 964.5612524521423 8.333350066139275e-12 1
4 58 27 968.1863745224523 8.254824535017892e-12 1
4 58 28 972.2050512802623 8.131890057293462e-12 1
4 58 29 974.0445898544823 8.016367056711579e-12 1
4 58 30 977.3395727646423 7.936908412684556e-12 1
4 58 31 979.2535131943223 7.863167216582527e-12 1
4 58 32 979.8718603622923 7.805218345762342e-12 1
4 58 33 981.5548437607323 7.765220841284987e-12 1
4 58 34 982.1147802841723 7.738672714637493e-12 1
4 58 35 982.1147802841723 7.693197138763524e-12 1
4 58 36 982.2685278427623 7.673712651451087e-12 1
4 58 37 982.6660498154223 7.655207295435164e-12 1
4 58 38 983.9159887802623 7.637814500729372e-12 1
4 58 39 984.1582983505723 7.621586198434903e-12 1
4 58 40 984.1582983505723 7.606658147246865e-12 1
4 58 41 984.5058935654223 7.606658147246865e-12 1
4 58 42 985.0315283310423 7.571453163070964e-12 1
4 58 43 985.5831030380723 7.562580596769593e-12 1
4 59 24 961.1244848740123 8.78300276680096e-12 1
4 59 25 963.2685278427623 8.698866649278362e-12 1
4 59 26 965.6969336044823 8.682438385237923e-12 1
