1 98 267 976.0232805707105 4.8906941504865306e-11 1
1 98 268 995.7425798871105 4.3456486766929615e-11 1
1 98 269 1018.0295671918005 3.4062214759519676e-11 1
1 98 270 1012.1925920941405 3.092874486475607e-11 1
1 99 206 954.7642473675805 6.799148611694095e-11 1
1 99 207 954.7642473675805 6.758101306040419e-11 1
1 99 208 954.7642473675805 6.718632950494957e-11 1
1 99 209 954.7642473675805 6.679622920841546e-11 1
1 99 210 957.7504534222705 6.328029709131783e-11 1
1 99 211 957.7504534222705 6.295788031823573e-11 1
1 99 212 957.7504534222705 6.263873235458784e-11 1
1 99 213 957.7504534222705 6.232616798646495e-11 1
1 99 214 960.5582537152405 5.944980704662133e-11 1
1 99 215 960.5582537152405 5.918669845663407e-11 1
1 99 216 960.5582537152405 5.892590849836615e-11 1
1 99 217 960.5582537152405 5.867678488530815e-11 1
1 99 218 960.5582537152405 5.844223071992524e-11 1
1 99 219 962.5564836957105 5.6564698627447024e-11 1
1 99 220 962.5564836957105 5.635385413136067e-11 1
1 99 221 962.5564836957105 5.6157326696400596e-11 1
1 99 222 962.5564836957105 5.596216523039147e-11 1
1 99 223 969.4724993207105 5.0866884051208334e-11 1
1 99 224 969.4724993207105 5.072473434318444e-11 1
1 99 225 969.4724993207105 5.0580801426161104e-11 1
1 99 226 969.4724993207105 5.0437683025645497e-11 1
1 99 227 972.4858049847705 4.846766115132367e-11 1
1 99 228 972.4858049847705 4.835159353838546e-11 1
1 99 229 972.4858049847705 4.823422191115009e-11 1
1 99 230 972.4858049847705 4.8118593102462326e-11 1
1 99 231 976.8157610394605 4.5642506623134726e-11 1
1 99 232 976.8157610394605 4.55491088010597e-11 1
1 99 233 976.8157610394605 4.5458649143616616e-11 1
1 99 234 976.8157610394605 4.537862904107814e-11 1
1 99 235 981.6939959027405 4.2925205699692524e-11 1
1 99 236 981.6939959027405 4.285168065521875e-11 1
1 99 237 981.6939959027405 4.27820400002041e-11 1
1 99 238 981.6939959027405 4.2717480977338646e-11 1
1 99 239 991.3744768597705 3.8662186389183496e-11 1
1 99 240 991.3744768597705 3.861246235739157e-11 1
1 99 241 991.3744768597705 3.8566333430652113e-11 1
1 99 242 991.3744768597705 3.85203145895527e-11 1
1 99 243 991.3744768597705 3.8475796103733485e-11 1
1 99 244 995.0386003949205 3.712985033347534e-11 1
1 99 245 995.0386003949205 3.709297484269809e-11 1
1 99 246 995.0386003949205 3.705617252499644e-11 1
1 99 247 995.0386003949205 3.702256317165426e-11 1
1 99 248 998.2233538128905 3.593351645967267e-11 1
1 99 249 998.2233538128905 3.590400482360898e-11 1
1 99 250 998.2233538128905 3.587501295264701e-11 1
1 99 251 998.2233538128905 3.585060932067136e-11 1
1 99 252 1001.4580339886705 3.4817519407108756e-11 1
1 99 253 1001.4580339886705 3.479530398812556e-11 1
1 99 254 1001.4580339886705 3.4777238405312526e-11 1
1 99 255 1001.4580339886705 3.47589224019589e-11 1
1 99 256 1006.4403337933605 3.329968015231187e-11 1
1 99 257 1006.4403337933605 3.3285196666624586e-11 1
1 99 258 1006.4403337933605 3.3269884639758614e-11 1
1 99 259 1008.6531633832105 3.264706959341344e-11 1
1 99 260 1008.6531633832105 3.2624368922859955e-11 1
1 99 261 1010.9093889691405 3.2017623149496786e-11 1
1 99 262 1012.2465471722705 3.168173820728337e-11 1
1 99 263 1013.3654436566405 3.144589631238691e-11 1
1 99 264 1015.2629045941405 3.104955916637985e-11 1
1 99 265 1018.1531633832105 3.0450099409905147e-11 1
1 99 266 1021.0929216839905 3.057403399537252e-11 1
1 99 267 1023.1556047894605 3.217619925519779e-11 1
1 99 268 1027.8850359418004 3.366183965939612e-11 1
1 100 43 970.9567522503905 6.854436677272719e-11 1
1 100 44 971.1543230511705 6.850447624413491e-11 1
1 100 45 971.1543230511705 6.870143136489279e-11 1
1 100 46 971.1543230511705 6.88995840395918e-11 1
1 100 47 971.1543230511705 6.910760703940534e-11 1
1 100 48 973.5979876019605 6.651078323728678e-11 1
1 100 49 973.5979876019605 6.671445195256589e-11 1
1 100 50 973.5979876019605 6.69209483838006e-11 1
1 100 51 973.5979876019605 6.714403857249278e-11 1
1 100 52 973.4311785199205 6.755842142171107e-11 1
1 100 53 973.4311785199205 6.778803187192255e-11 1
1 100 54 973.4311785199205 6.8037904748191e-11 1
1 100 55 973.4311785199205 6.828601573776704e-11 1
1 100 56 972.1324724652405 7.009571349012568e-11 1
1 100 57 972.1324724652405 7.03678032557876e-11 1
1 100 58 972.1324724652405 7.06537912777293e-11 1
1 100 59 972.1324724652405 7.09421134044149e-11 1
1 100 60 969.8432878949205 7.427275806923855e-11 1
1 100 61 969.8432878949205 7.46185999218983e-11 1
1 100 62 969.8432878949205 7.496767758076175e-11 1
1 100 63 969.8432878949205 7.532641957046839e-11 1
1 100 64 968.7892107464905 7.725544421135225e-11 1
1 100 65 968.7892107464905 7.765543756792599e-11 1
1 100 66 968.7892107464905 7.805959444663165e-11 1
1 100 67 968.7892107464905 7.847785571378178e-11 1
1 100 68 968.7892107464905 7.891400991976315e-11 1
1 100 69 971.6587175824205 7.508087589901125e-11 1
1 100 70 971.6587175824205 7.549325221754723e-11 1
1 100 71 971.6587175824205 7.591360400827674e-11 1
1 100 72 971.6587175824205 7.633866310688906e-11 1
1 100 73 972.8177751996105 7.510518234443423e-11 1
1 100 74 972.8177751996105 7.553714570606841e-11 1
1 100 75 972.8177751996105 7.596276853456032e-11 1
1 100 76 972.8177751996105 7.639321498492023e-11 1
1 100 77 972.6449236371105 7.70801059872965e-11 1
1 100 78 972.6449236371105 7.751297513805775e-11 1
1 100 79 972.6449236371105 7.795073358971023e-11 1
1 100 80 972.6449236371105 7.839873440501507e-11 1
1 100 81 972.1233782269605 7.964844994072344e-11 1
1 100 82 972.1233782269605 8.0093403689405e-11 1
1 100 83 972.1233782269605 8.054335680927316e-11 1
1 100 84 972.1233782269605 8.096978059621564e-11 1
1 100 85 970.5717424847705 8.405548360763689e-11 1
1 100 86 970.5717424847705 8.452063816616655e-11 1
1 100 87 970.5717424847705 8.497409111550446e-11 1
1 100 88 970.5717424847705 8.540957374773671e-11 1
1 100 89 973.6828875043005 8.047595468206967e-11 1
1 100 90 973.6828875043005 8.084904439747834e-11 1
1 100 91 973.6828875043005 8.11957298678944e-11 1
1 100 92 973.6828875043005 8.155828476652565e-11 1
1 100 93 973.6828875043005 8.192409194504288e-11 1
1 100 94 975.3848528363305 7.946852480776499e-11 1
1 100 95 975.3848528363305 7.978284657629973e-11 1
1 100 96 975.3848528363305 8.009966469172164e-11 1
1 100 97 975.3848528363305 8.039684307371705e-11 1
1 100 98 974.5813860394605 8.20125587232395e-11 1
1 100 99 974.5813860394605 8.231888373003668e-11 1
1 100 100 974.5813860394605 8.26255834731091e-11 1
1 100 101 974.5813860394605 8.291589475859291e-11 1
1 100 102 970.6798967816405 9.055783939542892e-11 1
1 100 103 970.6798967816405 9.088466884472106e-11 1
1 100 104 970.6798967816405 9.120738541496575e-11 1
1 100 105 970.6798967816405 9.153736096554437e-11 1
1 100 106 973.3310198285205 8.658908668191848e-11 1
1 100 107 973.3310198285205 8.683150063046412e-11 1
1 100 108 973.3310198285205 8.710128294969219e-11 1
1 100 109 973.3310198285205 8.738958056329494e-11 1
1 100 110 975.7444109418005 8.327440925349006e-11 1
1 100 111 975.7444109418005 8.353738071323227e-11 1
1 100 112 975.7444109418005 8.380201830454626e-11 1
1 100 113 975.7444109418005 8.404021903051861e-11 1
1 100 114 979.1781877972705 7.860603359699476e-11 1
1 100 115 979.1781877972705 7.883982188749822e-11 1
1 100 116 979.1781877972705 7.90697503503915e-11 1
1 100 117 979.1781877972705 7.928277285770468e-11 1
1 100 118 979.1781877972705 7.94964037538366e-11 1
1 100 119 982.1064104535205 7.531159634229326e-11 1
1 100 120 982.1064104535205 7.549407318116918e-11 1
1 100 121 982.1064104535205 7.562338552659971e-11 1
1 100 122 982.1064104535205 7.575314162538347e-11 1
1 100 123 982.3415789105505 7.554608353529213e-11 1
1 100 124 982.3415789105505 7.561825047385237e-11 1
1 100 125 982.3415789105505 7.566804281735525e-11 1
1 100 126 982.3415789105505 7.571790077758586e-11 1
1 100 127 983.4013323285205 7.424552931143888e-11 1
1 100 128 983.4013323285205 7.420839059865878e-11 1
1 100 129 983.4013323285205 7.416586300263366e-11 1
1 100 130 983.4013323285205 7.411553243190533e-11 1
1 100 131 983.2411150433605 7.420962035123519e-11 1
1 100 132 983.2411150433605 7.408346069410014e-11 1
1 100 133 983.2411150433605 7.39644975572194e-11 1
1 100 134 983.2411150433605 7.377929020787861e-11 1
1 100 135 984.5436052777405 7.185075071893272e-11 1
1 100 136 984.5436052777405 7.165593838388446e-11 1
1 100 137 984.5436052777405 7.143955026998927e-11 1
1 100 138 984.5436052777405 7.117633872169443e-11 1
1 100 139 985.5553240277405 6.966266105065072e-11 1
1 100 140 985.5553240277405 6.940478816638812e-11 1
1 100 141 985.5553240277405 6.910121189946142e-11 1
1 100 142 985.5553240277405 6.879637420286781e-11 1
1 100 143 985.5553240277405 6.84942142561763e-11 1
1 100 144 986.8041643597705 6.674073947105122e-11 1
1 100 145 986.8041643597705 6.641428479765533e-11 1
1 100 146 986.8041643597705 6.609166350313602e-11 1
1 100 147 986.8041643597705 6.575849278680242e-11 1
1 100 148 987.4686541058605 6.470321678114304e-11 1
1 100 149 987.4686541058605 6.436215552065606e-11 1
1 100 150 987.4686541058605 6.402589132913967e-11 1
1 100 151 987.4686541058605 6.36668477422405e-11 1
1 100 152 988.5945696332105 6.219991213345254e-11 1
1 100 153 988.5945696332105 6.185766319743543e-11 1
1 100 154 988.5945696332105 6.150275968844064e-11 1
1 100 155 988.5945696332105 6.114680295695648e-11 1
1 100 156 992.3058123089905 5.7549911983723327e-11 1
1 100 157 992.3058123089905 5.723906054407604e-11 1
1 100 158 992.3058123089905 5.691981258336112e-11 1
1 100 159 992.3058123089905 5.660207871743477e-11 1
1 100 160 994.1938127972705 5.483023384741365e-11 1
1 100 161 994.1938127972705 5.452594765498656e-11 1
1 100 162 994.1938127972705 5.4225020160044466e-11 1
1 100 163 994.1938127972705 5.3929148595708756e-11 1
1 100 164 994.9065203168005 5.3120309710222745e-11 1
1 100 165 994.9065203168005 5.282504928840589e-11 1
1 100 166 994.9065203168005 5.253305303531256e-11 1
1 100 167 994.9065203168005 5.223813974075118e-11 1
1 100 168 994.9065203168005 5.194034176823299e-11 1
1 100 169 995.5570940472705 5.121657452656975e-11 1
1 100 170 995.5570940472705 5.0930107250124065e-11 1
1 100 171 995.5570940472705 5.063708279476507e-11 1
1 100 172 995.5570940472705 5.0347410861150985e-11 1
1 100 173 995.3263201214905 5.020509192425617e-11 1
1 100 174 995.3263201214905 4.991461366948326e-11 1
1 100 175 995.3263201214905 4.96262815818924e-11 1
1 100 176 995.3263201214905 4.9341565206388484e-11 1
1 100 177 994.2934832074205 4.9691488087279476e-11 1
1 100 178 994.2934832074205 4.940632685502163e-11 1
1 100 179 994.2934832074205 4.912345596225732e-11 1
1 100 180 994.2934832074205 4.8844057995636324e-11 1
1 100 181 992.6966814496105 4.95305885388594e-11 1
1 100 182 992.6966814496105 4.9249028218637044e-11 1
1 100 183 992.6966814496105 4.897182132180316e-11 1
1 100 184 992.6966814496105 4.869941745230448e-11 1
1 100 185 990.3481096722705 4.984763686742935e-11 1
1 100 186 990.3481096722705 4.9565792562912166e-11 1
1 100 187 990.3481096722705 4.92887234840683e-11 1
1 100 188 990.3481096722705 4.901566074917225e-11 1
1 100 189 988.1061663128905 5.011480464004593e-11 1
1 100 190 988.1061663128905 4.983299621419791e-11 1
1 100 191 988.1061663128905 4.955713923597607e-11 1
1 100 192 988.1061663128905 4.9284204591700516e-11 1
1 100 193 988.1061663128905 4.9014259841448525e-11 1
1 100 194 989.5835222699205 4.7888513836242554e-11 1
1 100 195 989.5835222699205 4.76376845456289e-11 1
1 100 196 989.5835222699205 4.738946913916667e-11 1
1 100 197 989.5835222699205 4.714646119589936e-11 1
1 100 198 988.8842424847705 4.729683549884215e-11 1
1 100 199 988.8842424847705 4.7057623480898776e-11 1
1 100 200 988.8842424847705 4.6821422073693016e-11 1
1 100 201 988.8842424847705 4.6593342247580755e-11 1
1 100 202 987.7932390668005 4.696138345201156e-11 1
1 100 203 987.7932390668005 4.673259686581323e-11 1
1 100 204 987.7932390668005 4.651257275203462e-11 1
1 100 205 987.7932390668005 4.6295361693725957e-11 1
1 100 206 993.1825823285205 4.338649903690421e-11 1
1 100 207 993.1825823285205 4.320049212514964e-11 1
1 100 208 993.1825823285205 4.3020124731551895e-11 1
1 100 209 993.1825823285205 4.284125718821226e-11 1
1 100 210 995.4262957074205 4.166888669847169e-11 1
1 100 211 995.4262957074205 4.150993606015943e-11 1
1 100 212 995.4262957074205 4.135094942436403e-11 1
1 100 213 995.4262957074205 4.119317600689659e-11 1
1 100 214 998.5023455121105 3.994039656396602e-11 1
1 100 215 998.5023455121105 3.994039656396602e-11 1
1 100 216 998.5023455121105 3.927681657374407e-11 1
1 100 217 998.5023455121105 3.927681657374407e-11 1
1 100 218 998.5023455121105 3.927681657374407e-11 1
1 100 219 1000.6937517621105 3.8051155626186356e-11 1
1 100 220 1000.6937517621105 3.8051155626186356e-11 1
1 100 221 1000.6937517621105 3.8051155626186356e-11 1
1 100 222 1000.6937517621105 3.768583141318065e-11 1
1 100 223 1005.8966936566405 3.592482187239519e-11 1
1 100 224 1005.8966936566405 3.592482187239519e-11 1
1 100 225 1005.8966936566405 3.562153424365739e-11 1
1 100 226 1005.8966936566405 3.562153424365739e-11 1
1 100 227 1007.0888323285205 3.524733262411194e-11 1
1 100 228 1007.0888323285205 3.524733262411194e-11 1
1 100 229 1007.0888323285205 3.4976727901912105e-11 1
1 100 230 1007.0888323285205 3.4976727901912105e-11 1
1 100 231 1007.7726702191405 3.476882413827276e-11 1
1 100 232 1007.7726702191405 3.452663122475002e-11 1
1 100 233 1007.7726702191405 3.452663122475002e-11 1
1 100 234 1007.7726702191405 3.452663122475002e-11 1
1 100 235 1008.7500872113305 3.402314795106338e-11 1
1 100 236 1008.7500872113305 3.402314795106338e-11 1
1 100 237 1008.7500872113305 3.402314795106338e-11 1
1 100 238 1008.7500872113305 3.402314795106338e-11 1
1 100 239 1009.6738543011705 3.375789977402536e-11 1
1 100 240 1009.6738543011705 3.375789977402536e-11 1
1 100 241 1009.6738543011705 3.375789977402536e-11 1
1 100 242 1009.6738543011705 3.375789977402536e-11 1
1 100 243 1009.6738543011705 3.3301202199011177e-11 1
1 100 244 1010.8124041058605 3.2988511706503137e-11 1
1 100 245 1010.8124041058605 3.2850075914672475e-11 1
1 100 246 1010.8124041058605 3.2850075914672475e-11 1
1 101 24 966.7472185589905 4.770294088069093e-11 1
1 101 25 968.0534929730505 4.7344283215779755e-11 1
1 101 26 971.1062883832105 4.693193993227221e-11 1
1 101 27 974.7314104535205 4.749434680231474e-11 1
1 101 28 978.7500872113305 4.969114222100192e-11 1
1 101 29 980.3202776410205 5.384963390702791e-11 1
1 101 30 982.2004045941405 5.538317776326991e-11 1
1 101 31 983.8846086957105 5.553993076542046e-11 1
1 101 32 984.1341814496105 5.612846436270707e-11 1
1 101 33 984.5620378949205 5.626699976112709e-11 1
1 101 34 984.8992571332105 5.632747777068023e-11 1
1 101 35 985.7985491253905 5.5847079847497745e-11 1
1 101 36 985.7985491253905 5.6001897636914115e-11 1
1 101 37 985.7985491253905 5.612980306535098e-11 1
1 101 38 985.7985491253905 5.626291665505752e-11 1
1 101 39 986.1760515668005 5.609808277698206e-11 1
1 101 40 986.1760515668005 5.6229845169775005e-11 1
1 101 41 986.1760515668005 5.636938272411935e-11 1
1 101 42 986.1760515668005 5.6509614542050593e-11 1
1 101 43 986.1760515668005 5.665018550477066e-11 1
1 101 44 986.4168962933605 5.660032165093942e-11 1
1 101 45 986.4168962933605 5.674533213382669e-11 1
1 101 46 986.4168962933605 5.689108756133342e-11 1
1 101 47 986.4168962933605 5.703749188853937e-11 1
1 101 48 986.6451677777405 5.6999507326762085e-11 1
1 101 49 986.6451677777405 5.7147798985093126e-11 1
1 101 50 986.6451677777405 5.729667939811803e-11 1
1 101 51 986.6451677777405 5.744498287864094e-11 1
1 101 52 988.0998796918005 5.641322999342973e-11 1
1 101 53 988.0998796918005 5.655776539025512e-11 1
1 101 54 988.0998796918005 5.6705248647512583e-11 1
1 101 55 988.0998796918005 5.6854201017321373e-11 1
1 101 56 988.6598162152405 5.655226621499648e-11 1
1 101 57 988.6598162152405 5.670108853566766e-11 1
1 101 58 988.6598162152405 5.666307277161434e-11 1
1 101 59 988.6598162152405 5.666307277161434e-11 1
1 101 60 988.8135637738305 5.692777965502576e-11 1
1 101 61 988.8135637738305 5.692777965502576e-11 1
1 101 62 988.8135637738305 5.747914784637585e-11 1
1 101 63 988.8135637738305 5.747914784637585e-11 1
1 101 64 989.2110857464905 5.7152674278766526e-11 1
1 101 65 989.2110857464905 5.7725914651333224e-11 1
1 101 66 989.2110857464905 5.7725914651333224e-11 1
1 101 67 989.2110857464905 5.7725914651333224e-11 1
1 101 68 989.2110857464905 5.7725914651333224e-11 1
1 101 69 990.4610247113305 5.727464756113134e-11 1
1 101 70 990.4610247113305 5.727464756113134e-11 1
1 101 71 990.4610247113305 5.727464756113134e-11 1
1 101 72 990.4610247113305 5.7857040070695855e-11 1
1 101 73 990.7033342816405 5.7654969283703856e-11 1
1 101 74 990.7033342816405 5.7654969283703856e-11 1
1 101 75 990.7033342816405 5.823160247974893e-11 1
1 101 76 990.7033342816405 5.823160247974893e-11 1
1 101 77 991.0509294964905 5.793841921190034e-11 1
1 101 78 991.0509294964905 5.793841921190034e-11 1
1 101 79 991.0509294964905 5.850107074027135e-11 1
1 101 80 991.0509294964905 5.850107074027135e-11 1
1 101 81 991.5765642621105 5.8054771828346127e-11 1
1 101 82 991.5765642621105 5.8054771828346127e-11 1
1 101 83 991.5765642621105 5.8054771828346127e-11 1
1 101 84 991.5765642621105 5.8054771828346127e-11 1
1 101 85 992.1281389691405 5.759371193653503e-11 1
1 101 86 992.1281389691405 5.887198559102295e-11 1
1 102 24 967.6695208050805 4.592504244857009e-11 1
1 102 25 969.8135637738305 4.520718696043973e-11 1
1 102 26 972.2419695355505 4.544323028587353e-11 1
