5 113 272 1006.0800560631069 1.089027005910594e-11 1
5 113 273 996.6036454075602 1.1176923037567372e-11 1
5 113 274 981.7259519148099 1.1176923037567372e-11 1
5 114 266 980.5574344467664 8.635516283967733e-12 1
5 114 267 986.6833804494627 9.105985659809342e-12 1
5 114 268 993.7784683051004 9.502402261922767e-12 1
5 114 269 1009.0262169858031 9.813379864656342e-12 1
5 114 270 1013.6333695400926 1.0029157776198447e-11 1
5 114 271 1015.019147757844 1.0248567111594759e-11 1
5 114 272 1013.4733484895037 1.0603022938525631e-11 1
5 114 273 1009.0540503439987 1.0976359357860777e-11 1
5 114 274 997.672994474753 1.0976359357860777e-11 1
5 115 260 1005.708807266821 6.628902972373803e-12 1
5 115 261 1007.0377144067243 6.722462606190182e-12 1
5 115 262 1008.4401304923177 6.8697415715771935e-12 1
5 115 263 1010.5669906140162 7.0941276506090526e-12 1
5 115 264 1011.3844815548013 7.392711963664138e-12 1
5 115 265 1012.0536050192458 7.75685851480002e-12 1
5 115 266 1007.9946952508755 8.185295915468105e-12 1
5 115 267 1015.3566086068222 8.656507595616485e-12 1
5 115 268 1016.409700484419 9.134841748935693e-12 1
5 115 269 1019.3333246581363 9.586290182046833e-12 1
5 116 199 952.1061053150987 4.9257212377896635e-12 1
5 116 200 952.563824444999 4.949141480193886e-12 1
5 116 201 953.0268651677387 4.9727604995058426e-12 1
5 116 202 953.6021743481563 4.996431375211549e-12 1
5 116 203 954.1890238652419 5.020323970901147e-12 1
5 116 204 954.7758733823434 5.044366252247936e-12 1
5 116 205 955.3627228994385 5.06850774489583e-12 1
5 116 206 956.1398358609819 5.0928814230315125e-12 1
5 116 207 956.9691510672737 5.117637791648541e-12 1
5 116 208 957.7984662735429 5.1421908648520594e-12 1
5 116 209 958.6277814798765 5.166980672151734e-12 1
5 116 210 959.4105530933589 5.192065359100243e-12 1
5 116 211 960.1645018397511 5.217112821707192e-12 1
5 116 212 960.9184505861846 5.24226092675723e-12 1
5 116 213 961.672399332577 5.2676550685294695e-12 1
5 116 214 962.4339877221176 5.293083584353225e-12 1
5 116 215 963.2048974372282 5.3184306559715424e-12 1
5 116 216 963.9758071523568 5.344052324468449e-12 1
5 116 217 964.7467168674674 5.3698855396442086e-12 1
5 116 218 965.6745993781974 5.395260627538782e-12 1
5 116 219 966.999623062057 5.421014890255323e-12 1
5 116 220 968.3246467458141 5.447016208102468e-12 1
5 116 221 969.6496704294838 5.4727543493149314e-12 1
5 116 222 970.8656410294591 5.4985274973124645e-12 1
5 116 223 971.6652534061668 5.5245036351626265e-12 1
5 116 224 972.4218356432297 5.550052974727462e-12 1
5 116 225 973.1784178802836 5.575500065388191e-12 1
5 116 226 974.0074006731104 5.6013344929731735e-12 1
5 116 227 975.2066117948277 5.627363844586631e-12 1
5 116 228 976.5058966959489 5.652675766706339e-12 1
5 116 229 977.8051815971708 5.678216424086042e-12 1
5 116 230 979.1709615714633 5.703724842529444e-12 1
5 116 231 981.0930876489078 5.7282633317933815e-12 1
5 116 232 983.2740236229049 5.753455108608617e-12 1
5 116 233 985.4549595967852 5.7788922946557375e-12 1
5 116 234 987.6164210235189 5.803759245203201e-12 1
5 116 235 989.1475320954636 5.8281292118312686e-12 1
5 116 236 990.2396998409281 5.853048237637948e-12 1
5 116 237 991.3318675864509 5.878123195597482e-12 1
5 116 238 992.4240353319445 5.9021917086449976e-12 1
5 116 239 993.2667848920469 5.926458133516618e-12 1
5 116 240 993.8328702517784 5.950481293775072e-12 1
5 116 241 994.3893203815242 5.9738141555967924e-12 1
5 116 242 994.9457705112845 5.997190555845947e-12 1
5 116 243 995.5835064105306 6.0206340961161914e-12 1
5 116 244 996.378943487989 6.042810810375731e-12 1
5 116 245 997.1855181070531 6.064756634390863e-12 1
5 116 246 997.992092726096 6.0871838195291435e-12 1
5 116 247 998.8571834957536 6.109658497676561e-12 1
5 116 248 999.9576981458854 6.1300744965568204e-12 1
5 116 249 1001.0808555438716 6.151257440965257e-12 1
5 116 250 1002.2040129419172 6.172587291610277e-12 1
5 116 251 1003.2835142238544 6.1927108794322715e-12 1
5 116 252 1003.5353446734074 6.21241576492738e-12 1
5 116 253 1003.6914690721003 6.232149736747062e-12 1
5 116 254 1003.847593470797 6.25057727865093e-12 1
5 116 255 1004.00371786949 6.2730869238892585e-12 1
5 116 256 1004.1736190232451 6.30732190233288e-12 1
5 116 257 1004.4101806834383 6.354142644867185e-12 1
5 116 258 1004.8341492141974 6.416582155624614e-12 1
5 116 259 1006.1070118468361 6.496782562890267e-12 1
5 116 260 1007.2740359963057 6.588151155411417e-12 1
5 116 261 1008.7889637262427 6.680520602726471e-12 1
5 116 262 1010.197606777388 6.792508727289686e-12 1
5 116 263 1012.8069888061683 6.987875498612423e-12 1
5 117 121 960.8651981608373 3.951800153719169e-12 1
5 117 122 960.8482138378926 3.948634323945606e-12 1
5 117 123 960.6096357909623 3.945480009193483e-12 1
5 117 124 960.3466523095469 3.942873943333121e-12 1
5 117 125 960.083668828111 3.941160320980976e-12 1
5 117 126 959.84317305717 3.939448187505179e-12 1
5 117 127 959.70961933927 3.937616970313746e-12 1
5 117 128 959.6048272098221 3.937278522276981e-12 1
5 117 129 959.5000350803886 3.937069191770092e-12 1
5 117 130 959.4499791383058 3.9368598835206556e-12 1
5 117 131 959.8432925121117 3.9376196373989104e-12 1
5 117 132 960.4354757998271 3.9389749302202845e-12 1
5 117 133 961.0276590875314 3.940336939334341e-12 1
5 117 134 961.611178966867 3.942274212089398e-12 1
5 117 135 961.8590189707481 3.945155492208276e-12 1
5 117 136 961.8873499401277 3.948040987075611e-12 1
5 117 137 961.9156809095075 3.950795475965863e-12 1
5 117 138 961.9440118788883 3.954975561059786e-12 1
5 117 139 961.9462995582486 3.959343844370639e-12 1
5 117 140 961.9205867095732 3.963721787917353e-12 1
5 117 141 961.8940230204075 3.96891729718962e-12 1
5 117 142 961.8674593312426 3.974708111764749e-12 1
5 117 143 962.2249811589618 3.9805230910335846e-12 1
5 117 144 963.3261186970524 3.986856189150313e-12 1
5 117 145 964.4698636059287 3.994033196585556e-12 1
5 117 146 965.6136085148714 4.00123609024599e-12 1
5 117 147 966.7581087282041 4.008230887155468e-12 1
5 117 148 967.9057550910189 4.016340389725639e-12 1
5 117 149 969.0536406440021 4.024803473443757e-12 1
5 117 150 970.201526197008 4.0333022986681725e-12 1
5 117 151 971.3205998029769 4.042552157844465e-12 1
5 117 152 971.7533941068185 4.052134632794744e-12 1
5 117 153 972.1243630082012 4.061690372800159e-12 1
5 117 154 972.4953319095549 4.071023079494316e-12 1
5 117 155 972.8663008109127 4.081296391502073e-12 1
5 117 156 973.4550300880186 4.091879759889876e-12 1
5 117 157 974.1015165973711 4.10251819449602e-12 1
5 117 158 974.7480031067419 4.113410799830884e-12 1
5 117 159 975.3944896161065 4.124813385708294e-12 1
5 117 160 975.8165098656552 4.136279364420604e-12 1
5 117 161 976.1028300581602 4.148240753347612e-12 1
5 117 162 976.3891502506569 4.160446763613302e-12 1
5 117 163 976.6754704431759 4.1726766236770006e-12 1
5 117 164 976.7224599561024 4.185062884061666e-12 1
5 117 165 976.4840364846491 4.198253217970419e-12 1
5 117 166 976.2456130131823 4.2115269604236924e-12 1
5 117 167 976.007189541729 4.224984177484573e-12 1
5 117 168 975.6649201650031 4.239673222741612e-12 1
5 117 169 975.0671084135231 4.2543238352528405e-12 1
5 117 170 974.4692966620603 4.269076052165623e-12 1
5 117 171 973.8714849105511 4.284824040474208e-12 1
5 117 172 973.265250421352 4.3009424771199454e-12 1
5 117 173 972.6284121211544 4.317179508909524e-12 1
5 117 174 971.9883034046936 4.333913721377415e-12 1
5 117 175 971.3481946883186 4.3513959446160804e-12 1
5 117 176 970.7529177907228 4.369019779336127e-12 1
5 117 177 970.3783959839724 4.3868205782201685e-12 1
5 117 178 970.0634439772645 4.405511603942429e-12 1
5 117 179 969.7484919705632 4.424414220358e-12 1
5 117 180 969.4195765651303 4.443479745712252e-12 1
5 117 181 968.9759107834277 4.4631890027685524e-12 1
5 117 182 968.4797895597372 4.4832689036250935e-12 1
5 117 183 967.9836683360412 4.503508640523002e-12 1
5 117 184 967.4963444127774 4.524042919407193e-12 1
5 117 185 967.3178105153106 4.545216255070272e-12 1
5 117 186 967.3477795803183 4.566588712708702e-12 1
5 117 187 967.3777486453255 4.587873562263361e-12 1
5 117 188 967.4077177103334 4.609594205622595e-12 1
5 117 189 967.4518976935929 4.631901922951764e-12 1
5 117 190 967.5115875002252 4.654426602641451e-12 1
5 117 191 967.5717863428941 4.677252039560352e-12 1
5 117 192 967.6319851855583 4.700335321350704e-12 1
5 117 193 967.7668211790055 4.723571956926199e-12 1
5 117 194 968.0462222353095 4.746480553052143e-12 1
5 117 195 968.3348908921629 4.7700381116846655e-12 1
5 117 196 968.6235595490242 4.794067605604381e-12 1
5 117 197 969.0880704920944 4.818340329574203e-12 1
5 117 198 970.2718912967899 4.842858044535806e-12 1
5 117 199 971.5176764985187 4.867626548229199e-12 1
5 117 200 972.7634617002134 4.892349831037888e-12 1
5 117 201 973.9769959599172 4.916894187778012e-12 1
5 117 202 974.5101392799498 4.942371799680973e-12 1
5 117 203 974.9733436281355 4.968135231152928e-12 1
5 117 204 975.4365479763339 4.994140536799995e-12 1
5 117 205 975.8997523245272 5.020372952869393e-12 1
5 117 206 976.6607881188789 5.046882402908036e-12 1
5 117 207 977.5035394003288 5.072858306829839e-12 1
5 117 208 978.3462906817558 5.0989269209234825e-12 1
5 117 209 979.1890419632481 5.125880174601995e-12 1
5 117 210 980.0440368073927 5.153119895810303e-12 1
5 117 211 980.9066136743326 5.180464256378662e-12 1
5 117 212 981.7691905413197 5.208024299880445e-12 1
5 117 213 982.63176740826 5.235742030477018e-12 1
5 117 214 983.681747755847 5.2629831501591204e-12 1
5 117 215 984.9603839225858 5.290926935814388e-12 1
5 117 216 986.2390200893549 5.319169040203258e-12 1
5 117 217 987.517656256094 5.346606093454561e-12 1
5 117 218 988.6670036139154 5.3738255444946225e-12 1
5 117 219 989.4892502852804 5.402326011605525e-12 1
5 117 220 990.3114969565815 5.431130399100607e-12 1
5 117 221 991.1337436278286 5.4596554397683384e-12 1
5 117 222 991.9601361147213 5.488241766111612e-12 1
5 117 223 992.8023570800465 5.516968647077161e-12 1
5 117 224 993.6462139002941 5.544474825409238e-12 1
5 117 225 994.4900707205319 5.572554825375506e-12 1
5 117 226 995.2852173780705 5.601396518051898e-12 1
5 117 227 995.8312791776575 5.630486092898201e-12 1
5 117 228 996.3100126255416 5.65877830131984e-12 1
5 117 229 996.7887460734628 5.687356272452974e-12 1
5 117 230 997.2972896163005 5.715693259992322e-12 1
5 117 231 998.05524607608 5.742835423662398e-12 1
5 117 232 998.9292283889466 5.770968799630517e-12 1
5 117 233 999.8032107017664 5.799409835557141e-12 1
5 117 234 1000.6682227030898 5.8276204553019616e-12 1
5 117 235 1001.2428844852586 5.8552599008791235e-12 1
5 117 236 1001.6153614188457 5.883162774543542e-12 1
5 117 237 1001.987838352453 5.910424873468697e-12 1
5 117 238 1002.3603152860501 5.93667712289615e-12 1
5 117 239 1002.7014968036041 5.96386661486063e-12 1
5 118 61 972.728433723688 3.887665885589919e-12 1
5 118 62 973.3548904100905 3.861256159022476e-12 1
5 118 63 972.0901534247615 3.845609397319801e-12 1
5 118 64 972.0472338928631 3.836693735550905e-12 1
5 118 65 973.4194611291949 3.83152153463872e-12 1
5 118 66 973.7574454869373 3.828550140863829e-12 1
5 118 67 974.4334142024272 3.826674232581317e-12 1
5 118 68 974.6936587480046 3.825520857927873e-12 1
5 118 69 974.7727548634012 3.824291950960872e-12 1
5 118 70 974.8518509788026 3.823063833286312e-12 1
5 118 71 974.9309470941993 3.822117556389116e-12 1
5 118 72 974.9550113228718 3.821285171543149e-12 1
5 118 73 974.7965532998761 3.820464839812401e-12 1
5 118 74 974.6174422480899 3.819897438492517e-12 1
5 118 75 974.4383311963066 3.8195040627758384e-12 1
5 118 76 974.2679215404575 3.819055344740421e-12 1
5 118 77 974.1375871806532 3.818624769565179e-12 1
5 118 78 974.0179769061004 3.818570702329742e-12 1
5 118 79 973.8983666315468 3.8185166366253315e-12 1
5 118 80 973.8183351122639 3.818546510342358e-12 1
5 118 81 974.0553568556168 3.8189581204692885e-12 1
5 118 82 974.4317125489263 3.819258918727073e-12 1
5 118 83 974.8080682422037 3.8195534094392546e-12 1
5 118 84 975.1835026902825 3.820076584886796e-12 1
5 118 85 975.5186522752174 3.820778996433739e-12 1
5 118 86 975.8283220679584 3.821371166139527e-12 1
5 118 87 976.1379918607237 3.821991005422606e-12 1
5 118 88 976.4476616534649 3.823067758454122e-12 1
5 118 89 976.5874562285148 3.823878831672992e-12 1
5 118 90 976.547110089847 3.824690249107241e-12 1
5 118 91 976.5018058484707 3.82552539582157e-12 1
5 118 92 976.4565016070928 3.8263703526167776e-12 1
5 118 93 976.3821802410824 3.827279771016633e-12 1
5 118 94 976.2516370528641 3.828677228961276e-12 1
5 118 95 976.1182708175344 3.829688456737786e-12 1
5 118 96 975.9849045822089 3.830469430575336e-12 1
5 118 97 975.8778358342386 3.831237174421557e-12 1
5 118 98 975.8824757456345 3.8317223641446765e-12 1
5 118 99 975.8944708707879 3.8322076767726894e-12 1
5 118 100 975.9064659959424 3.8330265257574756e-12 1
5 118 101 975.9291324350928 3.833370071901546e-12 1
5 118 102 976.2441414153578 3.833358636525588e-12 1
5 118 103 976.581815554338 3.83343383418967e-12 1
5 118 104 976.9194896933079 3.8338453304889835e-12 1
5 118 105 977.257163832304 3.833384003812486e-12 1
5 118 106 977.6432447238298 3.832712118204558e-12 1
5 118 107 978.0417287690408 3.832012745153175e-12 1
5 118 108 978.4402128142755 3.830735328620062e-12 1
5 118 109 978.8386968594864 3.829458763466806e-12 1
5 118 110 979.2212332175262 3.828287444470116e-12 1
5 118 111 979.5943590033953 3.826758378846357e-12 1
5 118 112 979.967484789271 3.825173083516606e-12 1
5 118 113 980.34061057514 3.8235930144250944e-12 1
5 118 114 980.7295390840533 3.821935675519028e-12 1
5 118 115 981.1368879450945 3.820431265016833e-12 1
5 118 116 981.544236806104 3.8190861090842835e-12 1
5 118 117 981.951585667117 3.817761820741935e-12 1
5 118 118 982.2651243676677 3.817011186006924e-12 1
5 118 119 982.3540598954545 3.816617730677764e-12 1
5 118 120 982.4429954232438 3.8162243564545365e-12 1
5 118 121 982.5319309510325 3.816788083589303e-12 1
5 118 122 982.6321014098803 3.817738601763879e-12 1
5 118 123 982.7712249116161 3.818614192644599e-12 1
5 118 124 982.9146385435886 3.81929234615924e-12 1
5 118 125 983.0580521755725 3.821107717102857e-12 1
5 118 126 983.2058671059823 3.823233661854065e-12 1
5 118 127 983.3746127528158 3.825362494218841e-12 1
5 118 128 983.54898762254 3.827790016471854e-12 1
5 118 129 983.7233624922404 3.830869729303546e-12 1
5 118 130 983.9246783724986 3.833954401795129e-12 1
5 118 131 984.344219488886 3.837641411880323e-12 1
5 118 132 984.8616438650504 3.841577209852395e-12 1
5 118 133 985.3790682412049 3.845420775806604e-12 1
5 118 134 985.89184999376 3.848915596839021e-12 1
5 118 135 986.2247446576293 3.853508267253933e-12 1
5 118 136 986.440006886394 3.858369899793643e-12 1
5 118 137 986.6552691151608 3.863260214706704e-12 1
5 118 138 986.8705313439337 3.868687940648814e-12 1
5 118 139 987.0772196260428 3.874545006950826e-12 1
5 118 140 987.274689601494 3.880419834954941e-12 1
5 118 141 987.4718794640607 3.887047502116259e-12 1
5 118 142 987.6690693266219 3.8939956805491065e-12 1
5 118 143 987.8543372795696 3.900914351801696e-12 1
5 118 144 988.0165236037667 3.9080437812348175e-12 1
5 118 145 988.1773874068192 3.916169893487239e-12 1
5 118 146 988.338251209881 3.924329869890631e-12 1
5 118 147 988.5277566281603 3.932325930373321e-12 1
5 118 148 988.8365659922786 3.94155613687449e-12 1
5 118 149 989.1544455969287 3.951016799726423e-12 1
5 118 150 989.472325201585 3.960522987485992e-12 1
5 118 151 989.784338759369 3.970732019983682e-12 1
5 118 152 989.9566274124951 3.981515223506949e-12 1
5 118 153 990.1163285543372 3.992364418741258e-12 1
5 118 154 990.2760296961668 4.003710374617328e-12 1
5 118 155 990.4357308379981 4.0158419401116155e-12 1
5 118 156 990.6206593899435 4.028047248296911e-12 1
5 118 157 990.8122790829105 4.040090636465973e-12 1
5 118 158 991.0038987758829 4.053166724852948e-12 1
5 118 159 991.1955184688536 4.066628857511333e-12 1
5 118 160 991.3559525910408 4.080180714064907e-12 1
5 118 161 991.4975336181767 4.0944321237871836e-12 1
5 119 54 968.0445024488296 4.05984452873977e-12 1
5 119 55 970.1451036845341 4.030435905456666e-12 1
5 119 56 971.6377942702377 4.005081429143031e-12 1
5 119 57 972.2903312290802 3.986263777006939e-12 1
5 119 58 973.6944106512949 3.970831107202489e-12 1
5 119 59 975.6346435865081 3.9482024827293585e-12 1
5 119 60 977.297784688009 3.913765646685762e-12 1
5 119 61 978.497643431657 3.87534828784213e-12 1
5 119 62 980.1331632080512 3.8457151511251505e-12 1
5 119 63 981.2781157126542 3.8274756671673925e-12 1
5 119 64 981.8783963125463 3.816516278396594e-12 1
5 119 65 982.4624632862553 3.80980276003326e-12 1
5 119 66 982.5221210769466 3.805697539798726e-12 1
5 119 67 982.6414366583302 3.8029229275579435e-12 1
5 119 68 982.751247364682 3.801061507616673e-12 1
5 119 69 982.9779238273971 3.7990367794885765e-12 1
5 119 70 983.2046002901262 3.797014207253725e-12 1
5 119 71 983.4312767528413 3.795354988279313e-12 1
5 119 72 983.6272830343785 3.793580269319219e-12 1
5 119 73 983.721566644534 3.791799766421887e-12 1
5 119 74 983.8043399799648 3.790106676656991e-12 1
5 119 75 983.8871133153939 3.7885554387544e-12 1
5 119 76 983.9727637118077 3.78700547013246e-12 1
5 119 77 984.0716647489048 3.785705619649353e-12 1
5 119 78 984.1741116362834 3.784611709681691e-12 1
5 119 79 984.276558523663 3.7832805163910175e-12 1
5 120 48 960.3119796413463 4.21396783258732e-12 1
5 120 49 961.29803388738 4.20740696185661e-12 1
5 120 50 962.4202690786105 4.209199158021821e-12 1
5 120 51 963.8851986952383 4.212823641540734e-12 1
5 120 52 965.7045481343646 4.213295831630439e-12 1
5 120 53 967.7477502875843 4.20567580185376e-12 1
5 120 54 969.9709271205728 4.186335971918213e-12 1
5 120 55 971.5616602444986 4.15373734885939e-12 1
5 120 56 972.8907916914045 4.113833729468626e-12 1
5 120 57 974.8191178709217 4.073655867036927e-12 1
5 121 48 960.617494469363 4.334674611926342e-12 1
5 121 49 962.0783726893357 4.332978856300813e-12 1
5 121 50 963.1713197712351 4.3457052362619765e-12 1
5 121 51 964.4154849994965 4.331254812156252e-12 1
