3 113 272 1031.6633254414644 8.454411023420913e-11 1
3 113 273 1022.1869147859178 9.621629874971682e-11 1
3 113 274 1007.3092212931675 9.621629874971682e-11 1
3 114 266 1006.140703825124 6.642782373579309e-11 1
3 114 267 1012.2666498278203 6.268341116044766e-11 1
3 114 268 1019.361737683458 5.984726088640311e-11 1
3 114 269 1034.6094863641606 5.83517332006485e-11 1
3 114 270 1039.2166389184501 5.973437253905326e-11 1
3 114 271 1040.6024171362017 6.53144813244859e-11 1
3 114 272 1039.0566178678612 7.543363472936213e-11 1
3 114 273 1034.6373197223563 8.080150516474462e-11 1
3 114 274 1023.2562638531106 8.080150516474462e-11 1
3 115 260 1031.2920766451787 6.282302319949792e-11 1
3 115 261 1032.6209837850818 6.359381653386679e-11 1
3 115 262 1034.0233998706753 6.527582018821481e-11 1
3 115 263 1036.1502599923738 6.727919894355275e-11 1
3 115 264 1036.9677509331589 6.83474224112994e-11 1
3 115 265 1037.6368743976034 6.742996592232429e-11 1
3 115 266 1033.577964629233 6.456387907107484e-11 1
3 115 267 1040.9398779851797 6.099713760662033e-11 1
3 115 268 1041.9929698627766 5.788113116800752e-11 1
3 115 269 1044.916594036494 5.606064330397192e-11 1
3 116 199 977.6893746934563 5.749030874618514e-11 1
3 116 200 978.1470938233566 5.772327823817076e-11 1
3 116 201 978.6101345460963 5.794109259628406e-11 1
3 116 202 979.1854437265139 5.815880268401247e-11 1
3 116 203 979.7722932435995 5.837830302885134e-11 1
3 116 204 980.359142760701 5.859185261439688e-11 1
3 116 205 980.9459922777961 5.879441028853523e-11 1
3 116 206 981.7231052393395 5.899837334396458e-11 1
3 116 207 982.5524204456314 5.91977139835101e-11 1
3 116 208 983.3817356519005 5.938280285853833e-11 1
3 116 209 984.2110508582341 5.956905276958543e-11 1
3 116 210 984.9938224717165 5.975368715767722e-11 1
3 116 211 985.7477712181087 5.992474826704133e-11 1
3 116 212 986.5017199645422 6.009219389433536e-11 1
3 116 213 987.2556687109346 6.025986365516569e-11 1
3 116 214 988.0172571004753 6.04150672500393e-11 1
3 116 215 988.7881668155858 6.056126647477942e-11 1
3 116 216 989.5590765307144 6.07101661400396e-11 1
3 116 217 990.329986245825 6.08586059504822e-11 1
3 116 218 991.257868756555 6.098428080631084e-11 1
3 116 219 992.5828924404146 6.111397712319068e-11 1
3 116 220 993.9079161241717 6.12442262705519e-11 1
3 116 221 995.2329398078414 6.136035583439668e-11 1
3 116 222 996.4489104078167 6.147098103258562e-11 1
3 116 223 997.2485227845244 6.158163183698871e-11 1
3 116 224 998.0051050215873 6.16830896850713e-11 1
3 116 225 998.7616872586412 6.177532759794492e-11 1
3 116 226 999.590670051468 6.186877138928633e-11 1
3 116 227 1000.7898811731853 6.196170838560544e-11 1
3 116 228 1002.0891660743065 6.203839374871638e-11 1
3 116 229 1003.3884509755284 6.211526916249335e-11 1
3 116 230 1004.7542309498209 6.219207102501403e-11 1
3 116 231 1006.6763570272655 6.225880534375955e-11 1
3 116 232 1008.8572930012625 6.231967532672939e-11 1
3 116 233 1011.0382289751428 6.238060794850971e-11 1
3 116 234 1013.1996904018765 6.243734380877912e-11 1
3 116 235 1014.7308014738212 6.248447397608052e-11 1
3 116 236 1015.8229692192857 6.253018953530685e-11 1
3 116 237 1016.9151369648085 6.25753540809828e-11 1
3 116 238 1018.0073047103022 6.260767077850345e-11 1
3 116 239 1018.8500542704045 6.264002087283294e-11 1
3 116 240 1019.4161396301361 6.267426705066091e-11 1
3 116 241 1019.9725897598818 6.269967848558341e-11 1
3 116 242 1020.5290398896421 6.272061462772303e-11 1
3 116 243 1021.1667757888882 6.2742092398068e-11 1
3 116 244 1021.9622128663466 6.276391115931567e-11 1
3 116 245 1022.7687874854107 6.277741832040752e-11 1
3 116 246 1023.5753621044536 6.278954386845813e-11 1
3 116 247 1024.440452874111 6.280147102878783e-11 1
3 116 248 1025.540967524243 6.280816925664171e-11 1
3 116 249 1026.6641249222291 6.281261187920838e-11 1
3 116 250 1027.7872823202747 6.281705513030149e-11 1
3 116 251 1028.8667836022119 6.281770261619474e-11 1
3 116 252 1029.118614051765 6.281681750999578e-11 1
3 116 253 1029.2747384504578 6.281624847376833e-11 1
3 116 254 1029.4308628491547 6.281611521304087e-11 1
3 116 255 1029.5869872478474 6.280941808681526e-11 1
3 116 256 1029.7568884016027 6.279721752641975e-11 1
3 116 257 1029.9934500617958 6.277188356404447e-11 1
3 116 258 1030.417418592555 6.273004571038389e-11 1
3 116 259 1031.6902812251938 6.266927000197749e-11 1
3 116 260 1032.8573053746632 6.267584299690909e-11 1
3 116 261 1034.3722331046004 6.304250998430494e-11 1
3 116 262 1035.7808761557455 6.391522549882335e-11 1
3 116 263 1038.390258184526 6.558131668982314e-11 1
3 117 121 986.4484675391949 4.114911858786043e-11 1
3 117 122 986.4314832162502 4.122383170702657e-11 1
3 117 123 986.1929051693199 4.129878863281838e-11 1
3 117 124 985.9299216879045 4.1381852808478556e-11 1
3 117 125 985.6669382064686 4.147814340564878e-11 1
3 117 126 985.4264424355276 4.1574883161246737e-11 1
3 117 127 985.2928887176276 4.167314936926049e-11 1
3 117 128 985.1880965881797 4.1788352502315764e-11 1
3 117 129 985.0833044587462 4.1905115145472375e-11 1
3 117 130 985.0332485166634 4.202253212002758e-11 1
3 117 131 985.4265618904693 4.2150288080239004e-11 1
3 117 132 986.0187451781848 4.2284180656879315e-11 1
3 117 133 986.6109284658891 4.241896724433293e-11 1
3 117 134 987.1944483452246 4.255935489578789e-11 1
3 117 135 987.4422883491058 4.270849194028686e-11 1
3 117 136 987.4706193184853 4.285867787626382e-11 1
3 117 137 987.4989502878651 4.30099415675024e-11 1
3 117 138 987.5272812572459 4.317163339890952e-11 1
3 117 139 987.5295689366062 4.333425312111767e-11 1
3 117 140 987.5038560879308 4.349810259364049e-11 1
3 117 141 987.4772923987651 4.3667175144473395e-11 1
3 117 142 987.4507287096002 4.383875874112781e-11 1
3 117 143 987.8082505373194 4.401168385251205e-11 1
3 117 144 988.90938807541 4.418686959898273e-11 1
3 117 145 990.0531329842863 4.436492689539536e-11 1
3 117 146 991.196877893229 4.454442501236855e-11 1
3 117 147 992.3413781065617 4.472597259647042e-11 1
3 117 148 993.4890244693765 4.4911046025253727e-11 1
3 117 149 994.6369100223598 4.509574436438392e-11 1
3 117 150 995.7847955753656 4.528196813441759e-11 1
3 117 151 996.9038691813345 4.547161747251144e-11 1
3 117 152 997.3366634851761 4.5663627985913135e-11 1
3 117 153 997.7076323865588 4.5858056425282536e-11 1
3 117 154 998.0786012879125 4.60639625622806e-11 1
3 117 155 998.4495701892703 4.6270929183835836e-11 1
3 117 156 999.0382994663762 4.6475616938491716e-11 1
3 117 157 999.6847859757287 4.6683079271506915e-11 1
3 117 158 1000.3312724850995 4.690910004890216e-11 1
3 117 159 1000.9777589944641 4.712944801749511e-11 1
3 117 160 1001.3997792440128 4.735187585436894e-11 1
3 117 161 1001.6860994365178 4.758186867179636e-11 1
3 117 162 1001.9724196290146 4.781633104021788e-11 1
3 117 163 1002.2587398215335 4.805395973870825e-11 1
3 117 164 1002.30572933446 4.829782111612511e-11 1
3 117 165 1002.0673058630067 4.8540111324678963e-11 1
3 117 166 1001.8288823915399 4.878484472942921e-11 1
3 117 167 1001.5904589200866 4.902966481732043e-11 1
3 117 168 1001.2481895433607 4.9266091189792456e-11 1
3 117 169 1000.6503777918807 4.9507737388935423e-11 1
3 117 170 1000.0525660404179 4.97517657827395e-11 1
3 117 171 999.4547542889087 4.998752669345271e-11 1
3 117 172 998.8485197997096 5.022303149121179e-11 1
3 117 173 998.211681499512 5.0460818893661616e-11 1
3 117 174 997.5715727830512 5.0696408649431116e-11 1
3 117 175 996.9314640666762 5.092683545596178e-11 1
3 117 176 996.3361871690804 5.115936651217625e-11 1
3 117 177 995.96166536233 5.139473352224097e-11 1
3 117 178 995.6467133556221 5.162351021070071e-11 1
3 117 179 995.3317613489208 5.185236740224072e-11 1
3 117 180 995.002845943488 5.2083262767444594e-11 1
3 117 181 994.5591801617853 5.230906639842681e-11 1
3 117 182 994.0630589380949 5.2533922237769384e-11 1
3 117 183 993.5669377143988 5.2761265586293974e-11 1
3 117 184 993.079613791135 5.2989000143108806e-11 1
3 117 185 992.9010798936682 5.320935614962373e-11 1
3 117 186 992.9310489586759 5.3431552520635485e-11 1
3 117 187 992.9610180236831 5.36606234177893e-11 1
3 117 188 992.990987088691 5.3881887852220264e-11 1
3 117 189 993.0351670719505 5.409918931399461e-11 1
3 117 190 993.0948568785828 5.4318250592753295e-11 1
3 117 191 993.1550557212518 5.453146996637571e-11 1
3 117 192 993.2152545639159 5.474326849120168e-11 1
3 117 193 993.3500905573632 5.4957877214545686e-11 1
3 117 194 993.6294916136671 5.517797962623594e-11 1
3 117 195 993.9181602705205 5.538612698742584e-11 1
3 117 196 994.2068289273818 5.559258775746171e-11 1
3 117 197 994.671339870452 5.5799941818149386e-11 1
3 117 198 995.8551606751475 5.599514841224456e-11 1
3 117 199 997.1009458768763 5.6191725595165656e-11 1
3 117 200 998.346731078571 5.639335568475138e-11 1
3 117 201 999.5602653382748 5.658978679890008e-11 1
3 117 202 1000.0934086583075 5.677389991770782e-11 1
3 117 203 1000.5566130064931 5.695895320585901e-11 1
3 117 204 1001.0198173546916 5.7138627566963245e-11 1
3 117 205 1001.4830217028848 5.7308579938265496e-11 1
3 117 206 1002.2440574972366 5.7479546333797965e-11 1
3 117 207 1003.0868087786864 5.7659085168459616e-11 1
3 117 208 1003.9295600601134 5.7820993486591146e-11 1
3 117 209 1004.7723113416057 5.7977873463402253e-11 1
3 117 210 1005.6273061857503 5.8135607050045606e-11 1
3 117 211 1006.4898830526902 5.828023045403818e-11 1
3 117 212 1007.3524599196774 5.841990857921149e-11 1
3 117 213 1008.2150367866176 5.856160693231469e-11 1
3 117 214 1009.2650171342046 5.870266098032324e-11 1
3 117 215 1010.5436533009434 5.882569159235047e-11 1
3 117 216 1011.8222894677125 5.894923898918498e-11 1
3 117 217 1013.1009256344516 5.908297442241329e-11 1
3 117 218 1014.250272992273 5.919919023496878e-11 1
3 117 219 1015.072519663638 5.930688679594243e-11 1
3 117 220 1015.8947663349392 5.941497591931463e-11 1
3 117 221 1016.7170130061862 5.951172312840605e-11 1
3 117 222 1017.5434054930789 5.960403338700972e-11 1
3 117 223 1018.3856264584041 5.969793339154983e-11 1
3 117 224 1019.2294832786517 5.979520979528857e-11 1
3 117 225 1020.0733400988895 5.987576784158141e-11 1
3 117 226 1020.8684867564281 5.995303344607584e-11 1
3 117 227 1021.4145485560151 6.00298568542795e-11 1
3 117 228 1021.8932820038992 6.009344985045889e-11 1
3 117 229 1022.3720154518204 6.015717772478131e-11 1
3 117 230 1022.8805589946581 6.022447303972719e-11 1
3 117 231 1023.6385154544377 6.028561693532615e-11 1
3 117 232 1024.5124977673042 6.033626626791899e-11 1
3 117 233 1025.3864800801239 6.038681937434885e-11 1
3 117 234 1026.2514920814474 6.043278012675092e-11 1
3 117 235 1026.8261538636161 6.047113902295309e-11 1
3 117 236 1027.1986307972034 6.050954664567295e-11 1
3 117 237 1027.5711077308106 6.055158924347356e-11 1
3 117 238 1027.9435846644076 6.05823529556758e-11 1
3 117 239 1028.2847661819617 6.060990221949261e-11 1
3 118 61 998.3117031020456 4.611439574862343e-11 1
3 118 62 998.9381597884482 4.5994549336495706e-11 1
3 118 63 997.6734228031191 4.576177641372474e-11 1
3 118 64 997.6305032712207 4.551138376091688e-11 1
3 118 65 999.0027305075525 4.531245480817762e-11 1
3 118 66 999.3407148652949 4.5164834314948244e-11 1
3 118 67 1000.0166835807848 4.506137952169684e-11 1
3 118 68 1000.2769281263622 4.49696042139822e-11 1
3 118 69 1000.3560242417589 4.48827085218999e-11 1
3 118 70 1000.4351203571603 4.479614800282574e-11 1
3 118 71 1000.5142164725569 4.470608148619815e-11 1
3 118 72 1000.5382807012294 4.461483281590513e-11 1
3 118 73 1000.3798226782337 4.452326568406413e-11 1
3 118 74 1000.2007116264475 4.442529843285812e-11 1
3 118 75 1000.0216005746643 4.4328129233090265e-11 1
3 118 76 999.8511909188151 4.423313936442577e-11 1
3 118 77 999.7208565590108 4.413830087634169e-11 1
3 118 78 999.601246284458 4.403857260500131e-11 1
3 118 79 999.4816360099044 4.393929397973687e-11 1
3 118 80 999.4016044906215 4.383935954985354e-11 1
3 118 81 999.6386262339744 4.3739273868670935e-11 1
3 118 82 1000.0149819272839 4.363951112402572e-11 1
3 118 83 1000.3913376205613 4.354019046369892e-11 1
3 118 84 1000.7667720686401 4.3442119875225785e-11 1
3 118 85 1001.101921653575 4.334480378038233e-11 1
3 118 86 1001.411591446316 4.3247366496199196e-11 1
3 118 87 1001.7212612390813 4.3150590385179314e-11 1
3 118 88 1002.0309310318225 4.3058350231876816e-11 1
3 118 89 1002.1707256068725 4.296525395324895e-11 1
3 118 90 1002.1303794682046 4.287255937226022e-11 1
3 118 91 1002.0850752268283 4.278397645812245e-11 1
3 118 92 1002.0397709854504 4.26972517140808e-11 1
3 118 93 1001.96544961944 4.261092632355762e-11 1
3 118 94 1001.8349064312217 4.252617899776277e-11 1
3 118 95 1001.701540195892 4.244397153059985e-11 1
3 118 96 1001.5681739605665 4.236252008191902e-11 1
3 118 97 1001.4611052125962 4.228167475372984e-11 1
3 118 98 1001.4657451239921 4.220725315908791e-11 1
3 118 99 1001.4777402491455 4.2133093088723654e-11 1
3 118 100 1001.4897353743 4.2058475211624305e-11 1
3 118 101 1001.5124018134504 4.199286207584898e-11 1
3 118 102 1001.8274107937154 4.1931321098853574e-11 1
3 118 103 1002.1650849326957 4.186955332397194e-11 1
3 118 104 1002.5027590716655 4.180988393334375e-11 1
3 118 105 1002.8404332106616 4.1761932438034576e-11 1
3 118 106 1003.2265141021874 4.1716068783971946e-11 1
3 118 107 1003.6249981473984 4.1671115872245284e-11 1
3 118 108 1004.0234821926331 4.164313834948571e-11 1
3 118 109 1004.421966237844 4.161519836911452e-11 1
3 118 110 1004.8045025958838 4.158483202581637e-11 1
3 118 111 1005.1776283817529 4.1566564692907956e-11 1
3 118 112 1005.5507541676286 4.1558677462856636e-11 1
3 118 113 1005.9238799534976 4.15509150788611e-11 1
3 118 114 1006.3128084624109 4.1550023428688325e-11 1
3 118 115 1006.7201573234521 4.156269605278292e-11 1
3 118 116 1007.1275061844616 4.157668152448336e-11 1
3 118 117 1007.5348550454746 4.159166157030653e-11 1
3 118 118 1007.8483937460253 4.162592940010983e-11 1
3 118 119 1007.9373292738121 4.1657275481971446e-11 1
3 118 120 1008.0262648016014 4.1688668809256365e-11 1
3 118 121 1008.1152003293901 4.173052772716666e-11 1
3 118 122 1008.2153707882379 4.177668684284264e-11 1
3 118 123 1008.3544942899737 4.18239470150886e-11 1
3 118 124 1008.4979079219462 4.188640767279093e-11 1
3 118 125 1008.6413215539301 4.1954334423643635e-11 1
3 118 126 1008.7891364843399 4.201831899302214e-11 1
3 118 127 1008.9578821311734 4.2084029547121864e-11 1
3 118 128 1009.1322570008977 4.217793608142411e-11 1
3 118 129 1009.306631870598 4.2262962581890195e-11 1
3 118 130 1009.5079477508563 4.234833258466369e-11 1
3 118 131 1009.9274888672436 4.244858641451601e-11 1
3 118 132 1010.444913243408 4.2555216241515656e-11 1
3 118 133 1010.9623376195625 4.2664040314745e-11 1
3 118 134 1011.4751193721177 4.279158455097513e-11 1
3 118 135 1011.808014035987 4.292173095125781e-11 1
3 118 136 1012.0232762647516 4.3048256047514363e-11 1
3 118 137 1012.2385384935184 4.317658355077709e-11 1
3 118 138 1012.4538007222914 4.332485645394158e-11 1
3 118 139 1012.6604890044005 4.346736499578551e-11 1
3 118 140 1012.8579589798516 4.361081413884639e-11 1
3 118 141 1013.0551488424184 4.376247546141588e-11 1
3 118 142 1013.2523387049795 4.391814844519363e-11 1
3 118 143 1013.4376066579272 4.407583579266389e-11 1
3 118 144 1013.5997929821243 4.424100439465605e-11 1
3 118 145 1013.7606567851768 4.440677654632464e-11 1
3 118 146 1013.9215205882386 4.4573795675257695e-11 1
3 118 147 1014.1110260065179 4.474650771032639e-11 1
3 118 148 1014.4198353706362 4.4922144579679864e-11 1
3 118 149 1014.7377149752863 4.509641224019641e-11 1
3 118 150 1015.0555945799426 4.527203724857347e-11 1
3 118 151 1015.3676081377266 4.545168970179615e-11 1
3 118 152 1015.5398967908527 4.5630507726507546e-11 1
3 118 153 1015.6995979326948 4.5810642681220396e-11 1
3 118 154 1015.8592990745244 4.599124388058967e-11 1
3 118 155 1016.0190002163557 4.6171687025436106e-11 1
3 118 156 1016.2039287683011 4.6353551657268107e-11 1
3 118 157 1016.3955484612682 4.653891639132121e-11 1
3 118 158 1016.5871681542405 4.67224199895819e-11 1
3 118 159 1016.7787878472112 4.6903712595255517e-11 1
3 118 160 1016.9392219693984 4.7086417586520816e-11 1
3 118 161 1017.0808029965343 4.7268278142990134e-11 1
3 119 54 993.6277718271872 5.047679805603366e-11 1
3 119 55 995.7283730628917 4.974133270461875e-11 1
3 119 56 997.2210636485953 4.843494349244549e-11 1
3 119 57 997.8736006074378 4.6982271592989194e-11 1
3 119 58 999.2776800296525 4.596838246760125e-11 1
3 119 59 1001.2179129648657 4.560881382306522e-11 1
3 119 60 1002.8810540663666 4.576137329103683e-11 1
3 119 61 1004.0809128100146 4.5858073737847694e-11 1
3 119 62 1005.7164325864088 4.5827148782013514e-11 1
3 119 63 1006.8613850910118 4.56947313804617e-11 1
3 119 64 1007.4616656909039 4.554147147032457e-11 1
3 119 65 1008.045732664613 4.541488090501493e-11 1
3 119 66 1008.1053904553042 4.532160975210509e-11 1
3 119 67 1008.2247060366878 4.5261981359484e-11 1
3 119 68 1008.3345167430396 4.520496694425213e-11 1
3 119 69 1008.5611932057548 4.5155209856072754e-11 1
3 119 70 1008.7878696684838 4.510556218267304e-11 1
3 119 71 1009.0145461311989 4.5046161771894396e-11 1
3 119 72 1009.2105524127361 4.49947503654341e-11 1
3 119 73 1009.3048360228917 4.4943790275081975e-11 1
3 119 74 1009.3876093583224 4.4890312366316965e-11 1
3 119 75 1009.4703826937515 4.483265908785096e-11 1
3 119 76 1009.5560330901653 4.4775153709316474e-11 1
3 119 77 1009.6549341272624 4.470816752391915e-11 1
3 119 78 1009.757381014641 4.4633192911390235e-11 1
3 119 79 1009.8598279020206 4.4565903545696324e-11 1
3 120 48 985.8952490197039 4.985848028599116e-11 1
3 120 49 986.8813032657376 5.053262264656096e-11 1
3 120 50 988.0035384569682 5.091163691293989e-11 1
3 120 51 989.4684680735959 5.1003720171872945e-11 1
3 120 52 991.2878175127222 5.080144189089031e-11 1
3 120 53 993.3310196659419 5.0322989994860605e-11 1
3 120 54 995.5541964989304 4.953672941818419e-11 1
3 120 55 997.1449296228562 4.836684038733715e-11 1
3 120 56 998.4740610697621 4.691968403200014e-11 1
3 120 57 1000.4023872492793 4.5763896178979944e-11 1
3 121 48 986.2007638477206 5.002390227690831e-11 1
3 121 49 987.6616420676933 5.071938686424999e-11 1
3 121 50 988.7545891495927 5.100657955784175e-11 1
3 121 51 989.9987543778541 5.089514602766e-11 1
