4 113 272 1006.5946029130336 1.089027005910594e-11 1
4 113 273 997.1181922574868 1.1176923037567443e-11 1
4 113 274 982.2404987647366 1.1176923037567443e-11 1
4 114 266 981.071981296693 8.635516283967733e-12 1
4 114 267 987.1979272993893 9.105985659809389e-12 1
4 114 268 994.2930151550271 9.502402261922715e-12 1
4 114 269 1009.5407638357298 9.813379864656342e-12 1
4 114 270 1014.1479163900193 1.0029157776198447e-11 1
4 114 271 1015.5336946077707 1.0248567111594699e-11 1
4 114 272 1013.9878953394303 1.0603022938525631e-11 1
4 114 273 1009.5685971939254 1.097635935786071e-11 1
4 114 274 998.1875413246796 1.097635935786071e-11 1
4 115 260 1006.2233541167477 6.628902972373803e-12 1
4 115 261 1007.5522612566509 6.722462606190182e-12 1
4 115 262 1008.9546773422444 6.8697415715771935e-12 1
4 115 263 1011.0815374639428 7.094127650609024e-12 1
4 115 264 1011.8990284047279 7.392711963664138e-12 1
4 115 265 1012.5681518691724 7.75685851480002e-12 1
4 115 266 1008.5092421008021 8.185295915468066e-12 1
4 115 267 1015.8711554567489 8.656507595616443e-12 1
4 115 268 1016.9242473343456 9.134841748935693e-12 1
4 115 269 1019.847871508063 9.586290182046833e-12 1
4 116 199 952.6206521650254 4.9257212377896635e-12 1
4 116 200 953.0783712949257 4.949141480193886e-12 1
4 116 201 953.5414120176654 4.9727604995058426e-12 1
4 116 202 954.1167211980829 4.996431375211549e-12 1
4 116 203 954.7035707151686 5.020323970901161e-12 1
4 116 204 955.2904202322701 5.044366252247936e-12 1
4 116 205 955.8772697493652 5.068507744895845e-12 1
4 116 206 956.6543827109085 5.0928814230315125e-12 1
4 116 207 957.4836979172004 5.117637791648527e-12 1
4 116 208 958.3130131234695 5.1421908648520594e-12 1
4 116 209 959.1423283298031 5.166980672151749e-12 1
4 116 210 959.9250999432855 5.192065359100243e-12 1
4 116 211 960.6790486896778 5.217112821707207e-12 1
4 116 212 961.4329974361112 5.242260926757214e-12 1
4 116 213 962.1869461825037 5.2676550685294695e-12 1
4 116 214 962.9485345720443 5.293083584353209e-12 1
4 116 215 963.7194442871548 5.3184306559715424e-12 1
4 116 216 964.4903540022834 5.3440523244684655e-12 1
4 116 217 965.2612637173941 5.3698855396442086e-12 1
4 116 218 966.1891462281241 5.395260627538782e-12 1
4 116 219 967.5141699119837 5.421014890255323e-12 1
4 116 220 968.8391935957408 5.447016208102468e-12 1
4 116 221 970.1642172794104 5.4727543493149145e-12 1
4 116 222 971.3801878793857 5.4985274973124475e-12 1
4 116 223 972.1798002560935 5.5245036351626095e-12 1
4 116 224 972.9363824931563 5.550052974727462e-12 1
4 116 225 973.6929647302103 5.575500065388173e-12 1
4 116 226 974.521947523037 5.6013344929731735e-12 1
4 116 227 975.7211586447544 5.627363844586613e-12 1
4 116 228 977.0204435458755 5.652675766706339e-12 1
4 116 229 978.3197284470974 5.678216424086024e-12 1
4 116 230 979.68550842139 5.703724842529444e-12 1
4 116 231 981.6076344988345 5.7282633317933815e-12 1
4 116 232 983.7885704728316 5.753455108608617e-12 1
4 116 233 985.9695064467119 5.778892294655719e-12 1
4 116 234 988.1309678734456 5.803759245203201e-12 1
4 116 235 989.6620789453902 5.828129211831249e-12 1
4 116 236 990.7542466908548 5.853048237637948e-12 1
4 116 237 991.8464144363776 5.878123195597482e-12 1
4 116 238 992.9385821818712 5.9021917086449976e-12 1
4 116 239 993.7813317419735 5.926458133516618e-12 1
4 116 240 994.3474171017051 5.950481293775072e-12 1
4 116 241 994.9038672314508 5.9738141555967924e-12 1
4 116 242 995.4603173612112 5.997190555845947e-12 1
4 116 243 996.0980532604573 6.0206340961162124e-12 1
4 116 244 996.8934903379156 6.042810810375752e-12 1
4 116 245 997.7000649569798 6.064756634390863e-12 1
4 116 246 998.5066395760226 6.0871838195291435e-12 1
4 116 247 999.3717303456802 6.109658497676561e-12 1
4 116 248 1000.472244995812 6.130074496556842e-12 1
4 116 249 1001.5954023937983 6.151257440965257e-12 1
4 116 250 1002.7185597918439 6.172587291610277e-12 1
4 116 251 1003.798061073781 6.192710879432293e-12 1
4 116 252 1004.049891523334 6.21241576492738e-12 1
4 116 253 1004.206015922027 6.23214973674704e-12 1
4 116 254 1004.3621403207237 6.250577278650952e-12 1
4 116 255 1004.5182647194166 6.2730869238892585e-12 1
4 116 256 1004.6881658731718 6.3073219023328574e-12 1
4 116 257 1004.924727533365 6.354142644867185e-12 1
4 116 258 1005.348696064124 6.416582155624591e-12 1
4 116 259 1006.6215586967628 6.4967825628902915e-12 1
4 116 260 1007.7885828462323 6.588151155411417e-12 1
4 116 261 1009.3035105761694 6.680520602726497e-12 1
4 116 262 1010.7121536273147 6.792508727289686e-12 1
4 116 263 1013.321535656095 6.9878754986123946e-12 1
4 117 121 961.3797450107639 3.951800153719169e-12 1
4 117 122 961.3627606878192 3.9486343239456145e-12 1
4 117 123 961.124182640889 3.945480009193474e-12 1
4 117 124 960.8611991594736 3.942873943333112e-12 1
4 117 125 960.5982156780376 3.941160320980976e-12 1
4 117 126 960.3577199070967 3.93944818750517e-12 1
4 117 127 960.2241661891967 3.937616970313746e-12 1
4 117 128 960.1193740597488 3.93727852227699e-12 1
4 117 129 960.0145819303152 3.937069191770092e-12 1
4 117 130 959.9645259882325 3.9368598835206645e-12 1
4 117 131 960.3578393620384 3.9376196373989104e-12 1
4 117 132 960.9500226497538 3.9389749302202845e-12 1
4 117 133 961.5422059374581 3.94033693933435e-12 1
4 117 134 962.1257258167936 3.942274212089398e-12 1
4 117 135 962.3735658206748 3.945155492208276e-12 1
4 117 136 962.4018967900544 3.9480409870756196e-12 1
4 117 137 962.4302277594342 3.950795475965863e-12 1
4 117 138 962.458558728815 3.954975561059777e-12 1
4 117 139 962.4608464081753 3.95934384437063e-12 1
4 117 140 962.4351335594998 3.963721787917362e-12 1
4 117 141 962.4085698703342 3.96891729718962e-12 1
4 117 142 962.3820061811692 3.974708111764749e-12 1
4 117 143 962.7395280088884 3.9805230910335935e-12 1
4 117 144 963.840665546979 3.986856189150322e-12 1
4 117 145 964.9844104558554 3.994033196585565e-12 1
4 117 146 966.1281553647981 4.00123609024599e-12 1
4 117 147 967.2726555781308 4.008230887155468e-12 1
4 117 148 968.4203019409456 4.016340389725639e-12 1
4 117 149 969.5681874939288 4.024803473443757e-12 1
4 117 150 970.7160730469346 4.0333022986681725e-12 1
4 117 151 971.8351466529035 4.042552157844465e-12 1
4 117 152 972.2679409567452 4.052134632794735e-12 1
4 117 153 972.6389098581278 4.06169037280015e-12 1
4 117 154 973.0098787594816 4.071023079494306e-12 1
4 117 155 973.3808476608393 4.081296391502063e-12 1
4 117 156 973.9695769379452 4.091879759889876e-12 1
4 117 157 974.6160634472977 4.10251819449602e-12 1
4 117 158 975.2625499566685 4.113410799830894e-12 1
4 117 159 975.9090364660332 4.124813385708304e-12 1
4 117 160 976.3310567155819 4.136279364420594e-12 1
4 117 161 976.6173769080868 4.1482407533476215e-12 1
4 117 162 976.9036971005836 4.160446763613302e-12 1
4 117 163 977.1900172931025 4.172676623676991e-12 1
4 117 164 977.2370068060291 4.1850628840616566e-12 1
4 117 165 976.9985833345758 4.19825321797043e-12 1
4 117 166 976.7601598631089 4.211526960423683e-12 1
4 117 167 976.5217363916556 4.224984177484583e-12 1
4 117 168 976.1794670149297 4.2396732227416225e-12 1
4 117 169 975.5816552634498 4.25432383525283e-12 1
4 117 170 974.983843511987 4.269076052165623e-12 1
4 117 171 974.3860317604777 4.284824040474208e-12 1
4 117 172 973.7797972712787 4.3009424771199454e-12 1
4 117 173 973.142958971081 4.317179508909524e-12 1
4 117 174 972.5028502546203 4.3339137213774265e-12 1
4 117 175 971.8627415382452 4.3513959446160804e-12 1
4 117 176 971.2674646406495 4.369019779336116e-12 1
4 117 177 970.892942833899 4.3868205782201685e-12 1
4 117 178 970.5779908271911 4.405511603942429e-12 1
4 117 179 970.2630388204899 4.424414220357989e-12 1
4 117 180 969.934123415057 4.443479745712263e-12 1
4 117 181 969.4904576333544 4.463189002768564e-12 1
4 117 182 968.9943364096639 4.483268903625081e-12 1
4 117 183 968.4982151859679 4.503508640522991e-12 1
4 117 184 968.010891262704 4.524042919407181e-12 1
4 117 185 967.8323573652373 4.5452162550702845e-12 1
4 117 186 967.8623264302449 4.566588712708702e-12 1
4 117 187 967.8922954952521 4.587873562263361e-12 1
4 117 188 967.92226456026 4.609594205622583e-12 1
4 117 189 967.9664445435195 4.631901922951764e-12 1
4 117 190 968.0261343501519 4.654426602641451e-12 1
4 117 191 968.0863331928208 4.677252039560352e-12 1
4 117 192 968.1465320354849 4.700335321350704e-12 1
4 117 193 968.2813680289322 4.723571956926199e-12 1
4 117 194 968.5607690852362 4.746480553052156e-12 1
4 117 195 968.8494377420895 4.7700381116846655e-12 1
4 117 196 969.1381063989509 4.794067605604394e-12 1
4 117 197 969.6026173420211 4.818340329574203e-12 1
4 117 198 970.7864381467166 4.84285804453582e-12 1
4 117 199 972.0322233484453 4.867626548229199e-12 1
4 117 200 973.27800855014 4.892349831037888e-12 1
4 117 201 974.4915428098438 4.916894187778012e-12 1
4 117 202 975.0246861298765 4.942371799680973e-12 1
4 117 203 975.4878904780621 4.968135231152928e-12 1
4 117 204 975.9510948262606 4.994140536799995e-12 1
4 117 205 976.4142991744538 5.0203729528693785e-12 1
4 117 206 977.1753349688056 5.046882402908036e-12 1
4 117 207 978.0180862502555 5.072858306829855e-12 1
4 117 208 978.8608375316825 5.0989269209234825e-12 1
4 117 209 979.7035888131747 5.125880174601995e-12 1
4 117 210 980.5585836573193 5.153119895810303e-12 1
4 117 211 981.4211605242592 5.180464256378677e-12 1
4 117 212 982.2837373912464 5.20802429988046e-12 1
4 117 213 983.1463142581866 5.235742030477034e-12 1
4 117 214 984.1962946057737 5.262983150159137e-12 1
4 117 215 985.4749307725125 5.290926935814388e-12 1
4 117 216 986.7535669392815 5.319169040203258e-12 1
4 117 217 988.0322031060207 5.346606093454561e-12 1
4 117 218 989.1815504638421 5.3738255444946055e-12 1
4 117 219 990.003797135207 5.402326011605525e-12 1
4 117 220 990.8260438065082 5.431130399100607e-12 1
4 117 221 991.6482904777553 5.4596554397683384e-12 1
4 117 222 992.474682964648 5.488241766111612e-12 1
4 117 223 993.3169039299731 5.516968647077161e-12 1
4 117 224 994.1607607502208 5.544474825409238e-12 1
4 117 225 995.0046175704585 5.572554825375506e-12 1
4 117 226 995.7997642279971 5.601396518051898e-12 1
4 117 227 996.3458260275842 5.630486092898201e-12 1
4 117 228 996.8245594754683 5.65877830131984e-12 1
4 117 229 997.3032929233894 5.687356272452956e-12 1
4 117 230 997.8118364662272 5.715693259992322e-12 1
4 117 231 998.5697929260067 5.742835423662398e-12 1
4 117 232 999.4437752388733 5.770968799630517e-12 1
4 117 233 1000.317757551693 5.799409835557141e-12 1
4 117 234 1001.1827695530164 5.827620455301981e-12 1
4 117 235 1001.7574313351853 5.855259900879104e-12 1
4 117 236 1002.1299082687724 5.883162774543542e-12 1
4 117 237 1002.5023852023796 5.910424873468697e-12 1
4 117 238 1002.8748621359767 5.93667712289617e-12 1
4 117 239 1003.2160436535307 5.96386661486065e-12 1
4 118 61 973.2429805736147 3.887665885589919e-12 1
4 118 62 973.8694372600172 3.861256159022476e-12 1
4 118 63 972.6047002746882 3.84560939731981e-12 1
4 118 64 972.5617807427898 3.836693735550905e-12 1
4 118 65 973.9340079791216 3.83152153463872e-12 1
4 118 66 974.271992336864 3.828550140863838e-12 1
4 118 67 974.9479610523539 3.826674232581317e-12 1
4 118 68 975.2082055979313 3.825520857927881e-12 1
4 118 69 975.2873017133279 3.8242919509608805e-12 1
4 118 70 975.3663978287293 3.823063833286304e-12 1
4 118 71 975.4454939441259 3.822117556389108e-12 1
4 118 72 975.4695581727984 3.821285171543141e-12 1
4 118 73 975.3111001498028 3.820464839812393e-12 1
4 118 74 975.1319890980166 3.819897438492525e-12 1
4 118 75 974.9528780462333 3.8195040627758384e-12 1
4 118 76 974.7824683903841 3.819055344740421e-12 1
4 118 77 974.6521340305799 3.818624769565179e-12 1
4 118 78 974.5325237560271 3.818570702329734e-12 1
4 118 79 974.4129134814734 3.8185166366253315e-12 1
4 118 80 974.3328819621905 3.818546510342358e-12 1
4 118 81 974.5699037055434 3.8189581204692885e-12 1
4 118 82 974.9462593988529 3.819258918727081e-12 1
4 118 83 975.3226150921304 3.8195534094392546e-12 1
4 118 84 975.6980495402091 3.8200765848868044e-12 1
4 118 85 976.033199125144 3.820778996433748e-12 1
4 118 86 976.3428689178851 3.821371166139535e-12 1
4 118 87 976.6525387106503 3.821991005422597e-12 1
4 118 88 976.9622085033916 3.823067758454122e-12 1
4 118 89 977.1020030784415 3.823878831672992e-12 1
4 118 90 977.0616569397737 3.82469024910725e-12 1
4 118 91 977.0163526983973 3.82552539582157e-12 1
4 118 92 976.9710484570195 3.8263703526167776e-12 1
4 118 93 976.8967270910091 3.827279771016633e-12 1
4 118 94 976.7661839027908 3.828677228961284e-12 1
4 118 95 976.632817667461 3.829688456737777e-12 1
4 118 96 976.4994514321355 3.830469430575336e-12 1
4 118 97 976.3923826841652 3.831237174421549e-12 1
4 118 98 976.3970225955611 3.8317223641446765e-12 1
4 118 99 976.4090177207146 3.832207676772681e-12 1
4 118 100 976.4210128458691 3.8330265257574675e-12 1
4 118 101 976.4436792850195 3.833370071901546e-12 1
4 118 102 976.7586882652845 3.833358636525596e-12 1
4 118 103 977.0963624042647 3.833433834189678e-12 1
4 118 104 977.4340365432346 3.8338453304889835e-12 1
4 118 105 977.7717106822306 3.833384003812486e-12 1
4 118 106 978.1577915737564 3.832712118204558e-12 1
4 118 107 978.5562756189674 3.832012745153167e-12 1
4 118 108 978.9547596642021 3.830735328620062e-12 1
4 118 109 979.353243709413 3.829458763466806e-12 1
4 118 110 979.7357800674529 3.828287444470116e-12 1
4 118 111 980.108905853322 3.826758378846348e-12 1
4 118 112 980.4820316391977 3.825173083516614e-12 1
4 118 113 980.8551574250666 3.8235930144251025e-12 1
4 118 114 981.2440859339799 3.82193567551902e-12 1
4 118 115 981.6514347950211 3.820431265016825e-12 1
4 118 116 982.0587836560306 3.8190861090842835e-12 1
4 118 117 982.4661325170437 3.817761820741943e-12 1
4 118 118 982.7796712175943 3.817011186006915e-12 1
4 118 119 982.8686067453812 3.816617730677756e-12 1
4 118 120 982.9575422731705 3.8162243564545284e-12 1
4 118 121 983.0464778009591 3.816788083589303e-12 1
4 118 122 983.146648259807 3.817738601763871e-12 1
4 118 123 983.2857717615427 3.818614192644599e-12 1
4 118 124 983.4291853935152 3.819292346159232e-12 1
4 118 125 983.5725990254991 3.821107717102857e-12 1
4 118 126 983.720413955909 3.823233661854057e-12 1
4 118 127 983.8891596027424 3.825362494218841e-12 1
4 118 128 984.0635344724667 3.827790016471854e-12 1
4 118 129 984.2379093421671 3.830869729303546e-12 1
4 118 130 984.4392252224253 3.833954401795129e-12 1
4 118 131 984.8587663388126 3.837641411880332e-12 1
4 118 132 985.376190714977 3.8415772098523866e-12 1
4 118 133 985.8936150911316 3.845420775806604e-12 1
4 118 134 986.4063968436867 3.84891559683903e-12 1
4 118 135 986.739291507556 3.853508267253933e-12 1
4 118 136 986.9545537363207 3.858369899793643e-12 1
4 118 137 987.1698159650874 3.863260214706712e-12 1
4 118 138 987.3850781938604 3.868687940648823e-12 1
4 118 139 987.5917664759695 3.874545006950826e-12 1
4 118 140 987.7892364514206 3.88041983495495e-12 1
4 118 141 987.9864263139874 3.88704750211625e-12 1
4 118 142 988.1836161765485 3.8939956805491065e-12 1
4 118 143 988.3688841294962 3.900914351801696e-12 1
4 118 144 988.5310704536934 3.9080437812348086e-12 1
4 118 145 988.6919342567459 3.916169893487239e-12 1
4 118 146 988.8527980598077 3.924329869890622e-12 1
4 118 147 989.042303478087 3.9323259303733125e-12 1
4 118 148 989.3511128422052 3.94155613687449e-12 1
4 118 149 989.6689924468553 3.951016799726432e-12 1
4 118 150 989.9868720515117 3.9605229874859834e-12 1
4 118 151 990.2988856092957 3.970732019983682e-12 1
4 118 152 990.4711742624218 3.981515223506958e-12 1
4 118 153 990.6308754042639 3.992364418741258e-12 1
4 118 154 990.7905765460935 4.0037103746173194e-12 1
4 118 155 990.9502776879248 4.015841940111624e-12 1
4 118 156 991.1352062398702 4.028047248296911e-12 1
4 118 157 991.3268259328372 4.040090636465973e-12 1
4 118 158 991.5184456258096 4.053166724852948e-12 1
4 118 159 991.7100653187803 4.066628857511333e-12 1
4 118 160 991.8704994409675 4.080180714064907e-12 1
4 118 161 992.0120804681034 4.094432123787193e-12 1
4 119 54 968.5590492987562 4.05984452873977e-12 1
4 119 55 970.6596505344608 4.030435905456666e-12 1
4 119 56 972.1523411201644 4.005081429143031e-12 1
4 119 57 972.8048780790068 3.986263777006939e-12 1
4 119 58 974.2089575012216 3.970831107202489e-12 1
4 119 59 976.1491904364348 3.9482024827293585e-12 1
4 119 60 977.8123315379356 3.913765646685771e-12 1
4 119 61 979.0121902815837 3.875348287842139e-12 1
4 119 62 980.6477100579779 3.8457151511251594e-12 1
4 119 63 981.7926625625809 3.827475667167401e-12 1
4 119 64 982.392943162473 3.816516278396594e-12 1
4 119 65 982.977010136182 3.80980276003326e-12 1
4 119 66 983.0366679268733 3.805697539798717e-12 1
4 119 67 983.1559835082569 3.802922927557952e-12 1
4 119 68 983.2657942146086 3.801061507616673e-12 1
4 119 69 983.4924706773238 3.7990367794885765e-12 1
4 119 70 983.7191471400529 3.797014207253725e-12 1
4 119 71 983.945823602768 3.795354988279321e-12 1
4 119 72 984.1418298843051 3.793580269319219e-12 1
4 119 73 984.2361134944607 3.791799766421887e-12 1
4 119 74 984.3188868298914 3.790106676656991e-12 1
4 119 75 984.4016601653205 3.788555438754392e-12 1
4 119 76 984.4873105617344 3.78700547013246e-12 1
4 119 77 984.5862115988315 3.785705619649353e-12 1
4 119 78 984.6886584862101 3.784611709681691e-12 1
4 119 79 984.7911053735896 3.7832805163910175e-12 1
4 120 48 960.826526491273 4.21396783258732e-12 1
4 120 49 961.8125807373067 4.20740696185661e-12 1
4 120 50 962.9348159285372 4.209199158021821e-12 1
4 120 51 964.3997455451649 4.212823641540734e-12 1
4 120 52 966.2190949842912 4.213295831630439e-12 1
4 120 53 968.2622971375109 4.20567580185376e-12 1
4 120 54 970.4854739704995 4.186335971918213e-12 1
4 120 55 972.0762070944253 4.15373734885939e-12 1
4 120 56 973.4053385413312 4.1138337294686354e-12 1
4 120 57 975.3336647208483 4.073655867036927e-12 1
4 121 48 961.1320413192897 4.334674611926331e-12 1
4 121 49 962.5929195392623 4.332978856300825e-12 1
4 121 50 963.6858666211617 4.3457052362619765e-12 1
4 121 51 964.9300318494231 4.3312548121562415e-12 1
