3 98 267 986.520036309216 1.3008478458616857e-10 1
3 98 268 1006.239335625616 1.1932245759540626e-10 1
3 98 269 1028.5263229303062 1.2705867499591648e-10 1
3 98 270 1022.689347832646 1.6910120221127004e-10 1
3 99 206 965.261003106086 1.1546178451676919e-10 1
3 99 207 965.261003106086 1.1589315955349976e-10 1
3 99 208 965.261003106086 1.1630712418426423e-10 1
3 99 209 965.261003106086 1.1672405673865577e-10 1
3 99 210 968.247209160776 1.171393618417115e-10 1
3 99 211 968.247209160776 1.1752089963957373e-10 1
3 99 212 968.247209160776 1.179049309935191e-10 1
3 99 213 968.247209160776 1.182917208914703e-10 1
3 99 214 971.055009453746 1.186507919391163e-10 1
3 99 215 971.055009453746 1.1900182286706076e-10 1
3 99 216 971.055009453746 1.1935493702342845e-10 1
3 99 217 971.055009453746 1.196929472266992e-10 1
3 99 218 971.055009453746 1.200096871702103e-10 1
3 99 219 973.053239434216 1.203281079208776e-10 1
3 99 220 973.053239434216 1.2064453152284202e-10 1
3 99 221 973.053239434216 1.209268269679086e-10 1
3 99 222 973.053239434216 1.2121044659439415e-10 1
3 99 223 979.969255059216 1.214953997413402e-10 1
3 99 224 979.969255059216 1.2175210164589174e-10 1
3 99 225 979.969255059216 1.220010678863726e-10 1
3 99 226 979.969255059216 1.2225105441639028e-10 1
3 99 227 982.982560723276 1.2248692530820459e-10 1
3 99 228 982.982560723276 1.2270297995130627e-10 1
3 99 229 982.982560723276 1.2291963591034491e-10 1
3 99 230 982.982560723276 1.2313385176632579e-10 1
3 99 231 987.312516777966 1.233177740309194e-10 1
3 99 232 987.312516777966 1.235022465585274e-10 1
3 99 233 987.312516777966 1.2368785020404243e-10 1
3 99 234 987.312516777966 1.2385263183694656e-10 1
3 99 235 992.190751641246 1.2400811508832518e-10 1
3 99 236 992.190751641246 1.241639892143797e-10 1
3 99 237 992.190751641246 1.2430863462356169e-10 1
3 99 238 992.190751641246 1.2443800481086801e-10 1
3 99 239 1001.871232598276 1.2456764455437546e-10 1
3 99 240 1001.871232598276 1.246983910063359e-10 1
3 99 241 1001.871232598276 1.2480518244228492e-10 1
3 99 242 1001.871232598276 1.249121569469293e-10 1
3 99 243 1001.871232598276 1.2502196516147748e-10 1
3 99 244 1005.535356133426 1.2511879056883623e-10 1
3 99 245 1005.535356133426 1.2520222442076652e-10 1
3 99 246 1005.535356133426 1.252857696205245e-10 1
3 99 247 1005.535356133426 1.2536487718396844e-10 1
3 99 248 1008.720109551396 1.254298856313547e-10 1
3 99 249 1008.720109551396 1.2549127532669332e-10 1
3 99 250 1008.720109551396 1.255507805249834e-10 1
3 99 251 1008.720109551396 1.2559156263133385e-10 1
3 99 252 1011.954789727176 1.2563237124043707e-10 1
3 99 253 1011.954789727176 1.2567915957787715e-10 1
3 99 254 1011.954789727176 1.257176906216789e-10 1
3 99 255 1011.954789727176 1.2574081046233398e-10 1
3 99 256 1016.937089531866 1.257639388081625e-10 1
3 99 257 1016.937089531866 1.2578453829493481e-10 1
3 99 258 1016.937089531866 1.2579884593003943e-10 1
3 99 259 1019.149919121716 1.2581579011844608e-10 1
3 99 260 1019.149919121716 1.2581582563846654e-10 1
3 99 261 1021.406144707646 1.2578432138541148e-10 1
3 99 262 1022.743302910776 1.2571675366281306e-10 1
3 99 263 1023.862199395146 1.2576868016860837e-10 1
3 99 264 1025.759660332646 1.2686519989842164e-10 1
3 99 265 1028.649919121716 1.3107624407839333e-10 1
3 99 266 1031.5896774224962 1.3268132564080683e-10 1
3 99 267 1033.652360527966 1.2499022560263224e-10 1
3 99 268 1038.3817916803062 1.1289227896464085e-10 1
3 100 43 981.453507988896 9.20307505638905e-11 1
3 100 44 981.651078789676 9.202700789361159e-11 1
3 100 45 981.651078789676 9.201939063792692e-11 1
3 100 46 981.651078789676 9.200895915530837e-11 1
3 100 47 981.651078789676 9.197746396964252e-11 1
3 100 48 984.094743340466 9.194745238606351e-11 1
3 100 49 984.094743340466 9.192241974031348e-11 1
3 100 50 984.094743340466 9.189576359432864e-11 1
3 100 51 984.094743340466 9.1853337398168e-11 1
3 100 52 983.927934258426 9.18109503583604e-11 1
3 100 53 983.927934258426 9.176007439047549e-11 1
3 100 54 983.927934258426 9.168533053420357e-11 1
3 100 55 983.927934258426 9.162453315984865e-11 1
3 100 56 982.629228203746 9.156381636264314e-11 1
3 100 57 982.629228203746 9.149378993670739e-11 1
3 100 58 982.629228203746 9.141130410742316e-11 1
3 100 59 982.629228203746 9.132896687365594e-11 1
3 100 60 980.340043633426 9.123012778722029e-11 1
3 100 61 980.340043633426 9.112100849218794e-11 1
3 100 62 980.340043633426 9.101214991795041e-11 1
3 100 63 980.340043633426 9.089595926776974e-11 1
3 100 64 979.285966484996 9.075399593526325e-11 1
3 100 65 979.285966484996 9.062016037789816e-11 1
3 100 66 979.285966484996 9.048671897574906e-11 1
3 100 67 979.285966484996 9.034280638462287e-11 1
3 100 68 979.285966484996 9.018483693255128e-11 1
3 100 69 982.155473320926 9.002741895305121e-11 1
3 100 70 982.155473320926 8.985848547027302e-11 1
3 100 71 982.155473320926 8.967869146550803e-11 1
3 100 72 982.155473320926 8.949961550831875e-11 1
3 100 73 983.314530938116 8.931599796959878e-11 1
3 100 74 983.314530938116 8.911767160419555e-11 1
3 100 75 983.314530938116 8.892449870721015e-11 1
3 100 76 983.314530938116 8.87321614482335e-11 1
3 100 77 983.141679375616 8.853726622797459e-11 1
3 100 78 983.141679375616 8.833870323190186e-11 1
3 100 79 983.141679375616 8.814102887943014e-11 1
3 100 80 983.141679375616 8.794055289590936e-11 1
3 100 81 982.620133965466 8.77397558097687e-11 1
3 100 82 982.620133965466 8.753987360568557e-11 1
3 100 83 982.620133965466 8.734175651935977e-11 1
3 100 84 982.620133965466 8.714979327052493e-11 1
3 100 85 981.068498223276 8.695286391019452e-11 1
3 100 86 981.068498223276 8.675682253219042e-11 1
3 100 87 981.068498223276 8.656381734291715e-11 1
3 100 88 981.068498223276 8.637454436079603e-11 1
3 100 89 984.179643242806 8.618609726883344e-11 1
3 100 90 984.179643242806 8.600796033546751e-11 1
3 100 91 984.179643242806 8.583304791424611e-11 1
3 100 92 984.179643242806 8.565192363380295e-11 1
3 100 93 984.179643242806 8.547156215800278e-11 1
3 100 94 985.881608574836 8.530420116312333e-11 1
3 100 95 985.881608574836 8.513155281180936e-11 1
3 100 96 985.881608574836 8.495960189970546e-11 1
3 100 97 985.881608574836 8.479398959020542e-11 1
3 100 98 985.078141777966 8.46308268070506e-11 1
3 100 99 985.078141777966 8.446569127646752e-11 1
3 100 100 985.078141777966 8.430155022764318e-11 1
3 100 101 985.078141777966 8.41414227826948e-11 1
3 100 102 981.176652520146 8.398190249591188e-11 1
3 100 103 981.176652520146 8.38275986009926e-11 1
3 100 104 981.176652520146 8.367865429963788e-11 1
3 100 105 981.176652520146 8.353030334882028e-11 1
3 100 106 983.827775567026 8.338339279991681e-11 1
3 100 107 983.827775567026 8.3245091973513e-11 1
3 100 108 983.827775567026 8.311216787047582e-11 1
3 100 109 983.827775567026 8.297974645166156e-11 1
3 100 110 986.241166680306 8.284982488123168e-11 1
3 100 111 986.241166680306 8.274030940741684e-11 1
3 100 112 986.241166680306 8.26310830785965e-11 1
3 100 113 986.241166680306 8.252022557601672e-11 1
3 100 114 989.674943535776 8.243838522263838e-11 1
3 100 115 989.674943535776 8.236633522429471e-11 1
3 100 116 989.674943535776 8.229322143959495e-11 1
3 100 117 989.674943535776 8.223739041203815e-11 1
3 100 118 989.674943535776 8.221533452288715e-11 1
3 100 119 992.603166192026 8.2194562286491e-11 1
3 100 120 992.603166192026 8.217836499519407e-11 1
3 100 121 992.603166192026 8.220622802457092e-11 1
3 100 122 992.603166192026 8.22341099545851e-11 1
3 100 123 992.838334649056 8.226926012188892e-11 1
3 100 124 992.838334649056 8.23466775610226e-11 1
3 100 125 992.838334649056 8.241793133299625e-11 1
3 100 126 992.838334649056 8.248930852214103e-11 1
3 100 127 993.898088067026 8.258878015655877e-11 1
3 100 128 993.898088067026 8.271517519253091e-11 1
3 100 129 993.898088067026 8.283696700619482e-11 1
3 100 130 993.898088067026 8.296343136415299e-11 1
3 100 131 993.737870781866 8.313205526269363e-11 1
3 100 132 993.737870781866 8.330136601636516e-11 1
3 100 133 993.737870781866 8.347960629369358e-11 1
3 100 134 993.737870781866 8.368765066491402e-11 1
3 100 135 995.040361016246 8.390331183700484e-11 1
3 100 136 995.040361016246 8.412234868738978e-11 1
3 100 137 995.040361016246 8.436822662109232e-11 1
3 100 138 995.040361016246 8.462828564279711e-11 1
3 100 139 996.052079766246 8.488690957279861e-11 1
3 100 140 996.052079766246 8.515041161373065e-11 1
3 100 141 996.052079766246 8.544462807641195e-11 1
3 100 142 996.052079766246 8.573553659692026e-11 1
3 100 143 996.052079766246 8.602843276442124e-11 1
3 100 144 997.300920098276 8.633673911862984e-11 1
3 100 145 997.300920098276 8.665151359521594e-11 1
3 100 146 997.300920098276 8.696972932253643e-11 1
3 100 147 997.300920098276 8.7297951545613e-11 1
3 100 148 997.965409844366 8.763129808349901e-11 1
3 100 149 997.965409844366 8.796720014185939e-11 1
3 100 150 997.965409844366 8.831089430653569e-11 1
3 100 151 997.965409844366 8.866217007725847e-11 1
3 100 152 999.091325371716 8.901318171193336e-11 1
3 100 153 999.091325371716 8.936698368861802e-11 1
3 100 154 999.091325371716 8.972544528405388e-11 1
3 100 155 999.091325371716 9.00873767539317e-11 1
3 100 156 1002.802568047496 9.04528567773937e-11 1
3 100 157 1002.802568047496 9.082412948766096e-11 1
3 100 158 1002.802568047496 9.119401238263407e-11 1
3 100 159 1002.802568047496 9.1565053836632e-11 1
3 100 160 1004.690568535776 9.193886170717465e-11 1
3 100 161 1004.690568535776 9.231315382129577e-11 1
3 100 162 1004.690568535776 9.269050595278617e-11 1
3 100 163 1004.690568535776 9.307729750609857e-11 1
3 100 164 1005.403276055306 9.348149477259774e-11 1
3 100 165 1005.403276055306 9.387110095793535e-11 1
3 100 166 1005.403276055306 9.426396828625666e-11 1
3 100 167 1005.403276055306 9.467680642162521e-11 1
3 100 168 1005.403276055306 9.509578205609993e-11 1
3 100 169 1006.053849785776 9.550928135495399e-11 1
3 100 170 1006.053849785776 9.592775102365627e-11 1
3 100 171 1006.053849785776 9.636313221368083e-11 1
3 100 172 1006.053849785776 9.680248349641424e-11 1
3 100 173 1005.823075859996 9.725988070533072e-11 1
3 100 174 1005.823075859996 9.772076919029145e-11 1
3 100 175 1005.823075859996 9.818128661192894e-11 1
3 100 176 1005.823075859996 9.864891349884558e-11 1
3 100 177 1004.790238945926 9.912507614939855e-11 1
3 100 178 1004.790238945926 9.959163087935352e-11 1
3 100 179 1004.790238945926 1.0006213241943464e-10 1
3 100 180 1004.790238945926 1.0053478715057936e-10 1
3 100 181 1003.193437188116 1.0098939708880203e-10 1
3 100 182 1003.193437188116 1.0144813711954996e-10 1
3 100 183 1003.193437188116 1.0191008811643781e-10 1
3 100 184 1003.193437188116 1.0235434219860352e-10 1
3 100 185 1000.844865410776 1.0279583809382575e-10 1
3 100 186 1000.844865410776 1.032416935583287e-10 1
3 100 187 1000.844865410776 1.0368172331415069e-10 1
3 100 188 1000.844865410776 1.0410876494382545e-10 1
3 100 189 998.602922051396 1.0453933889863127e-10 1
3 100 190 998.602922051396 1.0497863069209667e-10 1
3 100 191 998.602922051396 1.0539960721590482e-10 1
3 100 192 998.602922051396 1.0581826077547749e-10 1
3 100 193 998.602922051396 1.0624025343222549e-10 1
3 100 194 1000.080278008426 1.0665472895372812e-10 1
3 100 195 1000.080278008426 1.0705937122241767e-10 1
3 100 196 1000.080278008426 1.0746709556606298e-10 1
3 100 197 1000.080278008426 1.0787196317038584e-10 1
3 100 198 999.380998223276 1.0826339753534171e-10 1
3 100 199 999.380998223276 1.0865382102306439e-10 1
3 100 200 999.380998223276 1.0904468112112824e-10 1
3 100 201 999.380998223276 1.09415144314072e-10 1
3 100 202 998.289994805306 1.0978813327586805e-10 1
3 100 203 998.289994805306 1.1017073737697592e-10 1
3 100 204 998.289994805306 1.1054294180920038e-10 1
3 100 205 998.289994805306 1.1089689758045634e-10 1
3 100 206 1003.679338067026 1.1125312734828034e-10 1
3 100 207 1003.679338067026 1.1159988714970227e-10 1
3 100 208 1003.679338067026 1.1193294652676623e-10 1
3 100 209 1003.679338067026 1.1226799982332717e-10 1
3 100 210 1005.923051445926 1.1261146918859143e-10 1
3 100 211 1005.923051445926 1.1292433592296504e-10 1
3 100 212 1005.923051445926 1.132311910500452e-10 1
3 100 213 1005.923051445926 1.1353971838766267e-10 1
3 100 214 1008.999101250616 1.134203854174739e-10 1
3 100 215 1008.999101250616 1.134203854174739e-10 1
3 100 216 1008.999101250616 1.1526542213216281e-10 1
3 100 217 1008.999101250616 1.1526542213216281e-10 1
3 100 218 1008.999101250616 1.1526542213216281e-10 1
3 100 219 1011.190507500616 1.1612209333744557e-10 1
3 100 220 1011.190507500616 1.1612209333744557e-10 1
3 100 221 1011.190507500616 1.1612209333744557e-10 1
3 100 222 1011.190507500616 1.1685318731439028e-10 1
3 100 223 1016.393449395146 1.1685318731439028e-10 1
3 100 224 1016.393449395146 1.1685318731439028e-10 1
3 100 225 1016.393449395146 1.1746918575837356e-10 1
3 100 226 1016.393449395146 1.1746918575837356e-10 1
3 100 227 1017.585588067026 1.1746918575837356e-10 1
3 100 228 1017.585588067026 1.1746918575837356e-10 1
3 100 229 1017.585588067026 1.1798711136276108e-10 1
3 100 230 1017.585588067026 1.1798711136276108e-10 1
3 100 231 1018.269425957646 1.1798711136276108e-10 1
3 100 232 1018.269425957646 1.1841679691381569e-10 1
3 100 233 1018.269425957646 1.1841679691381569e-10 1
3 100 234 1018.269425957646 1.1841679691381569e-10 1
3 100 235 1019.246842949836 1.1875959861372035e-10 1
3 100 236 1019.246842949836 1.1875959861372035e-10 1
3 100 237 1019.246842949836 1.1875959861372035e-10 1
3 100 238 1019.246842949836 1.1875959861372035e-10 1
3 100 239 1020.170610039676 1.1875959861372035e-10 1
3 100 240 1020.170610039676 1.1875959861372035e-10 1
3 100 241 1020.170610039676 1.1875959861372035e-10 1
3 100 242 1020.170610039676 1.1875959861372035e-10 1
3 100 243 1020.170610039676 1.2076016845541178e-10 1
3 100 244 1021.309159844366 1.2076016845541178e-10 1
3 100 245 1021.309159844366 1.2094279872147872e-10 1
3 100 246 1021.309159844366 1.2094279872147872e-10 1
3 101 24 977.243974297496 9.849946768491547e-11 1
3 101 25 978.550248711556 1.0069703659704535e-10 1
3 101 26 981.603044121716 1.0160733099324496e-10 1
3 101 27 985.228166192026 1.0079146073551606e-10 1
3 101 28 989.246842949836 9.708924198997966e-11 1
3 101 29 990.817033379526 9.272402737842754e-11 1
3 101 30 992.697160332646 9.107504590515298e-11 1
3 101 31 994.381364434216 9.072130663203921e-11 1
3 101 32 994.630937188116 9.078214572023811e-11 1
3 101 33 995.058793633426 9.091199827793327e-11 1
3 101 34 995.396012871716 9.099599949874331e-11 1
3 101 35 996.295304863896 9.104227006436372e-11 1
3 101 36 996.295304863896 9.106712927581821e-11 1
3 101 37 996.295304863896 9.108264553100395e-11 1
3 101 38 996.295304863896 9.109229253168503e-11 1
3 101 39 996.672807305306 9.110194157610275e-11 1
3 101 40 996.672807305306 9.111405234901137e-11 1
3 101 41 996.672807305306 9.11156104777337e-11 1
3 101 42 996.672807305306 9.111716865974738e-11 1
3 101 43 996.672807305306 9.11199729612475e-11 1
3 101 44 996.913652031866 9.11201763781948e-11 1
3 101 45 996.913652031866 9.111645178580998e-11 1
3 101 46 996.913652031866 9.111272749790242e-11 1
3 101 47 996.913652031866 9.11091333876787e-11 1
3 101 48 997.141923516246 9.110314161522174e-11 1
3 101 49 997.141923516246 9.109598042440075e-11 1
3 101 50 997.141923516246 9.108896658434942e-11 1
3 101 51 997.141923516246 9.108237001691249e-11 1
3 101 52 998.596635430306 9.107395909514158e-11 1
3 101 53 998.596635430306 9.106554972662589e-11 1
3 101 54 998.596635430306 9.105171517582559e-11 1
3 101 55 998.596635430306 9.10361770951049e-11 1
3 101 56 999.156571953746 9.102121502654168e-11 1
3 101 57 999.156571953746 9.100272589153181e-11 1
3 101 58 999.156571953746 9.093595936078081e-11 1
3 101 59 999.156571953746 9.093595936078081e-11 1
3 101 60 999.310319512336 9.119923740872182e-11 1
3 101 61 999.310319512336 9.119923740872182e-11 1
3 101 62 999.310319512336 9.104979007532319e-11 1
3 101 63 999.310319512336 9.104979007532319e-11 1
3 101 64 999.707841484996 9.104979007532319e-11 1
3 101 65 999.707841484996 9.08554016098168e-11 1
3 101 66 999.707841484996 9.08554016098168e-11 1
3 101 67 999.707841484996 9.08554016098168e-11 1
3 101 68 999.707841484996 9.08554016098168e-11 1
3 101 69 1000.957780449836 9.06279278002368e-11 1
3 101 70 1000.957780449836 9.06279278002368e-11 1
3 101 71 1000.957780449836 9.06279278002368e-11 1
3 101 72 1000.957780449836 9.037709295935844e-11 1
3 101 73 1001.200090020146 9.037709295935844e-11 1
3 101 74 1001.200090020146 9.037709295935844e-11 1
3 101 75 1001.200090020146 9.011543565098674e-11 1
3 101 76 1001.200090020146 9.011543565098674e-11 1
3 101 77 1001.547685234996 9.011543565098674e-11 1
3 101 78 1001.547685234996 9.011543565098674e-11 1
3 101 79 1001.547685234996 8.944641247357788e-11 1
3 101 80 1001.547685234996 8.944641247357788e-11 1
3 101 81 1002.073320000616 8.944641247357788e-11 1
3 101 82 1002.073320000616 8.944641247357788e-11 1
3 101 83 1002.073320000616 9.02018241039616e-11 1
3 101 84 1002.073320000616 9.02018241039616e-11 1
3 101 85 1002.624894707646 9.052946531310568e-11 1
3 101 86 1002.624894707646 8.901052259863657e-11 1
3 102 24 978.166276543586 9.942954242019663e-11 1
3 102 25 980.310319512336 1.0188492395087497e-10 1
3 102 26 982.738725274056 1.0129407446047244e-10 1
