2 113 272 1015.9593555817003 8.454411023420913e-11 1
2 113 273 1006.4829449261536 9.621629874971682e-11 1
2 113 274 991.6052514334033 9.621629874971682e-11 1
2 114 266 990.4367339653597 6.642782373579309e-11 1
2 114 267 996.562679968056 6.268341116044766e-11 1
2 114 268 1003.6577678236938 5.984726088640311e-11 1
2 114 269 1018.9055165043965 5.835173320064869e-11 1
2 114 270 1023.512669058686 5.973437253905326e-11 1
2 114 271 1024.8984472764375 6.531448132448565e-11 1
2 114 272 1023.352648008097 7.543363472936246e-11 1
2 114 273 1018.9333498625921 8.080150516474462e-11 1
2 114 274 1007.5522939933463 8.080150516474462e-11 1
2 115 260 1015.5881067854144 6.282302319949792e-11 1
2 115 261 1016.9170139253176 6.359381653386679e-11 1
2 115 262 1018.3194300109111 6.527582018821457e-11 1
2 115 263 1020.4462901326095 6.727919894355275e-11 1
2 115 264 1021.2637810733946 6.834742241129968e-11 1
2 115 265 1021.9329045378391 6.742996592232429e-11 1
2 115 266 1017.8739947694688 6.456387907107484e-11 1
2 115 267 1025.2359081254156 6.099713760662053e-11 1
2 115 268 1026.2890000030125 5.788113116800752e-11 1
2 115 269 1029.2126241767298 5.606064330397174e-11 1
2 116 199 961.9854048336921 5.749030874618514e-11 1
2 116 200 962.4431239635924 5.772327823817095e-11 1
2 116 201 962.9061646863321 5.794109259628406e-11 1
2 116 202 963.4814738667496 5.815880268401228e-11 1
2 116 203 964.0683233838353 5.837830302885134e-11 1
2 116 204 964.6551729009368 5.859185261439688e-11 1
2 116 205 965.2420224180319 5.879441028853523e-11 1
2 116 206 966.0191353795752 5.899837334396478e-11 1
2 116 207 966.8484505858671 5.91977139835103e-11 1
2 116 208 967.6777657921363 5.938280285853853e-11 1
2 116 209 968.5070809984699 5.956905276958562e-11 1
2 116 210 969.2898526119523 5.975368715767722e-11 1
2 116 211 970.0438013583445 5.992474826704133e-11 1
2 116 212 970.797750104778 6.009219389433516e-11 1
2 116 213 971.5516988511704 6.025986365516569e-11 1
2 116 214 972.313287240711 6.04150672500393e-11 1
2 116 215 973.0841969558215 6.056126647477942e-11 1
2 116 216 973.8551066709501 6.071016614003981e-11 1
2 116 217 974.6260163860608 6.08586059504822e-11 1
2 116 218 975.5538988967908 6.098428080631084e-11 1
2 116 219 976.8789225806504 6.11139771231909e-11 1
2 116 220 978.2039462644075 6.124422627055169e-11 1
2 116 221 979.5289699480771 6.13603558343969e-11 1
2 116 222 980.7449405480525 6.147098103258584e-11 1
2 116 223 981.5445529247602 6.158163183698871e-11 1
2 116 224 982.301135161823 6.16830896850713e-11 1
2 116 225 983.057717398877 6.177532759794514e-11 1
2 116 226 983.8867001917038 6.186877138928655e-11 1
2 116 227 985.0859113134211 6.196170838560544e-11 1
2 116 228 986.3851962145422 6.203839374871616e-11 1
2 116 229 987.6844811157641 6.211526916249335e-11 1
2 116 230 989.0502610900567 6.219207102501381e-11 1
2 116 231 990.9723871675012 6.225880534375933e-11 1
2 116 232 993.1533231414983 6.231967532672939e-11 1
2 116 233 995.3342591153786 6.238060794850993e-11 1
2 116 234 997.4957205421123 6.24373438087789e-11 1
2 116 235 999.026831614057 6.24844739760803e-11 1
2 116 236 1000.1189993595215 6.253018953530685e-11 1
2 116 237 1001.2111671050443 6.25753540809828e-11 1
2 116 238 1002.3033348505379 6.260767077850323e-11 1
2 116 239 1003.1460844106402 6.264002087283294e-11 1
2 116 240 1003.7121697703718 6.267426705066069e-11 1
2 116 241 1004.2686199001175 6.269967848558341e-11 1
2 116 242 1004.8250700298779 6.272061462772325e-11 1
2 116 243 1005.462805929124 6.2742092398068e-11 1
2 116 244 1006.2582430065823 6.276391115931567e-11 1
2 116 245 1007.0648176256465 6.277741832040752e-11 1
2 116 246 1007.8713922446893 6.278954386845813e-11 1
2 116 247 1008.736483014347 6.280147102878783e-11 1
2 116 248 1009.8369976644788 6.280816925664149e-11 1
2 116 249 1010.960155062465 6.28126118792086e-11 1
2 116 250 1012.0833124605106 6.281705513030173e-11 1
2 116 251 1013.1628137424477 6.281770261619474e-11 1
2 116 252 1013.4146441920008 6.281681750999578e-11 1
2 116 253 1013.5707685906937 6.281624847376856e-11 1
2 116 254 1013.7268929893904 6.281611521304087e-11 1
2 116 255 1013.8830173880833 6.280941808681549e-11 1
2 116 256 1014.0529185418385 6.279721752641975e-11 1
2 116 257 1014.2894802020317 6.277188356404447e-11 1
2 116 258 1014.7134487327908 6.273004571038367e-11 1
2 116 259 1015.9863113654295 6.266927000197749e-11 1
2 116 260 1017.153335514899 6.267584299690933e-11 1
2 116 261 1018.6682632448361 6.304250998430494e-11 1
2 116 262 1020.0769062959814 6.391522549882335e-11 1
2 116 263 1022.6862883247617 6.558131668982339e-11 1
2 117 121 970.7444976794307 4.114911858786033e-11 1
2 117 122 970.7275133564859 4.122383170702647e-11 1
2 117 123 970.4889353095557 4.1298788632818476e-11 1
2 117 124 970.2259518281403 4.1381852808478556e-11 1
2 117 125 969.9629683467043 4.147814340564878e-11 1
2 117 126 969.7224725757634 4.157488316124664e-11 1
2 117 127 969.5889188578634 4.167314936926039e-11 1
2 117 128 969.4841267284155 4.1788352502315764e-11 1
2 117 129 969.3793345989819 4.190511514547248e-11 1
2 117 130 969.3292786568992 4.2022532120027676e-11 1
2 117 131 969.7225920307051 4.2150288080239004e-11 1
2 117 132 970.3147753184205 4.2284180656879315e-11 1
2 117 133 970.9069586061248 4.241896724433293e-11 1
2 117 134 971.4904784854604 4.255935489578789e-11 1
2 117 135 971.7383184893415 4.270849194028686e-11 1
2 117 136 971.7666494587211 4.2858677876263714e-11 1
2 117 137 971.7949804281009 4.3009941567502504e-11 1
2 117 138 971.8233113974817 4.317163339890952e-11 1
2 117 139 971.825599076842 4.333425312111767e-11 1
2 117 140 971.7998862281665 4.349810259364049e-11 1
2 117 141 971.7733225390009 4.3667175144473285e-11 1
2 117 142 971.7467588498359 4.383875874112792e-11 1
2 117 143 972.1042806775552 4.401168385251194e-11 1
2 117 144 973.2054182156458 4.418686959898273e-11 1
2 117 145 974.3491631245221 4.436492689539536e-11 1
2 117 146 975.4929080334648 4.454442501236855e-11 1
2 117 147 976.6374082467975 4.472597259647031e-11 1
2 117 148 977.7850546096123 4.4911046025253727e-11 1
2 117 149 978.9329401625955 4.5095744364384036e-11 1
2 117 150 980.0808257156013 4.5281968134417705e-11 1
2 117 151 981.1998993215702 4.547161747251144e-11 1
2 117 152 981.6326936254119 4.5663627985913135e-11 1
2 117 153 982.0036625267945 4.5858056425282536e-11 1
2 117 154 982.3746314281483 4.60639625622806e-11 1
2 117 155 982.745600329506 4.627092918383596e-11 1
2 117 156 983.334329606612 4.6475616938491716e-11 1
2 117 157 983.9808161159644 4.668307927150704e-11 1
2 117 158 984.6273026253352 4.690910004890216e-11 1
2 117 159 985.2737891346999 4.712944801749523e-11 1
2 117 160 985.6958093842486 4.735187585436894e-11 1
2 117 161 985.9821295767536 4.758186867179649e-11 1
2 117 162 986.2684497692503 4.781633104021788e-11 1
2 117 163 986.5547699617692 4.805395973870838e-11 1
2 117 164 986.6017594746958 4.829782111612511e-11 1
2 117 165 986.3633360032425 4.8540111324678963e-11 1
2 117 166 986.1249125317756 4.8784844729429077e-11 1
2 117 167 985.8864890603223 4.902966481732043e-11 1
2 117 168 985.5442196835965 4.9266091189792456e-11 1
2 117 169 984.9464079321165 4.9507737388935566e-11 1
2 117 170 984.3485961806537 4.975176578273964e-11 1
2 117 171 983.7507844291445 4.998752669345271e-11 1
2 117 172 983.1445499399454 5.0223031491211934e-11 1
2 117 173 982.5077116397478 5.0460818893661616e-11 1
2 117 174 981.867602923287 5.0696408649431265e-11 1
2 117 175 981.227494206912 5.092683545596178e-11 1
2 117 176 980.6322173093162 5.115936651217625e-11 1
2 117 177 980.2576955025658 5.139473352224097e-11 1
2 117 178 979.9427434958578 5.162351021070071e-11 1
2 117 179 979.6277914891566 5.1852367402240875e-11 1
2 117 180 979.2988760837237 5.208326276744475e-11 1
2 117 181 978.8552103020211 5.230906639842697e-11 1
2 117 182 978.3590890783306 5.2533922237769384e-11 1
2 117 183 977.8629678546346 5.276126558629413e-11 1
2 117 184 977.3756439313707 5.2989000143108806e-11 1
2 117 185 977.197110033904 5.320935614962373e-11 1
2 117 186 977.2270790989116 5.3431552520635485e-11 1
2 117 187 977.2570481639189 5.36606234177893e-11 1
2 117 188 977.2870172289267 5.3881887852220264e-11 1
2 117 189 977.3311972121862 5.409918931399461e-11 1
2 117 190 977.3908870188186 5.4318250592753127e-11 1
2 117 191 977.4510858614875 5.453146996637571e-11 1
2 117 192 977.5112847041516 5.4743268491201855e-11 1
2 117 193 977.6461206975989 5.495787721454552e-11 1
2 117 194 977.9255217539029 5.517797962623594e-11 1
2 117 195 978.2141904107563 5.538612698742584e-11 1
2 117 196 978.5028590676176 5.559258775746171e-11 1
2 117 197 978.9673700106878 5.5799941818149386e-11 1
2 117 198 980.1511908153833 5.599514841224474e-11 1
2 117 199 981.396976017112 5.6191725595165656e-11 1
2 117 200 982.6427612188068 5.639335568475138e-11 1
2 117 201 983.8562954785106 5.658978679890008e-11 1
2 117 202 984.3894387985432 5.677389991770782e-11 1
2 117 203 984.8526431467288 5.695895320585901e-11 1
2 117 204 985.3158474949273 5.7138627566963245e-11 1
2 117 205 985.7790518431206 5.730857993826531e-11 1
2 117 206 986.5400876374723 5.747954633379778e-11 1
2 117 207 987.3828389189222 5.7659085168459803e-11 1
2 117 208 988.2255902003492 5.7820993486591146e-11 1
2 117 209 989.0683414818415 5.7977873463402253e-11 1
2 117 210 989.923336325986 5.813560705004541e-11 1
2 117 211 990.7859131929259 5.828023045403837e-11 1
2 117 212 991.6484900599131 5.841990857921149e-11 1
2 117 213 992.5110669268533 5.856160693231488e-11 1
2 117 214 993.5610472744404 5.870266098032324e-11 1
2 117 215 994.8396834411792 5.882569159235047e-11 1
2 117 216 996.1183196079483 5.894923898918478e-11 1
2 117 217 997.3969557746874 5.908297442241329e-11 1
2 117 218 998.5463031325088 5.919919023496899e-11 1
2 117 219 999.3685498038737 5.930688679594263e-11 1
2 117 220 1000.1907964751749 5.941497591931483e-11 1
2 117 221 1001.013043146422 5.951172312840605e-11 1
2 117 222 1001.8394356333147 5.960403338700972e-11 1
2 117 223 1002.6816565986398 5.969793339154983e-11 1
2 117 224 1003.5255134188875 5.979520979528857e-11 1
2 117 225 1004.3693702391253 5.98757678415812e-11 1
2 117 226 1005.1645168966638 5.995303344607584e-11 1
2 117 227 1005.7105786962509 6.00298568542795e-11 1
2 117 228 1006.189312144135 6.009344985045889e-11 1
2 117 229 1006.6680455920562 6.015717772478152e-11 1
2 117 230 1007.1765891348939 6.022447303972698e-11 1
2 117 231 1007.9345455946734 6.028561693532615e-11 1
2 117 232 1008.80852790754 6.033626626791899e-11 1
2 117 233 1009.6825102203597 6.038681937434864e-11 1
2 117 234 1010.5475222216832 6.043278012675113e-11 1
2 117 235 1011.122184003852 6.047113902295309e-11 1
2 117 236 1011.4946609374391 6.050954664567295e-11 1
2 117 237 1011.8671378710463 6.055158924347356e-11 1
2 117 238 1012.2396148046435 6.05823529556758e-11 1
2 117 239 1012.5807963221974 6.060990221949261e-11 1
2 118 61 982.6077332422814 4.6114395748623315e-11 1
2 118 62 983.2341899286839 4.5994549336495706e-11 1
2 118 63 981.9694529433549 4.576177641372486e-11 1
2 118 64 981.9265334114565 4.5511383760917e-11 1
2 118 65 983.2987606477883 4.531245480817762e-11 1
2 118 66 983.6367450055307 4.516483431494836e-11 1
2 118 67 984.3127137210206 4.5061379521696723e-11 1
2 118 68 984.572958266598 4.49696042139822e-11 1
2 118 69 984.6520543819946 4.48827085218999e-11 1
2 118 70 984.731150497396 4.479614800282574e-11 1
2 118 71 984.8102466127926 4.470608148619826e-11 1
2 118 72 984.8343108414651 4.461483281590524e-11 1
2 118 73 984.6758528184695 4.4523265684064016e-11 1
2 118 74 984.4967417666833 4.442529843285812e-11 1
2 118 75 984.3176307149 4.4328129233090265e-11 1
2 118 76 984.1472210590508 4.423313936442577e-11 1
2 118 77 984.0168866992466 4.413830087634169e-11 1
2 118 78 983.8972764246938 4.403857260500142e-11 1
2 118 79 983.7776661501401 4.393929397973687e-11 1
2 118 80 983.6976346308572 4.383935954985354e-11 1
2 118 81 983.9346563742101 4.3739273868670825e-11 1
2 118 82 984.3110120675196 4.363951112402583e-11 1
2 118 83 984.6873677607971 4.354019046369892e-11 1
2 118 84 985.0628022088758 4.3442119875225785e-11 1
2 118 85 985.3979517938108 4.334480378038222e-11 1
2 118 86 985.7076215865518 4.3247366496199196e-11 1
2 118 87 986.017291379317 4.3150590385179314e-11 1
2 118 88 986.3269611720583 4.305835023187671e-11 1
2 118 89 986.4667557471082 4.296525395324895e-11 1
2 118 90 986.4264096084404 4.287255937226022e-11 1
2 118 91 986.381105367064 4.278397645812245e-11 1
2 118 92 986.3358011256862 4.26972517140808e-11 1
2 118 93 986.2614797596758 4.2610926323557726e-11 1
2 118 94 986.1309365714575 4.252617899776277e-11 1
2 118 95 985.9975703361278 4.2443971530599956e-11 1
2 118 96 985.8642041008022 4.236252008191902e-11 1
2 118 97 985.7571353528319 4.228167475372984e-11 1
2 118 98 985.7617752642278 4.220725315908791e-11 1
2 118 99 985.7737703893813 4.213309308872355e-11 1
2 118 100 985.7857655145358 4.205847521162421e-11 1
2 118 101 985.8084319536862 4.199286207584908e-11 1
2 118 102 986.1234409339512 4.1931321098853574e-11 1
2 118 103 986.4611150729314 4.1869553323971834e-11 1
2 118 104 986.7987892119013 4.180988393334375e-11 1
2 118 105 987.1364633508973 4.1761932438034576e-11 1
2 118 106 987.5225442424231 4.1716068783971946e-11 1
2 118 107 987.9210282876342 4.1671115872245187e-11 1
2 118 108 988.3195123328688 4.164313834948571e-11 1
2 118 109 988.7179963780798 4.161519836911452e-11 1
2 118 110 989.1005327361196 4.158483202581627e-11 1
2 118 111 989.4736585219887 4.1566564692907956e-11 1
2 118 112 989.8467843078644 4.155867746285654e-11 1
2 118 113 990.2199100937333 4.15509150788611e-11 1
2 118 114 990.6088386026466 4.155002342868842e-11 1
2 118 115 991.0161874636879 4.1562696052782823e-11 1
2 118 116 991.4235363246974 4.157668152448336e-11 1
2 118 117 991.8308851857104 4.159166157030653e-11 1
2 118 118 992.144423886261 4.162592940010983e-11 1
2 118 119 992.2333594140479 4.165727548197135e-11 1
2 118 120 992.3222949418372 4.1688668809256365e-11 1
2 118 121 992.4112304696258 4.173052772716676e-11 1
2 118 122 992.5114009284737 4.177668684284264e-11 1
2 118 123 992.6505244302094 4.18239470150887e-11 1
2 118 124 992.793938062182 4.188640767279093e-11 1
2 118 125 992.9373516941658 4.195433442364374e-11 1
2 118 126 993.0851666245757 4.201831899302224e-11 1
2 118 127 993.2539122714091 4.208402954712197e-11 1
2 118 128 993.4282871411334 4.2177936081424016e-11 1
2 118 129 993.6026620108338 4.2262962581890195e-11 1
2 118 130 993.803977891092 4.234833258466369e-11 1
2 118 131 994.2235190074794 4.244858641451601e-11 1
2 118 132 994.7409433836438 4.2555216241515656e-11 1
2 118 133 995.2583677597983 4.2664040314745e-11 1
2 118 134 995.7711495123534 4.279158455097513e-11 1
2 118 135 996.1040441762227 4.2921730951257914e-11 1
2 118 136 996.3193064049874 4.3048256047514363e-11 1
2 118 137 996.5345686337541 4.317658355077709e-11 1
2 118 138 996.7498308625271 4.332485645394158e-11 1
2 118 139 996.9565191446362 4.346736499578541e-11 1
2 118 140 997.1539891200873 4.361081413884629e-11 1
2 118 141 997.3511789826541 4.376247546141577e-11 1
2 118 142 997.5483688452152 4.391814844519374e-11 1
2 118 143 997.7336367981629 4.4075835792664e-11 1
2 118 144 997.8958231223601 4.424100439465616e-11 1
2 118 145 998.0566869254126 4.440677654632453e-11 1
2 118 146 998.2175507284744 4.4573795675257585e-11 1
2 118 147 998.4070561467537 4.474650771032639e-11 1
2 118 148 998.7158655108719 4.4922144579679864e-11 1
2 118 149 999.033745115522 4.509641224019641e-11 1
2 118 150 999.3516247201784 4.527203724857347e-11 1
2 118 151 999.6636382779624 4.545168970179615e-11 1
2 118 152 999.8359269310885 4.5630507726507546e-11 1
2 118 153 999.9956280729306 4.5810642681220396e-11 1
2 118 154 1000.1553292147602 4.599124388058967e-11 1
2 118 155 1000.3150303565915 4.6171687025435983e-11 1
2 118 156 1000.4999589085369 4.6353551657267984e-11 1
2 118 157 1000.6915786015039 4.653891639132121e-11 1
2 118 158 1000.8831982944763 4.672241998958203e-11 1
2 118 159 1001.074817987447 4.6903712595255517e-11 1
2 118 160 1001.2352521096342 4.7086417586520946e-11 1
2 118 161 1001.3768331367701 4.7268278142990257e-11 1
2 119 54 977.923801967423 5.047679805603366e-11 1
2 119 55 980.0244032031275 4.9741332704618606e-11 1
2 119 56 981.5170937888311 4.8434943492445626e-11 1
2 119 57 982.1696307476735 4.6982271592989194e-11 1
2 119 58 983.5737101698883 4.5968382467601136e-11 1
2 119 59 985.5139431051015 4.56088138230651e-11 1
2 119 60 987.1770842066023 4.576137329103683e-11 1
2 119 61 988.3769429502504 4.5858073737847694e-11 1
2 119 62 990.0124627266446 4.582714878201363e-11 1
2 119 63 991.1574152312476 4.5694731380461584e-11 1
2 119 64 991.7576958311397 4.554147147032457e-11 1
2 119 65 992.3417628048487 4.5414880905015046e-11 1
2 119 66 992.40142059554 4.532160975210509e-11 1
2 119 67 992.5207361769236 4.526198135948412e-11 1
2 119 68 992.6305468832753 4.520496694425213e-11 1
2 119 69 992.8572233459905 4.5155209856072754e-11 1
2 119 70 993.0838998087196 4.510556218267304e-11 1
2 119 71 993.3105762714347 4.504616177189451e-11 1
2 119 72 993.5065825529718 4.4994750365433983e-11 1
2 119 73 993.6008661631274 4.4943790275081975e-11 1
2 119 74 993.6836394985581 4.489031236631685e-11 1
2 119 75 993.7664128339873 4.483265908785107e-11 1
2 119 76 993.8520632304011 4.4775153709316584e-11 1
2 119 77 993.9509642674982 4.470816752391915e-11 1
2 119 78 994.0534111548768 4.4633192911390235e-11 1
2 119 79 994.1558580422563 4.4565903545696324e-11 1
2 120 48 970.1912791599397 4.985848028599102e-11 1
2 120 49 971.1773334059734 5.053262264656096e-11 1
2 120 50 972.2995685972039 5.091163691293989e-11 1
2 120 51 973.7644982138316 5.1003720171872945e-11 1
2 120 52 975.583847652958 5.080144189089031e-11 1
2 120 53 977.6270498061776 5.0322989994860456e-11 1
2 120 54 979.8502266391662 4.9536729418184057e-11 1
2 120 55 981.440959763092 4.836684038733702e-11 1
2 120 56 982.7700912099979 4.691968403200026e-11 1
2 120 57 984.698417389515 4.5763896178979944e-11 1
2 121 48 970.4967939879564 5.002390227690845e-11 1
2 121 49 971.957672207929 5.071938686425014e-11 1
2 121 50 973.0506192898284 5.100657955784175e-11 1
2 121 51 974.2947845180898 5.089514602766015e-11 1
