4 98 267 989.0721886848527 1.821252149981353e-11 1
4 98 268 1008.7914880012527 1.9768134176170344e-11 1
4 98 269 1031.0784753059427 2.047880734507865e-11 1
4 98 270 1025.2415002082828 2.1825366763030495e-11 1
4 99 206 967.8131554817227 1.002614492363583e-11 1
4 99 207 967.8131554817227 1.0075163399283268e-11 1
4 99 208 967.8131554817227 1.0124510342471673e-11 1
4 99 209 967.8131554817227 1.0174343055734247e-11 1
4 99 210 970.7993615364127 1.0224287138427208e-11 1
4 99 211 970.7993615364127 1.0274432785487394e-11 1
4 99 212 970.7993615364127 1.0325072741757102e-11 1
4 99 213 970.7993615364127 1.0375850493289626e-11 1
4 99 214 973.6071618293827 1.0425852893744369e-11 1
4 99 215 973.6071618293827 1.0476934911895205e-11 1
4 99 216 973.6071618293827 1.0528519952736338e-11 1
4 99 217 973.6071618293827 1.0580021090064078e-11 1
4 99 218 973.6071618293827 1.0631223933085695e-11 1
4 99 219 975.6053918098527 1.0682924786628875e-11 1
4 99 220 975.6053918098527 1.0734212105240782e-11 1
4 99 221 975.6053918098527 1.0785268376595297e-11 1
4 99 222 975.6053918098527 1.083681265783846e-11 1
4 99 223 982.5214074348527 1.088827335156151e-11 1
4 99 224 982.5214074348527 1.093826835387048e-11 1
4 99 225 982.5214074348527 1.0989522412830875e-11 1
4 99 226 982.5214074348527 1.1041259061138315e-11 1
4 99 227 985.5347130989127 1.1092044855809356e-11 1
4 99 228 985.5347130989127 1.1142343795810394e-11 1
4 99 229 985.5347130989127 1.1193556583963283e-11 1
4 99 230 985.5347130989127 1.1245046640579516e-11 1
4 99 231 989.8646691536027 1.1295107245761474e-11 1
4 99 232 989.8646691536027 1.1345615562835748e-11 1
4 99 233 989.8646691536027 1.1395797975972416e-11 1
4 99 234 989.8646691536027 1.1443844869039319e-11 1
4 99 235 994.7429040168827 1.1493363649332787e-11 1
4 99 236 994.7429040168827 1.1543312838512688e-11 1
4 99 237 994.7429040168827 1.1592621696551838e-11 1
4 99 238 994.7429040168827 1.1640898496232105e-11 1
4 99 239 1004.4233849739127 1.1689579069259135e-11 1
4 99 240 1004.4233849739127 1.1737107280119268e-11 1
4 99 241 1004.4233849739127 1.1783790531575438e-11 1
4 99 242 1004.4233849739127 1.1830846622538701e-11 1
4 99 243 1004.4233849739127 1.1877429858490644e-11 1
4 99 244 1008.0875085090627 1.192133534995708e-11 1
4 99 245 1008.0875085090627 1.1966698857924034e-11 1
4 99 246 1008.0875085090627 1.2012408922430941e-11 1
4 99 247 1008.0875085090627 1.2056398216611714e-11 1
4 99 248 1011.2722619270327 1.2099344533223443e-11 1
4 99 249 1011.2722619270327 1.2143253339642447e-11 1
4 99 250 1011.2722619270327 1.2187200124566548e-11 1
4 99 251 1011.2722619270327 1.2228727054027232e-11 1
4 99 252 1014.5069421028127 1.227053795059986e-11 1
4 99 253 1014.5069421028127 1.231160937175674e-11 1
4 99 254 1014.5069421028127 1.2349618425517456e-11 1
4 99 255 1014.5069421028127 1.238903568768941e-11 1
4 99 256 1019.4892419075027 1.2428705377995715e-11 1
4 99 257 1019.4892419075027 1.2466412284179437e-11 1
4 99 258 1019.4892419075027 1.2511720930225605e-11 1
4 99 259 1021.7020714973527 1.2579943977246493e-11 1
4 99 260 1021.7020714973527 1.2674091513262014e-11 1
4 99 261 1023.9582970832827 1.2800968276317561e-11 1
4 99 262 1025.2954552864128 1.2959819203079977e-11 1
4 99 263 1026.4143517707828 1.313854381766798e-11 1
4 99 264 1028.3118127082828 1.3350154962615249e-11 1
4 99 265 1031.2020714973528 1.3801751710109388e-11 1
4 99 266 1034.1418297981327 1.4730252917739603e-11 1
4 99 267 1036.2045129036028 1.6651739150870746e-11 1
4 99 268 1040.9339440559427 1.8566648818479336e-11 1
4 100 43 984.0056603645327 7.857712003832472e-12 1
4 100 44 984.2032311653127 7.853515768051484e-12 1
4 100 45 984.2032311653127 7.849263236050275e-12 1
4 100 46 984.2032311653127 7.845231294696759e-12 1
4 100 47 984.2032311653127 7.842150237955064e-12 1
4 100 48 986.6468957161027 7.83806013211454e-12 1
4 100 49 986.6468957161027 7.833592561489627e-12 1
4 100 50 986.6468957161027 7.829119410261385e-12 1
4 100 51 986.6468957161027 7.824548516437739e-12 1
4 100 52 986.4800866340627 7.819982956771935e-12 1
4 100 53 986.4800866340627 7.815938484341618e-12 1
4 100 54 986.4800866340627 7.812271326784075e-12 1
4 100 55 986.4800866340627 7.807672639929689e-12 1
4 100 56 985.1813805793827 7.803079363916406e-12 1
4 100 57 985.1813805793827 7.798531334281045e-12 1
4 100 58 985.1813805793827 7.794041959580112e-12 1
4 100 59 985.1813805793827 7.78955775069538e-12 1
4 100 60 982.8921960090627 7.78565219041466e-12 1
4 100 61 982.8921960090627 7.781381346074264e-12 1
4 100 62 982.8921960090627 7.777115184735526e-12 1
4 100 63 982.8921960090627 7.77312572903056e-12 1
4 100 64 981.8381188606327 7.769576515032688e-12 1
4 100 65 981.8381188606327 7.765684903963014e-12 1
4 100 66 981.8381188606327 7.761797189387552e-12 1
4 100 67 981.8381188606327 7.758096401650034e-12 1
4 100 68 981.8381188606327 7.754644306828024e-12 1
4 100 69 984.7076256965627 7.751195282774344e-12 1
4 100 70 984.7076256965627 7.74801982648528e-12 1
4 100 71 984.7076256965627 7.74516154752378e-12 1
4 100 72 984.7076256965627 7.742305376648262e-12 1
4 100 73 985.8666833137527 7.73951924877438e-12 1
4 100 74 985.8666833137527 7.737279798140365e-12 1
4 100 75 985.8666833137527 7.735126423527737e-12 1
4 100 76 985.8666833137527 7.732974247199837e-12 1
4 100 77 985.6938317512527 7.731157573090627e-12 1
4 100 78 985.6938317512527 7.729789770141208e-12 1
4 100 79 985.6938317512527 7.728422451091874e-12 1
4 100 80 985.6938317512527 7.727137615071656e-12 1
4 100 81 985.1722863411027 7.726644295782859e-12 1
4 100 82 985.1722863411027 7.726151039479452e-12 1
4 100 83 985.1722863411027 7.725635965093195e-12 1
4 100 84 985.1722863411027 7.725780487297888e-12 1
4 100 85 983.6206505989127 7.72622860808555e-12 1
4 100 86 983.6206505989127 7.726676780861199e-12 1
4 100 87 983.6206505989127 7.727507456068292e-12 1
4 100 88 983.6206505989127 7.728851208383916e-12 1
4 100 89 986.7317956184427 7.73019542811658e-12 1
4 100 90 986.7317956184427 7.73159405192377e-12 1
4 100 91 986.7317956184427 7.73384309598898e-12 1
4 100 92 986.7317956184427 7.736064244527979e-12 1
4 100 93 986.7317956184427 7.738286669254736e-12 1
4 100 94 988.4337609504727 7.741224779032626e-12 1
4 100 95 988.4337609504727 7.744236634630765e-12 1
4 100 96 988.4337609504727 7.747250834768699e-12 1
4 100 97 988.4337609504727 7.750710282534392e-12 1
4 100 98 987.6302941536027 7.754504234905162e-12 1
4 100 99 987.6302941536027 7.75818212904362e-12 1
4 100 100 987.6302941536027 7.761903782703584e-12 1
4 100 101 987.6302941536027 7.76601798473607e-12 1
4 100 102 983.7288048957827 7.770136550552402e-12 1
4 100 103 983.7288048957827 7.774622329651097e-12 1
4 100 104 983.7288048957827 7.77890693779863e-12 1
4 100 105 983.7288048957827 7.78301700601776e-12 1
4 100 106 986.3799279426627 7.787347945243867e-12 1
4 100 107 986.3799279426627 7.792783129865293e-12 1
4 100 108 986.3799279426627 7.796842449165983e-12 1
4 100 109 986.3799279426627 7.800263986368048e-12 1
4 100 110 988.7933190559427 7.80351904054504e-12 1
4 100 111 988.7933190559427 7.805140336329825e-12 1
4 100 112 988.7933190559427 7.806762305950636e-12 1
4 100 113 988.7933190559427 7.809713737027669e-12 1
4 100 114 992.2270959114127 7.809676459285796e-12 1
4 100 115 992.2270959114127 7.808280734503087e-12 1
4 100 116 992.2270959114127 7.807229562923899e-12 1
4 100 117 992.2270959114127 7.805558527330737e-12 1
4 100 118 992.2270959114127 7.801170785521149e-12 1
4 100 119 995.1553185676627 7.796973345682469e-12 1
4 100 120 995.1553185676627 7.79273343502157e-12 1
4 100 121 995.1553185676627 7.788045264570606e-12 1
4 100 122 995.1553185676627 7.783362731609409e-12 1
4 100 123 995.3904870246927 7.777970505242665e-12 1
4 100 124 995.3904870246927 7.772687768373249e-12 1
4 100 125 995.3904870246927 7.769540448287915e-12 1
4 100 126 995.3904870246927 7.766395675999338e-12 1
4 100 127 996.4502404426627 7.76301123829249e-12 1
4 100 128 996.4502404426627 7.760936525360114e-12 1
4 100 129 996.4502404426627 7.759605022199129e-12 1
4 100 130 996.4502404426627 7.75844344397736e-12 1
4 100 131 996.2900231575027 7.758917408132922e-12 1
4 100 132 996.2900231575027 7.759391430201065e-12 1
4 100 133 996.2900231575027 7.758792936003007e-12 1
4 100 134 996.2900231575027 7.760316696838443e-12 1
4 100 135 997.5925133918827 7.762846856110853e-12 1
4 100 136 997.5925133918827 7.765091132848707e-12 1
4 100 137 997.5925133918827 7.767045399876971e-12 1
4 100 138 997.5925133918827 7.771402161253414e-12 1
4 100 139 998.6042321418827 7.776160269936224e-12 1
4 100 140 998.6042321418827 7.78106695131252e-12 1
4 100 141 998.6042321418827 7.787698232957135e-12 1
4 100 142 998.6042321418827 7.794960745167952e-12 1
4 100 143 998.6042321418827 7.802236815509832e-12 1
4 100 144 999.8530724739127 7.81145711294458e-12 1
4 100 145 999.8530724739127 7.821308645639591e-12 1
4 100 146 999.8530724739127 7.831070056616783e-12 1
4 100 147 999.8530724739127 7.841689098612936e-12 1
4 100 148 1000.5175622200027 7.854229727676765e-12 1
4 100 149 1000.5175622200027 7.866810531576465e-12 1
4 100 150 1000.5175622200027 7.879171908251823e-12 1
4 100 151 1000.5175622200027 7.894057812112397e-12 1
4 100 152 1001.6434777473527 7.909393208022828e-12 1
4 100 153 1001.6434777473527 7.924788302538011e-12 1
4 100 154 1001.6434777473527 7.9421689788075e-12 1
4 100 155 1001.6434777473527 7.960235098887028e-12 1
4 100 156 1005.3547204231327 7.978263500111429e-12 1
4 100 157 1005.3547204231327 7.996696401899553e-12 1
4 100 158 1005.3547204231327 8.017053249858168e-12 1
4 100 159 1005.3547204231327 8.037785917048065e-12 1
4 100 160 1007.2427209114127 8.058818429702198e-12 1
4 100 161 1007.2427209114127 8.081827491434315e-12 1
4 100 162 1007.2427209114127 8.104968317596794e-12 1
4 100 163 1007.2427209114127 8.127682728374365e-12 1
4 100 164 1007.9554284309427 8.151108588511708e-12 1
4 100 165 1007.9554284309427 8.176300634296291e-12 1
4 100 166 1007.9554284309427 8.201648881333366e-12 1
4 100 167 1007.9554284309427 8.227056830611747e-12 1
4 100 168 1007.9554284309427 8.25356197463308e-12 1
4 100 169 1008.6060021614127 8.28072925311514e-12 1
4 100 170 1008.6060021614127 8.308163346037682e-12 1
4 100 171 1008.6060021614127 8.336628688313988e-12 1
4 100 172 1008.6060021614127 8.36528975649975e-12 1
4 100 173 1008.3752282356327 8.39339549025548e-12 1
4 100 174 1008.3752282356327 8.422755503967558e-12 1
4 100 175 1008.3752282356327 8.452899164200402e-12 1
4 100 176 1008.3752282356327 8.483060789033267e-12 1
4 100 177 1007.3423913215627 8.513301342972887e-12 1
4 100 178 1007.3423913215627 8.54506870953084e-12 1
4 100 179 1007.3423913215627 8.577143027310637e-12 1
4 100 180 1007.3423913215627 8.609623442880811e-12 1
4 100 181 1005.7455895637527 8.643949653970235e-12 1
4 100 182 1005.7455895637527 8.678550675071721e-12 1
4 100 183 1005.7455895637527 8.71348722773909e-12 1
4 100 184 1005.7455895637527 8.750117900400364e-12 1
4 100 185 1003.3970177864127 8.787487787063359e-12 1
4 100 186 1003.3970177864127 8.825173471426801e-12 1
4 100 187 1003.3970177864127 8.863876579371155e-12 1
4 100 188 1003.3970177864127 8.903890228816208e-12 1
4 100 189 1001.1550744270327 8.94426677876292e-12 1
4 100 190 1001.1550744270327 8.984896970807619e-12 1
4 100 191 1001.1550744270327 9.02705829355757e-12 1
4 100 192 1001.1550744270327 9.06979719096813e-12 1
4 100 193 1001.1550744270327 9.112942710910999e-12 1
4 100 194 1002.6324303840627 9.156960941751793e-12 1
4 100 195 1002.6324303840627 9.201924237358715e-12 1
4 100 196 1002.6324303840627 9.247331277143468e-12 1
4 100 197 1002.6324303840627 9.293258757721631e-12 1
4 100 198 1001.9331505989127 9.340166393145767e-12 1
4 100 199 1001.9331505989127 9.38774614772476e-12 1
4 100 200 1001.9331505989127 9.43584738885805e-12 1
4 100 201 1001.9331505989127 9.484778042620148e-12 1
4 100 202 1000.8421471809427 9.534218812524779e-12 1
4 100 203 1000.8421471809427 9.583730491606494e-12 1
4 100 204 1000.8421471809427 9.633301682788697e-12 1
4 100 205 1000.8421471809427 9.684309287644502e-12 1
4 100 206 1006.2314904426627 9.735859930677143e-12 1
4 100 207 1006.2314904426627 9.787901436641094e-12 1
4 100 208 1006.2314904426627 9.84041977679303e-12 1
4 100 209 1006.2314904426627 9.893504746121206e-12 1
4 100 210 1008.4752038215627 9.94640628113432e-12 1
4 100 211 1008.4752038215627 9.99992625814272e-12 1
4 100 212 1008.4752038215627 1.0054635215126531e-11 1
4 100 213 1008.4752038215627 1.0109946083538413e-11 1
4 100 214 1011.5512536262527 1.0122226315224676e-11 1
4 100 215 1011.5512536262527 1.0122226315224676e-11 1
4 100 216 1011.5512536262527 1.031207171371261e-11 1
4 100 217 1011.5512536262527 1.031207171371261e-11 1
4 100 218 1011.5512536262527 1.031207171371261e-11 1
4 100 219 1013.7426598762527 1.0502547271559205e-11 1
4 100 220 1013.7426598762527 1.0502547271559205e-11 1
4 100 221 1013.7426598762527 1.0502547271559205e-11 1
4 100 222 1013.7426598762527 1.0698480017892103e-11 1
4 100 223 1018.9456017707827 1.0698480017892103e-11 1
4 100 224 1018.9456017707827 1.0698480017892103e-11 1
4 100 225 1018.9456017707827 1.089843581104603e-11 1
4 100 226 1018.9456017707827 1.089843581104603e-11 1
4 100 227 1020.1377404426627 1.089843581104603e-11 1
4 100 228 1020.1377404426627 1.089843581104603e-11 1
4 100 229 1020.1377404426627 1.1100477820555986e-11 1
4 100 230 1020.1377404426627 1.1100477820555986e-11 1
4 100 231 1020.8215783332827 1.1100477820555986e-11 1
4 100 232 1020.8215783332827 1.1302788875541688e-11 1
4 100 233 1020.8215783332827 1.1302788875541688e-11 1
4 100 234 1020.8215783332827 1.1302788875541688e-11 1
4 100 235 1021.7989953254727 1.1504497016179716e-11 1
4 100 236 1021.7989953254727 1.1504497016179716e-11 1
4 100 237 1021.7989953254727 1.1504497016179716e-11 1
4 100 238 1021.7989953254727 1.1504497016179716e-11 1
4 100 239 1022.7227624153127 1.1504497016179716e-11 1
4 100 240 1022.7227624153127 1.1504497016179716e-11 1
4 100 241 1022.7227624153127 1.1504497016179716e-11 1
4 100 242 1022.7227624153127 1.1504497016179716e-11 1
4 100 243 1022.7227624153127 1.1832924223316465e-11 1
4 100 244 1023.8613122200027 1.1832924223316465e-11 1
4 100 245 1023.8613122200027 1.2014890279977645e-11 1
4 100 246 1023.8613122200027 1.2014890279977645e-11 1
4 101 24 979.7961266731327 8.396055338460146e-12 1
4 101 25 981.1024010871927 8.366170373170636e-12 1
4 101 26 984.1551964973527 8.333350066139275e-12 1
4 101 27 987.7803185676627 8.254824535017892e-12 1
4 101 28 991.7989953254727 8.134554040427526e-12 1
4 101 29 993.3691857551627 8.035675563835927e-12 1
4 101 30 995.2493127082827 7.98353152272608e-12 1
4 101 31 996.9335168098527 7.947773391838911e-12 1
4 101 32 997.1830895637527 7.91914877442045e-12 1
4 101 33 997.6109460090627 7.897520697403273e-12 1
4 101 34 997.9481652473527 7.881850288223728e-12 1
4 101 35 998.8474572395327 7.871019250058793e-12 1
4 101 36 998.8474572395327 7.863707445962687e-12 1
4 101 37 998.8474572395327 7.857759095664801e-12 1
4 101 38 998.8474572395327 7.851674260660933e-12 1
4 101 39 999.2249596809427 7.845598842226727e-12 1
4 101 40 999.2249596809427 7.839534415006407e-12 1
4 101 41 999.2249596809427 7.83331765249635e-12 1
4 101 42 999.2249596809427 7.827110741977574e-12 1
4 101 43 999.2249596809427 7.820901747304624e-12 1
4 101 44 999.4658044075027 7.814551896145392e-12 1
4 101 45 999.4658044075027 7.808189078966994e-12 1
4 101 46 999.4658044075027 7.801836614910685e-12 1
4 101 47 999.4658044075027 7.795446345370152e-12 1
4 101 48 999.6940758918827 7.789034559649226e-12 1
4 101 49 999.6940758918827 7.782648053636674e-12 1
4 101 50 999.6940758918827 7.776265513942259e-12 1
4 101 51 999.6940758918827 7.76983083289063e-12 1
4 101 52 1001.1487878059427 7.763406792135902e-12 1
4 101 53 1001.1487878059427 7.756993365307855e-12 1
4 101 54 1001.1487878059427 7.750623989523837e-12 1
4 101 55 1001.1487878059427 7.744275582488396e-12 1
4 101 56 1001.7087243293827 7.73794146216125e-12 1
4 101 57 1001.7087243293827 7.731714226289226e-12 1
4 101 58 1001.7087243293827 7.74030940686852e-12 1
4 101 59 1001.7087243293827 7.74030940686852e-12 1
4 101 60 1001.8624718879727 7.693197138763524e-12 1
4 101 61 1001.8624718879727 7.693197138763524e-12 1
4 101 62 1001.8624718879727 7.673712651451087e-12 1
4 101 63 1001.8624718879727 7.673712651451087e-12 1
4 101 64 1002.2599938606327 7.673712651451087e-12 1
4 101 65 1002.2599938606327 7.655207295435164e-12 1
4 101 66 1002.2599938606327 7.655207295435164e-12 1
4 101 67 1002.2599938606327 7.655207295435164e-12 1
4 101 68 1002.2599938606327 7.655207295435164e-12 1
4 101 69 1003.5099328254727 7.637814500729372e-12 1
4 101 70 1003.5099328254727 7.637814500729372e-12 1
4 101 71 1003.5099328254727 7.637814500729372e-12 1
4 101 72 1003.5099328254727 7.621586198434903e-12 1
4 101 73 1003.7522423957827 7.621586198434903e-12 1
4 101 74 1003.7522423957827 7.621586198434903e-12 1
4 101 75 1003.7522423957827 7.606658147246865e-12 1
4 101 76 1003.7522423957827 7.606658147246865e-12 1
4 101 77 1004.0998376106327 7.606658147246865e-12 1
4 101 78 1004.0998376106327 7.606658147246865e-12 1
4 101 79 1004.0998376106327 7.606658147246865e-12 1
4 101 80 1004.0998376106327 7.606658147246865e-12 1
4 101 81 1004.6254723762527 7.606658147246865e-12 1
4 101 82 1004.6254723762527 7.606658147246865e-12 1
4 101 83 1004.6254723762527 7.571453163070964e-12 1
4 101 84 1004.6254723762527 7.571453163070964e-12 1
4 101 85 1005.1770470832827 7.562580596769593e-12 1
4 101 86 1005.1770470832827 7.562580596769593e-12 1
4 102 24 980.7184289192227 8.78300276680096e-12 1
4 102 25 982.8624718879727 8.698866649278362e-12 1
4 102 26 985.2908776496927 8.682438385237923e-12 1
