3 113 272 1013.1396388441018 8.454411023420913e-11 1
3 113 273 1003.6632281885551 9.621629874971682e-11 1
3 113 274 988.7855346958048 9.621629874971682e-11 1
3 114 266 987.6170172277613 6.642782373579309e-11 1
3 114 267 993.7429632304576 6.268341116044766e-11 1
3 114 268 1000.8380510860953 5.984726088640311e-11 1
3 114 269 1016.085799766798 5.83517332006485e-11 1
3 114 270 1020.6929523210875 5.973437253905326e-11 1
3 114 271 1022.078730538839 6.53144813244859e-11 1
3 114 272 1020.5329312704986 7.543363472936213e-11 1
3 114 273 1016.1136331249936 8.080150516474462e-11 1
3 114 274 1004.7325772557479 8.080150516474462e-11 1
3 115 260 1012.768390047816 6.282302319949792e-11 1
3 115 261 1014.0972971877192 6.359381653386679e-11 1
3 115 262 1015.4997132733126 6.527582018821481e-11 1
3 115 263 1017.6265733950111 6.727919894355275e-11 1
3 115 264 1018.4440643357962 6.83474224112994e-11 1
3 115 265 1019.1131878002407 6.742996592232429e-11 1
3 115 266 1015.0542780318704 6.456387907107484e-11 1
3 115 267 1022.4161913878171 6.099713760662033e-11 1
3 115 268 1023.4692832654139 5.788113116800752e-11 1
3 115 269 1026.3929074391312 5.606064330397192e-11 1
3 116 199 959.1656880960936 5.749030874618514e-11 1
3 116 200 959.6234072259939 5.772327823817076e-11 1
3 116 201 960.0864479487336 5.794109259628406e-11 1
3 116 202 960.6617571291512 5.815880268401247e-11 1
3 116 203 961.2486066462368 5.837830302885134e-11 1
3 116 204 961.8354561633383 5.859185261439688e-11 1
3 116 205 962.4223056804334 5.879441028853523e-11 1
3 116 206 963.1994186419768 5.899837334396458e-11 1
3 116 207 964.0287338482686 5.91977139835101e-11 1
3 116 208 964.8580490545378 5.938280285853833e-11 1
3 116 209 965.6873642608714 5.956905276958543e-11 1
3 116 210 966.4701358743538 5.975368715767722e-11 1
3 116 211 967.224084620746 5.992474826704133e-11 1
3 116 212 967.9780333671795 6.009219389433536e-11 1
3 116 213 968.7319821135719 6.025986365516569e-11 1
3 116 214 969.4935705031126 6.04150672500393e-11 1
3 116 215 970.2644802182231 6.056126647477942e-11 1
3 116 216 971.0353899333517 6.07101661400396e-11 1
3 116 217 971.8062996484623 6.08586059504822e-11 1
3 116 218 972.7341821591923 6.098428080631084e-11 1
3 116 219 974.0592058430519 6.111397712319068e-11 1
3 116 220 975.384229526809 6.12442262705519e-11 1
3 116 221 976.7092532104787 6.136035583439668e-11 1
3 116 222 977.925223810454 6.147098103258562e-11 1
3 116 223 978.7248361871617 6.158163183698871e-11 1
3 116 224 979.4814184242246 6.16830896850713e-11 1
3 116 225 980.2380006612785 6.177532759794492e-11 1
3 116 226 981.0669834541053 6.186877138928633e-11 1
3 116 227 982.2661945758226 6.196170838560544e-11 1
3 116 228 983.5654794769438 6.203839374871638e-11 1
3 116 229 984.8647643781657 6.211526916249335e-11 1
3 116 230 986.2305443524582 6.219207102501403e-11 1
3 116 231 988.1526704299027 6.225880534375955e-11 1
3 116 232 990.3336064038998 6.231967532672939e-11 1
3 116 233 992.5145423777801 6.238060794850971e-11 1
3 116 234 994.6760038045138 6.243734380877912e-11 1
3 116 235 996.2071148764585 6.248447397608052e-11 1
3 116 236 997.299282621923 6.253018953530685e-11 1
3 116 237 998.3914503674458 6.25753540809828e-11 1
3 116 238 999.4836181129394 6.260767077850345e-11 1
3 116 239 1000.3263676730418 6.264002087283294e-11 1
3 116 240 1000.8924530327733 6.267426705066091e-11 1
3 116 241 1001.4489031625191 6.269967848558341e-11 1
3 116 242 1002.0053532922794 6.272061462772303e-11 1
3 116 243 1002.6430891915255 6.2742092398068e-11 1
3 116 244 1003.4385262689839 6.276391115931567e-11 1
3 116 245 1004.245100888048 6.277741832040752e-11 1
3 116 246 1005.0516755070909 6.278954386845813e-11 1
3 116 247 1005.9167662767485 6.280147102878783e-11 1
3 116 248 1007.0172809268803 6.280816925664171e-11 1
3 116 249 1008.1404383248665 6.281261187920838e-11 1
3 116 250 1009.2635957229121 6.281705513030149e-11 1
3 116 251 1010.3430970048493 6.281770261619474e-11 1
3 116 252 1010.5949274544023 6.281681750999578e-11 1
3 116 253 1010.7510518530952 6.281624847376833e-11 1
3 116 254 1010.907176251792 6.281611521304087e-11 1
3 116 255 1011.0633006504848 6.280941808681526e-11 1
3 116 256 1011.23320180424 6.279721752641975e-11 1
3 116 257 1011.4697634644332 6.277188356404447e-11 1
3 116 258 1011.8937319951923 6.273004571038389e-11 1
3 116 259 1013.166594627831 6.266927000197749e-11 1
3 116 260 1014.3336187773006 6.267584299690909e-11 1
3 116 261 1015.8485465072376 6.304250998430494e-11 1
3 116 262 1017.257189558383 6.391522549882335e-11 1
3 116 263 1019.8665715871632 6.558131668982314e-11 1
3 117 121 967.9247809418322 4.114911858786043e-11 1
3 117 122 967.9077966188875 4.122383170702657e-11 1
3 117 123 967.6692185719572 4.129878863281838e-11 1
3 117 124 967.4062350905418 4.1381852808478556e-11 1
3 117 125 967.1432516091058 4.147814340564878e-11 1
3 117 126 966.9027558381649 4.1574883161246737e-11 1
3 117 127 966.7692021202649 4.167314936926049e-11 1
3 117 128 966.664409990817 4.1788352502315764e-11 1
3 117 129 966.5596178613835 4.1905115145472375e-11 1
3 117 130 966.5095619193007 4.202253212002758e-11 1
3 117 131 966.9028752931066 4.2150288080239004e-11 1
3 117 132 967.495058580822 4.2284180656879315e-11 1
3 117 133 968.0872418685263 4.241896724433293e-11 1
3 117 134 968.6707617478619 4.255935489578789e-11 1
3 117 135 968.918601751743 4.270849194028686e-11 1
3 117 136 968.9469327211226 4.285867787626382e-11 1
3 117 137 968.9752636905024 4.30099415675024e-11 1
3 117 138 969.0035946598832 4.317163339890952e-11 1
3 117 139 969.0058823392435 4.333425312111767e-11 1
3 117 140 968.9801694905681 4.349810259364049e-11 1
3 117 141 968.9536058014024 4.3667175144473395e-11 1
3 117 142 968.9270421122375 4.383875874112781e-11 1
3 117 143 969.2845639399567 4.401168385251205e-11 1
3 117 144 970.3857014780473 4.418686959898273e-11 1
3 117 145 971.5294463869236 4.436492689539536e-11 1
3 117 146 972.6731912958663 4.454442501236855e-11 1
3 117 147 973.817691509199 4.472597259647042e-11 1
3 117 148 974.9653378720138 4.4911046025253727e-11 1
3 117 149 976.113223424997 4.509574436438392e-11 1
3 117 150 977.2611089780029 4.528196813441759e-11 1
3 117 151 978.3801825839718 4.547161747251144e-11 1
3 117 152 978.8129768878134 4.5663627985913135e-11 1
3 117 153 979.1839457891961 4.5858056425282536e-11 1
3 117 154 979.5549146905498 4.60639625622806e-11 1
3 117 155 979.9258835919076 4.6270929183835836e-11 1
3 117 156 980.5146128690135 4.6475616938491716e-11 1
3 117 157 981.161099378366 4.6683079271506915e-11 1
3 117 158 981.8075858877368 4.690910004890216e-11 1
3 117 159 982.4540723971014 4.712944801749511e-11 1
3 117 160 982.8760926466501 4.735187585436894e-11 1
3 117 161 983.1624128391551 4.758186867179636e-11 1
3 117 162 983.4487330316518 4.781633104021788e-11 1
3 117 163 983.7350532241708 4.805395973870825e-11 1
3 117 164 983.7820427370973 4.829782111612511e-11 1
3 117 165 983.543619265644 4.8540111324678963e-11 1
3 117 166 983.3051957941772 4.878484472942921e-11 1
3 117 167 983.0667723227239 4.902966481732043e-11 1
3 117 168 982.724502945998 4.9266091189792456e-11 1
3 117 169 982.126691194518 4.9507737388935423e-11 1
3 117 170 981.5288794430552 4.97517657827395e-11 1
3 117 171 980.931067691546 4.998752669345271e-11 1
3 117 172 980.3248332023469 5.022303149121179e-11 1
3 117 173 979.6879949021493 5.0460818893661616e-11 1
3 117 174 979.0478861856885 5.0696408649431116e-11 1
3 117 175 978.4077774693135 5.092683545596178e-11 1
3 117 176 977.8125005717177 5.115936651217625e-11 1
3 117 177 977.4379787649673 5.139473352224097e-11 1
3 117 178 977.1230267582594 5.162351021070071e-11 1
3 117 179 976.8080747515581 5.185236740224072e-11 1
3 117 180 976.4791593461252 5.2083262767444594e-11 1
3 117 181 976.0354935644226 5.230906639842681e-11 1
3 117 182 975.5393723407321 5.2533922237769384e-11 1
3 117 183 975.0432511170361 5.2761265586293974e-11 1
3 117 184 974.5559271937723 5.2989000143108806e-11 1
3 117 185 974.3773932963055 5.320935614962373e-11 1
3 117 186 974.4073623613132 5.3431552520635485e-11 1
3 117 187 974.4373314263204 5.36606234177893e-11 1
3 117 188 974.4673004913283 5.3881887852220264e-11 1
3 117 189 974.5114804745878 5.409918931399461e-11 1
3 117 190 974.5711702812201 5.4318250592753295e-11 1
3 117 191 974.631369123889 5.453146996637571e-11 1
3 117 192 974.6915679665532 5.474326849120168e-11 1
3 117 193 974.8264039600004 5.4957877214545686e-11 1
3 117 194 975.1058050163044 5.517797962623594e-11 1
3 117 195 975.3944736731578 5.538612698742584e-11 1
3 117 196 975.6831423300191 5.559258775746171e-11 1
3 117 197 976.1476532730893 5.5799941818149386e-11 1
3 117 198 977.3314740777848 5.599514841224456e-11 1
3 117 199 978.5772592795136 5.6191725595165656e-11 1
3 117 200 979.8230444812083 5.639335568475138e-11 1
3 117 201 981.0365787409121 5.658978679890008e-11 1
3 117 202 981.5697220609447 5.677389991770782e-11 1
3 117 203 982.0329264091304 5.695895320585901e-11 1
3 117 204 982.4961307573288 5.7138627566963245e-11 1
3 117 205 982.9593351055221 5.7308579938265496e-11 1
3 117 206 983.7203708998738 5.7479546333797965e-11 1
3 117 207 984.5631221813237 5.7659085168459616e-11 1
3 117 208 985.4058734627507 5.7820993486591146e-11 1
3 117 209 986.248624744243 5.7977873463402253e-11 1
3 117 210 987.1036195883876 5.8135607050045606e-11 1
3 117 211 987.9661964553275 5.828023045403818e-11 1
3 117 212 988.8287733223146 5.841990857921149e-11 1
3 117 213 989.6913501892549 5.856160693231469e-11 1
3 117 214 990.7413305368419 5.870266098032324e-11 1
3 117 215 992.0199667035807 5.882569159235047e-11 1
3 117 216 993.2986028703498 5.894923898918498e-11 1
3 117 217 994.5772390370889 5.908297442241329e-11 1
3 117 218 995.7265863949103 5.919919023496878e-11 1
3 117 219 996.5488330662753 5.930688679594243e-11 1
3 117 220 997.3710797375765 5.941497591931463e-11 1
3 117 221 998.1933264088235 5.951172312840605e-11 1
3 117 222 999.0197188957162 5.960403338700972e-11 1
3 117 223 999.8619398610414 5.969793339154983e-11 1
3 117 224 1000.705796681289 5.979520979528857e-11 1
3 117 225 1001.5496535015268 5.987576784158141e-11 1
3 117 226 1002.3448001590654 5.995303344607584e-11 1
3 117 227 1002.8908619586524 6.00298568542795e-11 1
3 117 228 1003.3695954065365 6.009344985045889e-11 1
3 117 229 1003.8483288544577 6.015717772478131e-11 1
3 117 230 1004.3568723972954 6.022447303972719e-11 1
3 117 231 1005.1148288570749 6.028561693532615e-11 1
3 117 232 1005.9888111699415 6.033626626791899e-11 1
3 117 233 1006.8627934827613 6.038681937434885e-11 1
3 117 234 1007.7278054840847 6.043278012675092e-11 1
3 117 235 1008.3024672662535 6.047113902295309e-11 1
3 117 236 1008.6749441998406 6.050954664567295e-11 1
3 117 237 1009.0474211334479 6.055158924347356e-11 1
3 117 238 1009.419898067045 6.05823529556758e-11 1
3 117 239 1009.761079584599 6.060990221949261e-11 1
3 118 61 979.7880165046829 4.611439574862343e-11 1
3 118 62 980.4144731910854 4.5994549336495706e-11 1
3 118 63 979.1497362057564 4.576177641372474e-11 1
3 118 64 979.106816673858 4.551138376091688e-11 1
3 118 65 980.4790439101898 4.531245480817762e-11 1
3 118 66 980.8170282679322 4.5164834314948244e-11 1
3 118 67 981.4929969834221 4.506137952169684e-11 1
3 118 68 981.7532415289995 4.49696042139822e-11 1
3 118 69 981.8323376443961 4.48827085218999e-11 1
3 118 70 981.9114337597975 4.479614800282574e-11 1
3 118 71 981.9905298751942 4.470608148619815e-11 1
3 118 72 982.0145941038667 4.461483281590513e-11 1
3 118 73 981.856136080871 4.452326568406413e-11 1
3 118 74 981.6770250290848 4.442529843285812e-11 1
3 118 75 981.4979139773016 4.4328129233090265e-11 1
3 118 76 981.3275043214524 4.423313936442577e-11 1
3 118 77 981.1971699616481 4.413830087634169e-11 1
3 118 78 981.0775596870953 4.403857260500131e-11 1
3 118 79 980.9579494125417 4.393929397973687e-11 1
3 118 80 980.8779178932588 4.383935954985354e-11 1
3 118 81 981.1149396366117 4.3739273868670935e-11 1
3 118 82 981.4912953299212 4.363951112402572e-11 1
3 118 83 981.8676510231986 4.354019046369892e-11 1
3 118 84 982.2430854712774 4.3442119875225785e-11 1
3 118 85 982.5782350562123 4.334480378038233e-11 1
3 118 86 982.8879048489533 4.3247366496199196e-11 1
3 118 87 983.1975746417186 4.3150590385179314e-11 1
3 118 88 983.5072444344598 4.3058350231876816e-11 1
3 118 89 983.6470390095097 4.296525395324895e-11 1
3 118 90 983.6066928708419 4.287255937226022e-11 1
3 118 91 983.5613886294656 4.278397645812245e-11 1
3 118 92 983.5160843880877 4.26972517140808e-11 1
3 118 93 983.4417630220773 4.261092632355762e-11 1
3 118 94 983.311219833859 4.252617899776277e-11 1
3 118 95 983.1778535985293 4.244397153059985e-11 1
3 118 96 983.0444873632038 4.236252008191902e-11 1
3 118 97 982.9374186152335 4.228167475372984e-11 1
3 118 98 982.9420585266294 4.220725315908791e-11 1
3 118 99 982.9540536517828 4.2133093088723654e-11 1
3 118 100 982.9660487769373 4.2058475211624305e-11 1
3 118 101 982.9887152160877 4.199286207584898e-11 1
3 118 102 983.3037241963527 4.1931321098853574e-11 1
3 118 103 983.641398335333 4.186955332397194e-11 1
3 118 104 983.9790724743028 4.180988393334375e-11 1
3 118 105 984.3167466132988 4.1761932438034576e-11 1
3 118 106 984.7028275048247 4.1716068783971946e-11 1
3 118 107 985.1013115500357 4.1671115872245284e-11 1
3 118 108 985.4997955952704 4.164313834948571e-11 1
3 118 109 985.8982796404813 4.161519836911452e-11 1
3 118 110 986.2808159985211 4.158483202581637e-11 1
3 118 111 986.6539417843902 4.1566564692907956e-11 1
3 118 112 987.0270675702659 4.1558677462856636e-11 1
3 118 113 987.4001933561349 4.15509150788611e-11 1
3 118 114 987.7891218650482 4.1550023428688325e-11 1
3 118 115 988.1964707260894 4.156269605278292e-11 1
3 118 116 988.6038195870989 4.157668152448336e-11 1
3 118 117 989.0111684481119 4.159166157030653e-11 1
3 118 118 989.3247071486626 4.162592940010983e-11 1
3 118 119 989.4136426764494 4.1657275481971446e-11 1
3 118 120 989.5025782042387 4.1688668809256365e-11 1
3 118 121 989.5915137320274 4.173052772716666e-11 1
3 118 122 989.6916841908752 4.177668684284264e-11 1
3 118 123 989.830807692611 4.18239470150886e-11 1
3 118 124 989.9742213245835 4.188640767279093e-11 1
3 118 125 990.1176349565674 4.1954334423643635e-11 1
3 118 126 990.2654498869772 4.201831899302214e-11 1
3 118 127 990.4341955338107 4.2084029547121864e-11 1
3 118 128 990.6085704035349 4.217793608142411e-11 1
3 118 129 990.7829452732353 4.2262962581890195e-11 1
3 118 130 990.9842611534935 4.234833258466369e-11 1
3 118 131 991.4038022698809 4.244858641451601e-11 1
3 118 132 991.9212266460453 4.2555216241515656e-11 1
3 118 133 992.4386510221998 4.2664040314745e-11 1
3 118 134 992.951432774755 4.279158455097513e-11 1
3 118 135 993.2843274386242 4.292173095125781e-11 1
3 118 136 993.4995896673889 4.3048256047514363e-11 1
3 118 137 993.7148518961557 4.317658355077709e-11 1
3 118 138 993.9301141249287 4.332485645394158e-11 1
3 118 139 994.1368024070377 4.346736499578551e-11 1
3 118 140 994.3342723824888 4.361081413884639e-11 1
3 118 141 994.5314622450556 4.376247546141588e-11 1
3 118 142 994.7286521076168 4.391814844519363e-11 1
3 118 143 994.9139200605645 4.407583579266389e-11 1
3 118 144 995.0761063847616 4.424100439465605e-11 1
3 118 145 995.2369701878141 4.440677654632464e-11 1
3 118 146 995.3978339908759 4.4573795675257695e-11 1
3 118 147 995.5873394091552 4.474650771032639e-11 1
3 118 148 995.8961487732735 4.4922144579679864e-11 1
3 118 149 996.2140283779236 4.509641224019641e-11 1
3 118 150 996.5319079825799 4.527203724857347e-11 1
3 118 151 996.8439215403639 4.545168970179615e-11 1
3 118 152 997.01621019349 4.5630507726507546e-11 1
3 118 153 997.1759113353321 4.5810642681220396e-11 1
3 118 154 997.3356124771617 4.599124388058967e-11 1
3 118 155 997.495313618993 4.6171687025436106e-11 1
3 118 156 997.6802421709384 4.6353551657268107e-11 1
3 118 157 997.8718618639055 4.653891639132121e-11 1
3 118 158 998.0634815568778 4.67224199895819e-11 1
3 118 159 998.2551012498485 4.6903712595255517e-11 1
3 118 160 998.4155353720357 4.7086417586520816e-11 1
3 118 161 998.5571163991716 4.7268278142990134e-11 1
3 119 54 975.1040852298245 5.047679805603366e-11 1
3 119 55 977.204686465529 4.974133270461875e-11 1
3 119 56 978.6973770512326 4.843494349244549e-11 1
3 119 57 979.349914010075 4.6982271592989194e-11 1
3 119 58 980.7539934322898 4.596838246760125e-11 1
3 119 59 982.694226367503 4.560881382306522e-11 1
3 119 60 984.3573674690039 4.576137329103683e-11 1
3 119 61 985.5572262126519 4.5858073737847694e-11 1
3 119 62 987.1927459890461 4.5827148782013514e-11 1
3 119 63 988.3376984936491 4.56947313804617e-11 1
3 119 64 988.9379790935412 4.554147147032457e-11 1
3 119 65 989.5220460672502 4.541488090501493e-11 1
3 119 66 989.5817038579415 4.532160975210509e-11 1
3 119 67 989.7010194393251 4.5261981359484e-11 1
3 119 68 989.8108301456768 4.520496694425213e-11 1
3 119 69 990.037506608392 4.5155209856072754e-11 1
3 119 70 990.2641830711211 4.510556218267304e-11 1
3 119 71 990.4908595338362 4.5046161771894396e-11 1
3 119 72 990.6868658153734 4.49947503654341e-11 1
3 119 73 990.781149425529 4.4943790275081975e-11 1
3 119 74 990.8639227609597 4.4890312366316965e-11 1
3 119 75 990.9466960963888 4.483265908785096e-11 1
3 119 76 991.0323464928026 4.4775153709316474e-11 1
3 119 77 991.1312475298997 4.470816752391915e-11 1
3 119 78 991.2336944172783 4.4633192911390235e-11 1
3 119 79 991.3361413046579 4.4565903545696324e-11 1
3 120 48 967.3715624223412 4.985848028599116e-11 1
3 120 49 968.3576166683749 5.053262264656096e-11 1
3 120 50 969.4798518596054 5.091163691293989e-11 1
3 120 51 970.9447814762332 5.1003720171872945e-11 1
3 120 52 972.7641309153595 5.080144189089031e-11 1
3 120 53 974.8073330685792 5.0322989994860605e-11 1
3 120 54 977.0305099015677 4.953672941818419e-11 1
3 120 55 978.6212430254935 4.836684038733715e-11 1
3 120 56 979.9503744723994 4.691968403200014e-11 1
3 120 57 981.8787006519166 4.5763896178979944e-11 1
3 121 48 967.6770772503579 5.002390227690831e-11 1
3 121 49 969.1379554703306 5.071938686424999e-11 1
3 121 50 970.23090255223 5.100657955784175e-11 1
3 121 51 971.4750677804914 5.089514602766e-11 1
