1 113 272 1010.0729396185384 1.527067235830073e-11 1
1 113 273 1000.5965289629917 1.5618640525435177e-11 1
1 113 274 985.7188354702414 1.7671837150601038e-11 1
1 114 266 984.5503180021979 2.111102719650229e-11 1
1 114 267 990.6762640048942 2.108147879603878e-11 1
1 114 268 997.7713518605319 2.0636284286491045e-11 1
1 114 269 1013.0191005412346 1.8305580023115162e-11 1
1 114 270 1017.6262530955241 1.737847094233314e-11 1
1 114 271 1019.0120313132755 1.6322740893232148e-11 1
1 114 272 1017.4662320449352 1.5342754599044593e-11 1
1 114 273 1013.0469338994302 1.524453690386873e-11 1
1 114 274 1001.6658780301844 1.6692612035736417e-11 1
1 115 260 1009.7016908222525 1.5780288829238933e-11 1
1 115 261 1011.0305979621558 1.5634256893169114e-11 1
1 115 262 1012.4330140477492 1.5446114925966355e-11 1
1 115 263 1014.5598741694477 1.5204321712639698e-11 1
1 115 264 1015.3773651102327 1.5267856492501733e-11 1
1 115 265 1016.0464885746773 1.5588618678393065e-11 1
1 115 266 1011.9875788063069 1.6793146925052934e-11 1
1 115 267 1019.3494921622537 1.6578060933410055e-11 1
1 115 268 1020.4025840398505 1.7161729395985733e-11 1
1 115 269 1023.3262082135678 1.718289347125047e-11 1
1 116 199 956.0989888705302 3.242906177652327e-11 1
1 116 200 956.5567080004305 3.199457742915531e-11 1
1 116 201 957.0197487231702 3.1578298807516606e-11 1
1 116 202 957.5950579035878 3.111911614282981e-11 1
1 116 203 958.1819074206734 3.0667590606836545e-11 1
1 116 204 958.7687569377749 3.0232773787751905e-11 1
1 116 205 959.35560645487 2.981615783437879e-11 1
1 116 206 960.1327194164134 2.932880870449494e-11 1
1 116 207 960.9620346227052 2.8837978765681104e-11 1
1 116 208 961.7913498289744 2.8370116747799072e-11 1
1 116 209 962.620665035308 2.7917193381158972e-11 1
1 116 210 963.4034366487904 2.749737128363755e-11 1
1 116 211 964.1573853951826 2.71063192246291e-11 1
1 116 212 964.9113341416161 2.6727898491408278e-11 1
1 116 213 965.6652828880085 2.6360245806550815e-11 1
1 116 214 966.4268712775491 2.6005604754111023e-11 1
1 116 215 967.1977809926597 2.56603862767172e-11 1
1 116 216 967.9686907077883 2.5323172689758146e-11 1
1 116 217 968.7396004228989 2.4995178067284502e-11 1
1 116 218 969.6674829336289 2.4636502802314092e-11 1
1 116 219 970.9925066174885 2.4169391163917793e-11 1
1 116 220 972.3175303012456 2.3719662941252543e-11 1
1 116 221 973.6425539849153 2.3290772985282213e-11 1
1 116 222 974.8585245848906 2.2907411929437303e-11 1
1 116 223 975.6581369615983 2.264299088113359e-11 1
1 116 224 976.4147191986611 2.23995949344653e-11 1
1 116 225 977.1713014357151 2.21632068508871e-11 1
1 116 226 978.0002842285419 2.1913525915354642e-11 1
1 116 227 979.1994953502592 2.1583052917582357e-11 1
1 116 228 980.4987802513804 2.1244260916107135e-11 1
1 116 229 981.7980651526022 2.0915940662830555e-11 1
1 116 230 983.1638451268948 2.0584407692416372e-11 1
1 116 231 985.0859712043393 2.0153454252893534e-11 1
1 116 232 987.2669071783364 1.968925100067523e-11 1
1 116 233 989.4478431522167 1.924590465285937e-11 1
1 116 234 991.6093045789504 1.8827348989102906e-11 1
1 116 235 993.1404156508951 1.8536275325827868e-11 1
1 116 236 994.2325833963596 1.8327016422978928e-11 1
1 116 237 995.3247511418824 1.8122562434075056e-11 1
1 116 238 996.416918887376 1.792533403959184e-11 1
1 116 239 997.2596684474784 1.777165228903672e-11 1
1 116 240 997.8257538072099 1.7664188760586238e-11 1
1 116 241 998.3822039369556 1.756121488394926e-11 1
1 116 242 998.938654066716 1.7459855235635992e-11 1
1 116 243 999.5763899659621 1.7347543145771484e-11 1
1 116 244 1000.3718270434205 1.7215065477683738e-11 1
1 116 245 1001.1784016624846 1.7083823270513358e-11 1
1 116 246 1001.9849762815275 1.695424028277286e-11 1
1 116 247 1002.8500670511851 1.6818473923451395e-11 1
1 116 248 1003.9505817013169 1.665488296041666e-11 1
1 116 249 1005.0737390993031 1.649079723219929e-11 1
1 116 250 1006.1968964973487 1.6329913142160383e-11 1
1 116 251 1007.2763977792858 1.6179248624967386e-11 1
1 116 252 1007.5282282288389 1.6138968823483937e-11 1
1 116 253 1007.6843526275318 1.6111393415450842e-11 1
1 116 254 1007.8404770262285 1.6085315382393596e-11 1
1 116 255 1007.9966014249214 1.6058683491709954e-11 1
1 116 256 1008.1665025786766 1.6027051911879606e-11 1
1 116 257 1008.4030642388698 1.5986855351698396e-11 1
1 116 258 1008.8270327696289 1.5925610996759116e-11 1
1 116 259 1010.0998954022676 1.5766326556297357e-11 1
1 116 260 1011.2669195517371 1.5641070470506007e-11 1
1 116 261 1012.7818472816742 1.549318240727905e-11 1
1 116 262 1014.1904903328195 1.5376991631912878e-11 1
1 116 263 1016.7998723615998 1.5153641872140385e-11 1
1 117 121 964.8580817162688 4.9668072594613284e-11 1
1 117 122 964.841097393324 4.968695712308476e-11 1
1 117 123 964.6025193463938 4.998094874841643e-11 1
1 117 124 964.3395358649784 5.027695986523798e-11 1
1 117 125 964.0765523835424 5.052296793573872e-11 1
1 117 126 963.8360566126015 5.0742428169295505e-11 1
1 117 127 963.7025028947015 5.082804243048331e-11 1
1 117 128 963.5977107652536 5.079916747823264e-11 1
1 117 129 963.49291863582 5.076252797450562e-11 1
1 117 130 963.4428626937373 5.065561749478072e-11 1
1 117 131 963.8361760675432 4.994602375879247e-11 1
1 117 132 964.4283593552586 4.898810695693489e-11 1
1 117 133 965.0205426429629 4.8065937431280716e-11 1
1 117 134 965.6040625222985 4.716571492267038e-11 1
1 117 135 965.8519025261796 4.6626319117659113e-11 1
1 117 136 965.8802334955592 4.633354969183298e-11 1
1 117 137 965.908564464939 4.605028898126401e-11 1
1 117 138 965.9368954343198 4.572598303065084e-11 1
1 117 139 965.9391831136801 4.542792032738174e-11 1
1 117 140 965.9134702650047 4.516225557994178e-11 1
1 117 141 965.886906575839 4.4882438820292256e-11 1
1 117 142 965.8603428866741 4.459189670677626e-11 1
1 117 143 966.2178647143933 4.393111219168705e-11 1
1 117 144 967.3190022524839 4.259512488403916e-11 1
1 117 145 968.4627471613602 4.128812022398996e-11 1
1 117 146 969.6064920703029 4.0058936899623496e-11 1
1 117 147 970.7509922836356 3.890543777472317e-11 1
1 117 148 971.8986386464504 3.780009698615696e-11 1
1 117 149 973.0465241994336 3.675187207731702e-11 1
1 117 150 974.1944097524395 3.576021462908466e-11 1
1 117 151 975.3134833584083 3.483010098514661e-11 1
1 117 152 975.74627766225 3.434408665604347e-11 1
1 117 153 976.1172465636326 3.390725996622958e-11 1
1 117 154 976.4882154649864 3.3477954449167123e-11 1
1 117 155 976.8591843663442 3.305094785278105e-11 1
1 117 156 977.4479136434501 3.25194899547082e-11 1
1 117 157 978.0944001528026 3.197467628636183e-11 1
1 117 158 978.7408866621734 3.1435595387068873e-11 1
1 117 159 979.387373171538 3.091518627822446e-11 1
1 117 160 979.8093934210867 3.051588399207573e-11 1
1 117 161 980.0957136135917 3.018204338851951e-11 1
1 117 162 980.3820338060884 2.985288881084051e-11 1
1 117 163 980.6683539986074 2.953083606744435e-11 1
1 117 164 980.7153435115339 2.931630173628652e-11 1
1 117 165 980.4769200400806 2.92232318012824e-11 1
1 117 166 980.2384965686138 2.9130750931082666e-11 1
1 117 167 980.0000730971605 2.9040705521592226e-11 1
1 117 168 979.6578037204346 2.899389998593031e-11 1
1 117 169 979.0599919689546 2.9053124747787688e-11 1
1 117 170 978.4621802174918 2.9112591957316266e-11 1
1 117 171 977.8643684659826 2.9173757403909926e-11 1
1 117 172 977.2581339767835 2.9237748967606716e-11 1
1 117 173 976.6212956765859 2.931511989102231e-11 1
1 117 174 975.9811869601251 2.939450908602815e-11 1
1 117 175 975.3410782437501 2.947465045946548e-11 1
1 117 176 974.7458013461543 2.953566242978304e-11 1
1 117 177 974.3712795394039 2.950106773943656e-11 1
1 117 178 974.056327532696 2.9440782060143304e-11 1
1 117 179 973.7413755259947 2.938056120670557e-11 1
1 117 180 973.4124601205618 2.932658958615709e-11 1
1 117 181 972.9687943388592 2.932288761640734e-11 1
1 117 182 972.4726731151687 2.9342082916185336e-11 1
1 117 183 971.9765518914727 2.9361334365272907e-11 1
1 117 184 971.4892279682089 2.937782897970545e-11 1
1 117 185 971.3106940707421 2.92628186856445e-11 1
1 117 186 971.3406631357498 2.9060396770912757e-11 1
1 117 187 971.370632200757 2.8861322664313873e-11 1
1 117 188 971.4006012657649 2.8668447266021645e-11 1
1 117 189 971.4447812490243 2.8471783878271906e-11 1
1 117 190 971.5044710556567 2.8271600567852756e-11 1
1 117 191 971.5646698983256 2.8077127391249668e-11 1
1 117 192 971.6248687409898 2.7886552248663336e-11 1
1 117 193 971.759704734437 2.7670027742344904e-11 1
1 117 194 972.039105790741 2.7405145207641156e-11 1
1 117 195 972.3277744475944 2.7144450738938836e-11 1
1 117 196 972.6164431044557 2.6888236903177324e-11 1
1 117 197 973.0809540475259 2.65748307176474e-11 1
1 117 198 974.2647748522214 2.6027839843486096e-11 1
1 117 199 975.5105600539501 2.5482777444317768e-11 1
1 117 200 976.7563452556449 2.4960666518217497e-11 1
1 117 201 977.9698795153487 2.4473698986299954e-11 1
1 117 202 978.5030228353813 2.4203261696660397e-11 1
1 117 203 978.966227183567 2.3958756811344262e-11 1
1 117 204 979.4294315317654 2.3721124438869514e-11 1
1 117 205 979.8926358799587 2.3491343439166896e-11 1
1 117 206 980.6536716743104 2.3185640830812123e-11 1
1 117 207 981.4964229557603 2.2867769999215865e-11 1
1 117 208 982.3391742371873 2.25634053190388e-11 1
1 117 209 983.1819255186796 2.2265949065582532e-11 1
1 117 210 984.0369203628242 2.1973277426008647e-11 1
1 117 211 984.899497229764 2.168993569776408e-11 1
1 117 212 985.7620740967512 2.1415193248318537e-11 1
1 117 213 986.6246509636915 2.114749940580527e-11 1
1 117 214 987.6746313112785 2.0848115647460168e-11 1
1 117 215 988.9532674780173 2.051084781611318e-11 1
1 117 216 990.2319036447864 2.018431848191066e-11 1
1 117 217 991.5105398115255 1.9869293806469688e-11 1
1 117 218 992.6598871693469 1.959261881876188e-11 1
1 117 219 993.4821338407119 1.9383789063914338e-11 1
1 117 220 994.304380512013 1.9179364023849523e-11 1
1 117 221 995.1266271832601 1.898197841451798e-11 1
1 117 222 995.9530196701528 1.8788979326908976e-11 1
1 117 223 996.795240635478 1.859729438821924e-11 1
1 117 224 997.6390974557256 1.8411799041087272e-11 1
1 117 225 998.4829542759634 1.823133563165955e-11 1
1 117 226 999.278100933502 1.806184132965122e-11 1
1 117 227 999.824162733089 1.7935595227499385e-11 1
1 117 228 1000.3028961809731 1.7824923779218036e-11 1
1 117 229 1000.7816296288943 1.7715609749579807e-11 1
1 117 230 1001.290173171732 1.7603598879724607e-11 1
1 117 231 1002.0481296315115 1.745783265292572e-11 1
1 117 232 1002.9221119443781 1.7296785877910762e-11 1
1 117 233 1003.7960942571979 1.71386504399417e-11 1
1 117 234 1004.6611062585213 1.6985773389356622e-11 1
1 117 235 1005.2357680406901 1.6878626524457905e-11 1
1 117 236 1005.6082449742772 1.6801311351643158e-11 1
1 117 237 1005.9807219078845 1.6725711605364537e-11 1
1 117 238 1006.3531988414816 1.6653213910290023e-11 1
1 117 239 1006.6943803590356 1.6584928467684352e-11 1
1 118 61 976.7213172791195 3.057176916065255e-11 1
1 118 62 977.347773965522 3.1148028646319254e-11 1
1 118 63 976.083036980193 3.250597963097311e-11 1
1 118 64 976.0401174482946 3.310257043929521e-11 1
1 118 65 977.4123446846264 3.2762951996912274e-11 1
1 118 66 977.7503290423688 3.285501898908887e-11 1
1 118 67 978.4262977578587 3.267911491155571e-11 1
1 118 68 978.6865423034361 3.269164617166314e-11 1
1 118 69 978.7656384188327 3.2797212907795676e-11 1
1 118 70 978.8447345342341 3.2903463637580024e-11 1
1 118 71 978.9238306496308 3.300888418733251e-11 1
1 118 72 978.9478948783033 3.314456494377484e-11 1
1 118 73 978.7894368553076 3.338341600782109e-11 1
1 118 74 978.6103258035214 3.364087577568446e-11 1
1 118 75 978.4312147517381 3.389744704205172e-11 1
1 118 76 978.2608050958889 3.4151491358790516e-11 1
1 118 77 978.1304707360847 3.438557537522855e-11 1
1 118 78 978.0108604615319 3.461459009341336e-11 1
1 118 79 977.8912501869783 3.484667583163924e-11 1
1 118 80 977.8112186676954 3.5057718992138373e-11 1
1 118 81 978.0482404110483 3.506804571697568e-11 1
1 118 82 978.4245961043578 3.4994198120383227e-11 1
1 118 83 978.8009517976352 3.4920782219601763e-11 1
1 118 84 979.176386245714 3.4842574059412686e-11 1
1 118 85 979.5115358306489 3.4784474935183303e-11 1
1 118 86 979.8212056233899 3.4744552041895113e-11 1
1 118 87 980.1308754161552 3.470389435860387e-11 1
1 118 88 980.4405452088964 3.464888695343746e-11 1
1 118 89 980.5803397839463 3.470226986101349e-11 1
1 118 90 980.5399936452785 3.486496119078826e-11 1
1 118 91 980.4946894039022 3.5025809047224993e-11 1
1 118 92 980.4493851625243 3.518553327699008e-11 1
1 118 93 980.3750637965139 3.5363629158901656e-11 1
1 118 94 980.2445206082956 3.5568089466146605e-11 1
1 118 95 980.1111543729659 3.5780379249756255e-11 1
1 118 96 979.9777881376403 3.599900763876042e-11 1
1 118 97 979.8707193896701 3.6202875595667306e-11 1
1 118 98 979.8753593010659 3.6330826419194065e-11 1
1 118 99 979.8873544262194 3.6454796857548394e-11 1
1 118 100 979.8993495513739 3.657416965441289e-11 1
1 118 101 979.9220159905243 3.668310040554732e-11 1
1 118 102 980.2370249707893 3.659690851174585e-11 1
1 118 103 980.5746991097695 3.649492554292592e-11 1
1 118 104 980.9123732487394 3.638395408417535e-11 1
1 118 105 981.2500473877354 3.627360373182045e-11 1
1 118 106 981.6361282792612 3.613363619345864e-11 1
1 118 107 982.0346123244723 3.598609845424253e-11 1
1 118 108 982.433096369707 3.5827072885797646e-11 1
1 118 109 982.8315804149179 3.5669446628179674e-11 1
1 118 110 983.2141167729577 3.552420138582574e-11 1
1 118 111 983.5872425588268 3.5376328586269065e-11 1
1 118 112 983.9603683447025 3.5218821378832836e-11 1
1 118 113 984.3334941305715 3.506252703062641e-11 1
1 118 114 984.7224226394848 3.48911343233376e-11 1
1 118 115 985.129771500526 3.4692518955746844e-11 1
1 118 116 985.5371203615355 3.44924208957833e-11 1
1 118 117 985.9444692225485 3.429323049975909e-11 1
1 118 118 986.2580079230992 3.412193236049995e-11 1
1 118 119 986.346943450886 3.408155850463647e-11 1
1 118 120 986.4358789786753 3.404128007840827e-11 1
1 118 121 986.5248145064639 3.3977881683256724e-11 1
1 118 122 986.6249849653118 3.389893375055121e-11 1
1 118 123 986.7641084670475 3.379790595733701e-11 1
1 118 124 986.9075220990201 3.368156673782798e-11 1
1 118 125 987.050935731004 3.3547178860039673e-11 1
1 118 126 987.1987506614138 3.341188921703571e-11 1
1 118 127 987.3674963082473 3.326457518475924e-11 1
1 118 128 987.5418711779715 3.308459068108683e-11 1
1 118 129 987.7162460476719 3.2908009432169255e-11 1
1 118 130 987.9175619279301 3.2718876229098865e-11 1
1 118 131 988.3371030443175 3.239674680474354e-11 1
1 118 132 988.8545274204819 3.202268596035847e-11 1
1 118 133 989.3719517966364 3.16567888366633e-11 1
1 118 134 989.8847335491915 3.1290027898177394e-11 1
1 118 135 990.2176282130608 3.100564849047539e-11 1
1 118 136 990.4328904418255 3.078294491788324e-11 1
1 118 137 990.6481526705923 3.05624828235119e-11 1
1 118 138 990.8634148993652 3.032631118786562e-11 1
1 118 139 991.0701031814743 3.0098490938318337e-11 1
1 118 140 991.2675731569254 2.987818212445892e-11 1
1 118 141 991.4647630194922 2.965001320956465e-11 1
1 118 142 991.6619528820534 2.942085761762483e-11 1
1 118 143 991.847220835001 2.9200237444990904e-11 1
1 118 144 992.0094071591982 2.8987467640876067e-11 1
1 118 145 992.1702709622507 2.87707643974079e-11 1
1 118 146 992.3311347653125 2.8557277153178978e-11 1
1 118 147 992.5206401835918 2.8334997206009664e-11 1
1 118 148 992.82944954771 2.805980290798004e-11 1
1 118 149 993.1473291523602 2.778584129358362e-11 1
1 118 150 993.4652087570165 2.7517177596170343e-11 1
1 118 151 993.7772223148005 2.725130885145975e-11 1
1 118 152 993.9495109679266 2.7038442751776844e-11 1
1 118 153 994.1092121097687 2.6833371668702653e-11 1
1 118 154 994.2689132515983 2.6629450969955345e-11 1
1 118 155 994.4286143934296 2.642548168562052e-11 1
1 118 156 994.613542945375 2.6215941311825064e-11 1
1 118 157 994.805162638342 2.6009038127716395e-11 1
1 118 158 994.9967823313144 2.580224124214636e-11 1
1 118 159 995.1884020242851 2.5597682318475092e-11 1
1 118 160 995.3488361464723 2.5406402277258527e-11 1
1 118 161 995.4904171736082 2.5222258821437238e-11 1
1 119 54 972.0373860042611 2.411878059295927e-11 1
1 119 55 974.1379872399656 2.4564627847258954e-11 1
1 119 56 975.6306778256692 2.5518456972834908e-11 1
1 119 57 976.2832147845116 2.6922759792801647e-11 1
1 119 58 977.6872942067264 2.7870050949715468e-11 1
1 119 59 979.6275271419396 2.8223930032740165e-11 1
1 119 60 981.2906682434405 2.838437850325448e-11 1
1 119 61 982.4905269870885 2.8736029696626772e-11 1
1 119 62 984.1260467634827 2.876671974107512e-11 1
1 119 63 985.2709992680857 2.8818785136814016e-11 1
1 119 64 985.8712798679778 2.8951976670528277e-11 1
1 119 65 986.4553468416868 2.8974229007966983e-11 1
1 119 66 986.5150046323781 2.912948623871607e-11 1
1 119 67 986.6343202137617 2.919839050758722e-11 1
1 119 68 986.7441309201134 2.9250093945341054e-11 1
1 119 69 986.9708073828286 2.9247708555711107e-11 1
1 119 70 987.1974838455577 2.9245323555107814e-11 1
1 119 71 987.4241603082728 2.924604587916398e-11 1
1 119 72 987.62016658981 2.925428066809045e-11 1
1 119 73 987.7144501999655 2.930594191941402e-11 1
1 119 74 987.7972235353963 2.936353096554531e-11 1
1 119 75 987.8799968708254 2.9422636138084785e-11 1
1 119 76 987.9656472672392 2.948072943424775e-11 1
1 119 77 988.0645483043363 2.953849101600888e-11 1
1 119 78 988.1669951917149 2.959849979422081e-11 1
1 119 79 988.2694420790945 2.9655186239371746e-11 1
1 120 48 964.3048631967778 2.3629557583325758e-11 1
1 120 49 965.2909174428115 2.339383724288371e-11 1
1 120 50 966.413152634042 2.3240326351372388e-11 1
1 120 51 967.8780822506698 2.31390574869761e-11 1
1 120 52 969.6974316897961 2.3113899247904485e-11 1
1 120 53 971.7406338430158 2.3220159053466476e-11 1
1 120 54 973.9638106760043 2.3512019126528264e-11 1
1 120 55 975.5545437999301 2.4297996456608732e-11 1
1 120 56 976.883675246836 2.547915262276329e-11 1
1 120 57 978.8120014263532 2.642970230185086e-11 1
1 121 48 964.6103780247945 2.313513497989822e-11 1
1 121 49 966.0712562447671 2.275153451387258e-11 1
1 121 50 967.1642033266666 2.25894725553831e-11 1
1 121 51 968.408368554928 2.2697093491066568e-11 1
