1 98 267 986.520036309216 4.8906941504865306e-11 1
1 98 268 1006.239335625616 4.3456486766929615e-11 1
1 98 269 1028.5263229303062 3.4062214759519676e-11 1
1 98 270 1022.689347832646 3.092874486475607e-11 1
1 99 206 965.261003106086 6.799148611694095e-11 1
1 99 207 965.261003106086 6.758101306040419e-11 1
1 99 208 965.261003106086 6.718632950494957e-11 1
1 99 209 965.261003106086 6.679622920841546e-11 1
1 99 210 968.247209160776 6.328029709131783e-11 1
1 99 211 968.247209160776 6.295788031823573e-11 1
1 99 212 968.247209160776 6.263873235458784e-11 1
1 99 213 968.247209160776 6.232616798646495e-11 1
1 99 214 971.055009453746 5.944980704662133e-11 1
1 99 215 971.055009453746 5.918669845663407e-11 1
1 99 216 971.055009453746 5.892590849836615e-11 1
1 99 217 971.055009453746 5.867678488530815e-11 1
1 99 218 971.055009453746 5.844223071992524e-11 1
1 99 219 973.053239434216 5.6564698627447024e-11 1
1 99 220 973.053239434216 5.635385413136067e-11 1
1 99 221 973.053239434216 5.6157326696400596e-11 1
1 99 222 973.053239434216 5.596216523039147e-11 1
1 99 223 979.969255059216 5.0866884051208334e-11 1
1 99 224 979.969255059216 5.072473434318444e-11 1
1 99 225 979.969255059216 5.0580801426161104e-11 1
1 99 226 979.969255059216 5.0437683025645497e-11 1
1 99 227 982.982560723276 4.846766115132367e-11 1
1 99 228 982.982560723276 4.835159353838546e-11 1
1 99 229 982.982560723276 4.823422191115009e-11 1
1 99 230 982.982560723276 4.8118593102462326e-11 1
1 99 231 987.312516777966 4.5642506623134726e-11 1
1 99 232 987.312516777966 4.55491088010597e-11 1
1 99 233 987.312516777966 4.5458649143616616e-11 1
1 99 234 987.312516777966 4.537862904107814e-11 1
1 99 235 992.190751641246 4.2925205699692524e-11 1
1 99 236 992.190751641246 4.285168065521875e-11 1
1 99 237 992.190751641246 4.27820400002041e-11 1
1 99 238 992.190751641246 4.2717480977338646e-11 1
1 99 239 1001.871232598276 3.8662186389183496e-11 1
1 99 240 1001.871232598276 3.861246235739157e-11 1
1 99 241 1001.871232598276 3.8566333430652113e-11 1
1 99 242 1001.871232598276 3.85203145895527e-11 1
1 99 243 1001.871232598276 3.8475796103733485e-11 1
1 99 244 1005.535356133426 3.712985033347534e-11 1
1 99 245 1005.535356133426 3.709297484269809e-11 1
1 99 246 1005.535356133426 3.705617252499644e-11 1
1 99 247 1005.535356133426 3.702256317165426e-11 1
1 99 248 1008.720109551396 3.593351645967267e-11 1
1 99 249 1008.720109551396 3.590400482360898e-11 1
1 99 250 1008.720109551396 3.587501295264701e-11 1
1 99 251 1008.720109551396 3.585060932067136e-11 1
1 99 252 1011.954789727176 3.4817519407108756e-11 1
1 99 253 1011.954789727176 3.479530398812556e-11 1
1 99 254 1011.954789727176 3.4777238405312526e-11 1
1 99 255 1011.954789727176 3.47589224019589e-11 1
1 99 256 1016.937089531866 3.329968015231187e-11 1
1 99 257 1016.937089531866 3.3285196666624586e-11 1
1 99 258 1016.937089531866 3.3269884639758614e-11 1
1 99 259 1019.149919121716 3.264706959341344e-11 1
1 99 260 1019.149919121716 3.2624368922859955e-11 1
1 99 261 1021.406144707646 3.2017623149496786e-11 1
1 99 262 1022.743302910776 3.168173820728337e-11 1
1 99 263 1023.862199395146 3.144589631238691e-11 1
1 99 264 1025.759660332646 3.104955916637985e-11 1
1 99 265 1028.649919121716 3.0450099409905147e-11 1
1 99 266 1031.5896774224962 3.057403399537252e-11 1
1 99 267 1033.652360527966 3.217619925519779e-11 1
1 99 268 1038.3817916803062 3.366183965939612e-11 1
1 100 43 981.453507988896 6.854436677272719e-11 1
1 100 44 981.651078789676 6.850447624413491e-11 1
1 100 45 981.651078789676 6.870143136489279e-11 1
1 100 46 981.651078789676 6.88995840395918e-11 1
1 100 47 981.651078789676 6.910760703940534e-11 1
1 100 48 984.094743340466 6.651078323728678e-11 1
1 100 49 984.094743340466 6.671445195256589e-11 1
1 100 50 984.094743340466 6.69209483838006e-11 1
1 100 51 984.094743340466 6.714403857249278e-11 1
1 100 52 983.927934258426 6.755842142171107e-11 1
1 100 53 983.927934258426 6.778803187192255e-11 1
1 100 54 983.927934258426 6.8037904748191e-11 1
1 100 55 983.927934258426 6.828601573776704e-11 1
1 100 56 982.629228203746 7.009571349012568e-11 1
1 100 57 982.629228203746 7.03678032557876e-11 1
1 100 58 982.629228203746 7.06537912777293e-11 1
1 100 59 982.629228203746 7.09421134044149e-11 1
1 100 60 980.340043633426 7.427275806923855e-11 1
1 100 61 980.340043633426 7.46185999218983e-11 1
1 100 62 980.340043633426 7.496767758076175e-11 1
1 100 63 980.340043633426 7.532641957046839e-11 1
1 100 64 979.285966484996 7.725544421135225e-11 1
1 100 65 979.285966484996 7.765543756792599e-11 1
1 100 66 979.285966484996 7.805959444663165e-11 1
1 100 67 979.285966484996 7.847785571378178e-11 1
1 100 68 979.285966484996 7.891400991976315e-11 1
1 100 69 982.155473320926 7.508087589901125e-11 1
1 100 70 982.155473320926 7.549325221754723e-11 1
1 100 71 982.155473320926 7.591360400827674e-11 1
1 100 72 982.155473320926 7.633866310688906e-11 1
1 100 73 983.314530938116 7.510518234443423e-11 1
1 100 74 983.314530938116 7.553714570606841e-11 1
1 100 75 983.314530938116 7.596276853456032e-11 1
1 100 76 983.314530938116 7.639321498492023e-11 1
1 100 77 983.141679375616 7.70801059872965e-11 1
1 100 78 983.141679375616 7.751297513805775e-11 1
1 100 79 983.141679375616 7.795073358971023e-11 1
1 100 80 983.141679375616 7.839873440501507e-11 1
1 100 81 982.620133965466 7.964844994072344e-11 1
1 100 82 982.620133965466 8.0093403689405e-11 1
1 100 83 982.620133965466 8.054335680927316e-11 1
1 100 84 982.620133965466 8.096978059621564e-11 1
1 100 85 981.068498223276 8.405548360763689e-11 1
1 100 86 981.068498223276 8.452063816616655e-11 1
1 100 87 981.068498223276 8.497409111550446e-11 1
1 100 88 981.068498223276 8.540957374773671e-11 1
1 100 89 984.179643242806 8.047595468206967e-11 1
1 100 90 984.179643242806 8.084904439747834e-11 1
1 100 91 984.179643242806 8.11957298678944e-11 1
1 100 92 984.179643242806 8.155828476652565e-11 1
1 100 93 984.179643242806 8.192409194504288e-11 1
1 100 94 985.881608574836 7.946852480776499e-11 1
1 100 95 985.881608574836 7.978284657629973e-11 1
1 100 96 985.881608574836 8.009966469172164e-11 1
1 100 97 985.881608574836 8.039684307371705e-11 1
1 100 98 985.078141777966 8.20125587232395e-11 1
1 100 99 985.078141777966 8.231888373003668e-11 1
1 100 100 985.078141777966 8.26255834731091e-11 1
1 100 101 985.078141777966 8.291589475859291e-11 1
1 100 102 981.176652520146 9.055783939542892e-11 1
1 100 103 981.176652520146 9.088466884472106e-11 1
1 100 104 981.176652520146 9.120738541496575e-11 1
1 100 105 981.176652520146 9.153736096554437e-11 1
1 100 106 983.827775567026 8.658908668191848e-11 1
1 100 107 983.827775567026 8.683150063046412e-11 1
1 100 108 983.827775567026 8.710128294969219e-11 1
1 100 109 983.827775567026 8.738958056329494e-11 1
1 100 110 986.241166680306 8.327440925349006e-11 1
1 100 111 986.241166680306 8.353738071323227e-11 1
1 100 112 986.241166680306 8.380201830454626e-11 1
1 100 113 986.241166680306 8.404021903051861e-11 1
1 100 114 989.674943535776 7.860603359699476e-11 1
1 100 115 989.674943535776 7.883982188749822e-11 1
1 100 116 989.674943535776 7.90697503503915e-11 1
1 100 117 989.674943535776 7.928277285770468e-11 1
1 100 118 989.674943535776 7.94964037538366e-11 1
1 100 119 992.603166192026 7.531159634229326e-11 1
1 100 120 992.603166192026 7.549407318116918e-11 1
1 100 121 992.603166192026 7.562338552659971e-11 1
1 100 122 992.603166192026 7.575314162538347e-11 1
1 100 123 992.838334649056 7.554608353529213e-11 1
1 100 124 992.838334649056 7.561825047385237e-11 1
1 100 125 992.838334649056 7.566804281735525e-11 1
1 100 126 992.838334649056 7.571790077758586e-11 1
1 100 127 993.898088067026 7.424552931143888e-11 1
1 100 128 993.898088067026 7.420839059865878e-11 1
1 100 129 993.898088067026 7.416586300263366e-11 1
1 100 130 993.898088067026 7.411553243190533e-11 1
1 100 131 993.737870781866 7.420962035123519e-11 1
1 100 132 993.737870781866 7.408346069410014e-11 1
1 100 133 993.737870781866 7.39644975572194e-11 1
1 100 134 993.737870781866 7.377929020787861e-11 1
1 100 135 995.040361016246 7.185075071893272e-11 1
1 100 136 995.040361016246 7.165593838388446e-11 1
1 100 137 995.040361016246 7.143955026998927e-11 1
1 100 138 995.040361016246 7.117633872169443e-11 1
1 100 139 996.052079766246 6.966266105065072e-11 1
1 100 140 996.052079766246 6.940478816638812e-11 1
1 100 141 996.052079766246 6.910121189946142e-11 1
1 100 142 996.052079766246 6.879637420286781e-11 1
1 100 143 996.052079766246 6.84942142561763e-11 1
1 100 144 997.300920098276 6.674073947105122e-11 1
1 100 145 997.300920098276 6.641428479765533e-11 1
1 100 146 997.300920098276 6.609166350313602e-11 1
1 100 147 997.300920098276 6.575849278680242e-11 1
1 100 148 997.965409844366 6.470321678114304e-11 1
1 100 149 997.965409844366 6.436215552065606e-11 1
1 100 150 997.965409844366 6.402589132913967e-11 1
1 100 151 997.965409844366 6.36668477422405e-11 1
1 100 152 999.091325371716 6.219991213345254e-11 1
1 100 153 999.091325371716 6.185766319743543e-11 1
1 100 154 999.091325371716 6.150275968844064e-11 1
1 100 155 999.091325371716 6.114680295695648e-11 1
1 100 156 1002.802568047496 5.7549911983723327e-11 1
1 100 157 1002.802568047496 5.723906054407604e-11 1
1 100 158 1002.802568047496 5.691981258336112e-11 1
1 100 159 1002.802568047496 5.660207871743477e-11 1
1 100 160 1004.690568535776 5.483023384741365e-11 1
1 100 161 1004.690568535776 5.452594765498656e-11 1
1 100 162 1004.690568535776 5.4225020160044466e-11 1
1 100 163 1004.690568535776 5.3929148595708756e-11 1
1 100 164 1005.403276055306 5.3120309710222745e-11 1
1 100 165 1005.403276055306 5.282504928840589e-11 1
1 100 166 1005.403276055306 5.253305303531256e-11 1
1 100 167 1005.403276055306 5.223813974075118e-11 1
1 100 168 1005.403276055306 5.194034176823299e-11 1
1 100 169 1006.053849785776 5.121657452656975e-11 1
1 100 170 1006.053849785776 5.0930107250124065e-11 1
1 100 171 1006.053849785776 5.063708279476507e-11 1
1 100 172 1006.053849785776 5.0347410861150985e-11 1
1 100 173 1005.823075859996 5.020509192425617e-11 1
1 100 174 1005.823075859996 4.991461366948326e-11 1
1 100 175 1005.823075859996 4.96262815818924e-11 1
1 100 176 1005.823075859996 4.9341565206388484e-11 1
1 100 177 1004.790238945926 4.9691488087279476e-11 1
1 100 178 1004.790238945926 4.940632685502163e-11 1
1 100 179 1004.790238945926 4.912345596225732e-11 1
1 100 180 1004.790238945926 4.8844057995636324e-11 1
1 100 181 1003.193437188116 4.95305885388594e-11 1
1 100 182 1003.193437188116 4.9249028218637044e-11 1
1 100 183 1003.193437188116 4.897182132180316e-11 1
1 100 184 1003.193437188116 4.869941745230448e-11 1
1 100 185 1000.844865410776 4.984763686742935e-11 1
1 100 186 1000.844865410776 4.9565792562912166e-11 1
1 100 187 1000.844865410776 4.92887234840683e-11 1
1 100 188 1000.844865410776 4.901566074917225e-11 1
1 100 189 998.602922051396 5.011480464004593e-11 1
1 100 190 998.602922051396 4.983299621419791e-11 1
1 100 191 998.602922051396 4.955713923597607e-11 1
1 100 192 998.602922051396 4.9284204591700516e-11 1
1 100 193 998.602922051396 4.9014259841448525e-11 1
1 100 194 1000.080278008426 4.7888513836242554e-11 1
1 100 195 1000.080278008426 4.76376845456289e-11 1
1 100 196 1000.080278008426 4.738946913916667e-11 1
1 100 197 1000.080278008426 4.714646119589936e-11 1
1 100 198 999.380998223276 4.729683549884215e-11 1
1 100 199 999.380998223276 4.7057623480898776e-11 1
1 100 200 999.380998223276 4.6821422073693016e-11 1
1 100 201 999.380998223276 4.6593342247580755e-11 1
1 100 202 998.289994805306 4.696138345201156e-11 1
1 100 203 998.289994805306 4.673259686581323e-11 1
1 100 204 998.289994805306 4.651257275203462e-11 1
1 100 205 998.289994805306 4.6295361693725957e-11 1
1 100 206 1003.679338067026 4.338649903690421e-11 1
1 100 207 1003.679338067026 4.320049212514964e-11 1
1 100 208 1003.679338067026 4.3020124731551895e-11 1
1 100 209 1003.679338067026 4.284125718821226e-11 1
1 100 210 1005.923051445926 4.166888669847169e-11 1
1 100 211 1005.923051445926 4.150993606015943e-11 1
1 100 212 1005.923051445926 4.135094942436403e-11 1
1 100 213 1005.923051445926 4.119317600689659e-11 1
1 100 214 1008.999101250616 3.994039656396602e-11 1
1 100 215 1008.999101250616 3.994039656396602e-11 1
1 100 216 1008.999101250616 3.927681657374407e-11 1
1 100 217 1008.999101250616 3.927681657374407e-11 1
1 100 218 1008.999101250616 3.927681657374407e-11 1
1 100 219 1011.190507500616 3.8051155626186356e-11 1
1 100 220 1011.190507500616 3.8051155626186356e-11 1
1 100 221 1011.190507500616 3.8051155626186356e-11 1
1 100 222 1011.190507500616 3.768583141318065e-11 1
1 100 223 1016.393449395146 3.592482187239519e-11 1
1 100 224 1016.393449395146 3.592482187239519e-11 1
1 100 225 1016.393449395146 3.562153424365739e-11 1
1 100 226 1016.393449395146 3.562153424365739e-11 1
1 100 227 1017.585588067026 3.524733262411194e-11 1
1 100 228 1017.585588067026 3.524733262411194e-11 1
1 100 229 1017.585588067026 3.4976727901912105e-11 1
1 100 230 1017.585588067026 3.4976727901912105e-11 1
1 100 231 1018.269425957646 3.476882413827276e-11 1
1 100 232 1018.269425957646 3.452663122475002e-11 1
1 100 233 1018.269425957646 3.452663122475002e-11 1
1 100 234 1018.269425957646 3.452663122475002e-11 1
1 100 235 1019.246842949836 3.402314795106338e-11 1
1 100 236 1019.246842949836 3.402314795106338e-11 1
1 100 237 1019.246842949836 3.402314795106338e-11 1
1 100 238 1019.246842949836 3.402314795106338e-11 1
1 100 239 1020.170610039676 3.375789977402536e-11 1
1 100 240 1020.170610039676 3.375789977402536e-11 1
1 100 241 1020.170610039676 3.375789977402536e-11 1
1 100 242 1020.170610039676 3.375789977402536e-11 1
1 100 243 1020.170610039676 3.3301202199011177e-11 1
1 100 244 1021.309159844366 3.2988511706503137e-11 1
1 100 245 1021.309159844366 3.2850075914672475e-11 1
1 100 246 1021.309159844366 3.2850075914672475e-11 1
1 101 24 977.243974297496 4.770294088069093e-11 1
1 101 25 978.550248711556 4.7344283215779755e-11 1
1 101 26 981.603044121716 4.693193993227221e-11 1
1 101 27 985.228166192026 4.749434680231474e-11 1
1 101 28 989.246842949836 4.969114222100192e-11 1
1 101 29 990.817033379526 5.384963390702791e-11 1
1 101 30 992.697160332646 5.538317776326991e-11 1
1 101 31 994.381364434216 5.553993076542046e-11 1
1 101 32 994.630937188116 5.612846436270707e-11 1
1 101 33 995.058793633426 5.626699976112709e-11 1
1 101 34 995.396012871716 5.632747777068023e-11 1
1 101 35 996.295304863896 5.5847079847497745e-11 1
1 101 36 996.295304863896 5.6001897636914115e-11 1
1 101 37 996.295304863896 5.612980306535098e-11 1
1 101 38 996.295304863896 5.626291665505752e-11 1
1 101 39 996.672807305306 5.609808277698206e-11 1
1 101 40 996.672807305306 5.6229845169775005e-11 1
1 101 41 996.672807305306 5.636938272411935e-11 1
1 101 42 996.672807305306 5.6509614542050593e-11 1
1 101 43 996.672807305306 5.665018550477066e-11 1
1 101 44 996.913652031866 5.660032165093942e-11 1
1 101 45 996.913652031866 5.674533213382669e-11 1
1 101 46 996.913652031866 5.689108756133342e-11 1
1 101 47 996.913652031866 5.703749188853937e-11 1
1 101 48 997.141923516246 5.6999507326762085e-11 1
1 101 49 997.141923516246 5.7147798985093126e-11 1
1 101 50 997.141923516246 5.729667939811803e-11 1
1 101 51 997.141923516246 5.744498287864094e-11 1
1 101 52 998.596635430306 5.641322999342973e-11 1
1 101 53 998.596635430306 5.655776539025512e-11 1
1 101 54 998.596635430306 5.6705248647512583e-11 1
1 101 55 998.596635430306 5.6854201017321373e-11 1
1 101 56 999.156571953746 5.655226621499648e-11 1
1 101 57 999.156571953746 5.670108853566766e-11 1
1 101 58 999.156571953746 5.666307277161434e-11 1
1 101 59 999.156571953746 5.666307277161434e-11 1
1 101 60 999.310319512336 5.692777965502576e-11 1
1 101 61 999.310319512336 5.692777965502576e-11 1
1 101 62 999.310319512336 5.747914784637585e-11 1
1 101 63 999.310319512336 5.747914784637585e-11 1
1 101 64 999.707841484996 5.7152674278766526e-11 1
1 101 65 999.707841484996 5.7725914651333224e-11 1
1 101 66 999.707841484996 5.7725914651333224e-11 1
1 101 67 999.707841484996 5.7725914651333224e-11 1
1 101 68 999.707841484996 5.7725914651333224e-11 1
1 101 69 1000.957780449836 5.727464756113134e-11 1
1 101 70 1000.957780449836 5.727464756113134e-11 1
1 101 71 1000.957780449836 5.727464756113134e-11 1
1 101 72 1000.957780449836 5.7857040070695855e-11 1
1 101 73 1001.200090020146 5.7654969283703856e-11 1
1 101 74 1001.200090020146 5.7654969283703856e-11 1
1 101 75 1001.200090020146 5.823160247974893e-11 1
1 101 76 1001.200090020146 5.823160247974893e-11 1
1 101 77 1001.547685234996 5.793841921190034e-11 1
1 101 78 1001.547685234996 5.793841921190034e-11 1
1 101 79 1001.547685234996 5.850107074027135e-11 1
1 101 80 1001.547685234996 5.850107074027135e-11 1
1 101 81 1002.073320000616 5.8054771828346127e-11 1
1 101 82 1002.073320000616 5.8054771828346127e-11 1
1 101 83 1002.073320000616 5.8054771828346127e-11 1
1 101 84 1002.073320000616 5.8054771828346127e-11 1
1 101 85 1002.624894707646 5.759371193653503e-11 1
1 101 86 1002.624894707646 5.887198559102295e-11 1
1 102 24 978.166276543586 4.592504244857009e-11 1
1 102 25 980.310319512336 4.520718696043973e-11 1
1 102 26 982.738725274056 4.544323028587353e-11 1
