3 19 27 989.2619166234774 3.135120179325225e-10 1
3 20 17 912.4951319555174 1.8621819129768744e-10 1
3 20 18 920.3734278539474 1.8464022906941621e-10 1
3 20 19 927.8025050023874 1.9766020944635124e-10 1
3 20 20 939.0991358617674 2.243489300394678e-10 1
3 20 21 943.6839747289474 2.554288094682041e-10 1
3 20 22 963.3062891820774 2.767110880162784e-10 1
3 20 23 992.2785181859774 2.8301145954743473e-10 1
3 20 24 1004.1859278539474 2.8269137906288184e-10 1
3 20 25 1008.1847071508274 2.910896859106498e-10 1
3 20 26 1013.7338404516074 2.824191872519056e-10 1
3 20 27 1023.8781275609774 2.6121777980122554e-10 1
3 21 11 957.9225611547274 2.236825768750299e-10 1
3 21 12 964.0606226781674 2.277061364630045e-10 1
3 21 13 970.9029688695774 2.0938762469381843e-10 1
3 21 14 975.5705714086374 2.0328187962949494e-10 1
3 21 15 978.8393702367674 2.048667239538401e-10 1
3 21 16 983.4025416234774 2.0391283755053274e-10 1
3 21 17 986.8324122289474 1.9647858610462982e-10 1
3 21 18 989.9244532445774 1.906819852620189e-10 1
