1 55 104 981.2742327327672 5.003528887733262e-11 1
1 55 105 1001.8759783382372 4.364633795739214e-11 1
1 55 106 1025.3692644710472 3.341105817578202e-11 1
1 55 107 1018.3259905452672 3.092874486475607e-11 1
1 56 79 960.8976458187072 6.804033975770371e-11 1
1 56 80 960.8976458187072 6.6712344508914e-11 1
1 56 81 963.8838518733972 6.246467613491871e-11 1
1 56 82 966.6916521663672 5.895601245907813e-11 1
1 56 83 968.6898821468372 5.651751920138212e-11 1
1 56 84 975.6058977718372 5.093645689102921e-11 1
1 56 85 975.6058977718372 5.0454226857594435e-11 1
1 56 86 978.6192034358972 4.820877508154395e-11 1
1 56 87 982.9491594905872 4.549809269474973e-11 1
1 56 88 987.8273943538672 4.286018822992719e-11 1
1 56 89 997.5078753108972 3.865087448819795e-11 1
1 56 90 997.5078753108972 3.8495157877008866e-11 1
1 56 91 1001.1719988460472 3.706043363541583e-11 1
1 56 92 1004.3567522640172 3.589759399509956e-11 1
1 56 93 1007.5914324397972 3.480493417740161e-11 1
1 56 94 1012.5737322444872 3.330162732120486e-11 1
1 56 95 1012.5737322444872 3.32577615610879e-11 1
1 56 96 1014.7865618343372 3.2627579869768866e-11 1
1 56 97 1017.0427874202672 3.2021501388601526e-11 1
1 56 98 1017.4180925960472 3.191926014654935e-11 1
1 56 99 1018.3799456233972 3.169120370473025e-11 1
1 56 100 1019.8902605647972 3.136410779232521e-11 1
1 56 101 1021.3963030452672 3.1058152311063874e-11 1
1 56 102 1024.2865618343374 3.0468451273472673e-11 1
1 56 103 1027.2263201351172 3.072673107452424e-11 1
1 56 104 1029.6262835140174 3.246600125631509e-11 1
1 56 105 1034.0184343929272 3.388855909503504e-11 1
1 57 32 977.2877215022972 6.87938865773912e-11 1
1 57 33 979.5645769710472 6.749445426878218e-11 1
1 57 34 978.2658709163672 7.006531957469707e-11 1
1 57 35 978.2658709163672 7.100576216133952e-11 1
1 57 36 975.9766863460472 7.516199308613712e-11 1
1 57 37 974.9226091976172 7.801254317924067e-11 1
1 57 38 977.7921160335472 7.516810785945479e-11 1
1 57 39 978.9511736507372 7.491334241863496e-11 1
1 57 40 978.9511736507372 7.634308277773833e-11 1
1 57 41 978.7783220882372 7.804704790562029e-11 1
1 57 42 978.2567766780872 8.034060558120399e-11 1
1 57 43 976.7051409358972 8.446646997152407e-11 1
1 57 44 979.8162859554272 8.055969595451032e-11 1
1 57 45 979.8162859554272 8.175935936706659e-11 1
1 57 46 981.5182512874572 8.006282125320897e-11 1
1 57 47 980.7147844905872 8.238579660445531e-11 1
1 57 48 976.8132952327672 9.074739519003257e-11 1
1 57 49 979.4644182796472 8.656016492700535e-11 1
1 57 50 979.4644182796472 8.745252307805675e-11 1
1 57 51 981.8778093929272 8.394561740418799e-11 1
1 57 52 985.3115862483972 7.90460670951744e-11 1
1 57 53 988.2398089046472 7.53524088631208e-11 1
1 57 54 988.4749773616772 7.54882572152884e-11 1
1 57 55 988.4749773616772 7.571211960150445e-11 1
1 57 56 989.5347307796472 7.415662191667217e-11 1
1 57 57 989.3745134944872 7.401485228882573e-11 1
1 57 58 990.6770037288672 7.167745465515695e-11 1
1 57 59 991.6887224788672 6.960746263849314e-11 1
1 57 60 991.6887224788672 6.862962116436678e-11 1
1 57 61 992.9375628108972 6.61285112912212e-11 1
1 57 62 993.6020525569872 6.428870669754727e-11 1
1 57 63 994.7279680843372 6.201094074052568e-11 1
1 57 64 998.4392107601172 5.7585513991909424e-11 1
1 57 65 998.4392107601172 5.6533457117314415e-11 1
1 57 66 1000.3272112483972 5.4060869776699624e-11 1
1 57 67 1001.0399187679272 5.2566725668574283e-11 1
1 57 68 1001.6904924983972 5.1154233000519954e-11 1
1 57 69 1001.4597185726172 5.0334928117086935e-11 1
1 57 70 1001.4597185726172 4.937421666250664e-11 1
1 57 71 1000.4268816585472 4.906237448834775e-11 1
1 57 72 998.8300799007372 4.9095433513136605e-11 1
1 57 73 996.4815081233972 4.9598184324459715e-11 1
1 57 74 994.2395647640172 5.0053164692274694e-11 1
1 57 75 994.2395647640172 4.913515735260925e-11 1
1 57 76 995.7169207210472 4.7418101096277715e-11 1
1 57 77 995.0176409358972 4.7005927261270395e-11 1
1 57 78 993.9266375179272 4.68348005790822e-11 1
1 57 79 999.3159807796472 4.340851473230615e-11 1
1 57 80 999.3159807796472 4.280265118713331e-11 1
1 57 81 1001.5596941585472 4.126390158585803e-11 1
1 57 82 1004.6357439632372 3.927681657374407e-11 1
1 57 83 1006.8271502132372 3.8051155626186356e-11 1
1 57 84 1012.0300921077672 3.592482187239519e-11 1
1 57 85 1012.0300921077672 3.562153424365739e-11 1
1 57 86 1013.2222307796472 3.4976727901912105e-11 1
1 57 87 1013.9060686702672 3.452663122475002e-11 1
1 57 88 1014.8834856624572 3.402314795106338e-11 1
1 57 89 1015.8072527522972 3.375789977402536e-11 1
1 57 90 1015.8072527522972 3.3301202199011177e-11 1
1 57 91 1016.9458025569872 3.2850075914672475e-11 1
1 58 24 972.8806170101172 4.770294088069093e-11 1
1 58 25 974.1868914241772 4.7344283215779755e-11 1
1 58 26 977.2396868343372 4.693193993227221e-11 1
1 58 27 980.8648089046472 4.749434680231474e-11 1
1 58 28 984.8834856624572 4.9811836799052155e-11 1
1 58 29 986.7230242366772 5.4819500932797037e-11 1
1 58 30 990.0180071468372 5.5859995115651946e-11 1
1 58 31 991.9319475765172 5.601338179870128e-11 1
1 58 32 992.5502947444872 5.6813372132343854e-11 1
1 58 33 994.2332781429272 5.637252497285574e-11 1
1 58 34 994.7932146663672 5.6535426051492305e-11 1
1 58 35 994.7932146663672 5.7052618016632513e-11 1
1 58 36 994.9469622249572 5.747914784637585e-11 1
1 58 37 995.3444841976172 5.7725914651333224e-11 1
1 58 38 996.5944231624572 5.727464756113134e-11 1
1 58 39 996.8367327327672 5.7654969283703856e-11 1
1 58 40 996.8367327327672 5.823160247974893e-11 1
1 58 41 997.1843279476172 5.850107074027135e-11 1
1 58 42 997.7099627132372 5.8054771828346127e-11 1
1 58 43 998.2615374202672 5.887198559102295e-11 1
1 59 24 973.8029192562072 4.592504244857009e-11 1
1 59 25 975.9469622249572 4.520718696043973e-11 1
1 59 26 978.3753679866772 4.544323028587353e-11 1
