3 19 27 994.9630957206657 3.135120179325225e-10 1
3 20 17 918.1963110527057 1.8621819129768744e-10 1
3 20 18 926.0746069511357 1.8464022906941621e-10 1
3 20 19 933.5036840995757 1.9766020944635124e-10 1
3 20 20 944.8003149589557 2.243489300394678e-10 1
3 20 21 949.3851538261357 2.554288094682041e-10 1
3 20 22 969.0074682792657 2.767110880162784e-10 1
3 20 23 997.9796972831657 2.8301145954743473e-10 1
3 20 24 1009.8871069511357 2.8269137906288184e-10 1
3 20 25 1013.8858862480157 2.910896859106498e-10 1
3 20 26 1019.4350195487957 2.824191872519056e-10 1
3 20 27 1029.5793066581657 2.6121777980122554e-10 1
3 21 11 963.6237402519157 2.236825768750299e-10 1
3 21 12 969.7618017753557 2.277061364630045e-10 1
3 21 13 976.6041479667657 2.0938762469381843e-10 1
3 21 14 981.2717505058257 2.0328187962949494e-10 1
3 21 15 984.5405493339557 2.048667239538401e-10 1
3 21 16 989.1037207206657 2.0391283755053274e-10 1
3 21 17 992.5335913261357 1.9647858610462982e-10 1
3 21 18 995.6256323417657 1.906819852620189e-10 1
