5 55 104 987.387049309897 1.8372260423062438e-11 1
5 55 105 1007.988794915367 1.984564033334244e-11 1
5 55 106 1031.482081048177 2.0534329000000472e-11 1
5 55 107 1024.438807122397 2.1952718715721555e-11 1
5 56 79 967.010462395837 1.0020482248458632e-11 1
5 56 80 967.010462395837 1.0185222143759698e-11 1
5 56 81 969.996668450527 1.0353140904696391e-11 1
5 56 82 972.804468743497 1.0522515991026294e-11 1
5 56 83 974.802698723967 1.0694181001144625e-11 1
5 56 84 981.718714348967 1.0865354169971832e-11 1
5 56 85 981.718714348967 1.1035238596841421e-11 1
5 56 86 984.732020013027 1.1204755074438205e-11 1
5 56 87 989.061976067717 1.1373548368175522e-11 1
5 56 88 993.940210930997 1.1537502226478173e-11 1
5 56 89 1003.620691888027 1.1700128936264492e-11 1
5 56 90 1003.620691888027 1.1856838229305778e-11 1
5 56 91 1007.284815423177 1.2007093911450899e-11 1
5 56 92 1010.469568841147 1.2152843435368535e-11 1
5 56 93 1013.704249016927 1.2293584026110095e-11 1
5 56 94 1018.686548821617 1.2424095230033501e-11 1
5 56 95 1018.686548821617 1.2547428946740697e-11 1
5 56 96 1020.899378411467 1.2660942093321015e-11 1
5 56 97 1023.155603997397 1.2763950635535481e-11 1
5 56 98 1023.530909173177 1.2878388617573299e-11 1
5 56 99 1024.492762200527 1.301949906705244e-11 1
5 56 100 1026.003077141927 1.3180530586286235e-11 1
5 56 101 1027.509119622397 1.3389455824813566e-11 1
5 56 102 1030.399378411467 1.3870949959786778e-11 1
5 56 103 1033.339136712247 1.5018946707444842e-11 1
5 56 104 1035.739100091147 1.6887979529096187e-11 1
5 56 105 1040.131250970057 1.8809833717694135e-11 1
5 57 32 983.400538079427 7.8472769779528e-12 1
5 57 33 985.677393548177 7.821272425048337e-12 1
5 57 34 984.378687493497 7.803611380741793e-12 1
5 57 35 984.378687493497 7.788621829192087e-12 1
5 57 36 982.089502923177 7.774795363989072e-12 1
5 57 37 981.035425774747 7.762247519389707e-12 1
5 57 38 983.904932610677 7.750460664094542e-12 1
5 57 39 985.063990227867 7.740740118502473e-12 1
5 57 40 985.063990227867 7.733223591696811e-12 1
5 57 41 984.891138665367 7.728125194439856e-12 1
5 57 42 984.369593255217 7.725877146482185e-12 1
5 57 43 982.817957513027 7.726624841508825e-12 1
5 57 44 985.929102532557 7.730485541544824e-12 1
5 57 45 985.929102532557 7.737288156448678e-12 1
5 57 46 987.631067864587 7.746901412735656e-12 1
5 57 47 986.827601067717 7.758982341305278e-12 1
5 57 48 982.926111809897 7.772444028004332e-12 1
5 57 49 985.577234856777 7.78672084418307e-12 1
5 57 50 985.577234856777 7.801008390035311e-12 1
5 57 51 987.990625970057 7.807792136805232e-12 1
5 57 52 991.424402825527 7.807152769620161e-12 1
5 57 53 994.352625481777 7.796061218945337e-12 1
5 57 54 994.587793938807 7.780712697657719e-12 1
5 57 55 994.587793938807 7.766759978827352e-12 1
5 57 56 995.647547356777 7.759315550083503e-12 1
5 57 57 995.487330071617 7.759542560253826e-12 1
5 57 58 996.789820305997 7.764996934507424e-12 1
5 57 59 997.801539055997 7.777195682073385e-12 1
5 57 60 997.801539055997 7.798966588574049e-12 1
5 57 61 999.050379388027 7.830003961627755e-12 1
5 57 62 999.714869134117 7.869520549271755e-12 1
5 57 63 1000.840784661467 7.9178651297985e-12 1
5 57 64 1004.552027337247 7.97623937063418e-12 1
5 57 65 1004.552027337247 8.042308394204849e-12 1
5 57 66 1006.440027825527 8.117713333465624e-12 1
5 57 67 1007.152735345057 8.198703340563599e-12 1
5 57 68 1007.803309075527 8.28666041135295e-12 1
5 57 69 1007.572535149747 8.381083078369089e-12 1
5 57 70 1007.572535149747 8.479668990358088e-12 1
5 57 71 1006.539698235677 8.58414941860395e-12 1
5 57 72 1004.942896477867 8.697732697749533e-12 1
5 57 73 1002.594324700527 8.820792449625822e-12 1
5 57 74 1000.352381341147 8.95308115971634e-12 1
5 57 75 1000.352381341147 9.093510260538158e-12 1
5 57 76 1001.829737298177 9.242046320070433e-12 1
5 57 77 1001.130457513027 9.398156501977538e-12 1
5 57 78 1000.039454095057 9.561624981948835e-12 1
5 57 79 1005.428797356777 9.72985786534169e-12 1
5 57 80 1005.428797356777 9.90507834198931e-12 1
5 57 81 1007.672510735677 1.0085024307856674e-11 1
5 57 82 1010.748560540367 1.031207171371261e-11 1
5 57 83 1012.939966790367 1.0502547271559205e-11 1
5 57 84 1018.142908684897 1.0698480017892103e-11 1
5 57 85 1018.142908684897 1.089843581104603e-11 1
5 57 86 1019.335047356777 1.1100477820555986e-11 1
5 57 87 1020.018885247397 1.1302788875541652e-11 1
5 57 88 1020.996302239587 1.1504497016179679e-11 1
5 57 89 1021.920069329427 1.1504497016179679e-11 1
5 57 90 1021.920069329427 1.1832924223316503e-11 1
5 57 91 1023.058619134117 1.2014890279977605e-11 1
5 58 24 978.993433587247 8.396055338460146e-12 1
5 58 25 980.299708001307 8.366170373170636e-12 1
5 58 26 983.352503411467 8.333350066139275e-12 1
5 58 27 986.977625481777 8.254824535017892e-12 1
5 58 28 990.996302239587 8.131890057293443e-12 1
5 58 29 992.835840813807 8.016367056711579e-12 1
5 58 30 996.130823723967 7.936908412684573e-12 1
5 58 31 998.044764153647 7.863167216582545e-12 1
5 58 32 998.663111321617 7.805218345762342e-12 1
5 58 33 1000.346094720057 7.765220841284987e-12 1
5 58 34 1000.906031243497 7.738672714637476e-12 1
5 58 35 1000.906031243497 7.693197138763542e-12 1
5 58 36 1001.059778802087 7.67371265145107e-12 1
5 58 37 1001.457300774747 7.655207295435164e-12 1
5 58 38 1002.707239739587 7.637814500729356e-12 1
5 58 39 1002.949549309897 7.621586198434921e-12 1
5 58 40 1002.949549309897 7.606658147246865e-12 1
5 58 41 1003.297144524747 7.606658147246865e-12 1
5 58 42 1003.822779290367 7.571453163070964e-12 1
5 58 43 1004.374353997397 7.562580596769575e-12 1
5 59 24 979.915735833337 8.783002766800983e-12 1
5 59 25 982.059778802087 8.698866649278383e-12 1
5 59 26 984.488184563807 8.682438385237923e-12 1
