2 55 104 956.5759839362836 1.2882203858808065e-10 1
2 55 105 977.1777295417536 1.1898291960161562e-10 1
2 55 106 1000.6710156745636 1.292073155228986e-10 1
2 55 107 993.6277417487836 1.6860563836846748e-10 1
2 56 79 936.1993970222236 1.1541024505989865e-10 1
2 56 80 936.1993970222236 1.168150609367819e-10 1
2 56 81 939.1856030769136 1.1811754666156431e-10 1
2 56 82 941.9934033698836 1.1931390892623914e-10 1
2 56 83 943.9916333503536 1.2039757164077744e-10 1
2 56 84 950.9076489753536 1.2136722787339685e-10 1
2 56 85 950.9076489753536 1.2222203215407405e-10 1
2 56 86 953.9209546394136 1.2296684860873398e-10 1
2 56 87 958.2509106941036 1.236041456871767e-10 1
2 56 88 963.1291455573836 1.241459056051941e-10 1
2 56 89 972.8096265144136 1.2459607990951078e-10 1
2 56 90 972.8096265144136 1.2497142635638727e-10 1
2 56 91 976.4737500495636 1.2527608223894353e-10 1
2 56 92 979.6585034675336 1.255046323430792e-10 1
2 56 93 982.8931836433136 1.2565546935426987e-10 1
2 56 94 987.8754834480036 1.2576125813431524e-10 1
2 56 95 987.8754834480036 1.2580806272237224e-10 1
2 56 96 990.0883130378536 1.2581628801164767e-10 1
2 56 97 992.3445386237836 1.2579696783469923e-10 1
2 56 98 992.7198437995636 1.2575319259457552e-10 1
2 56 99 993.6816968269136 1.2569882898176574e-10 1
2 56 100 995.1920117683136 1.2585847129815094e-10 1
2 56 101 996.6980542487836 1.2721117947159413e-10 1
2 56 102 999.5883130378536 1.3160907972955489e-10 1
2 56 103 1002.5280713386336 1.3266557893416811e-10 1
2 56 104 1004.9280347175336 1.2326466278831854e-10 1
2 56 105 1009.3201855964436 1.1191935303456004e-10 1
2 57 32 952.5894727058136 9.201583040010145e-11 1
2 57 33 954.8663281745636 9.182292293909261e-11 1
2 57 34 953.5676221198836 9.157084843133458e-11 1
2 57 35 953.5676221198836 9.131010309773213e-11 1
2 57 36 951.2784375495636 9.095152438669302e-11 1
2 57 37 950.2243604011336 9.050216275248719e-11 1
2 57 38 953.0938672370636 8.999257653028161e-11 1
2 57 39 954.2529248542536 8.940074910865597e-11 1
2 57 40 954.2529248542536 8.875440789806736e-11 1
2 57 41 954.0800732917536 8.809793778098304e-11 1
2 57 42 953.5585278816036 8.743025867901864e-11 1
2 57 43 952.0068921394136 8.677949557269574e-11 1
2 57 44 955.1180371589436 8.61457856381387e-11 1
2 57 45 955.1180371589436 8.555248985611782e-11 1
2 57 46 956.8200024909736 8.497949291038863e-11 1
2 57 47 956.0165356941036 8.442986816498e-11 1
2 57 48 952.1150464362836 8.389477347311403e-11 1
2 57 49 954.7661694831636 8.339986258133116e-11 1
2 57 50 954.7661694831636 8.295100752508871e-11 1
2 57 51 957.1795605964436 8.257084932673986e-11 1
2 57 52 960.6133374519136 8.230237438203943e-11 1
2 57 53 963.5415601081636 8.219004679626044e-11 1
2 57 54 963.7767285651936 8.225021785492928e-11 1
2 57 55 963.7767285651936 8.248103061410713e-11 1
2 57 56 964.8364819831636 8.286349787163746e-11 1
2 57 57 964.6762646980036 8.339575712307654e-11 1
2 57 58 965.9787549323836 8.409560252077812e-11 1
2 57 59 966.9904736823836 8.494335617842267e-11 1
2 57 60 966.9904736823836 8.589661112039067e-11 1
2 57 61 968.2393140144136 8.693207703502966e-11 1
2 57 62 968.9038037605036 8.80408656386844e-11 1
2 57 63 970.0297192878536 8.920770188797063e-11 1
2 57 64 973.7409619636336 9.040999543286987e-11 1
2 57 65 973.7409619636336 9.164613603571849e-11 1
2 57 66 975.6289624519136 9.29003127095801e-11 1
2 57 67 976.3416699714436 9.421827231370469e-11 1
2 57 68 976.9922437019136 9.559967235225166e-11 1
2 57 69 976.7614697761336 9.704761672304198e-11 1
2 57 70 976.7614697761336 9.859290964369992e-11 1
2 57 71 975.7286328620636 1.0016503104790974e-10 1
2 57 72 974.1318311042536 1.0170248723120288e-10 1
2 57 73 971.7832593269136 1.0318951926017026e-10 1
2 57 74 969.5413159675336 1.0463388053823188e-10 1
2 57 75 969.5413159675336 1.0605027078655042e-10 1
2 57 76 971.0186719245636 1.0741968723967701e-10 1
2 57 77 970.3193921394136 1.0873909082090025e-10 1
2 57 78 969.2283887214436 1.099953786252491e-10 1
2 57 79 974.6177319831636 1.1121172831614568e-10 1
2 57 80 974.6177319831636 1.1234170622069179e-10 1
2 57 81 976.8614453620636 1.1340091437943332e-10 1
2 57 82 979.9374951667536 1.1526542213216281e-10 1
2 57 83 982.1289014167536 1.1612209333744519e-10 1
2 57 84 987.3318433112836 1.1685318731439067e-10 1
2 57 85 987.3318433112836 1.1746918575837317e-10 1
2 57 86 988.5239819831636 1.179871113627607e-10 1
2 57 87 989.2078198737836 1.1841679691381569e-10 1
2 57 88 990.1852368659736 1.1875959861371993e-10 1
2 57 89 991.1090039558136 1.1875959861371993e-10 1
2 57 90 991.1090039558136 1.2076016845541137e-10 1
2 57 91 992.2475537605036 1.2094279872147872e-10 1
2 58 24 948.1823682136336 9.849946768491547e-11 1
2 58 25 949.4886426276936 1.0069703659704535e-10 1
2 58 26 952.5414380378536 1.0160733099324526e-10 1
2 58 27 956.1665601081636 1.0079146073551636e-10 1
2 58 28 960.1852368659736 9.697546725219942e-11 1
2 58 29 962.0247754401936 9.196729661597941e-11 1
2 58 30 965.3197583503536 9.072648573170657e-11 1
2 58 31 967.2336987800336 9.106896836082203e-11 1
2 58 32 967.8520459480036 9.111471083729038e-11 1
2 58 33 969.5350293464436 9.107633546115684e-11 1
2 58 34 970.0949658698836 9.102261923935008e-11 1
2 58 35 970.0949658698836 9.119923740872158e-11 1
2 58 36 970.2487134284736 9.104979007532319e-11 1
2 58 37 970.6462354011336 9.08554016098168e-11 1
2 58 38 971.8961743659736 9.062792780023656e-11 1
2 58 39 972.1384839362836 9.037709295935868e-11 1
2 58 40 972.1384839362836 9.011543565098674e-11 1
2 58 41 972.4860791511336 8.944641247357811e-11 1
2 58 42 973.0117139167536 9.020182410396183e-11 1
2 58 43 973.5632886237836 8.901052259863635e-11 1
2 59 24 949.1046704597236 9.942954242019663e-11 1
2 59 25 951.2487134284736 1.0188492395087527e-10 1
2 59 26 953.6771191901936 1.0129407446047214e-10 1
