3 55 104 975.4083986436024 1.288220385880811e-10 1
3 55 105 996.0101442490724 1.1898291960161562e-10 1
3 55 106 1019.5034303818824 1.292073155228986e-10 1
3 55 107 1012.4601564561024 1.6860563836846748e-10 1
3 56 79 955.0318117295424 1.1541024505989828e-10 1
3 56 80 955.0318117295424 1.168150609367819e-10 1
3 56 81 958.0180177842324 1.1811754666156431e-10 1
3 56 82 960.8258180772024 1.1931390892623914e-10 1
3 56 83 962.8240480576724 1.2039757164077703e-10 1
3 56 84 969.7400636826724 1.2136722787339726e-10 1
3 56 85 969.7400636826724 1.2222203215407405e-10 1
3 56 86 972.7533693467324 1.2296684860873398e-10 1
3 56 87 977.0833254014224 1.236041456871767e-10 1
3 56 88 981.9615602647024 1.241459056051941e-10 1
3 56 89 991.6420412217324 1.2459607990951078e-10 1
3 56 90 991.6420412217324 1.2497142635638727e-10 1
3 56 91 995.3061647568824 1.2527608223894307e-10 1
3 56 92 998.4909181748524 1.255046323430792e-10 1
3 56 93 1001.7255983506324 1.2565546935426987e-10 1
3 56 94 1006.7078981553224 1.2576125813431568e-10 1
3 56 95 1006.7078981553224 1.2580806272237224e-10 1
3 56 96 1008.9207277451724 1.2581628801164814e-10 1
3 56 97 1011.1769533311024 1.2579696783469923e-10 1
3 56 98 1011.5522585068824 1.2575319259457552e-10 1
3 56 99 1012.5141115342324 1.2569882898176527e-10 1
3 56 100 1014.0244264756324 1.2585847129815047e-10 1
3 56 101 1015.5304689561024 1.2721117947159413e-10 1
3 56 102 1018.4207277451724 1.3160907972955489e-10 1
3 56 103 1021.3604860459524 1.3266557893416811e-10 1
3 56 104 1023.7604494248524 1.2326466278831854e-10 1
3 56 105 1028.1526003037625 1.119193530345604e-10 1
3 57 32 971.4218874131324 9.201583040010168e-11 1
3 57 33 973.6987428818824 9.182292293909261e-11 1
3 57 34 972.4000368272024 9.157084843133434e-11 1
3 57 35 972.4000368272024 9.131010309773213e-11 1
3 57 36 970.1108522568824 9.095152438669302e-11 1
3 57 37 969.0567751084524 9.050216275248696e-11 1
3 57 38 971.9262819443824 8.999257653028161e-11 1
3 57 39 973.0853395615724 8.940074910865597e-11 1
3 57 40 973.0853395615724 8.875440789806736e-11 1
3 57 41 972.9124879990724 8.809793778098304e-11 1
3 57 42 972.3909425889224 8.743025867901864e-11 1
3 57 43 970.8393068467324 8.677949557269574e-11 1
3 57 44 973.9504518662624 8.61457856381387e-11 1
3 57 45 973.9504518662624 8.555248985611803e-11 1
3 57 46 975.6524171982924 8.497949291038883e-11 1
3 57 47 974.8489504014224 8.442986816498019e-11 1
3 57 48 970.9474611436024 8.389477347311403e-11 1
3 57 49 973.5985841904824 8.339986258133116e-11 1
3 57 50 973.5985841904824 8.295100752508871e-11 1
3 57 51 976.0119753037624 8.257084932673986e-11 1
3 57 52 979.4457521592324 8.230237438203943e-11 1
3 57 53 982.3739748154824 8.219004679626044e-11 1
3 57 54 982.6091432725124 8.225021785492947e-11 1
3 57 55 982.6091432725124 8.248103061410693e-11 1
3 57 56 983.6688966904824 8.286349787163746e-11 1
3 57 57 983.5086794053224 8.339575712307635e-11 1
3 57 58 984.8111696397024 8.409560252077812e-11 1
3 57 59 985.8228883897024 8.494335617842267e-11 1
3 57 60 985.8228883897024 8.589661112039088e-11 1
3 57 61 987.0717287217324 8.693207703502944e-11 1
3 57 62 987.7362184678224 8.80408656386844e-11 1
3 57 63 988.8621339951724 8.92077018879704e-11 1
3 57 64 992.5733766709524 9.040999543287011e-11 1
3 57 65 992.5733766709524 9.164613603571873e-11 1
3 57 66 994.4613771592324 9.29003127095801e-11 1
3 57 67 995.1740846787624 9.421827231370469e-11 1
3 57 68 995.8246584092324 9.559967235225166e-11 1
3 57 69 995.5938844834524 9.704761672304224e-11 1
3 57 70 995.5938844834524 9.859290964369965e-11 1
3 57 71 994.5610475693824 1.0016503104790974e-10 1
3 57 72 992.9642458115724 1.0170248723120288e-10 1
3 57 73 990.6156740342324 1.0318951926017055e-10 1
3 57 74 988.3737306748524 1.0463388053823188e-10 1
3 57 75 988.3737306748524 1.060502707865501e-10 1
3 57 76 989.8510866318824 1.0741968723967701e-10 1
3 57 77 989.1518068467324 1.0873909082090059e-10 1
3 57 78 988.0608034287624 1.099953786252491e-10 1
3 57 79 993.4501466904824 1.1121172831614568e-10 1
3 57 80 993.4501466904824 1.1234170622069179e-10 1
3 57 81 995.6938600693824 1.1340091437943294e-10 1
3 57 82 998.7699098740724 1.1526542213216281e-10 1
3 57 83 1000.9613161240724 1.1612209333744557e-10 1
3 57 84 1006.1642580186024 1.1685318731439028e-10 1
3 57 85 1006.1642580186024 1.1746918575837356e-10 1
3 57 86 1007.3563966904824 1.1798711136276108e-10 1
3 57 87 1008.0402345811024 1.1841679691381569e-10 1
3 57 88 1009.0176515732924 1.1875959861372035e-10 1
3 57 89 1009.9414186631324 1.1875959861372035e-10 1
3 57 90 1009.9414186631324 1.2076016845541178e-10 1
3 57 91 1011.0799684678224 1.2094279872147872e-10 1
3 58 24 967.0147829209524 9.849946768491547e-11 1
3 58 25 968.3210573350124 1.0069703659704535e-10 1
3 58 26 971.3738527451724 1.0160733099324496e-10 1
3 58 27 974.9989748154824 1.0079146073551606e-10 1
3 58 28 979.0176515732924 9.697546725219969e-11 1
3 58 29 980.8571901475124 9.196729661597917e-11 1
3 58 30 984.1521730576724 9.072648573170657e-11 1
3 58 31 986.0661134873524 9.106896836082179e-11 1
3 58 32 986.6844606553224 9.111471083729061e-11 1
3 58 33 988.3674440537624 9.107633546115708e-11 1
3 58 34 988.9273805772024 9.102261923935008e-11 1
3 58 35 988.9273805772024 9.119923740872182e-11 1
3 58 36 989.0811281357924 9.104979007532319e-11 1
3 58 37 989.4786501084524 9.08554016098168e-11 1
3 58 38 990.7285890732924 9.06279278002368e-11 1
3 58 39 990.9708986436024 9.037709295935844e-11 1
3 58 40 990.9708986436024 9.011543565098674e-11 1
3 58 41 991.3184938584524 8.944641247357788e-11 1
3 58 42 991.8441286240724 9.02018241039616e-11 1
3 58 43 992.3957033311024 8.901052259863657e-11 1
3 59 24 967.9370851670424 9.942954242019663e-11 1
3 59 25 970.0811281357924 1.0188492395087497e-10 1
3 59 26 972.5095338975124 1.0129407446047244e-10 1
