2 55 104 956.39074707031 1.2882203858808065e-10 1
2 55 105 976.99249267578 1.1898291960161562e-10 1
2 55 106 1000.48577880859 1.292073155228986e-10 1
2 55 107 993.44250488281 1.6860563836846748e-10 1
2 56 79 936.01416015625 1.1541024505989865e-10 1
2 56 80 936.01416015625 1.168150609367819e-10 1
2 56 81 939.00036621094 1.1811754666156431e-10 1
2 56 82 941.80816650391 1.1931390892623914e-10 1
2 56 83 943.80639648438 1.2039757164077744e-10 1
2 56 84 950.72241210938 1.2136722787339685e-10 1
2 56 85 950.72241210938 1.2222203215407405e-10 1
2 56 86 953.73571777344 1.2296684860873398e-10 1
2 56 87 958.06567382813 1.236041456871767e-10 1
2 56 88 962.94390869141 1.241459056051941e-10 1
2 56 89 972.62438964844 1.2459607990951078e-10 1
2 56 90 972.62438964844 1.2497142635638727e-10 1
2 56 91 976.28851318359 1.2527608223894353e-10 1
2 56 92 979.47326660156 1.255046323430792e-10 1
2 56 93 982.70794677734 1.2565546935426987e-10 1
2 56 94 987.69024658203 1.2576125813431524e-10 1
2 56 95 987.69024658203 1.2580806272237224e-10 1
2 56 96 989.90307617188 1.2581628801164767e-10 1
2 56 97 992.15930175781 1.2579696783469923e-10 1
2 56 98 992.53460693359 1.2575319259457552e-10 1
2 56 99 993.49645996094 1.2569882898176574e-10 1
2 56 100 995.00677490234 1.2585847129815094e-10 1
2 56 101 996.51281738281 1.2721117947159413e-10 1
2 56 102 999.40307617188 1.3160907972955489e-10 1
2 56 103 1002.34283447266 1.3266557893416811e-10 1
2 56 104 1004.74279785156 1.2326466278831854e-10 1
2 56 105 1009.13494873047 1.1191935303456004e-10 1
2 57 32 952.40423583984 9.201583040010145e-11 1
2 57 33 954.68109130859 9.182292293909261e-11 1
2 57 34 953.38238525391 9.157084843133458e-11 1
2 57 35 953.38238525391 9.131010309773213e-11 1
2 57 36 951.09320068359 9.095152438669302e-11 1
2 57 37 950.03912353516 9.050216275248719e-11 1
2 57 38 952.90863037109 8.999257653028161e-11 1
2 57 39 954.06768798828 8.940074910865597e-11 1
2 57 40 954.06768798828 8.875440789806736e-11 1
2 57 41 953.89483642578 8.809793778098304e-11 1
2 57 42 953.37329101563 8.743025867901864e-11 1
2 57 43 951.82165527344 8.677949557269574e-11 1
2 57 44 954.93280029297 8.61457856381387e-11 1
2 57 45 954.93280029297 8.555248985611782e-11 1
2 57 46 956.634765625 8.497949291038863e-11 1
2 57 47 955.83129882813 8.442986816498e-11 1
2 57 48 951.92980957031 8.389477347311403e-11 1
2 57 49 954.58093261719 8.339986258133116e-11 1
2 57 50 954.58093261719 8.295100752508871e-11 1
2 57 51 956.99432373047 8.257084932673986e-11 1
2 57 52 960.42810058594 8.230237438203943e-11 1
2 57 53 963.35632324219 8.219004679626044e-11 1
2 57 54 963.59149169922 8.225021785492928e-11 1
2 57 55 963.59149169922 8.248103061410713e-11 1
2 57 56 964.65124511719 8.286349787163746e-11 1
2 57 57 964.49102783203 8.339575712307654e-11 1
2 57 58 965.79351806641 8.409560252077812e-11 1
2 57 59 966.80523681641 8.494335617842267e-11 1
2 57 60 966.80523681641 8.589661112039067e-11 1
2 57 61 968.05407714844 8.693207703502966e-11 1
2 57 62 968.71856689453 8.80408656386844e-11 1
2 57 63 969.84448242188 8.920770188797063e-11 1
2 57 64 973.55572509766 9.040999543286987e-11 1
2 57 65 973.55572509766 9.164613603571849e-11 1
2 57 66 975.44372558594 9.29003127095801e-11 1
2 57 67 976.15643310547 9.421827231370469e-11 1
2 57 68 976.80700683594 9.559967235225166e-11 1
2 57 69 976.57623291016 9.704761672304198e-11 1
2 57 70 976.57623291016 9.859290964369992e-11 1
2 57 71 975.54339599609 1.0016503104790974e-10 1
2 57 72 973.94659423828 1.0170248723120288e-10 1
2 57 73 971.59802246094 1.0318951926017026e-10 1
2 57 74 969.35607910156 1.0463388053823188e-10 1
2 57 75 969.35607910156 1.0605027078655042e-10 1
2 57 76 970.83343505859 1.0741968723967701e-10 1
2 57 77 970.13415527344 1.0873909082090025e-10 1
2 57 78 969.04315185547 1.099953786252491e-10 1
2 57 79 974.43249511719 1.1121172831614568e-10 1
2 57 80 974.43249511719 1.1234170622069179e-10 1
2 57 81 976.67620849609 1.1340091437943332e-10 1
2 57 82 979.75225830078 1.1526542213216281e-10 1
2 57 83 981.94366455078 1.1612209333744519e-10 1
2 57 84 987.14660644531 1.1685318731439067e-10 1
2 57 85 987.14660644531 1.1746918575837317e-10 1
2 57 86 988.33874511719 1.179871113627607e-10 1
2 57 87 989.02258300781 1.1841679691381569e-10 1
2 57 88 990.0 1.1875959861371993e-10 1
2 57 89 990.92376708984 1.1875959861371993e-10 1
2 57 90 990.92376708984 1.2076016845541137e-10 1
2 57 91 992.06231689453 1.2094279872147872e-10 1
2 58 24 947.99713134766 9.849946768491547e-11 1
2 58 25 949.30340576172 1.0069703659704535e-10 1
2 58 26 952.35620117188 1.0160733099324526e-10 1
2 58 27 955.98132324219 1.0079146073551636e-10 1
2 58 28 960.0 9.697546725219942e-11 1
2 58 29 961.83953857422 9.196729661597941e-11 1
2 58 30 965.13452148438 9.072648573170657e-11 1
2 58 31 967.04846191406 9.106896836082203e-11 1
2 58 32 967.66680908203 9.111471083729038e-11 1
2 58 33 969.34979248047 9.107633546115684e-11 1
2 58 34 969.90972900391 9.102261923935008e-11 1
2 58 35 969.90972900391 9.119923740872158e-11 1
2 58 36 970.0634765625 9.104979007532319e-11 1
2 58 37 970.46099853516 9.08554016098168e-11 1
2 58 38 971.7109375 9.062792780023656e-11 1
2 58 39 971.95324707031 9.037709295935868e-11 1
2 58 40 971.95324707031 9.011543565098674e-11 1
2 58 41 972.30084228516 8.944641247357811e-11 1
2 58 42 972.82647705078 9.020182410396183e-11 1
2 58 43 973.37805175781 8.901052259863635e-11 1
2 59 24 948.91943359375 9.942954242019663e-11 1
2 59 25 951.0634765625 1.0188492395087527e-10 1
2 59 26 953.49188232422 1.0129407446047214e-10 1
