4 113 272 1031.1487785915378 1.089027005910594e-11 1
4 113 273 1021.672367935991 1.1176923037567443e-11 1
4 113 274 1006.7946744432408 1.1176923037567443e-11 1
4 114 266 1005.6261569751972 8.635516283967733e-12 1
4 114 267 1011.7521029778935 9.105985659809389e-12 1
4 114 268 1018.8471908335313 9.502402261922715e-12 1
4 114 269 1034.094939514234 9.813379864656342e-12 1
4 114 270 1038.7020920685236 1.0029157776198447e-11 1
4 114 271 1040.087870286275 1.0248567111594699e-11 1
4 114 272 1038.5420710179346 1.0603022938525631e-11 1
4 114 273 1034.1227728724296 1.097635935786071e-11 1
4 114 274 1022.7417170031838 1.097635935786071e-11 1
4 115 260 1030.777529795252 6.628902972373803e-12 1
4 115 261 1032.1064369351552 6.722462606190182e-12 1
4 115 262 1033.5088530207486 6.8697415715771935e-12 1
4 115 263 1035.635713142447 7.094127650609024e-12 1
4 115 264 1036.453204083232 7.392711963664138e-12 1
4 115 265 1037.1223275476766 7.75685851480002e-12 1
4 115 266 1033.0634177793063 8.185295915468066e-12 1
4 115 267 1040.4253311352531 8.656507595616443e-12 1
4 115 268 1041.4784230128498 9.134841748935693e-12 1
4 115 269 1044.4020471865672 9.586290182046833e-12 1
4 116 199 977.1748278435296 4.9257212377896635e-12 1
4 116 200 977.6325469734298 4.949141480193886e-12 1
4 116 201 978.0955876961696 4.9727604995058426e-12 1
4 116 202 978.6708968765871 4.996431375211549e-12 1
4 116 203 979.2577463936727 5.020323970901161e-12 1
4 116 204 979.8445959107743 5.044366252247936e-12 1
4 116 205 980.4314454278693 5.068507744895845e-12 1
4 116 206 981.2085583894127 5.0928814230315125e-12 1
4 116 207 982.0378735957046 5.117637791648527e-12 1
4 116 208 982.8671888019737 5.1421908648520594e-12 1
4 116 209 983.6965040083073 5.166980672151749e-12 1
4 116 210 984.4792756217897 5.192065359100243e-12 1
4 116 211 985.2332243681819 5.217112821707207e-12 1
4 116 212 985.9871731146154 5.242260926757214e-12 1
4 116 213 986.7411218610079 5.2676550685294695e-12 1
4 116 214 987.5027102505485 5.293083584353209e-12 1
4 116 215 988.273619965659 5.3184306559715424e-12 1
4 116 216 989.0445296807876 5.3440523244684655e-12 1
4 116 217 989.8154393958982 5.3698855396442086e-12 1
4 116 218 990.7433219066282 5.395260627538782e-12 1
4 116 219 992.0683455904879 5.421014890255323e-12 1
4 116 220 993.393369274245 5.447016208102468e-12 1
4 116 221 994.7183929579146 5.4727543493149145e-12 1
4 116 222 995.9343635578899 5.4985274973124475e-12 1
4 116 223 996.7339759345977 5.5245036351626095e-12 1
4 116 224 997.4905581716605 5.550052974727462e-12 1
4 116 225 998.2471404087145 5.575500065388173e-12 1
4 116 226 999.0761232015412 5.6013344929731735e-12 1
4 116 227 1000.2753343232586 5.627363844586613e-12 1
4 116 228 1001.5746192243797 5.652675766706339e-12 1
4 116 229 1002.8739041256016 5.678216424086024e-12 1
4 116 230 1004.2396840998941 5.703724842529444e-12 1
4 116 231 1006.1618101773387 5.7282633317933815e-12 1
4 116 232 1008.3427461513357 5.753455108608617e-12 1
4 116 233 1010.523682125216 5.778892294655719e-12 1
4 116 234 1012.6851435519497 5.803759245203201e-12 1
4 116 235 1014.2162546238944 5.828129211831249e-12 1
4 116 236 1015.3084223693589 5.853048237637948e-12 1
4 116 237 1016.4005901148818 5.878123195597482e-12 1
4 116 238 1017.4927578603754 5.9021917086449976e-12 1
4 116 239 1018.3355074204777 5.926458133516618e-12 1
4 116 240 1018.9015927802093 5.950481293775072e-12 1
4 116 241 1019.458042909955 5.9738141555967924e-12 1
4 116 242 1020.0144930397154 5.997190555845947e-12 1
4 116 243 1020.6522289389615 6.0206340961162124e-12 1
4 116 244 1021.4476660164198 6.042810810375752e-12 1
4 116 245 1022.2542406354839 6.064756634390863e-12 1
4 116 246 1023.0608152545268 6.0871838195291435e-12 1
4 116 247 1023.9259060241844 6.109658497676561e-12 1
4 116 248 1025.0264206743163 6.130074496556842e-12 1
4 116 249 1026.1495780723026 6.151257440965257e-12 1
4 116 250 1027.2727354703482 6.172587291610277e-12 1
4 116 251 1028.3522367522853 6.192710879432293e-12 1
4 116 252 1028.6040672018382 6.21241576492738e-12 1
4 116 253 1028.7601916005312 6.23214973674704e-12 1
4 116 254 1028.916315999228 6.250577278650952e-12 1
4 116 255 1029.072440397921 6.2730869238892585e-12 1
4 116 256 1029.242341551676 6.3073219023328574e-12 1
4 116 257 1029.4789032118692 6.354142644867185e-12 1
4 116 258 1029.9028717426283 6.416582155624591e-12 1
4 116 259 1031.175734375267 6.4967825628902915e-12 1
4 116 260 1032.3427585247366 6.588151155411417e-12 1
4 116 261 1033.8576862546736 6.680520602726497e-12 1
4 116 262 1035.266329305819 6.792508727289686e-12 1
4 116 263 1037.8757113345991 6.9878754986123946e-12 1
4 117 121 985.9339206892681 3.951800153719169e-12 1
4 117 122 985.9169363663234 3.9486343239456145e-12 1
4 117 123 985.6783583193932 3.945480009193474e-12 1
4 117 124 985.4153748379778 3.942873943333112e-12 1
4 117 125 985.1523913565418 3.941160320980976e-12 1
4 117 126 984.9118955856009 3.93944818750517e-12 1
4 117 127 984.7783418677009 3.937616970313746e-12 1
4 117 128 984.673549738253 3.93727852227699e-12 1
4 117 129 984.5687576088194 3.937069191770092e-12 1
4 117 130 984.5187016667367 3.9368598835206645e-12 1
4 117 131 984.9120150405425 3.9376196373989104e-12 1
4 117 132 985.504198328258 3.9389749302202845e-12 1
4 117 133 986.0963816159623 3.94033693933435e-12 1
4 117 134 986.6799014952978 3.942274212089398e-12 1
4 117 135 986.927741499179 3.945155492208276e-12 1
4 117 136 986.9560724685585 3.9480409870756196e-12 1
4 117 137 986.9844034379383 3.950795475965863e-12 1
4 117 138 987.0127344073192 3.954975561059777e-12 1
4 117 139 987.0150220866794 3.95934384437063e-12 1
4 117 140 986.989309238004 3.963721787917362e-12 1
4 117 141 986.9627455488384 3.96891729718962e-12 1
4 117 142 986.9361818596734 3.974708111764749e-12 1
4 117 143 987.2937036873926 3.9805230910335935e-12 1
4 117 144 988.3948412254832 3.986856189150322e-12 1
4 117 145 989.5385861343595 3.994033196585565e-12 1
4 117 146 990.6823310433023 4.00123609024599e-12 1
4 117 147 991.8268312566349 4.008230887155468e-12 1
4 117 148 992.9744776194498 4.016340389725639e-12 1
4 117 149 994.122363172433 4.024803473443757e-12 1
4 117 150 995.2702487254388 4.0333022986681725e-12 1
4 117 151 996.3893223314077 4.042552157844465e-12 1
4 117 152 996.8221166352494 4.052134632794735e-12 1
4 117 153 997.193085536632 4.06169037280015e-12 1
4 117 154 997.5640544379858 4.071023079494306e-12 1
4 117 155 997.9350233393435 4.081296391502063e-12 1
4 117 156 998.5237526164494 4.091879759889876e-12 1
4 117 157 999.1702391258019 4.10251819449602e-12 1
4 117 158 999.8167256351727 4.113410799830894e-12 1
4 117 159 1000.4632121445374 4.124813385708304e-12 1
4 117 160 1000.8852323940861 4.136279364420594e-12 1
4 117 161 1001.171552586591 4.1482407533476215e-12 1
4 117 162 1001.4578727790878 4.160446763613302e-12 1
4 117 163 1001.7441929716067 4.172676623676991e-12 1
4 117 164 1001.7911824845332 4.1850628840616566e-12 1
4 117 165 1001.5527590130799 4.19825321797043e-12 1
4 117 166 1001.3143355416131 4.211526960423683e-12 1
4 117 167 1001.0759120701598 4.224984177484583e-12 1
4 117 168 1000.7336426934339 4.2396732227416225e-12 1
4 117 169 1000.1358309419539 4.25432383525283e-12 1
4 117 170 999.5380191904911 4.269076052165623e-12 1
4 117 171 998.9402074389819 4.284824040474208e-12 1
4 117 172 998.3339729497828 4.3009424771199454e-12 1
4 117 173 997.6971346495852 4.317179508909524e-12 1
4 117 174 997.0570259331245 4.3339137213774265e-12 1
4 117 175 996.4169172167494 4.3513959446160804e-12 1
4 117 176 995.8216403191536 4.369019779336116e-12 1
4 117 177 995.4471185124032 4.3868205782201685e-12 1
4 117 178 995.1321665056953 4.405511603942429e-12 1
4 117 179 994.8172144989941 4.424414220357989e-12 1
4 117 180 994.4882990935612 4.443479745712263e-12 1
4 117 181 994.0446333118585 4.463189002768564e-12 1
4 117 182 993.5485120881681 4.483268903625081e-12 1
4 117 183 993.052390864472 4.503508640522991e-12 1
4 117 184 992.5650669412082 4.524042919407181e-12 1
4 117 185 992.3865330437415 4.5452162550702845e-12 1
4 117 186 992.4165021087491 4.566588712708702e-12 1
4 117 187 992.4464711737563 4.587873562263361e-12 1
4 117 188 992.4764402387642 4.609594205622583e-12 1
4 117 189 992.5206202220237 4.631901922951764e-12 1
4 117 190 992.5803100286561 4.654426602641451e-12 1
4 117 191 992.640508871325 4.677252039560352e-12 1
4 117 192 992.7007077139891 4.700335321350704e-12 1
4 117 193 992.8355437074364 4.723571956926199e-12 1
4 117 194 993.1149447637404 4.746480553052156e-12 1
4 117 195 993.4036134205937 4.7700381116846655e-12 1
4 117 196 993.692282077455 4.794067605604394e-12 1
4 117 197 994.1567930205252 4.818340329574203e-12 1
4 117 198 995.3406138252208 4.84285804453582e-12 1
4 117 199 996.5863990269495 4.867626548229199e-12 1
4 117 200 997.8321842286442 4.892349831037888e-12 1
4 117 201 999.045718488348 4.916894187778012e-12 1
4 117 202 999.5788618083807 4.942371799680973e-12 1
4 117 203 1000.0420661565663 4.968135231152928e-12 1
4 117 204 1000.5052705047648 4.994140536799995e-12 1
4 117 205 1000.968474852958 5.0203729528693785e-12 1
4 117 206 1001.7295106473098 5.046882402908036e-12 1
4 117 207 1002.5722619287596 5.072858306829855e-12 1
4 117 208 1003.4150132101867 5.0989269209234825e-12 1
4 117 209 1004.2577644916789 5.125880174601995e-12 1
4 117 210 1005.1127593358235 5.153119895810303e-12 1
4 117 211 1005.9753362027634 5.180464256378677e-12 1
4 117 212 1006.8379130697506 5.20802429988046e-12 1
4 117 213 1007.7004899366908 5.235742030477034e-12 1
4 117 214 1008.7504702842779 5.262983150159137e-12 1
4 117 215 1010.0291064510167 5.290926935814388e-12 1
4 117 216 1011.3077426177857 5.319169040203258e-12 1
4 117 217 1012.5863787845249 5.346606093454561e-12 1
4 117 218 1013.7357261423463 5.3738255444946055e-12 1
4 117 219 1014.5579728137112 5.402326011605525e-12 1
4 117 220 1015.3802194850124 5.431130399100607e-12 1
4 117 221 1016.2024661562594 5.4596554397683384e-12 1
4 117 222 1017.0288586431521 5.488241766111612e-12 1
4 117 223 1017.8710796084773 5.516968647077161e-12 1
4 117 224 1018.714936428725 5.544474825409238e-12 1
4 117 225 1019.5587932489627 5.572554825375506e-12 1
4 117 226 1020.3539399065013 5.601396518051898e-12 1
4 117 227 1020.9000017060883 5.630486092898201e-12 1
4 117 228 1021.3787351539725 5.65877830131984e-12 1
4 117 229 1021.8574686018936 5.687356272452956e-12 1
4 117 230 1022.3660121447314 5.715693259992322e-12 1
4 117 231 1023.1239686045109 5.742835423662398e-12 1
4 117 232 1023.9979509173775 5.770968799630517e-12 1
4 117 233 1024.8719332301973 5.799409835557141e-12 1
4 117 234 1025.7369452315206 5.827620455301981e-12 1
4 117 235 1026.3116070136896 5.855259900879104e-12 1
4 117 236 1026.6840839472766 5.883162774543542e-12 1
4 117 237 1027.0565608808838 5.910424873468697e-12 1
4 117 238 1027.429037814481 5.93667712289617e-12 1
4 117 239 1027.770219332035 5.96386661486065e-12 1
4 118 61 997.7971562521188 3.887665885589919e-12 1
4 118 62 998.4236129385214 3.861256159022476e-12 1
4 118 63 997.1588759531924 3.84560939731981e-12 1
4 118 64 997.115956421294 3.836693735550905e-12 1
4 118 65 998.4881836576258 3.83152153463872e-12 1
4 118 66 998.8261680153681 3.828550140863838e-12 1
4 118 67 999.5021367308581 3.826674232581317e-12 1
4 118 68 999.7623812764355 3.825520857927881e-12 1
4 118 69 999.8414773918321 3.8242919509608805e-12 1
4 118 70 999.9205735072335 3.823063833286304e-12 1
4 118 71 999.9996696226301 3.822117556389108e-12 1
4 118 72 1000.0237338513026 3.821285171543141e-12 1
4 118 73 999.865275828307 3.820464839812393e-12 1
4 118 74 999.6861647765207 3.819897438492525e-12 1
4 118 75 999.5070537247375 3.8195040627758384e-12 1
4 118 76 999.3366440688883 3.819055344740421e-12 1
4 118 77 999.206309709084 3.818624769565179e-12 1
4 118 78 999.0866994345313 3.818570702329734e-12 1
4 118 79 998.9670891599776 3.8185166366253315e-12 1
4 118 80 998.8870576406947 3.818546510342358e-12 1
4 118 81 999.1240793840476 3.8189581204692885e-12 1
4 118 82 999.5004350773571 3.819258918727081e-12 1
4 118 83 999.8767907706346 3.8195534094392546e-12 1
4 118 84 1000.2522252187133 3.8200765848868044e-12 1
4 118 85 1000.5873748036482 3.820778996433748e-12 1
4 118 86 1000.8970445963893 3.821371166139535e-12 1
4 118 87 1001.2067143891545 3.821991005422597e-12 1
4 118 88 1001.5163841818958 3.823067758454122e-12 1
4 118 89 1001.6561787569457 3.823878831672992e-12 1
4 118 90 1001.6158326182779 3.82469024910725e-12 1
4 118 91 1001.5705283769015 3.82552539582157e-12 1
4 118 92 1001.5252241355237 3.8263703526167776e-12 1
4 118 93 1001.4509027695133 3.827279771016633e-12 1
4 118 94 1001.320359581295 3.828677228961284e-12 1
4 118 95 1001.1869933459652 3.829688456737777e-12 1
4 118 96 1001.0536271106397 3.830469430575336e-12 1
4 118 97 1000.9465583626694 3.831237174421549e-12 1
4 118 98 1000.9511982740653 3.8317223641446765e-12 1
4 118 99 1000.9631933992188 3.832207676772681e-12 1
4 118 100 1000.9751885243733 3.8330265257574675e-12 1
4 118 101 1000.9978549635237 3.833370071901546e-12 1
4 118 102 1001.3128639437887 3.833358636525596e-12 1
4 118 103 1001.6505380827689 3.833433834189678e-12 1
4 118 104 1001.9882122217388 3.8338453304889835e-12 1
4 118 105 1002.3258863607348 3.833384003812486e-12 1
4 118 106 1002.7119672522606 3.832712118204558e-12 1
4 118 107 1003.1104512974716 3.832012745153167e-12 1
4 118 108 1003.5089353427063 3.830735328620062e-12 1
4 118 109 1003.9074193879172 3.829458763466806e-12 1
4 118 110 1004.2899557459571 3.828287444470116e-12 1
4 118 111 1004.6630815318262 3.826758378846348e-12 1
4 118 112 1005.0362073177018 3.825173083516614e-12 1
4 118 113 1005.4093331035708 3.8235930144251025e-12 1
4 118 114 1005.7982616124841 3.82193567551902e-12 1
4 118 115 1006.2056104735253 3.820431265016825e-12 1
4 118 116 1006.6129593345348 3.8190861090842835e-12 1
4 118 117 1007.0203081955478 3.817761820741943e-12 1
4 118 118 1007.3338468960985 3.817011186006915e-12 1
4 118 119 1007.4227824238853 3.816617730677756e-12 1
4 118 120 1007.5117179516747 3.8162243564545284e-12 1
4 118 121 1007.6006534794633 3.816788083589303e-12 1
4 118 122 1007.7008239383111 3.817738601763871e-12 1
4 118 123 1007.8399474400469 3.818614192644599e-12 1
4 118 124 1007.9833610720194 3.819292346159232e-12 1
4 118 125 1008.1267747040033 3.821107717102857e-12 1
4 118 126 1008.2745896344131 3.823233661854057e-12 1
4 118 127 1008.4433352812466 3.825362494218841e-12 1
4 118 128 1008.6177101509709 3.827790016471854e-12 1
4 118 129 1008.7920850206713 3.830869729303546e-12 1
4 118 130 1008.9934009009295 3.833954401795129e-12 1
4 118 131 1009.4129420173168 3.837641411880332e-12 1
4 118 132 1009.9303663934812 3.8415772098523866e-12 1
4 118 133 1010.4477907696357 3.845420775806604e-12 1
4 118 134 1010.9605725221909 3.84891559683903e-12 1
4 118 135 1011.2934671860602 3.853508267253933e-12 1
4 118 136 1011.5087294148249 3.858369899793643e-12 1
4 118 137 1011.7239916435916 3.863260214706712e-12 1
4 118 138 1011.9392538723646 3.868687940648823e-12 1
4 118 139 1012.1459421544737 3.874545006950826e-12 1
4 118 140 1012.3434121299248 3.88041983495495e-12 1
4 118 141 1012.5406019924916 3.88704750211625e-12 1
4 118 142 1012.7377918550527 3.8939956805491065e-12 1
4 118 143 1012.9230598080004 3.900914351801696e-12 1
4 118 144 1013.0852461321975 3.9080437812348086e-12 1
4 118 145 1013.24610993525 3.916169893487239e-12 1
4 118 146 1013.4069737383119 3.924329869890622e-12 1
4 118 147 1013.5964791565912 3.9323259303733125e-12 1
4 118 148 1013.9052885207094 3.94155613687449e-12 1
4 118 149 1014.2231681253595 3.951016799726432e-12 1
4 118 150 1014.5410477300159 3.9605229874859834e-12 1
4 118 151 1014.8530612877998 3.970732019983682e-12 1
4 118 152 1015.0253499409259 3.981515223506958e-12 1
4 118 153 1015.185051082768 3.992364418741258e-12 1
4 118 154 1015.3447522245976 4.0037103746173194e-12 1
4 118 155 1015.504453366429 4.015841940111624e-12 1
4 118 156 1015.6893819183744 4.028047248296911e-12 1
4 118 157 1015.8810016113414 4.040090636465973e-12 1
4 118 158 1016.0726213043138 4.053166724852948e-12 1
4 118 159 1016.2642409972844 4.066628857511333e-12 1
4 118 160 1016.4246751194717 4.080180714064907e-12 1
4 118 161 1016.5662561466075 4.094432123787193e-12 1
4 119 54 993.1132249772604 4.05984452873977e-12 1
4 119 55 995.2138262129649 4.030435905456666e-12 1
4 119 56 996.7065167986685 4.005081429143031e-12 1
4 119 57 997.359053757511 3.986263777006939e-12 1
4 119 58 998.7631331797257 3.970831107202489e-12 1
4 119 59 1000.703366114939 3.9482024827293585e-12 1
4 119 60 1002.3665072164398 3.913765646685771e-12 1
4 119 61 1003.5663659600879 3.875348287842139e-12 1
4 119 62 1005.201885736482 3.8457151511251594e-12 1
4 119 63 1006.346838241085 3.827475667167401e-12 1
4 119 64 1006.9471188409772 3.816516278396594e-12 1
4 119 65 1007.5311858146862 3.80980276003326e-12 1
4 119 66 1007.5908436053775 3.805697539798717e-12 1
4 119 67 1007.7101591867611 3.802922927557952e-12 1
4 119 68 1007.8199698931128 3.801061507616673e-12 1
4 119 69 1008.046646355828 3.7990367794885765e-12 1
4 119 70 1008.2733228185571 3.797014207253725e-12 1
4 119 71 1008.4999992812722 3.795354988279321e-12 1
4 119 72 1008.6960055628093 3.793580269319219e-12 1
4 119 73 1008.7902891729649 3.791799766421887e-12 1
4 119 74 1008.8730625083956 3.790106676656991e-12 1
4 119 75 1008.9558358438247 3.788555438754392e-12 1
4 119 76 1009.0414862402386 3.78700547013246e-12 1
4 119 77 1009.1403872773357 3.785705619649353e-12 1
4 119 78 1009.2428341647143 3.784611709681691e-12 1
4 119 79 1009.3452810520938 3.7832805163910175e-12 1
4 120 48 985.3807021697771 4.21396783258732e-12 1
4 120 49 986.3667564158109 4.20740696185661e-12 1
4 120 50 987.4889916070414 4.209199158021821e-12 1
4 120 51 988.9539212236691 4.212823641540734e-12 1
4 120 52 990.7732706627954 4.213295831630439e-12 1
4 120 53 992.8164728160151 4.20567580185376e-12 1
4 120 54 995.0396496490036 4.186335971918213e-12 1
4 120 55 996.6303827729295 4.15373734885939e-12 1
4 120 56 997.9595142198353 4.1138337294686354e-12 1
4 120 57 999.8878403993525 4.073655867036927e-12 1
4 121 48 985.6862169977938 4.334674611926331e-12 1
4 121 49 987.1470952177665 4.332978856300825e-12 1
4 121 50 988.2400422996659 4.3457052362619765e-12 1
4 121 51 989.4842075279273 4.3312548121562415e-12 1
