5 113 272 1012.0076357742629 1.089027005910594e-11 1
5 113 273 1002.5312251187162 1.1176923037567372e-11 1
5 113 274 987.6535316259659 1.1176923037567372e-11 1
5 114 266 986.4850141579224 8.635516283967733e-12 1
5 114 267 992.6109601606187 9.105985659809342e-12 1
5 114 268 999.7060480162564 9.502402261922767e-12 1
5 114 269 1014.9537966969591 9.813379864656342e-12 1
5 114 270 1019.5609492512486 1.0029157776198447e-11 1
5 114 271 1020.946727469 1.0248567111594759e-11 1
5 114 272 1019.4009282006597 1.0603022938525631e-11 1
5 114 273 1014.9816300551547 1.0976359357860777e-11 1
5 114 274 1003.600574185909 1.0976359357860777e-11 1
5 115 260 1011.636386977977 6.628902972373803e-12 1
5 115 261 1012.9652941178803 6.722462606190182e-12 1
5 115 262 1014.3677102034737 6.8697415715771935e-12 1
5 115 263 1016.4945703251722 7.0941276506090526e-12 1
5 115 264 1017.3120612659573 7.392711963664138e-12 1
5 115 265 1017.9811847304018 7.75685851480002e-12 1
5 115 266 1013.9222749620315 8.185295915468105e-12 1
5 115 267 1021.2841883179782 8.656507595616485e-12 1
5 115 268 1022.337280195575 9.134841748935693e-12 1
5 115 269 1025.2609043692923 9.586290182046833e-12 1
5 116 199 958.0336850262547 4.9257212377896635e-12 1
5 116 200 958.491404156155 4.949141480193886e-12 1
5 116 201 958.9544448788947 4.9727604995058426e-12 1
5 116 202 959.5297540593123 4.996431375211549e-12 1
5 116 203 960.1166035763979 5.020323970901147e-12 1
5 116 204 960.7034530934994 5.044366252247936e-12 1
5 116 205 961.2903026105945 5.06850774489583e-12 1
5 116 206 962.0674155721379 5.0928814230315125e-12 1
5 116 207 962.8967307784297 5.117637791648541e-12 1
5 116 208 963.7260459846989 5.1421908648520594e-12 1
5 116 209 964.5553611910325 5.166980672151734e-12 1
5 116 210 965.3381328045149 5.192065359100243e-12 1
5 116 211 966.0920815509071 5.217112821707192e-12 1
5 116 212 966.8460302973406 5.24226092675723e-12 1
5 116 213 967.599979043733 5.2676550685294695e-12 1
5 116 214 968.3615674332736 5.293083584353225e-12 1
5 116 215 969.1324771483842 5.3184306559715424e-12 1
5 116 216 969.9033868635128 5.344052324468449e-12 1
5 116 217 970.6742965786234 5.3698855396442086e-12 1
5 116 218 971.6021790893534 5.395260627538782e-12 1
5 116 219 972.927202773213 5.421014890255323e-12 1
5 116 220 974.2522264569701 5.447016208102468e-12 1
5 116 221 975.5772501406398 5.4727543493149314e-12 1
5 116 222 976.7932207406151 5.4985274973124645e-12 1
5 116 223 977.5928331173228 5.5245036351626265e-12 1
5 116 224 978.3494153543857 5.550052974727462e-12 1
5 116 225 979.1059975914396 5.575500065388191e-12 1
5 116 226 979.9349803842664 5.6013344929731735e-12 1
5 116 227 981.1341915059837 5.627363844586631e-12 1
5 116 228 982.4334764071049 5.652675766706339e-12 1
5 116 229 983.7327613083268 5.678216424086042e-12 1
5 116 230 985.0985412826193 5.703724842529444e-12 1
5 116 231 987.0206673600638 5.7282633317933815e-12 1
5 116 232 989.2016033340609 5.753455108608617e-12 1
5 116 233 991.3825393079412 5.7788922946557375e-12 1
5 116 234 993.5440007346749 5.803759245203201e-12 1
5 116 235 995.0751118066196 5.8281292118312686e-12 1
5 116 236 996.1672795520841 5.853048237637948e-12 1
5 116 237 997.2594472976069 5.878123195597482e-12 1
5 116 238 998.3516150431005 5.9021917086449976e-12 1
5 116 239 999.1943646032029 5.926458133516618e-12 1
5 116 240 999.7604499629344 5.950481293775072e-12 1
5 116 241 1000.3169000926802 5.9738141555967924e-12 1
5 116 242 1000.8733502224405 5.997190555845947e-12 1
5 116 243 1001.5110861216866 6.0206340961161914e-12 1
5 116 244 1002.306523199145 6.042810810375731e-12 1
5 116 245 1003.1130978182091 6.064756634390863e-12 1
5 116 246 1003.919672437252 6.0871838195291435e-12 1
5 116 247 1004.7847632069096 6.109658497676561e-12 1
5 116 248 1005.8852778570414 6.1300744965568204e-12 1
5 116 249 1007.0084352550276 6.151257440965257e-12 1
5 116 250 1008.1315926530732 6.172587291610277e-12 1
5 116 251 1009.2110939350104 6.1927108794322715e-12 1
5 116 252 1009.4629243845634 6.21241576492738e-12 1
5 116 253 1009.6190487832563 6.232149736747062e-12 1
5 116 254 1009.775173181953 6.25057727865093e-12 1
5 116 255 1009.931297580646 6.2730869238892585e-12 1
5 116 256 1010.1011987344011 6.30732190233288e-12 1
5 116 257 1010.3377603945943 6.354142644867185e-12 1
5 116 258 1010.7617289253534 6.416582155624614e-12 1
5 116 259 1012.0345915579921 6.496782562890267e-12 1
5 116 260 1013.2016157074617 6.588151155411417e-12 1
5 116 261 1014.7165434373987 6.680520602726471e-12 1
5 116 262 1016.125186488544 6.792508727289686e-12 1
5 116 263 1018.7345685173243 6.987875498612423e-12 1
5 117 121 966.7927778719933 3.951800153719169e-12 1
5 117 122 966.7757935490486 3.948634323945606e-12 1
5 117 123 966.5372155021183 3.945480009193483e-12 1
5 117 124 966.2742320207029 3.942873943333121e-12 1
5 117 125 966.011248539267 3.941160320980976e-12 1
5 117 126 965.770752768326 3.939448187505179e-12 1
5 117 127 965.637199050426 3.937616970313746e-12 1
5 117 128 965.5324069209781 3.937278522276981e-12 1
5 117 129 965.4276147915446 3.937069191770092e-12 1
5 117 130 965.3775588494618 3.9368598835206556e-12 1
5 117 131 965.7708722232677 3.9376196373989104e-12 1
5 117 132 966.3630555109831 3.9389749302202845e-12 1
5 117 133 966.9552387986874 3.940336939334341e-12 1
5 117 134 967.538758678023 3.942274212089398e-12 1
5 117 135 967.7865986819041 3.945155492208276e-12 1
5 117 136 967.8149296512837 3.948040987075611e-12 1
5 117 137 967.8432606206635 3.950795475965863e-12 1
5 117 138 967.8715915900443 3.954975561059786e-12 1
5 117 139 967.8738792694046 3.959343844370639e-12 1
5 117 140 967.8481664207292 3.963721787917353e-12 1
5 117 141 967.8216027315635 3.96891729718962e-12 1
5 117 142 967.7950390423986 3.974708111764749e-12 1
5 117 143 968.1525608701178 3.9805230910335846e-12 1
5 117 144 969.2536984082084 3.986856189150313e-12 1
5 117 145 970.3974433170847 3.994033196585556e-12 1
5 117 146 971.5411882260274 4.00123609024599e-12 1
5 117 147 972.6856884393601 4.008230887155468e-12 1
5 117 148 973.8333348021749 4.016340389725639e-12 1
5 117 149 974.9812203551581 4.024803473443757e-12 1
5 117 150 976.129105908164 4.0333022986681725e-12 1
5 117 151 977.2481795141329 4.042552157844465e-12 1
5 117 152 977.6809738179745 4.052134632794744e-12 1
5 117 153 978.0519427193572 4.061690372800159e-12 1
5 117 154 978.4229116207109 4.071023079494316e-12 1
5 117 155 978.7938805220687 4.081296391502073e-12 1
5 117 156 979.3826097991746 4.091879759889876e-12 1
5 117 157 980.0290963085271 4.10251819449602e-12 1
5 117 158 980.6755828178979 4.113410799830884e-12 1
5 117 159 981.3220693272625 4.124813385708294e-12 1
5 117 160 981.7440895768112 4.136279364420604e-12 1
5 117 161 982.0304097693162 4.148240753347612e-12 1
5 117 162 982.3167299618129 4.160446763613302e-12 1
5 117 163 982.6030501543319 4.1726766236770006e-12 1
5 117 164 982.6500396672584 4.185062884061666e-12 1
5 117 165 982.4116161958051 4.198253217970419e-12 1
5 117 166 982.1731927243383 4.2115269604236924e-12 1
5 117 167 981.934769252885 4.224984177484573e-12 1
5 117 168 981.5924998761591 4.239673222741612e-12 1
5 117 169 980.9946881246791 4.2543238352528405e-12 1
5 117 170 980.3968763732163 4.269076052165623e-12 1
5 117 171 979.7990646217071 4.284824040474208e-12 1
5 117 172 979.192830132508 4.3009424771199454e-12 1
5 117 173 978.5559918323104 4.317179508909524e-12 1
5 117 174 977.9158831158496 4.333913721377415e-12 1
5 117 175 977.2757743994746 4.3513959446160804e-12 1
5 117 176 976.6804975018788 4.369019779336127e-12 1
5 117 177 976.3059756951284 4.3868205782201685e-12 1
5 117 178 975.9910236884205 4.405511603942429e-12 1
5 117 179 975.6760716817192 4.424414220358e-12 1
5 117 180 975.3471562762863 4.443479745712252e-12 1
5 117 181 974.9034904945837 4.4631890027685524e-12 1
5 117 182 974.4073692708932 4.4832689036250935e-12 1
5 117 183 973.9112480471972 4.503508640523002e-12 1
5 117 184 973.4239241239334 4.524042919407193e-12 1
5 117 185 973.2453902264666 4.545216255070272e-12 1
5 117 186 973.2753592914743 4.566588712708702e-12 1
5 117 187 973.3053283564815 4.587873562263361e-12 1
5 117 188 973.3352974214894 4.609594205622595e-12 1
5 117 189 973.3794774047489 4.631901922951764e-12 1
5 117 190 973.4391672113812 4.654426602641451e-12 1
5 117 191 973.4993660540501 4.677252039560352e-12 1
5 117 192 973.5595648967143 4.700335321350704e-12 1
5 117 193 973.6944008901615 4.723571956926199e-12 1
5 117 194 973.9738019464655 4.746480553052143e-12 1
5 117 195 974.2624706033189 4.7700381116846655e-12 1
5 117 196 974.5511392601802 4.794067605604381e-12 1
5 117 197 975.0156502032504 4.818340329574203e-12 1
5 117 198 976.1994710079459 4.842858044535806e-12 1
5 117 199 977.4452562096747 4.867626548229199e-12 1
5 117 200 978.6910414113694 4.892349831037888e-12 1
5 117 201 979.9045756710732 4.916894187778012e-12 1
5 117 202 980.4377189911058 4.942371799680973e-12 1
5 117 203 980.9009233392915 4.968135231152928e-12 1
5 117 204 981.3641276874899 4.994140536799995e-12 1
5 117 205 981.8273320356832 5.020372952869393e-12 1
5 117 206 982.5883678300349 5.046882402908036e-12 1
5 117 207 983.4311191114848 5.072858306829839e-12 1
5 117 208 984.2738703929118 5.0989269209234825e-12 1
5 117 209 985.1166216744041 5.125880174601995e-12 1
5 117 210 985.9716165185487 5.153119895810303e-12 1
5 117 211 986.8341933854886 5.180464256378662e-12 1
5 117 212 987.6967702524757 5.208024299880445e-12 1
5 117 213 988.559347119416 5.235742030477018e-12 1
5 117 214 989.609327467003 5.2629831501591204e-12 1
5 117 215 990.8879636337418 5.290926935814388e-12 1
5 117 216 992.1665998005109 5.319169040203258e-12 1
5 117 217 993.44523596725 5.346606093454561e-12 1
5 117 218 994.5945833250714 5.3738255444946225e-12 1
5 117 219 995.4168299964364 5.402326011605525e-12 1
5 117 220 996.2390766677375 5.431130399100607e-12 1
5 117 221 997.0613233389846 5.4596554397683384e-12 1
5 117 222 997.8877158258773 5.488241766111612e-12 1
5 117 223 998.7299367912025 5.516968647077161e-12 1
5 117 224 999.5737936114501 5.544474825409238e-12 1
5 117 225 1000.4176504316879 5.572554825375506e-12 1
5 117 226 1001.2127970892265 5.601396518051898e-12 1
5 117 227 1001.7588588888135 5.630486092898201e-12 1
5 117 228 1002.2375923366976 5.65877830131984e-12 1
5 117 229 1002.7163257846188 5.687356272452974e-12 1
5 117 230 1003.2248693274565 5.715693259992322e-12 1
5 117 231 1003.982825787236 5.742835423662398e-12 1
5 117 232 1004.8568081001026 5.770968799630517e-12 1
5 117 233 1005.7307904129224 5.799409835557141e-12 1
5 117 234 1006.5958024142458 5.8276204553019616e-12 1
5 117 235 1007.1704641964146 5.8552599008791235e-12 1
5 117 236 1007.5429411300017 5.883162774543542e-12 1
5 117 237 1007.915418063609 5.910424873468697e-12 1
5 117 238 1008.2878949972061 5.93667712289615e-12 1
5 117 239 1008.6290765147601 5.96386661486063e-12 1
5 118 61 978.656013434844 3.887665885589919e-12 1
5 118 62 979.2824701212465 3.861256159022476e-12 1
5 118 63 978.0177331359175 3.845609397319801e-12 1
5 118 64 977.9748136040191 3.836693735550905e-12 1
5 118 65 979.3470408403509 3.83152153463872e-12 1
5 118 66 979.6850251980933 3.828550140863829e-12 1
5 118 67 980.3609939135832 3.826674232581317e-12 1
5 118 68 980.6212384591606 3.825520857927873e-12 1
5 118 69 980.7003345745572 3.824291950960872e-12 1
5 118 70 980.7794306899586 3.823063833286312e-12 1
5 118 71 980.8585268053553 3.822117556389116e-12 1
5 118 72 980.8825910340278 3.821285171543149e-12 1
5 118 73 980.7241330110321 3.820464839812401e-12 1
5 118 74 980.5450219592459 3.819897438492517e-12 1
5 118 75 980.3659109074626 3.8195040627758384e-12 1
5 118 76 980.1955012516135 3.819055344740421e-12 1
5 118 77 980.0651668918092 3.818624769565179e-12 1
5 118 78 979.9455566172564 3.818570702329742e-12 1
5 118 79 979.8259463427028 3.8185166366253315e-12 1
5 118 80 979.7459148234199 3.818546510342358e-12 1
5 118 81 979.9829365667728 3.8189581204692885e-12 1
5 118 82 980.3592922600823 3.819258918727073e-12 1
5 118 83 980.7356479533597 3.8195534094392546e-12 1
5 118 84 981.1110824014385 3.820076584886796e-12 1
5 118 85 981.4462319863734 3.820778996433739e-12 1
5 118 86 981.7559017791144 3.821371166139527e-12 1
5 118 87 982.0655715718797 3.821991005422606e-12 1
5 118 88 982.3752413646209 3.823067758454122e-12 1
5 118 89 982.5150359396708 3.823878831672992e-12 1
5 118 90 982.474689801003 3.824690249107241e-12 1
5 118 91 982.4293855596267 3.82552539582157e-12 1
5 118 92 982.3840813182488 3.8263703526167776e-12 1
5 118 93 982.3097599522384 3.827279771016633e-12 1
5 118 94 982.1792167640201 3.828677228961276e-12 1
5 118 95 982.0458505286904 3.829688456737786e-12 1
5 118 96 981.9124842933649 3.830469430575336e-12 1
5 118 97 981.8054155453946 3.831237174421557e-12 1
5 118 98 981.8100554567905 3.8317223641446765e-12 1
5 118 99 981.8220505819439 3.8322076767726894e-12 1
5 118 100 981.8340457070984 3.8330265257574756e-12 1
5 118 101 981.8567121462488 3.833370071901546e-12 1
5 118 102 982.1717211265138 3.833358636525588e-12 1
5 118 103 982.509395265494 3.83343383418967e-12 1
5 118 104 982.8470694044639 3.8338453304889835e-12 1
5 118 105 983.18474354346 3.833384003812486e-12 1
5 118 106 983.5708244349858 3.832712118204558e-12 1
5 118 107 983.9693084801968 3.832012745153175e-12 1
5 118 108 984.3677925254315 3.830735328620062e-12 1
5 118 109 984.7662765706424 3.829458763466806e-12 1
5 118 110 985.1488129286822 3.828287444470116e-12 1
5 118 111 985.5219387145513 3.826758378846357e-12 1
5 118 112 985.895064500427 3.825173083516606e-12 1
5 118 113 986.268190286296 3.8235930144250944e-12 1
5 118 114 986.6571187952093 3.821935675519028e-12 1
5 118 115 987.0644676562505 3.820431265016833e-12 1
5 118 116 987.47181651726 3.8190861090842835e-12 1
5 118 117 987.879165378273 3.817761820741935e-12 1
5 118 118 988.1927040788237 3.817011186006924e-12 1
5 118 119 988.2816396066105 3.816617730677764e-12 1
5 118 120 988.3705751343998 3.8162243564545365e-12 1
5 118 121 988.4595106621884 3.816788083589303e-12 1
5 118 122 988.5596811210363 3.817738601763879e-12 1
5 118 123 988.6988046227721 3.818614192644599e-12 1
5 118 124 988.8422182547446 3.81929234615924e-12 1
5 118 125 988.9856318867285 3.821107717102857e-12 1
5 118 126 989.1334468171383 3.823233661854065e-12 1
5 118 127 989.3021924639718 3.825362494218841e-12 1
5 118 128 989.476567333696 3.827790016471854e-12 1
5 118 129 989.6509422033964 3.830869729303546e-12 1
5 118 130 989.8522580836546 3.833954401795129e-12 1
5 118 131 990.271799200042 3.837641411880323e-12 1
5 118 132 990.7892235762064 3.841577209852395e-12 1
5 118 133 991.3066479523609 3.845420775806604e-12 1
5 118 134 991.819429704916 3.848915596839021e-12 1
5 118 135 992.1523243687853 3.853508267253933e-12 1
5 118 136 992.36758659755 3.858369899793643e-12 1
5 118 137 992.5828488263168 3.863260214706704e-12 1
5 118 138 992.7981110550897 3.868687940648814e-12 1
5 118 139 993.0047993371988 3.874545006950826e-12 1
5 118 140 993.20226931265 3.880419834954941e-12 1
5 118 141 993.3994591752167 3.887047502116259e-12 1
5 118 142 993.5966490377779 3.8939956805491065e-12 1
5 118 143 993.7819169907256 3.900914351801696e-12 1
5 118 144 993.9441033149227 3.9080437812348175e-12 1
5 118 145 994.1049671179752 3.916169893487239e-12 1
5 118 146 994.265830921037 3.924329869890631e-12 1
5 118 147 994.4553363393163 3.932325930373321e-12 1
5 118 148 994.7641457034346 3.94155613687449e-12 1
5 118 149 995.0820253080847 3.951016799726423e-12 1
5 118 150 995.399904912741 3.960522987485992e-12 1
5 118 151 995.711918470525 3.970732019983682e-12 1
5 118 152 995.8842071236511 3.981515223506949e-12 1
5 118 153 996.0439082654932 3.992364418741258e-12 1
5 118 154 996.2036094073228 4.003710374617328e-12 1
5 118 155 996.3633105491541 4.0158419401116155e-12 1
5 118 156 996.5482391010995 4.028047248296911e-12 1
5 118 157 996.7398587940665 4.040090636465973e-12 1
5 118 158 996.9314784870389 4.053166724852948e-12 1
5 118 159 997.1230981800096 4.066628857511333e-12 1
5 118 160 997.2835323021968 4.080180714064907e-12 1
5 118 161 997.4251133293327 4.0944321237871836e-12 1
5 119 54 973.9720821599856 4.05984452873977e-12 1
5 119 55 976.0726833956901 4.030435905456666e-12 1
5 119 56 977.5653739813937 4.005081429143031e-12 1
5 119 57 978.2179109402362 3.986263777006939e-12 1
5 119 58 979.6219903624509 3.970831107202489e-12 1
5 119 59 981.5622232976641 3.9482024827293585e-12 1
5 119 60 983.225364399165 3.913765646685762e-12 1
5 119 61 984.425223142813 3.87534828784213e-12 1
5 119 62 986.0607429192072 3.8457151511251505e-12 1
5 119 63 987.2056954238102 3.8274756671673925e-12 1
5 119 64 987.8059760237023 3.816516278396594e-12 1
5 119 65 988.3900429974113 3.80980276003326e-12 1
5 119 66 988.4497007881026 3.805697539798726e-12 1
5 119 67 988.5690163694862 3.8029229275579435e-12 1
5 119 68 988.678827075838 3.801061507616673e-12 1
5 119 69 988.9055035385531 3.7990367794885765e-12 1
5 119 70 989.1321800012822 3.797014207253725e-12 1
5 119 71 989.3588564639973 3.795354988279313e-12 1
5 119 72 989.5548627455345 3.793580269319219e-12 1
5 119 73 989.64914635569 3.791799766421887e-12 1
5 119 74 989.7319196911208 3.790106676656991e-12 1
5 119 75 989.8146930265499 3.7885554387544e-12 1
5 119 76 989.9003434229637 3.78700547013246e-12 1
5 119 77 989.9992444600608 3.785705619649353e-12 1
5 119 78 990.1016913474394 3.784611709681691e-12 1
5 119 79 990.204138234819 3.7832805163910175e-12 1
5 120 48 966.2395593525023 4.21396783258732e-12 1
5 120 49 967.225613598536 4.20740696185661e-12 1
5 120 50 968.3478487897665 4.209199158021821e-12 1
5 120 51 969.8127784063943 4.212823641540734e-12 1
5 120 52 971.6321278455206 4.213295831630439e-12 1
5 120 53 973.6753299987403 4.20567580185376e-12 1
5 120 54 975.8985068317288 4.186335971918213e-12 1
5 120 55 977.4892399556546 4.15373734885939e-12 1
5 120 56 978.8183714025605 4.113833729468626e-12 1
5 120 57 980.7466975820777 4.073655867036927e-12 1
5 121 48 966.545074180519 4.334674611926342e-12 1
5 121 49 968.0059524004917 4.332978856300813e-12 1
5 121 50 969.0988994823911 4.3457052362619765e-12 1
5 121 51 970.3430647106525 4.331254812156252e-12 1
