6 55 104 971.5184244581562 1.5948830593746977e-11 1
6 55 105 992.1201700636262 1.5515957230795964e-11 1
6 55 106 1015.6134561964362 1.5391139532506605e-11 1
6 55 107 1008.5701822706562 1.537143009935029e-11 1
6 56 79 951.1418375440962 1.9224198535674538e-11 1
6 56 80 951.1418375440962 1.9136398023699248e-11 1
6 56 81 954.1280435987862 1.9050903394055262e-11 1
6 56 82 956.9358438917562 1.8967817993001293e-11 1
6 56 83 958.9340738722262 1.888767451398516e-11 1
6 56 84 965.8500894972262 1.8810338331618962e-11 1
6 56 85 965.8500894972262 1.873598161632089e-11 1
6 56 86 968.8633951612862 1.8664827624221123e-11 1
6 56 87 973.1933512159762 1.8596995626555464e-11 1
6 56 88 978.0715860792562 1.8532434661406764e-11 1
6 56 89 987.7520670362862 1.8471394744736877e-11 1
6 56 90 987.7520670362862 1.8413750150456002e-11 1
6 56 91 991.4161905714362 1.835953363943053e-11 1
6 56 92 994.6009439894062 1.8308789383961913e-11 1
6 56 93 997.8356241651862 1.826142405662627e-11 1
6 56 94 1002.8179239698762 1.8217226313569886e-11 1
6 56 95 1002.8179239698762 1.8175988725707517e-11 1
6 56 96 1005.0307535597262 1.8137613248881056e-11 1
6 56 97 1007.2869791456562 1.8101826364244083e-11 1
6 56 98 1007.6622843214362 1.8060144434593378e-11 1
6 56 99 1008.6241373487862 1.80027735851613e-11 1
6 56 100 1010.1344522901862 1.79200698744298e-11 1
6 56 101 1011.6404947706562 1.7770977948788172e-11 1
6 56 102 1014.5307535597262 1.741711457506789e-11 1
6 56 103 1017.4705118605062 1.6764812720956176e-11 1
6 56 104 1019.8704752394062 1.6047177762356847e-11 1
6 56 105 1024.2626261183161 1.5558752118567038e-11 1
6 57 32 967.5319132276862 2.1578257337981045e-11 1
6 57 33 969.8087686964362 2.150449745694189e-11 1
6 57 34 968.5100626417562 2.145783283946e-11 1
6 57 35 968.5100626417562 2.142228225029523e-11 1
6 57 36 966.2208780714362 2.1388170124577808e-11 1
6 57 37 965.1668009230062 2.1355348534898063e-11 1
6 57 38 968.0363077589362 2.132438497095449e-11 1
6 57 39 969.1953653761262 2.1294870730530583e-11 1
6 57 40 969.1953653761262 2.1266808368320424e-11 1
6 57 41 969.0225138136262 2.124070358892106e-11 1
6 57 42 968.5009684034762 2.121614644603715e-11 1
6 57 43 966.9493326612862 2.119319629358966e-11 1
6 57 44 970.0604776808162 2.117209075845474e-11 1
6 57 45 970.0604776808162 2.11524383402279e-11 1
6 57 46 971.7624430128462 2.113421584946514e-11 1
6 57 47 970.9589762159762 2.111712353222825e-11 1
6 57 48 967.0574869581562 2.110081554842719e-11 1
6 57 49 969.7086100050362 2.108505049487258e-11 1
6 57 50 969.7086100050362 2.1069430000893793e-11 1
6 57 51 972.1220011183162 2.105305373956626e-11 1
6 57 52 975.5557779737862 2.1035800696031858e-11 1
6 57 53 978.4840006300362 2.101711131375225e-11 1
6 57 54 978.7191690870662 2.0995105759224197e-11 1
6 57 55 978.7191690870662 2.096823567679889e-11 1
6 57 56 979.7789225050362 2.093526639953873e-11 1
6 57 57 979.6187052198762 2.0896368757282708e-11 1
6 57 58 980.9211954542562 2.0851611266942135e-11 1
6 57 59 981.9329142042562 2.080138544706949e-11 1
6 57 60 981.9329142042562 2.0745978711045157e-11 1
6 57 61 983.1817545362862 2.068585599964501e-11 1
6 57 62 983.8462442823762 2.0621287280447957e-11 1
6 57 63 984.9721598097262 2.0552445141949216e-11 1
6 57 64 988.6834024855062 2.0480248789995575e-11 1
6 57 65 988.6834024855062 2.0404524010683544e-11 1
6 57 66 990.5714029737862 2.032630593691193e-11 1
6 57 67 991.2841104933162 2.02452669273457e-11 1
6 57 68 991.9346842237862 2.016239662265706e-11 1
6 57 69 991.7039102980062 2.0078130565728625e-11 1
6 57 70 991.7039102980062 1.999227832496595e-11 1
6 57 71 990.6710733839362 1.9905319391323423e-11 1
6 57 72 989.0742716261262 1.9818284302608948e-11 1
6 57 73 986.7256998487862 1.9730884895454555e-11 1
6 57 74 984.4837564894062 1.964354158648789e-11 1
6 57 75 984.4837564894062 1.9556342392062637e-11 1
6 57 76 985.9611124464362 1.9470186750969176e-11 1
6 57 77 985.2618326612862 1.938502667521068e-11 1
6 57 78 984.1708292433162 1.9301436631039005e-11 1
6 57 79 989.5601725050362 1.921887970069212e-11 1
6 57 80 989.5601725050362 1.9138538028456012e-11 1
6 57 81 991.8038858839362 1.9059647352308046e-11 1
6 57 82 994.8799356886262 1.8963906768507707e-11 1
6 57 83 997.0713419386262 1.888957456087118e-11 1
6 57 84 1002.2742838331562 1.8817859623521877e-11 1
6 57 85 1002.2742838331562 1.874880023527558e-11 1
6 57 86 1003.4664225050362 1.8682509093811647e-11 1
6 57 87 1004.1502603956562 1.861911277382051e-11 1
6 57 88 1005.1276773878462 1.8558730611823738e-11 1
6 57 89 1006.0514444776862 1.8558730611823738e-11 1
6 57 90 1006.0514444776862 1.8437172779287678e-11 1
6 57 91 1007.1899942823762 1.8385227406938076e-11 1
6 58 24 963.1248087355062 2.386018331587628e-11 1
6 58 25 964.4310831495662 2.3564554038835564e-11 1
6 58 26 967.4838785597262 2.320291744451702e-11 1
6 58 27 971.1090006300362 2.279514694740835e-11 1
6 58 28 975.1276773878462 2.2368287455648365e-11 1
6 58 29 976.9672159620662 2.196721571016403e-11 1
6 58 30 980.2621988722262 2.1673768315776346e-11 1
6 58 31 982.1761393019062 2.14994500310011e-11 1
6 58 32 982.7944864698762 2.1394503475326868e-11 1
6 58 33 984.4774698683162 2.132976523913669e-11 1
6 58 34 985.0374063917562 2.128899671677164e-11 1
6 58 35 985.0374063917562 2.1266301563139222e-11 1
6 58 36 985.1911539503462 2.1236270030112594e-11 1
6 58 37 985.5886759230062 2.1207558428706692e-11 1
6 58 38 986.8386148878462 2.1180046880761307e-11 1
6 58 39 987.0809244581562 2.1153726352715395e-11 1
6 58 40 987.0809244581562 2.1128697223795288e-11 1
6 58 41 987.4285196730062 2.1128697223795288e-11 1
6 58 42 987.9541544386262 2.109971851373463e-11 1
6 58 43 988.5057291456562 2.107781288102103e-11 1
6 59 24 964.0471109815962 2.3491138131591726e-11 1
6 59 25 966.1911539503462 2.324284008382704e-11 1
6 59 26 968.6195597120662 2.294209550361443e-11 1
