6 19 27 991.3818496451756 3.5316349092853453e-11 1
6 20 17 914.6150649772156 4.788639325370883e-11 1
6 20 18 922.4933608756456 4.7583550765063536e-11 1
6 20 19 929.9224380240856 4.6713329486355564e-11 1
6 20 20 941.2190688834656 4.519754137531937e-11 1
6 20 21 945.8039077506456 4.350578429900998e-11 1
6 20 22 965.4262222037756 4.2041955030462854e-11 1
6 20 23 994.3984512076756 4.102158416690468e-11 1
6 20 24 1006.3058608756456 4.040635361005011e-11 1
6 20 25 1010.3046401725256 3.949360040836433e-11 1
6 20 26 1015.8537734733056 3.6921717875468634e-11 1
6 20 27 1025.9980605826756 3.4566462308148866e-11 1
6 21 11 960.0424941764256 5.3272066583406884e-11 1
6 21 12 966.1805556998656 5.15707414074902e-11 1
6 21 13 973.0229018912756 4.986673998419241e-11 1
6 21 14 977.6905044303356 4.885648341730387e-11 1
6 21 15 980.9593032584656 4.8180897941686646e-11 1
6 21 16 985.5224746451756 4.765510548171294e-11 1
6 21 17 988.9523452506456 4.7287789247106445e-11 1
6 21 18 992.0443862662756 4.7003036824082835e-11 1
