4 19 27 986.5245273818672 5.1003088278201924e-11 1
4 20 17 909.7577427139072 1.8495888104119484e-11 1
4 20 18 917.6360386123372 1.8255565855051855e-11 1
4 20 19 925.0651157607772 1.843397025261293e-11 1
4 20 20 936.3617466201572 1.9627136506441836e-11 1
4 20 21 940.9465854873372 2.19110703301415e-11 1
4 20 22 960.5688999404672 2.4902343258559568e-11 1
4 20 23 989.5411289443672 2.7745815462468485e-11 1
4 20 24 1001.4485386123372 2.946467908827312e-11 1
4 20 25 1005.4473179092172 3.074488407758902e-11 1
4 20 26 1010.9964512099972 3.518098562398329e-11 1
4 20 27 1021.1407383193672 4.5826023584911396e-11 1
4 21 11 955.1851719131172 1.9074575773860805e-11 1
4 21 12 961.3232334365572 1.91218879265004e-11 1
4 21 13 968.1655796279672 1.8789733029720065e-11 1
4 21 14 972.8331821670272 1.8010091103290164e-11 1
4 21 15 976.1019809951572 1.7607359325968274e-11 1
4 21 16 980.6651523818672 1.718508262664109e-11 1
4 21 17 984.0950229873372 1.696832305820207e-11 1
4 21 18 987.1870640029672 1.6881594372801875e-11 1
