1 55 104 988.1897423957827 5.003528887733262e-11 1
1 55 105 1008.7914880012527 4.364633795739214e-11 1
1 55 106 1032.2847741340627 3.341105817578202e-11 1
1 55 107 1025.2415002082828 3.092874486475607e-11 1
1 56 79 967.8131554817227 6.804033975770371e-11 1
1 56 80 967.8131554817227 6.6712344508914e-11 1
1 56 81 970.7993615364127 6.246467613491871e-11 1
1 56 82 973.6071618293827 5.895601245907813e-11 1
1 56 83 975.6053918098527 5.651751920138212e-11 1
1 56 84 982.5214074348527 5.093645689102921e-11 1
1 56 85 982.5214074348527 5.0454226857594435e-11 1
1 56 86 985.5347130989127 4.820877508154395e-11 1
1 56 87 989.8646691536027 4.549809269474973e-11 1
1 56 88 994.7429040168827 4.286018822992719e-11 1
1 56 89 1004.4233849739127 3.865087448819795e-11 1
1 56 90 1004.4233849739127 3.8495157877008866e-11 1
1 56 91 1008.0875085090627 3.706043363541583e-11 1
1 56 92 1011.2722619270327 3.589759399509956e-11 1
1 56 93 1014.5069421028127 3.480493417740161e-11 1
1 56 94 1019.4892419075027 3.330162732120486e-11 1
1 56 95 1019.4892419075027 3.32577615610879e-11 1
1 56 96 1021.7020714973527 3.2627579869768866e-11 1
1 56 97 1023.9582970832827 3.2021501388601526e-11 1
1 56 98 1024.3336022590627 3.191926014654935e-11 1
1 56 99 1025.2954552864128 3.169120370473025e-11 1
1 56 100 1026.8057702278127 3.136410779232521e-11 1
1 56 101 1028.3118127082828 3.1058152311063874e-11 1
1 56 102 1031.2020714973528 3.0468451273472673e-11 1
1 56 103 1034.1418297981327 3.072673107452424e-11 1
1 56 104 1036.5417931770328 3.246600125631509e-11 1
1 56 105 1040.9339440559427 3.388855909503504e-11 1
1 57 32 984.2032311653127 6.87938865773912e-11 1
1 57 33 986.4800866340627 6.749445426878218e-11 1
1 57 34 985.1813805793827 7.006531957469707e-11 1
1 57 35 985.1813805793827 7.100576216133952e-11 1
1 57 36 982.8921960090627 7.516199308613712e-11 1
1 57 37 981.8381188606327 7.801254317924067e-11 1
1 57 38 984.7076256965627 7.516810785945479e-11 1
1 57 39 985.8666833137527 7.491334241863496e-11 1
1 57 40 985.8666833137527 7.634308277773833e-11 1
1 57 41 985.6938317512527 7.804704790562029e-11 1
1 57 42 985.1722863411027 8.034060558120399e-11 1
1 57 43 983.6206505989127 8.446646997152407e-11 1
1 57 44 986.7317956184427 8.055969595451032e-11 1
1 57 45 986.7317956184427 8.175935936706659e-11 1
1 57 46 988.4337609504727 8.006282125320897e-11 1
1 57 47 987.6302941536027 8.238579660445531e-11 1
1 57 48 983.7288048957827 9.074739519003257e-11 1
1 57 49 986.3799279426627 8.656016492700535e-11 1
1 57 50 986.3799279426627 8.745252307805675e-11 1
1 57 51 988.7933190559427 8.394561740418799e-11 1
1 57 52 992.2270959114127 7.90460670951744e-11 1
1 57 53 995.1553185676627 7.53524088631208e-11 1
1 57 54 995.3904870246927 7.54882572152884e-11 1
1 57 55 995.3904870246927 7.571211960150445e-11 1
1 57 56 996.4502404426627 7.415662191667217e-11 1
1 57 57 996.2900231575027 7.401485228882573e-11 1
1 57 58 997.5925133918827 7.167745465515695e-11 1
1 57 59 998.6042321418827 6.960746263849314e-11 1
1 57 60 998.6042321418827 6.862962116436678e-11 1
1 57 61 999.8530724739127 6.61285112912212e-11 1
1 57 62 1000.5175622200027 6.428870669754727e-11 1
1 57 63 1001.6434777473527 6.201094074052568e-11 1
1 57 64 1005.3547204231327 5.7585513991909424e-11 1
1 57 65 1005.3547204231327 5.6533457117314415e-11 1
1 57 66 1007.2427209114127 5.4060869776699624e-11 1
1 57 67 1007.9554284309427 5.2566725668574283e-11 1
1 57 68 1008.6060021614127 5.1154233000519954e-11 1
1 57 69 1008.3752282356327 5.0334928117086935e-11 1
1 57 70 1008.3752282356327 4.937421666250664e-11 1
1 57 71 1007.3423913215627 4.906237448834775e-11 1
1 57 72 1005.7455895637527 4.9095433513136605e-11 1
1 57 73 1003.3970177864127 4.9598184324459715e-11 1
1 57 74 1001.1550744270327 5.0053164692274694e-11 1
1 57 75 1001.1550744270327 4.913515735260925e-11 1
1 57 76 1002.6324303840627 4.7418101096277715e-11 1
1 57 77 1001.9331505989127 4.7005927261270395e-11 1
1 57 78 1000.8421471809427 4.68348005790822e-11 1
1 57 79 1006.2314904426627 4.340851473230615e-11 1
1 57 80 1006.2314904426627 4.280265118713331e-11 1
1 57 81 1008.4752038215627 4.126390158585803e-11 1
1 57 82 1011.5512536262527 3.927681657374407e-11 1
1 57 83 1013.7426598762527 3.8051155626186356e-11 1
1 57 84 1018.9456017707827 3.592482187239519e-11 1
1 57 85 1018.9456017707827 3.562153424365739e-11 1
1 57 86 1020.1377404426627 3.4976727901912105e-11 1
1 57 87 1020.8215783332827 3.452663122475002e-11 1
1 57 88 1021.7989953254727 3.402314795106338e-11 1
1 57 89 1022.7227624153127 3.375789977402536e-11 1
1 57 90 1022.7227624153127 3.3301202199011177e-11 1
1 57 91 1023.8613122200027 3.2850075914672475e-11 1
1 58 24 979.7961266731327 4.770294088069093e-11 1
1 58 25 981.1024010871927 4.7344283215779755e-11 1
1 58 26 984.1551964973527 4.693193993227221e-11 1
1 58 27 987.7803185676627 4.749434680231474e-11 1
1 58 28 991.7989953254727 4.9811836799052155e-11 1
1 58 29 993.6385338996927 5.4819500932797037e-11 1
1 58 30 996.9335168098527 5.5859995115651946e-11 1
1 58 31 998.8474572395327 5.601338179870128e-11 1
1 58 32 999.4658044075027 5.6813372132343854e-11 1
1 58 33 1001.1487878059427 5.637252497285574e-11 1
1 58 34 1001.7087243293827 5.6535426051492305e-11 1
1 58 35 1001.7087243293827 5.7052618016632513e-11 1
1 58 36 1001.8624718879727 5.747914784637585e-11 1
1 58 37 1002.2599938606327 5.7725914651333224e-11 1
1 58 38 1003.5099328254727 5.727464756113134e-11 1
1 58 39 1003.7522423957827 5.7654969283703856e-11 1
1 58 40 1003.7522423957827 5.823160247974893e-11 1
1 58 41 1004.0998376106327 5.850107074027135e-11 1
1 58 42 1004.6254723762527 5.8054771828346127e-11 1
1 58 43 1005.1770470832827 5.887198559102295e-11 1
1 59 24 980.7184289192227 4.592504244857009e-11 1
1 59 25 982.8624718879727 4.520718696043973e-11 1
1 59 26 985.2908776496927 4.544323028587353e-11 1
