6 19 27 986.792091743829 3.5316349092853453e-11 1
6 20 17 910.025307075869 4.788639325370883e-11 1
6 20 18 917.903602974299 4.7583550765063536e-11 1
6 20 19 925.332680122739 4.6713329486355564e-11 1
6 20 20 936.629310982119 4.519754137531937e-11 1
6 20 21 941.214149849299 4.350578429900998e-11 1
6 20 22 960.836464302429 4.2041955030462854e-11 1
6 20 23 989.808693306329 4.102158416690468e-11 1
6 20 24 1001.716102974299 4.040635361005011e-11 1
6 20 25 1005.714882271179 3.949360040836433e-11 1
6 20 26 1011.264015571959 3.6921717875468634e-11 1
6 20 27 1021.408302681329 3.4566462308148866e-11 1
6 21 11 955.452736275079 5.3272066583406884e-11 1
6 21 12 961.590797798519 5.15707414074902e-11 1
6 21 13 968.433143989929 4.986673998419241e-11 1
6 21 14 973.100746528989 4.885648341730387e-11 1
6 21 15 976.369545357119 4.8180897941686646e-11 1
6 21 16 980.932716743829 4.765510548171294e-11 1
6 21 17 984.362587349299 4.7287789247106445e-11 1
6 21 18 987.454628364929 4.7003036824082835e-11 1
