5 19 27 994.9630957206657 5.1003088278201924e-11 1
5 20 17 918.1963110527057 1.8495888104119526e-11 1
5 20 18 926.0746069511357 1.8255565855051855e-11 1
5 20 19 933.5036840995757 1.8433970252612886e-11 1
5 20 20 944.8003149589557 1.9627136506441836e-11 1
5 20 21 949.3851538261357 2.191107033014144e-11 1
5 20 22 969.0074682792657 2.4902343258559568e-11 1
5 20 23 997.9796972831657 2.7745815462468582e-11 1
5 20 24 1009.8871069511357 2.946467908827323e-11 1
5 20 25 1013.8858862480157 3.07448840775889e-11 1
5 20 26 1019.4350195487957 3.5180985623983445e-11 1
5 20 27 1029.5793066581657 4.582602358491166e-11 1
5 21 11 963.6237402519157 1.9074575773860805e-11 1
5 21 12 969.7618017753557 1.91218879265004e-11 1
5 21 13 976.6041479667657 1.8789733029720065e-11 1
5 21 14 981.2717505058257 1.8010091103290164e-11 1
5 21 15 984.5405493339557 1.7607359325968274e-11 1
5 21 16 989.1037207206657 1.718508262664105e-11 1
5 21 17 992.5335913261357 1.6968323058202036e-11 1
5 21 18 995.6256323417657 1.6881594372801875e-11 1
