5 19 27 979.8765820808136 5.1003088278201924e-11 1
5 20 17 903.1097974128536 1.8495888104119526e-11 1
5 20 18 910.9880933112836 1.8255565855051855e-11 1
5 20 19 918.4171704597236 1.8433970252612886e-11 1
5 20 20 929.7138013191036 1.9627136506441836e-11 1
5 20 21 934.2986401862836 2.191107033014144e-11 1
5 20 22 953.9209546394136 2.4902343258559568e-11 1
5 20 23 982.8931836433136 2.7745815462468582e-11 1
5 20 24 994.8005933112836 2.946467908827323e-11 1
5 20 25 998.7993726081636 3.07448840775889e-11 1
5 20 26 1004.3485059089436 3.5180985623983445e-11 1
5 20 27 1014.4927930183136 4.582602358491166e-11 1
5 21 11 948.5372266120636 1.9074575773860805e-11 1
5 21 12 954.6752881355036 1.91218879265004e-11 1
5 21 13 961.5176343269136 1.8789733029720065e-11 1
5 21 14 966.1852368659736 1.8010091103290164e-11 1
5 21 15 969.4540356941036 1.7607359325968274e-11 1
5 21 16 974.0172070808136 1.718508262664105e-11 1
5 21 17 977.4470776862836 1.6968323058202036e-11 1
5 21 18 980.5391187019136 1.6881594372801875e-11 1
