2 19 27 995.3747332006071 3.1351201793252124e-10 1
2 20 17 918.6079485326471 1.86218191297687e-10 1
2 20 18 926.4862444310771 1.8464022906941621e-10 1
2 20 19 933.9153215795171 1.9766020944635173e-10 1
2 20 20 945.2119524388971 2.2434893003946843e-10 1
2 20 21 949.7967913060771 2.554288094682041e-10 1
2 20 22 969.4191057592071 2.767110880162794e-10 1
2 20 23 998.3913347631071 2.830114595474337e-10 1
2 20 24 1010.2987444310771 2.8269137906288287e-10 1
2 20 25 1014.2975237279571 2.9108968591064874e-10 1
2 20 26 1019.8466570287371 2.8241918725190666e-10 1
2 20 27 1029.9909441381071 2.6121777980122466e-10 1
2 21 11 964.0353777318571 2.2368257687503054e-10 1
2 21 12 970.1734392552971 2.277061364630045e-10 1
2 21 13 977.0157854467071 2.0938762469381843e-10 1
2 21 14 981.6833879857671 2.0328187962949494e-10 1
2 21 15 984.9521868138971 2.0486672395384064e-10 1
2 21 16 989.5153582006071 2.0391283755053223e-10 1
2 21 17 992.9452288060771 1.9647858610462982e-10 1
2 21 18 996.0372698217071 1.9068198526201937e-10 1
