6 19 27 994.2015663827741 3.5316349092853453e-11 1
6 20 17 917.4347817148141 4.788639325370883e-11 1
6 20 18 925.3130776132441 4.7583550765063536e-11 1
6 20 19 932.7421547616841 4.6713329486355564e-11 1
6 20 20 944.0387856210641 4.519754137531937e-11 1
6 20 21 948.6236244882441 4.350578429900998e-11 1
6 20 22 968.2459389413741 4.2041955030462854e-11 1
6 20 23 997.2181679452741 4.102158416690468e-11 1
6 20 24 1009.1255776132441 4.040635361005011e-11 1
6 20 25 1013.1243569101241 3.949360040836433e-11 1
6 20 26 1018.6734902109041 3.6921717875468634e-11 1
6 20 27 1028.8177773202742 3.4566462308148866e-11 1
6 21 11 962.8622109140241 5.3272066583406884e-11 1
6 21 12 969.0002724374641 5.15707414074902e-11 1
6 21 13 975.8426186288741 4.986673998419241e-11 1
6 21 14 980.5102211679341 4.885648341730387e-11 1
6 21 15 983.7790199960641 4.8180897941686646e-11 1
6 21 16 988.3421913827741 4.765510548171294e-11 1
6 21 17 991.7720619882441 4.7287789247106445e-11 1
6 21 18 994.8641030038741 4.7003036824082835e-11 1
