5 55 104 970.9009682382441 1.8372260423062438e-11 1
5 55 105 991.5027138437141 1.984564033334244e-11 1
5 55 106 1014.9959999765241 2.0534329000000472e-11 1
5 55 107 1007.9527260507441 2.1952718715721555e-11 1
5 56 79 950.5243813241841 1.0020482248458632e-11 1
5 56 80 950.5243813241841 1.0185222143759698e-11 1
5 56 81 953.5105873788741 1.0353140904696391e-11 1
5 56 82 956.3183876718441 1.0522515991026294e-11 1
5 56 83 958.3166176523141 1.0694181001144625e-11 1
5 56 84 965.2326332773141 1.0865354169971832e-11 1
5 56 85 965.2326332773141 1.1035238596841421e-11 1
5 56 86 968.2459389413741 1.1204755074438205e-11 1
5 56 87 972.5758949960641 1.1373548368175522e-11 1
5 56 88 977.4541298593441 1.1537502226478173e-11 1
5 56 89 987.1346108163741 1.1700128936264492e-11 1
5 56 90 987.1346108163741 1.1856838229305778e-11 1
5 56 91 990.7987343515241 1.2007093911450899e-11 1
5 56 92 993.9834877694941 1.2152843435368535e-11 1
5 56 93 997.2181679452741 1.2293584026110095e-11 1
5 56 94 1002.2004677499641 1.2424095230033501e-11 1
5 56 95 1002.2004677499641 1.2547428946740697e-11 1
5 56 96 1004.4132973398141 1.2660942093321015e-11 1
5 56 97 1006.6695229257441 1.2763950635535481e-11 1
5 56 98 1007.0448281015241 1.2878388617573299e-11 1
5 56 99 1008.0066811288741 1.301949906705244e-11 1
5 56 100 1009.5169960702741 1.3180530586286235e-11 1
5 56 101 1011.0230385507441 1.3389455824813566e-11 1
5 56 102 1013.9132973398141 1.3870949959786778e-11 1
5 56 103 1016.8530556405941 1.5018946707444842e-11 1
5 56 104 1019.2530190194941 1.6887979529096187e-11 1
5 56 105 1023.6451698984041 1.8809833717694135e-11 1
5 57 32 966.9144570077741 7.8472769779528e-12 1
5 57 33 969.1913124765241 7.821272425048337e-12 1
5 57 34 967.8926064218441 7.803611380741793e-12 1
5 57 35 967.8926064218441 7.788621829192087e-12 1
5 57 36 965.6034218515241 7.774795363989072e-12 1
5 57 37 964.5493447030941 7.762247519389707e-12 1
5 57 38 967.4188515390241 7.750460664094542e-12 1
5 57 39 968.5779091562141 7.740740118502473e-12 1
5 57 40 968.5779091562141 7.733223591696811e-12 1
5 57 41 968.4050575937141 7.728125194439856e-12 1
5 57 42 967.8835121835641 7.725877146482185e-12 1
5 57 43 966.3318764413741 7.726624841508825e-12 1
5 57 44 969.4430214609041 7.730485541544824e-12 1
5 57 45 969.4430214609041 7.737288156448678e-12 1
5 57 46 971.1449867929341 7.746901412735656e-12 1
5 57 47 970.3415199960641 7.758982341305278e-12 1
5 57 48 966.4400307382441 7.772444028004332e-12 1
5 57 49 969.0911537851241 7.78672084418307e-12 1
5 57 50 969.0911537851241 7.801008390035311e-12 1
5 57 51 971.5045448984041 7.807792136805232e-12 1
5 57 52 974.9383217538741 7.807152769620161e-12 1
5 57 53 977.8665444101241 7.796061218945337e-12 1
5 57 54 978.1017128671541 7.780712697657719e-12 1
5 57 55 978.1017128671541 7.766759978827352e-12 1
5 57 56 979.1614662851241 7.759315550083503e-12 1
5 57 57 979.0012489999641 7.759542560253826e-12 1
5 57 58 980.3037392343441 7.764996934507424e-12 1
5 57 59 981.3154579843441 7.777195682073385e-12 1
5 57 60 981.3154579843441 7.798966588574049e-12 1
5 57 61 982.5642983163741 7.830003961627755e-12 1
5 57 62 983.2287880624641 7.869520549271755e-12 1
5 57 63 984.3547035898141 7.9178651297985e-12 1
5 57 64 988.0659462655941 7.97623937063418e-12 1
5 57 65 988.0659462655941 8.042308394204849e-12 1
5 57 66 989.9539467538741 8.117713333465624e-12 1
5 57 67 990.6666542734041 8.198703340563599e-12 1
5 57 68 991.3172280038741 8.28666041135295e-12 1
5 57 69 991.0864540780941 8.381083078369089e-12 1
5 57 70 991.0864540780941 8.479668990358088e-12 1
5 57 71 990.0536171640241 8.58414941860395e-12 1
5 57 72 988.4568154062141 8.697732697749533e-12 1
5 57 73 986.1082436288741 8.820792449625822e-12 1
5 57 74 983.8663002694941 8.95308115971634e-12 1
5 57 75 983.8663002694941 9.093510260538158e-12 1
5 57 76 985.3436562265241 9.242046320070433e-12 1
5 57 77 984.6443764413741 9.398156501977538e-12 1
5 57 78 983.5533730234041 9.561624981948835e-12 1
5 57 79 988.9427162851241 9.72985786534169e-12 1
5 57 80 988.9427162851241 9.90507834198931e-12 1
5 57 81 991.1864296640241 1.0085024307856674e-11 1
5 57 82 994.2624794687141 1.031207171371261e-11 1
5 57 83 996.4538857187141 1.0502547271559205e-11 1
5 57 84 1001.6568276132441 1.0698480017892103e-11 1
5 57 85 1001.6568276132441 1.089843581104603e-11 1
5 57 86 1002.8489662851241 1.1100477820555986e-11 1
5 57 87 1003.5328041757441 1.1302788875541652e-11 1
5 57 88 1004.5102211679341 1.1504497016179679e-11 1
5 57 89 1005.4339882577741 1.1504497016179679e-11 1
5 57 90 1005.4339882577741 1.1832924223316503e-11 1
5 57 91 1006.5725380624641 1.2014890279977605e-11 1
5 58 24 962.5073525155941 8.396055338460146e-12 1
5 58 25 963.8136269296541 8.366170373170636e-12 1
5 58 26 966.8664223398141 8.333350066139275e-12 1
5 58 27 970.4915444101241 8.254824535017892e-12 1
5 58 28 974.5102211679341 8.131890057293443e-12 1
5 58 29 976.3497597421541 8.016367056711579e-12 1
5 58 30 979.6447426523141 7.936908412684573e-12 1
5 58 31 981.5586830819941 7.863167216582545e-12 1
5 58 32 982.1770302499641 7.805218345762342e-12 1
5 58 33 983.8600136484041 7.765220841284987e-12 1
5 58 34 984.4199501718441 7.738672714637476e-12 1
5 58 35 984.4199501718441 7.693197138763542e-12 1
5 58 36 984.5736977304341 7.67371265145107e-12 1
5 58 37 984.9712197030941 7.655207295435164e-12 1
5 58 38 986.2211586679341 7.637814500729356e-12 1
5 58 39 986.4634682382441 7.621586198434921e-12 1
5 58 40 986.4634682382441 7.606658147246865e-12 1
5 58 41 986.8110634530941 7.606658147246865e-12 1
5 58 42 987.3366982187141 7.571453163070964e-12 1
5 58 43 987.8882729257441 7.562580596769575e-12 1
5 59 24 963.4296547616841 8.783002766800983e-12 1
5 59 25 965.5736977304341 8.698866649278383e-12 1
5 59 26 968.0021034921541 8.682438385237923e-12 1
