6 113 272 1031.1487785915378 7.710785887119746e-12 1
6 113 273 1021.672367935991 7.707129094412332e-12 1
6 113 274 1006.7946744432408 7.707129094412332e-12 1
6 114 266 1005.6261569751972 8.077751732291227e-12 1
6 114 267 1011.7521029778935 7.924464504275776e-12 1
6 114 268 1018.8471908335313 7.805186813360916e-12 1
6 114 269 1034.094939514234 7.72890324741193e-12 1
6 114 270 1038.7020920685236 7.69197892401517e-12 1
6 114 271 1040.087870286275 7.676712323788558e-12 1
6 114 272 1038.5420710179346 7.67235010006591e-12 1
6 114 273 1034.1227728724296 7.685715049675145e-12 1
6 114 274 1022.7417170031838 7.685715049675145e-12 1
6 115 260 1030.777529795252 8.957957694331327e-12 1
6 115 261 1032.1064369351552 8.88802789615072e-12 1
6 115 262 1033.5088530207486 8.781079040212386e-12 1
6 115 263 1035.635713142447 8.639438140590547e-12 1
6 115 264 1036.453204083232 8.472136652234491e-12 1
6 115 265 1037.1223275476766 8.292688985135013e-12 1
6 115 266 1033.0634177793063 8.117353337638305e-12 1
6 115 267 1040.4253311352531 7.96051982457988e-12 1
6 115 268 1041.4784230128498 7.834372405193931e-12 1
6 115 269 1044.4020471865672 7.746820638160683e-12 1
6 116 199 977.1748278435296 9.61727114567997e-12 1
6 116 200 977.6325469734298 9.604095406973806e-12 1
6 116 201 978.0955876961696 9.591043913587318e-12 1
6 116 202 978.6708968765871 9.578170347568526e-12 1
6 116 203 979.2577463936727 9.565334320965932e-12 1
6 116 204 979.8445959107743 9.552615938221363e-12 1
6 116 205 980.4314454278693 9.54006740639121e-12 1
6 116 206 981.2085583894127 9.52755179937935e-12 1
6 116 207 982.0378735957046 9.515000418742327e-12 1
6 116 208 982.8671888019737 9.502820794055162e-12 1
6 116 209 983.6965040083073 9.490672310431112e-12 1
6 116 210 984.4792756217897 9.47850610584893e-12 1
6 116 211 985.2332243681819 9.466589819841992e-12 1
6 116 212 985.9871731146154 9.454815265669195e-12 1
6 116 213 986.7411218610079 9.443058887790548e-12 1
6 116 214 987.5027102505485 9.431381116042716e-12 1
6 116 215 988.273619965659 9.419997978927384e-12 1
6 116 216 989.0445296807876 9.408671244174918e-12 1
6 116 217 989.8154393958982 9.39738443233786e-12 1
6 116 218 990.7433219066282 9.386413619493036e-12 1
6 116 219 992.0683455904879 9.37552314426173e-12 1
6 116 220 993.393369274245 9.364657910833721e-12 1
6 116 221 994.7183929579146 9.354088896217974e-12 1
6 116 222 995.9343635578899 9.343652904985701e-12 1
6 116 223 996.7339759345977 9.333230871129276e-12 1
6 116 224 997.4905581716605 9.322921716570602e-12 1
6 116 225 998.2471404087145 9.312935767985898e-12 1
6 116 226 999.0761232015412 9.302994638338587e-12 1
6 116 227 1000.2753343232586 9.29309423121943e-12 1
6 116 228 1001.5746192243797 9.283621462843982e-12 1
6 116 229 1002.8739041256016 9.274167986636094e-12 1
6 116 230 1004.2396840998941 9.264704593959277e-12 1
6 116 231 1006.1618101773387 9.255536472385688e-12 1
6 116 232 1008.3427461513357 9.246561349354498e-12 1
6 116 233 1010.523682125216 9.237605016516146e-12 1
6 116 234 1012.6851435519497 9.228821191503283e-12 1
6 116 235 1014.2162546238944 9.220332152905941e-12 1
6 116 236 1015.3084223693589 9.211872456472808e-12 1
6 116 237 1016.4005901148818 9.20344918924154e-12 1
6 116 238 1017.4927578603754 9.195477150958943e-12 1
6 116 239 1018.3355074204777 9.187518911501262e-12 1
6 116 240 1018.9015927802093 9.17955698605842e-12 1
6 116 241 1019.458042909955 9.171938896136117e-12 1
6 116 242 1020.0144930397154 9.164474975351745e-12 1
6 116 243 1020.6522289389615 9.157020177255261e-12 1
6 116 244 1021.4476660164198 9.149721976846782e-12 1
6 116 245 1022.2542406354839 9.142723805843618e-12 1
6 116 246 1023.0608152545268 9.135745156757762e-12 1
6 116 247 1023.9259060241844 9.128795990756221e-12 1
6 116 248 1025.0264206743163 9.122246238503373e-12 1
6 116 249 1026.1495780723026 9.115697427598336e-12 1
6 116 250 1027.2727354703482 9.109158012659369e-12 1
6 116 251 1028.3522367522853 9.102929531630166e-12 1
6 116 252 1028.6040672018382 9.096831148631343e-12 1
6 116 253 1028.7601916005312 9.090739400246527e-12 1
6 116 254 1028.916315999228 9.084794857678105e-12 1
6 116 255 1029.072440397921 9.077671117663213e-12 1
6 116 256 1029.242341551676 9.067060539671043e-12 1
6 116 257 1029.4789032118692 9.0521066394126e-12 1
6 116 258 1029.9028717426283 9.031139954954249e-12 1
6 116 259 1031.175734375267 9.002204499361862e-12 1
6 116 260 1032.3427585247366 8.961394836249116e-12 1
6 116 261 1033.8576862546736 8.901366682794104e-12 1
6 116 262 1035.266329305819 8.811684899880476e-12 1
6 116 263 1037.8757113345991 8.661757421097163e-12 1
6 117 121 985.9339206892681 1.049977592756935e-11 1
6 117 122 985.9169363663234 1.0494633113858676e-11 1
6 117 123 985.6783583193932 1.0489497141608682e-11 1
6 117 124 985.4153748379778 1.0483997707680049e-11 1
6 117 125 985.1523913565418 1.0477901096981707e-11 1
6 117 126 984.9118955856009 1.0471811572713838e-11 1
6 117 127 984.7783418677009 1.0465647692283286e-11 1
6 117 128 984.673549738253 1.0458602910371982e-11 1
6 117 129 984.5687576088194 1.0451601627213603e-11 1
6 117 130 984.5187016667367 1.0444609711496405e-11 1
6 117 131 984.9120150405425 1.0436952168985853e-11 1
6 117 132 985.504198328258 1.0429081212338926e-11 1
6 117 133 986.0963816159623 1.0421223462186928e-11 1
6 117 134 986.6799014952978 1.0413069346274211e-11 1
6 117 135 986.927741499179 1.0404423941298385e-11 1
6 117 136 986.9560724685585 1.0395792880032583e-11 1
6 117 137 986.9844034379383 1.0387063071522123e-11 1
6 117 138 987.0127344073192 1.0377597064545355e-11 1
6 117 139 987.0150220866794 1.036820432308355e-11 1
6 117 140 986.989309238004 1.0358828568947985e-11 1
6 117 141 986.9627455488384 1.0348885764136266e-11 1
6 117 142 986.9361818596734 1.0338803806593651e-11 1
6 117 143 987.2937036873926 1.0328743655867444e-11 1
6 117 144 988.3948412254832 1.0318449217556032e-11 1
6 117 145 989.5385861343595 1.0307760300036731e-11 1
6 117 146 990.6823310433023 1.0297093504974548e-11 1
6 117 147 991.8268312566349 1.028633217941365e-11 1
6 117 148 992.9744776194498 1.0274998373141683e-11 1
6 117 149 994.122363172433 1.026376651593256e-11 1
6 117 150 995.2702487254388 1.0252559187557345e-11 1
6 117 151 996.3893223314077 1.0240962457360476e-11 1
6 117 152 996.8221166352494 1.0229225236304212e-11 1
6 117 153 997.193085536632 1.0217499985378233e-11 1
6 117 154 997.5640544379858 1.0205495625323387e-11 1
6 117 155 997.9350233393435 1.0193278925573184e-11 1
6 117 156 998.5237526164494 1.0181136307539372e-11 1
6 117 157 999.1702391258019 1.0168994923844105e-11 1
6 117 158 999.8167256351727 1.0156349303452196e-11 1
6 117 159 1000.4632121445374 1.0143831888738468e-11 1
6 117 160 1000.8852323940861 1.0131345290766754e-11 1
6 117 161 1001.171552586591 1.0118604915713844e-11 1
6 117 162 1001.4578727790878 1.0105781983708949e-11 1
6 117 163 1001.7441929716067 1.0092973416125802e-11 1
6 117 164 1001.7911824845332 1.0079982591235773e-11 1
6 117 165 1001.5527590130799 1.0066892654951813e-11 1
6 117 166 1001.3143355416131 1.0053836671942528e-11 1
6 117 167 1001.0759120701598 1.0040681735241159e-11 1
6 117 168 1000.7336426934339 1.0027286847799329e-11 1
6 117 169 1000.1358309419539 1.0014032182592141e-11 1
6 117 170 999.5380191904911 1.0000812512738442e-11 1
6 117 171 998.9402074389819 9.987339492656499e-12 1
6 117 172 998.3339729497828 9.973946984731641e-12 1
6 117 173 997.6971346495852 9.960594880697297e-12 1
6 117 174 997.0570259331245 9.947205336897234e-12 1
6 117 175 996.4169172167494 9.933732252123522e-12 1
6 117 176 995.8216403191536 9.920295615472243e-12 1
6 117 177 995.4471185124032 9.906750826246864e-12 1
6 117 178 995.1321665056953 9.893128095572818e-12 1
6 117 179 994.8172144989941 9.879654448806036e-12 1
6 117 180 994.4882990935612 9.866217452176595e-12 1
6 117 181 994.0446333118585 9.8527650379486e-12 1
6 117 182 993.5485120881681 9.839328354408168e-12 1
6 117 183 993.052390864472 9.825907542640845e-12 1
6 117 184 992.5650669412082 9.812414412056701e-12 1
6 117 185 992.3865330437415 9.79903034312037e-12 1
6 117 186 992.4165021087491 9.785682736014938e-12 1
6 117 187 992.4464711737563 9.772236794304313e-12 1
6 117 188 992.4764402387642 9.758852805734251e-12 1
6 117 189 992.5206202220237 9.74561348526214e-12 1
6 117 190 992.5803100286561 9.732410038296808e-12 1
6 117 191 992.640508871325 9.71928359834409e-12 1
6 117 192 992.7007077139891 9.706209139568915e-12 1
6 117 193 992.8355437074364 9.693151276978632e-12 1
6 117 194 993.1149447637404 9.680023574407996e-12 1
6 117 195 993.4036134205937 9.667090615015893e-12 1
6 117 196 993.692282077455 9.65425253008134e-12 1
6 117 197 994.1567930205252 9.64145429635676e-12 1
6 117 198 995.3406138252208 9.628810640037524e-12 1
6 117 199 996.5863990269495 9.616200101684544e-12 1
6 117 200 997.8321842286442 9.603553415666979e-12 1
6 117 201 999.045718488348 9.59095486440725e-12 1
6 117 202 999.5788618083807 9.57861599390797e-12 1
6 117 203 1000.0420661565663 9.566314122814758e-12 1
6 117 204 1000.5052705047648 9.554111283247108e-12 1
6 117 205 1000.968474852958 9.542049786764927e-12 1
6 117 206 1001.7295106473098 9.530018705726997e-12 1
6 117 207 1002.5722619287596 9.517944390791514e-12 1
6 117 208 1003.4150132101867 9.50616521067722e-12 1
6 117 209 1004.2577644916789 9.494509115826031e-12 1
6 117 210 1005.1127593358235 9.482881570480627e-12 1
6 117 211 1005.9753362027634 9.471473791037304e-12 1
6 117 212 1006.8379130697506 9.460170483479446e-12 1
6 117 213 1007.7004899366908 9.448878166586828e-12 1
6 117 214 1008.7504702842779 9.437667129987536e-12 1
6 117 215 1010.0291064510167 9.426764044114416e-12 1
6 117 216 1011.3077426177857 9.415886121261485e-12 1
6 117 217 1012.5863787845249 9.404944107300491e-12 1
6 117 218 1013.7357261423463 9.394351776664825e-12 1
6 117 219 1014.5579728137112 9.38386611228515e-12 1
6 117 220 1015.3802194850124 9.373403829310673e-12 1
6 117 221 1016.2024661562594 9.363217003685375e-12 1
6 117 222 1017.0288586431521 9.353153879837447e-12 1
6 117 223 1017.8710796084773 9.343098474970732e-12 1
6 117 224 1018.714936428725 9.333110518751473e-12 1
6 117 225 1019.5587932489627 9.323445011961668e-12 1
6 117 226 1020.3539399065013 9.313832467170317e-12 1
6 117 227 1020.9000017060883 9.304258132253212e-12 1
6 117 228 1021.3787351539725 9.295086902331769e-12 1
6 117 229 1021.8574686018936 9.28593373481356e-12 1
6 117 230 1022.3660121447314 9.27675153018474e-12 1
6 117 231 1023.1239686045109 9.267833684636536e-12 1
6 117 232 1023.9979509173775 9.259142101685994e-12 1
6 117 233 1024.8719332301973 9.250469269147535e-12 1
6 117 234 1025.7369452315206 9.241963542635761e-12 1
6 117 235 1026.3116070136896 9.233720151594154e-12 1
6 117 236 1026.6840839472766 9.225491452871604e-12 1
6 117 237 1027.0565608808838 9.21724593059328e-12 1
6 117 238 1027.429037814481 9.209405417612154e-12 1
6 117 239 1027.770219332035 9.201613750786806e-12 1
6 118 61 997.7971562521188 1.0753394195060379e-11 1
6 118 62 998.4236129385214 1.0701206874477358e-11 1
6 118 63 997.1588759531924 1.0669592149162899e-11 1
6 118 64 997.115956421294 1.0650084908055313e-11 1
6 118 65 998.4881836576258 1.0637659750846058e-11 1
6 118 66 998.8261680153681 1.062977315644879e-11 1
6 118 67 999.5021367308581 1.0624479198046471e-11 1
6 118 68 999.7623812764355 1.0620471853475498e-11 1
6 118 69 999.8414773918321 1.0616514095968616e-11 1
6 118 70 999.9205735072335 1.0612559287108403e-11 1
6 118 71 999.9996696226301 1.0608763771359156e-11 1
6 118 72 1000.0237338513026 1.0605034047397635e-11 1
6 118 73 999.865275828307 1.0601300943883297e-11 1
6 118 74 999.6861647765207 1.0597609099209872e-11 1
6 118 75 999.5070537247375 1.0594087903250183e-11 1
6 118 76 999.3366440688883 1.0590587206280122e-11 1
6 118 77 999.206309709084 1.0587098816061551e-11 1
6 118 78 999.0866994345313 1.0583821173109694e-11 1
6 118 79 998.9670891599776 1.0580545558970188e-11 1
6 118 80 998.8870576406947 1.0577256681415035e-11 1
6 118 81 999.1240793840476 1.0574106676493972e-11 1
6 118 82 999.5004350773571 1.0571022215979187e-11 1
6 118 83 999.8767907706346 1.0567939582611969e-11 1
6 118 84 1000.2522252187133 1.056493466752782e-11 1
6 118 85 1000.5873748036482 1.0562044664673177e-11 1
6 118 86 1000.8970445963893 1.0559149979469443e-11 1
6 118 87 1001.2067143891545 1.0556264577284728e-11 1
6 118 88 1001.5163841818958 1.0553531016581783e-11 1
6 118 89 1001.6561787569457 1.0550775522139476e-11 1
6 118 90 1001.6158326182779 1.054802146622379e-11 1
6 118 91 1001.5705283769015 1.054536385991831e-11 1
6 118 92 1001.5252241355237 1.0542745932545727e-11 1
6 118 93 1001.4509027695133 1.0540135236765697e-11 1
6 118 94 1001.320359581295 1.0537600931372729e-11 1
6 118 95 1001.1869933459652 1.0535066351288284e-11 1
6 118 96 1001.0536271106397 1.0532503299099802e-11 1
6 118 97 1000.9465583626694 1.0529942979003275e-11 1
6 118 98 1000.9511982740653 1.0527414887403422e-11 1
6 118 99 1000.9631933992188 1.0524888009430863e-11 1
6 118 100 1000.9751885243733 1.0522400403687113e-11 1
6 118 101 1000.9978549635237 1.051986547285919e-11 1
6 118 102 1001.3128639437887 1.0517293607642165e-11 1
6 118 103 1001.6505380827689 1.051473480670934e-11 1
6 118 104 1001.9882122217388 1.051222663111337e-11 1
6 118 105 1002.3258863607348 1.0509572828597766e-11 1
6 118 106 1002.7119672522606 1.0506872580073798e-11 1
6 118 107 1003.1104512974716 1.0504164665911977e-11 1
6 118 108 1003.5089353427063 1.0501269307512532e-11 1
6 118 109 1003.9074193879172 1.0498375544821163e-11 1
6 118 110 1004.2899557459571 1.04955581949269e-11 1
6 118 111 1004.6630815318262 1.049259736066819e-11 1
6 118 112 1005.0362073177018 1.0489366844677888e-11 1
6 118 113 1005.4093331035708 1.048613331929446e-11 1
6 118 114 1005.7982616124841 1.0482764116800342e-11 1
6 118 115 1006.2056104735253 1.0479066338251141e-11 1
6 118 116 1006.6129593345348 1.047531170318673e-11 1
6 118 117 1007.0203081955478 1.0471534236466012e-11 1
6 118 118 1007.3338468960985 1.0467186771749507e-11 1
6 118 119 1007.4227824238853 1.046275107033433e-11 1
6 118 120 1007.5117179516747 1.0458319126779429e-11 1
6 118 121 1007.6006534794633 1.045334285070444e-11 1
6 118 122 1007.7008239383111 1.0448150258144231e-11 1
6 118 123 1007.8399474400469 1.0442968526142682e-11 1
6 118 124 1007.9833610720194 1.0437505937823712e-11 1
6 118 125 1008.1267747040033 1.0431522265757328e-11 1
6 118 126 1008.2745896344131 1.0425551196846697e-11 1
6 118 127 1008.4433352812466 1.04195482389634e-11 1
6 118 128 1008.6177101509709 1.0412755064574944e-11 1
6 118 129 1008.7920850206713 1.0405993454808346e-11 1
6 118 130 1008.9934009009295 1.0399240620759095e-11 1
6 118 131 1009.4129420173168 1.0391942904557078e-11 1
6 118 132 1009.9303663934812 1.0384432234332143e-11 1
6 118 133 1010.4477907696357 1.037692279065574e-11 1
6 118 134 1010.9605725221909 1.0369059802033807e-11 1
6 118 135 1011.2934671860602 1.0360790597382857e-11 1
6 118 136 1011.5087294148249 1.0352569276845552e-11 1
6 118 137 1011.7239916435916 1.0344323546205829e-11 1
6 118 138 1011.9392538723646 1.0335345080077395e-11 1
6 118 139 1012.1459421544737 1.0326460130550444e-11 1
6 118 140 1012.3434121299248 1.0317590444088578e-11 1
6 118 141 1012.5406019924916 1.0308247364743818e-11 1
6 118 142 1012.7377918550527 1.0298724293828437e-11 1
6 118 143 1012.9230598080004 1.0289203688915114e-11 1
6 118 144 1013.0852461321975 1.0279403099486205e-11 1
6 118 145 1013.24610993525 1.0269317194896448e-11 1
6 118 146 1013.4069737383119 1.0259251063003154e-11 1
6 118 147 1013.5964791565912 1.0249065464165478e-11 1
6 118 148 1013.9052885207094 1.02383477962177e-11 1
6 118 149 1014.2231681253595 1.022776089558417e-11 1
6 118 150 1014.5410477300159 1.0217195866973116e-11 1
6 118 151 1014.8530612877998 1.0206151914822286e-11 1
6 118 152 1015.0253499409259 1.0195111471659306e-11 1
6 118 153 1015.185051082768 1.0184100021857743e-11 1
6 118 154 1015.3447522245976 1.0172924138624452e-11 1
6 118 155 1015.504453366429 1.0161465161025073e-11 1
6 118 156 1015.6893819183744 1.0150031969605585e-11 1
6 118 157 1015.8810016113414 1.013848277789772e-11 1
6 118 158 1016.0726213043138 1.0126557813338801e-11 1
6 118 159 1016.2642409972844 1.0114788971716803e-11 1
6 118 160 1016.4246751194717 1.0103047453269093e-11 1
6 118 161 1016.5662561466075 1.0091072146848743e-11 1
6 119 54 993.1132249772604 1.138557970057825e-11 1
6 119 55 995.2138262129649 1.127549225881073e-11 1
6 119 56 996.7065167986685 1.1166040856219055e-11 1
6 119 57 997.359053757511 1.1060102450899321e-11 1
6 119 58 998.7631331797257 1.095942199193282e-11 1
6 119 59 1000.703366114939 1.0865548963671218e-11 1
6 119 60 1002.3665072164398 1.0779773031103998e-11 1
6 119 61 1003.5663659600879 1.0708591296472148e-11 1
6 119 62 1005.201885736482 1.0659758845903422e-11 1
6 119 63 1006.346838241085 1.0630185775492689e-11 1
6 119 64 1006.9471188409772 1.061186280399358e-11 1
6 119 65 1007.5311858146862 1.0600186203404314e-11 1
6 119 66 1007.5908436053775 1.0592716592537556e-11 1
6 119 67 1007.7101591867611 1.0587760281624443e-11 1
6 119 68 1007.8199698931128 1.0583954836034466e-11 1
6 119 69 1008.046646355828 1.058017489276308e-11 1
6 119 70 1008.2733228185571 1.057639764845827e-11 1
6 119 71 1008.4999992812722 1.057274266497996e-11 1
6 119 72 1008.6960055628093 1.0569139440146909e-11 1
6 119 73 1008.7902891729649 1.0565538698647436e-11 1
6 119 74 1008.8730625083956 1.0561997318897858e-11 1
6 119 75 1008.9558358438247 1.0558551475856412e-11 1
6 119 76 1009.0414862402386 1.0555107880488653e-11 1
6 119 77 1009.1403872773357 1.0551686242484143e-11 1
6 119 78 1009.2428341647143 1.0548408891970636e-11 1
6 119 79 1009.3452810520938 1.0545121561293786e-11 1
6 120 48 985.3807021697771 1.184607937015121e-11 1
6 120 49 986.3667564158109 1.1772481987303479e-11 1
6 120 50 987.4889916070414 1.1690778861171886e-11 1
6 120 51 988.9539212236691 1.1601809411707585e-11 1
6 120 52 990.7732706627954 1.1506781743828891e-11 1
6 120 53 992.8164728160151 1.1407119998289978e-11 1
6 120 54 995.0396496490036 1.1304516832435836e-11 1
6 120 55 996.6303827729295 1.1200733426835944e-11 1
6 120 56 997.9595142198353 1.1097561534075478e-11 1
6 120 57 999.8878403993525 1.099752302929308e-11 1
6 121 48 985.6862169977938 1.1748293712020087e-11 1
6 121 49 987.1470952177665 1.1675344231799142e-11 1
6 121 50 988.2400422996659 1.1595692270086926e-11 1
6 121 51 989.4842075279273 1.1516556279753315e-11 1
