4 113 272 1016.3092474396504 1.089027005910594e-11 1
4 113 273 1006.8328367841037 1.1176923037567443e-11 1
4 113 274 991.9551432913535 1.1176923037567443e-11 1
4 114 266 990.7866258233099 8.635516283967733e-12 1
4 114 267 996.9125718260062 9.105985659809389e-12 1
4 114 268 1004.007659681644 9.502402261922715e-12 1
4 114 269 1019.2554083623467 9.813379864656342e-12 1
4 114 270 1023.8625609166362 1.0029157776198447e-11 1
4 114 271 1025.2483391343876 1.0248567111594699e-11 1
4 114 272 1023.7025398660472 1.0603022938525631e-11 1
4 114 273 1019.2832417205423 1.097635935786071e-11 1
4 114 274 1007.9021858512965 1.097635935786071e-11 1
4 115 260 1015.9379986433646 6.628902972373803e-12 1
4 115 261 1017.2669057832678 6.722462606190182e-12 1
4 115 262 1018.6693218688613 6.8697415715771935e-12 1
4 115 263 1020.7961819905597 7.094127650609024e-12 1
4 115 264 1021.6136729313448 7.392711963664138e-12 1
4 115 265 1022.2827963957893 7.75685851480002e-12 1
4 115 266 1018.223886627419 8.185295915468066e-12 1
4 115 267 1025.5857999833659 8.656507595616443e-12 1
4 115 268 1026.6388918609625 9.134841748935693e-12 1
4 115 269 1029.56251603468 9.586290182046833e-12 1
4 116 199 962.3352966916423 4.9257212377896635e-12 1
4 116 200 962.7930158215426 4.949141480193886e-12 1
4 116 201 963.2560565442823 4.9727604995058426e-12 1
4 116 202 963.8313657246998 4.996431375211549e-12 1
4 116 203 964.4182152417854 5.020323970901161e-12 1
4 116 204 965.005064758887 5.044366252247936e-12 1
4 116 205 965.591914275982 5.068507744895845e-12 1
4 116 206 966.3690272375254 5.0928814230315125e-12 1
4 116 207 967.1983424438173 5.117637791648527e-12 1
4 116 208 968.0276576500864 5.1421908648520594e-12 1
4 116 209 968.85697285642 5.166980672151749e-12 1
4 116 210 969.6397444699024 5.192065359100243e-12 1
4 116 211 970.3936932162947 5.217112821707207e-12 1
4 116 212 971.1476419627281 5.242260926757214e-12 1
4 116 213 971.9015907091206 5.2676550685294695e-12 1
4 116 214 972.6631790986612 5.293083584353209e-12 1
4 116 215 973.4340888137717 5.3184306559715424e-12 1
4 116 216 974.2049985289003 5.3440523244684655e-12 1
4 116 217 974.975908244011 5.3698855396442086e-12 1
4 116 218 975.903790754741 5.395260627538782e-12 1
4 116 219 977.2288144386006 5.421014890255323e-12 1
4 116 220 978.5538381223577 5.447016208102468e-12 1
4 116 221 979.8788618060273 5.4727543493149145e-12 1
4 116 222 981.0948324060026 5.4985274973124475e-12 1
4 116 223 981.8944447827104 5.5245036351626095e-12 1
4 116 224 982.6510270197732 5.550052974727462e-12 1
4 116 225 983.4076092568272 5.575500065388173e-12 1
4 116 226 984.236592049654 5.6013344929731735e-12 1
4 116 227 985.4358031713713 5.627363844586613e-12 1
4 116 228 986.7350880724924 5.652675766706339e-12 1
4 116 229 988.0343729737143 5.678216424086024e-12 1
4 116 230 989.4001529480068 5.703724842529444e-12 1
4 116 231 991.3222790254514 5.7282633317933815e-12 1
4 116 232 993.5032149994485 5.753455108608617e-12 1
4 116 233 995.6841509733288 5.778892294655719e-12 1
4 116 234 997.8456124000625 5.803759245203201e-12 1
4 116 235 999.3767234720071 5.828129211831249e-12 1
4 116 236 1000.4688912174717 5.853048237637948e-12 1
4 116 237 1001.5610589629945 5.878123195597482e-12 1
4 116 238 1002.6532267084881 5.9021917086449976e-12 1
4 116 239 1003.4959762685904 5.926458133516618e-12 1
4 116 240 1004.062061628322 5.950481293775072e-12 1
4 116 241 1004.6185117580677 5.9738141555967924e-12 1
4 116 242 1005.1749618878281 5.997190555845947e-12 1
4 116 243 1005.8126977870742 6.0206340961162124e-12 1
4 116 244 1006.6081348645325 6.042810810375752e-12 1
4 116 245 1007.4147094835967 6.064756634390863e-12 1
4 116 246 1008.2212841026395 6.0871838195291435e-12 1
4 116 247 1009.0863748722971 6.109658497676561e-12 1
4 116 248 1010.1868895224289 6.130074496556842e-12 1
4 116 249 1011.3100469204152 6.151257440965257e-12 1
4 116 250 1012.4332043184608 6.172587291610277e-12 1
4 116 251 1013.5127056003979 6.192710879432293e-12 1
4 116 252 1013.764536049951 6.21241576492738e-12 1
4 116 253 1013.9206604486438 6.23214973674704e-12 1
4 116 254 1014.0767848473406 6.250577278650952e-12 1
4 116 255 1014.2329092460335 6.2730869238892585e-12 1
4 116 256 1014.4028103997887 6.3073219023328574e-12 1
4 116 257 1014.6393720599818 6.354142644867185e-12 1
4 116 258 1015.063340590741 6.416582155624591e-12 1
4 116 259 1016.3362032233797 6.4967825628902915e-12 1
4 116 260 1017.5032273728492 6.588151155411417e-12 1
4 116 261 1019.0181551027863 6.680520602726497e-12 1
4 116 262 1020.4267981539316 6.792508727289686e-12 1
4 116 263 1023.0361801827119 6.9878754986123946e-12 1
4 117 121 971.0943895373808 3.951800153719169e-12 1
4 117 122 971.0774052144361 3.9486343239456145e-12 1
4 117 123 970.8388271675059 3.945480009193474e-12 1
4 117 124 970.5758436860905 3.942873943333112e-12 1
4 117 125 970.3128602046545 3.941160320980976e-12 1
4 117 126 970.0723644337136 3.93944818750517e-12 1
4 117 127 969.9388107158136 3.937616970313746e-12 1
4 117 128 969.8340185863657 3.93727852227699e-12 1
4 117 129 969.7292264569321 3.937069191770092e-12 1
4 117 130 969.6791705148494 3.9368598835206645e-12 1
4 117 131 970.0724838886553 3.9376196373989104e-12 1
4 117 132 970.6646671763707 3.9389749302202845e-12 1
4 117 133 971.256850464075 3.94033693933435e-12 1
4 117 134 971.8403703434105 3.942274212089398e-12 1
4 117 135 972.0882103472917 3.945155492208276e-12 1
4 117 136 972.1165413166713 3.9480409870756196e-12 1
4 117 137 972.144872286051 3.950795475965863e-12 1
4 117 138 972.1732032554319 3.954975561059777e-12 1
4 117 139 972.1754909347922 3.95934384437063e-12 1
4 117 140 972.1497780861167 3.963721787917362e-12 1
4 117 141 972.1232143969511 3.96891729718962e-12 1
4 117 142 972.0966507077861 3.974708111764749e-12 1
4 117 143 972.4541725355053 3.9805230910335935e-12 1
4 117 144 973.5553100735959 3.986856189150322e-12 1
4 117 145 974.6990549824723 3.994033196585565e-12 1
4 117 146 975.842799891415 4.00123609024599e-12 1
4 117 147 976.9873001047476 4.008230887155468e-12 1
4 117 148 978.1349464675625 4.016340389725639e-12 1
4 117 149 979.2828320205457 4.024803473443757e-12 1
4 117 150 980.4307175735515 4.0333022986681725e-12 1
4 117 151 981.5497911795204 4.042552157844465e-12 1
4 117 152 981.9825854833621 4.052134632794735e-12 1
4 117 153 982.3535543847447 4.06169037280015e-12 1
4 117 154 982.7245232860985 4.071023079494306e-12 1
4 117 155 983.0954921874562 4.081296391502063e-12 1
4 117 156 983.6842214645621 4.091879759889876e-12 1
4 117 157 984.3307079739146 4.10251819449602e-12 1
4 117 158 984.9771944832854 4.113410799830894e-12 1
4 117 159 985.6236809926501 4.124813385708304e-12 1
4 117 160 986.0457012421988 4.136279364420594e-12 1
4 117 161 986.3320214347037 4.1482407533476215e-12 1
4 117 162 986.6183416272005 4.160446763613302e-12 1
4 117 163 986.9046618197194 4.172676623676991e-12 1
4 117 164 986.951651332646 4.1850628840616566e-12 1
4 117 165 986.7132278611926 4.19825321797043e-12 1
4 117 166 986.4748043897258 4.211526960423683e-12 1
4 117 167 986.2363809182725 4.224984177484583e-12 1
4 117 168 985.8941115415466 4.2396732227416225e-12 1
4 117 169 985.2962997900667 4.25432383525283e-12 1
4 117 170 984.6984880386038 4.269076052165623e-12 1
4 117 171 984.1006762870946 4.284824040474208e-12 1
4 117 172 983.4944417978955 4.3009424771199454e-12 1
4 117 173 982.8576034976979 4.317179508909524e-12 1
4 117 174 982.2174947812372 4.3339137213774265e-12 1
4 117 175 981.5773860648621 4.3513959446160804e-12 1
4 117 176 980.9821091672663 4.369019779336116e-12 1
4 117 177 980.6075873605159 4.3868205782201685e-12 1
4 117 178 980.292635353808 4.405511603942429e-12 1
4 117 179 979.9776833471068 4.424414220357989e-12 1
4 117 180 979.6487679416739 4.443479745712263e-12 1
4 117 181 979.2051021599713 4.463189002768564e-12 1
4 117 182 978.7089809362808 4.483268903625081e-12 1
4 117 183 978.2128597125848 4.503508640522991e-12 1
4 117 184 977.7255357893209 4.524042919407181e-12 1
4 117 185 977.5470018918542 4.5452162550702845e-12 1
4 117 186 977.5769709568618 4.566588712708702e-12 1
4 117 187 977.606940021869 4.587873562263361e-12 1
4 117 188 977.6369090868769 4.609594205622583e-12 1
4 117 189 977.6810890701364 4.631901922951764e-12 1
4 117 190 977.7407788767688 4.654426602641451e-12 1
4 117 191 977.8009777194377 4.677252039560352e-12 1
4 117 192 977.8611765621018 4.700335321350704e-12 1
4 117 193 977.9960125555491 4.723571956926199e-12 1
4 117 194 978.2754136118531 4.746480553052156e-12 1
4 117 195 978.5640822687064 4.7700381116846655e-12 1
4 117 196 978.8527509255678 4.794067605604394e-12 1
4 117 197 979.317261868638 4.818340329574203e-12 1
4 117 198 980.5010826733335 4.84285804453582e-12 1
4 117 199 981.7468678750622 4.867626548229199e-12 1
4 117 200 982.9926530767569 4.892349831037888e-12 1
4 117 201 984.2061873364607 4.916894187778012e-12 1
4 117 202 984.7393306564934 4.942371799680973e-12 1
4 117 203 985.202535004679 4.968135231152928e-12 1
4 117 204 985.6657393528775 4.994140536799995e-12 1
4 117 205 986.1289437010707 5.0203729528693785e-12 1
4 117 206 986.8899794954225 5.046882402908036e-12 1
4 117 207 987.7327307768724 5.072858306829855e-12 1
4 117 208 988.5754820582994 5.0989269209234825e-12 1
4 117 209 989.4182333397916 5.125880174601995e-12 1
4 117 210 990.2732281839362 5.153119895810303e-12 1
4 117 211 991.1358050508761 5.180464256378677e-12 1
4 117 212 991.9983819178633 5.20802429988046e-12 1
4 117 213 992.8609587848035 5.235742030477034e-12 1
4 117 214 993.9109391323906 5.262983150159137e-12 1
4 117 215 995.1895752991294 5.290926935814388e-12 1
4 117 216 996.4682114658984 5.319169040203258e-12 1
4 117 217 997.7468476326376 5.346606093454561e-12 1
4 117 218 998.896194990459 5.3738255444946055e-12 1
4 117 219 999.7184416618239 5.402326011605525e-12 1
4 117 220 1000.5406883331251 5.431130399100607e-12 1
4 117 221 1001.3629350043722 5.4596554397683384e-12 1
4 117 222 1002.1893274912649 5.488241766111612e-12 1
4 117 223 1003.03154845659 5.516968647077161e-12 1
4 117 224 1003.8754052768377 5.544474825409238e-12 1
4 117 225 1004.7192620970754 5.572554825375506e-12 1
4 117 226 1005.514408754614 5.601396518051898e-12 1
4 117 227 1006.0604705542011 5.630486092898201e-12 1
4 117 228 1006.5392040020852 5.65877830131984e-12 1
4 117 229 1007.0179374500063 5.687356272452956e-12 1
4 117 230 1007.5264809928441 5.715693259992322e-12 1
4 117 231 1008.2844374526236 5.742835423662398e-12 1
4 117 232 1009.1584197654902 5.770968799630517e-12 1
4 117 233 1010.0324020783099 5.799409835557141e-12 1
4 117 234 1010.8974140796333 5.827620455301981e-12 1
4 117 235 1011.4720758618022 5.855259900879104e-12 1
4 117 236 1011.8445527953893 5.883162774543542e-12 1
4 117 237 1012.2170297289965 5.910424873468697e-12 1
4 117 238 1012.5895066625936 5.93667712289617e-12 1
4 117 239 1012.9306881801476 5.96386661486065e-12 1
4 118 61 982.9576251002316 3.887665885589919e-12 1
4 118 62 983.5840817866341 3.861256159022476e-12 1
4 118 63 982.3193448013051 3.84560939731981e-12 1
4 118 64 982.2764252694067 3.836693735550905e-12 1
4 118 65 983.6486525057385 3.83152153463872e-12 1
4 118 66 983.9866368634808 3.828550140863838e-12 1
4 118 67 984.6626055789708 3.826674232581317e-12 1
4 118 68 984.9228501245482 3.825520857927881e-12 1
4 118 69 985.0019462399448 3.8242919509608805e-12 1
4 118 70 985.0810423553462 3.823063833286304e-12 1
4 118 71 985.1601384707428 3.822117556389108e-12 1
4 118 72 985.1842026994153 3.821285171543141e-12 1
4 118 73 985.0257446764197 3.820464839812393e-12 1
4 118 74 984.8466336246335 3.819897438492525e-12 1
4 118 75 984.6675225728502 3.8195040627758384e-12 1
4 118 76 984.497112917001 3.819055344740421e-12 1
4 118 77 984.3667785571968 3.818624769565179e-12 1
4 118 78 984.247168282644 3.818570702329734e-12 1
4 118 79 984.1275580080903 3.8185166366253315e-12 1
4 118 80 984.0475264888074 3.818546510342358e-12 1
4 118 81 984.2845482321603 3.8189581204692885e-12 1
4 118 82 984.6609039254698 3.819258918727081e-12 1
4 118 83 985.0372596187473 3.8195534094392546e-12 1
4 118 84 985.412694066826 3.8200765848868044e-12 1
4 118 85 985.747843651761 3.820778996433748e-12 1
4 118 86 986.057513444502 3.821371166139535e-12 1
4 118 87 986.3671832372672 3.821991005422597e-12 1
4 118 88 986.6768530300085 3.823067758454122e-12 1
4 118 89 986.8166476050584 3.823878831672992e-12 1
4 118 90 986.7763014663906 3.82469024910725e-12 1
4 118 91 986.7309972250142 3.82552539582157e-12 1
4 118 92 986.6856929836364 3.8263703526167776e-12 1
4 118 93 986.611371617626 3.827279771016633e-12 1
4 118 94 986.4808284294077 3.828677228961284e-12 1
4 118 95 986.3474621940779 3.829688456737777e-12 1
4 118 96 986.2140959587524 3.830469430575336e-12 1
4 118 97 986.1070272107821 3.831237174421549e-12 1
4 118 98 986.111667122178 3.8317223641446765e-12 1
4 118 99 986.1236622473315 3.832207676772681e-12 1
4 118 100 986.135657372486 3.8330265257574675e-12 1
4 118 101 986.1583238116364 3.833370071901546e-12 1
4 118 102 986.4733327919014 3.833358636525596e-12 1
4 118 103 986.8110069308816 3.833433834189678e-12 1
4 118 104 987.1486810698515 3.8338453304889835e-12 1
4 118 105 987.4863552088475 3.833384003812486e-12 1
4 118 106 987.8724361003733 3.832712118204558e-12 1
4 118 107 988.2709201455843 3.832012745153167e-12 1
4 118 108 988.669404190819 3.830735328620062e-12 1
4 118 109 989.06788823603 3.829458763466806e-12 1
4 118 110 989.4504245940698 3.828287444470116e-12 1
4 118 111 989.8235503799389 3.826758378846348e-12 1
4 118 112 990.1966761658146 3.825173083516614e-12 1
4 118 113 990.5698019516835 3.8235930144251025e-12 1
4 118 114 990.9587304605968 3.82193567551902e-12 1
4 118 115 991.366079321638 3.820431265016825e-12 1
4 118 116 991.7734281826475 3.8190861090842835e-12 1
4 118 117 992.1807770436606 3.817761820741943e-12 1
4 118 118 992.4943157442112 3.817011186006915e-12 1
4 118 119 992.583251271998 3.816617730677756e-12 1
4 118 120 992.6721867997874 3.8162243564545284e-12 1
4 118 121 992.761122327576 3.816788083589303e-12 1
4 118 122 992.8612927864239 3.817738601763871e-12 1
4 118 123 993.0004162881596 3.818614192644599e-12 1
4 118 124 993.1438299201321 3.819292346159232e-12 1
4 118 125 993.287243552116 3.821107717102857e-12 1
4 118 126 993.4350584825258 3.823233661854057e-12 1
4 118 127 993.6038041293593 3.825362494218841e-12 1
4 118 128 993.7781789990836 3.827790016471854e-12 1
4 118 129 993.952553868784 3.830869729303546e-12 1
4 118 130 994.1538697490422 3.833954401795129e-12 1
4 118 131 994.5734108654295 3.837641411880332e-12 1
4 118 132 995.0908352415939 3.8415772098523866e-12 1
4 118 133 995.6082596177484 3.845420775806604e-12 1
4 118 134 996.1210413703036 3.84891559683903e-12 1
4 118 135 996.4539360341729 3.853508267253933e-12 1
4 118 136 996.6691982629376 3.858369899793643e-12 1
4 118 137 996.8844604917043 3.863260214706712e-12 1
4 118 138 997.0997227204773 3.868687940648823e-12 1
4 118 139 997.3064110025864 3.874545006950826e-12 1
4 118 140 997.5038809780375 3.88041983495495e-12 1
4 118 141 997.7010708406043 3.88704750211625e-12 1
4 118 142 997.8982607031654 3.8939956805491065e-12 1
4 118 143 998.0835286561131 3.900914351801696e-12 1
4 118 144 998.2457149803103 3.9080437812348086e-12 1
4 118 145 998.4065787833628 3.916169893487239e-12 1
4 118 146 998.5674425864246 3.924329869890622e-12 1
4 118 147 998.7569480047039 3.9323259303733125e-12 1
4 118 148 999.0657573688221 3.94155613687449e-12 1
4 118 149 999.3836369734722 3.951016799726432e-12 1
4 118 150 999.7015165781286 3.9605229874859834e-12 1
4 118 151 1000.0135301359126 3.970732019983682e-12 1
4 118 152 1000.1858187890386 3.981515223506958e-12 1
4 118 153 1000.3455199308808 3.992364418741258e-12 1
4 118 154 1000.5052210727104 4.0037103746173194e-12 1
4 118 155 1000.6649222145417 4.015841940111624e-12 1
4 118 156 1000.8498507664871 4.028047248296911e-12 1
4 118 157 1001.0414704594541 4.040090636465973e-12 1
4 118 158 1001.2330901524265 4.053166724852948e-12 1
4 118 159 1001.4247098453972 4.066628857511333e-12 1
4 118 160 1001.5851439675844 4.080180714064907e-12 1
4 118 161 1001.7267249947203 4.094432123787193e-12 1
4 119 54 978.2736938253731 4.05984452873977e-12 1
4 119 55 980.3742950610776 4.030435905456666e-12 1
4 119 56 981.8669856467812 4.005081429143031e-12 1
4 119 57 982.5195226056237 3.986263777006939e-12 1
4 119 58 983.9236020278385 3.970831107202489e-12 1
4 119 59 985.8638349630517 3.9482024827293585e-12 1
4 119 60 987.5269760645525 3.913765646685771e-12 1
4 119 61 988.7268348082006 3.875348287842139e-12 1
4 119 62 990.3623545845948 3.8457151511251594e-12 1
4 119 63 991.5073070891978 3.827475667167401e-12 1
4 119 64 992.1075876890899 3.816516278396594e-12 1
4 119 65 992.6916546627989 3.80980276003326e-12 1
4 119 66 992.7513124534902 3.805697539798717e-12 1
4 119 67 992.8706280348738 3.802922927557952e-12 1
4 119 68 992.9804387412255 3.801061507616673e-12 1
4 119 69 993.2071152039407 3.7990367794885765e-12 1
4 119 70 993.4337916666698 3.797014207253725e-12 1
4 119 71 993.6604681293849 3.795354988279321e-12 1
4 119 72 993.856474410922 3.793580269319219e-12 1
4 119 73 993.9507580210776 3.791799766421887e-12 1
4 119 74 994.0335313565083 3.790106676656991e-12 1
4 119 75 994.1163046919374 3.788555438754392e-12 1
4 119 76 994.2019550883513 3.78700547013246e-12 1
4 119 77 994.3008561254484 3.785705619649353e-12 1
4 119 78 994.403303012827 3.784611709681691e-12 1
4 119 79 994.5057499002065 3.7832805163910175e-12 1
4 120 48 970.5411710178898 4.21396783258732e-12 1
4 120 49 971.5272252639236 4.20740696185661e-12 1
4 120 50 972.6494604551541 4.209199158021821e-12 1
4 120 51 974.1143900717818 4.212823641540734e-12 1
4 120 52 975.9337395109081 4.213295831630439e-12 1
4 120 53 977.9769416641278 4.20567580185376e-12 1
4 120 54 980.2001184971164 4.186335971918213e-12 1
4 120 55 981.7908516210422 4.15373734885939e-12 1
4 120 56 983.119983067948 4.1138337294686354e-12 1
4 120 57 985.0483092474652 4.073655867036927e-12 1
4 121 48 970.8466858459066 4.334674611926331e-12 1
4 121 49 972.3075640658792 4.332978856300825e-12 1
4 121 50 973.4005111477786 4.3457052362619765e-12 1
4 121 51 974.64467637604 4.3312548121562415e-12 1
