4 113 272 1009.9082846265618 1.089027005910594e-11 1
4 113 273 1000.4318739710151 1.1176923037567443e-11 1
4 113 274 985.5541804782648 1.1176923037567443e-11 1
4 114 266 984.3856630102213 8.635516283967733e-12 1
4 114 267 990.5116090129176 9.105985659809389e-12 1
4 114 268 997.6066968685553 9.502402261922715e-12 1
4 114 269 1012.854445549258 9.813379864656342e-12 1
4 114 270 1017.4615981035475 1.0029157776198447e-11 1
4 114 271 1018.847376321299 1.0248567111594699e-11 1
4 114 272 1017.3015770529586 1.0603022938525631e-11 1
4 114 273 1012.8822789074536 1.097635935786071e-11 1
4 114 274 1001.5012230382079 1.097635935786071e-11 1
4 115 260 1009.537035830276 6.628902972373803e-12 1
4 115 261 1010.8659429701792 6.722462606190182e-12 1
4 115 262 1012.2683590557726 6.8697415715771935e-12 1
4 115 263 1014.3952191774711 7.094127650609024e-12 1
4 115 264 1015.2127101182562 7.392711963664138e-12 1
4 115 265 1015.8818335827007 7.75685851480002e-12 1
4 115 266 1011.8229238143304 8.185295915468066e-12 1
4 115 267 1019.1848371702771 8.656507595616443e-12 1
4 115 268 1020.2379290478739 9.134841748935693e-12 1
4 115 269 1023.1615532215912 9.586290182046833e-12 1
4 116 199 955.9343338785536 4.9257212377896635e-12 1
4 116 200 956.3920530084539 4.949141480193886e-12 1
4 116 201 956.8550937311936 4.9727604995058426e-12 1
4 116 202 957.4304029116112 4.996431375211549e-12 1
4 116 203 958.0172524286968 5.020323970901161e-12 1
4 116 204 958.6041019457983 5.044366252247936e-12 1
4 116 205 959.1909514628934 5.068507744895845e-12 1
4 116 206 959.9680644244368 5.0928814230315125e-12 1
4 116 207 960.7973796307286 5.117637791648527e-12 1
4 116 208 961.6266948369978 5.1421908648520594e-12 1
4 116 209 962.4560100433314 5.166980672151749e-12 1
4 116 210 963.2387816568138 5.192065359100243e-12 1
4 116 211 963.992730403206 5.217112821707207e-12 1
4 116 212 964.7466791496395 5.242260926757214e-12 1
4 116 213 965.5006278960319 5.2676550685294695e-12 1
4 116 214 966.2622162855725 5.293083584353209e-12 1
4 116 215 967.0331260006831 5.3184306559715424e-12 1
4 116 216 967.8040357158117 5.3440523244684655e-12 1
4 116 217 968.5749454309223 5.3698855396442086e-12 1
4 116 218 969.5028279416523 5.395260627538782e-12 1
4 116 219 970.8278516255119 5.421014890255323e-12 1
4 116 220 972.152875309269 5.447016208102468e-12 1
4 116 221 973.4778989929387 5.4727543493149145e-12 1
4 116 222 974.693869592914 5.4985274973124475e-12 1
4 116 223 975.4934819696217 5.5245036351626095e-12 1
4 116 224 976.2500642066846 5.550052974727462e-12 1
4 116 225 977.0066464437385 5.575500065388173e-12 1
4 116 226 977.8356292365653 5.6013344929731735e-12 1
4 116 227 979.0348403582826 5.627363844586613e-12 1
4 116 228 980.3341252594038 5.652675766706339e-12 1
4 116 229 981.6334101606257 5.678216424086024e-12 1
4 116 230 982.9991901349182 5.703724842529444e-12 1
4 116 231 984.9213162123627 5.7282633317933815e-12 1
4 116 232 987.1022521863598 5.753455108608617e-12 1
4 116 233 989.2831881602401 5.778892294655719e-12 1
4 116 234 991.4446495869738 5.803759245203201e-12 1
4 116 235 992.9757606589185 5.828129211831249e-12 1
4 116 236 994.067928404383 5.853048237637948e-12 1
4 116 237 995.1600961499058 5.878123195597482e-12 1
4 116 238 996.2522638953994 5.9021917086449976e-12 1
4 116 239 997.0950134555018 5.926458133516618e-12 1
4 116 240 997.6610988152333 5.950481293775072e-12 1
4 116 241 998.2175489449791 5.9738141555967924e-12 1
4 116 242 998.7739990747394 5.997190555845947e-12 1
4 116 243 999.4117349739855 6.0206340961162124e-12 1
4 116 244 1000.2071720514439 6.042810810375752e-12 1
4 116 245 1001.013746670508 6.064756634390863e-12 1
4 116 246 1001.8203212895509 6.0871838195291435e-12 1
4 116 247 1002.6854120592085 6.109658497676561e-12 1
4 116 248 1003.7859267093403 6.130074496556842e-12 1
4 116 249 1004.9090841073265 6.151257440965257e-12 1
4 116 250 1006.0322415053721 6.172587291610277e-12 1
4 116 251 1007.1117427873093 6.192710879432293e-12 1
4 116 252 1007.3635732368623 6.21241576492738e-12 1
4 116 253 1007.5196976355552 6.23214973674704e-12 1
4 116 254 1007.675822034252 6.250577278650952e-12 1
4 116 255 1007.8319464329448 6.2730869238892585e-12 1
4 116 256 1008.0018475867 6.3073219023328574e-12 1
4 116 257 1008.2384092468932 6.354142644867185e-12 1
4 116 258 1008.6623777776523 6.416582155624591e-12 1
4 116 259 1009.935240410291 6.4967825628902915e-12 1
4 116 260 1011.1022645597606 6.588151155411417e-12 1
4 116 261 1012.6171922896976 6.680520602726497e-12 1
4 116 262 1014.025835340843 6.792508727289686e-12 1
4 116 263 1016.6352173696232 6.9878754986123946e-12 1
4 117 121 964.6934267242922 3.951800153719169e-12 1
4 117 122 964.6764424013475 3.9486343239456145e-12 1
4 117 123 964.4378643544172 3.945480009193474e-12 1
4 117 124 964.1748808730018 3.942873943333112e-12 1
4 117 125 963.9118973915658 3.941160320980976e-12 1
4 117 126 963.6714016206249 3.93944818750517e-12 1
4 117 127 963.5378479027249 3.937616970313746e-12 1
4 117 128 963.433055773277 3.93727852227699e-12 1
4 117 129 963.3282636438435 3.937069191770092e-12 1
4 117 130 963.2782077017607 3.9368598835206645e-12 1
4 117 131 963.6715210755666 3.9376196373989104e-12 1
4 117 132 964.263704363282 3.9389749302202845e-12 1
4 117 133 964.8558876509863 3.94033693933435e-12 1
4 117 134 965.4394075303219 3.942274212089398e-12 1
4 117 135 965.687247534203 3.945155492208276e-12 1
4 117 136 965.7155785035826 3.9480409870756196e-12 1
4 117 137 965.7439094729624 3.950795475965863e-12 1
4 117 138 965.7722404423432 3.954975561059777e-12 1
4 117 139 965.7745281217035 3.95934384437063e-12 1
4 117 140 965.7488152730281 3.963721787917362e-12 1
4 117 141 965.7222515838624 3.96891729718962e-12 1
4 117 142 965.6956878946975 3.974708111764749e-12 1
4 117 143 966.0532097224167 3.9805230910335935e-12 1
4 117 144 967.1543472605073 3.986856189150322e-12 1
4 117 145 968.2980921693836 3.994033196585565e-12 1
4 117 146 969.4418370783263 4.00123609024599e-12 1
4 117 147 970.586337291659 4.008230887155468e-12 1
4 117 148 971.7339836544738 4.016340389725639e-12 1
4 117 149 972.881869207457 4.024803473443757e-12 1
4 117 150 974.0297547604629 4.0333022986681725e-12 1
4 117 151 975.1488283664318 4.042552157844465e-12 1
4 117 152 975.5816226702734 4.052134632794735e-12 1
4 117 153 975.9525915716561 4.06169037280015e-12 1
4 117 154 976.3235604730098 4.071023079494306e-12 1
4 117 155 976.6945293743676 4.081296391502063e-12 1
4 117 156 977.2832586514735 4.091879759889876e-12 1
4 117 157 977.929745160826 4.10251819449602e-12 1
4 117 158 978.5762316701968 4.113410799830894e-12 1
4 117 159 979.2227181795614 4.124813385708304e-12 1
4 117 160 979.6447384291101 4.136279364420594e-12 1
4 117 161 979.9310586216151 4.1482407533476215e-12 1
4 117 162 980.2173788141118 4.160446763613302e-12 1
4 117 163 980.5036990066308 4.172676623676991e-12 1
4 117 164 980.5506885195573 4.1850628840616566e-12 1
4 117 165 980.312265048104 4.19825321797043e-12 1
4 117 166 980.0738415766372 4.211526960423683e-12 1
4 117 167 979.8354181051839 4.224984177484583e-12 1
4 117 168 979.493148728458 4.2396732227416225e-12 1
4 117 169 978.895336976978 4.25432383525283e-12 1
4 117 170 978.2975252255152 4.269076052165623e-12 1
4 117 171 977.699713474006 4.284824040474208e-12 1
4 117 172 977.0934789848069 4.3009424771199454e-12 1
4 117 173 976.4566406846093 4.317179508909524e-12 1
4 117 174 975.8165319681485 4.3339137213774265e-12 1
4 117 175 975.1764232517735 4.3513959446160804e-12 1
4 117 176 974.5811463541777 4.369019779336116e-12 1
4 117 177 974.2066245474273 4.3868205782201685e-12 1
4 117 178 973.8916725407194 4.405511603942429e-12 1
4 117 179 973.5767205340181 4.424414220357989e-12 1
4 117 180 973.2478051285852 4.443479745712263e-12 1
4 117 181 972.8041393468826 4.463189002768564e-12 1
4 117 182 972.3080181231921 4.483268903625081e-12 1
4 117 183 971.8118968994961 4.503508640522991e-12 1
4 117 184 971.3245729762323 4.524042919407181e-12 1
4 117 185 971.1460390787655 4.5452162550702845e-12 1
4 117 186 971.1760081437732 4.566588712708702e-12 1
4 117 187 971.2059772087804 4.587873562263361e-12 1
4 117 188 971.2359462737883 4.609594205622583e-12 1
4 117 189 971.2801262570478 4.631901922951764e-12 1
4 117 190 971.3398160636801 4.654426602641451e-12 1
4 117 191 971.400014906349 4.677252039560352e-12 1
4 117 192 971.4602137490132 4.700335321350704e-12 1
4 117 193 971.5950497424604 4.723571956926199e-12 1
4 117 194 971.8744507987644 4.746480553052156e-12 1
4 117 195 972.1631194556178 4.7700381116846655e-12 1
4 117 196 972.4517881124791 4.794067605604394e-12 1
4 117 197 972.9162990555493 4.818340329574203e-12 1
4 117 198 974.1001198602448 4.84285804453582e-12 1
4 117 199 975.3459050619736 4.867626548229199e-12 1
4 117 200 976.5916902636683 4.892349831037888e-12 1
4 117 201 977.8052245233721 4.916894187778012e-12 1
4 117 202 978.3383678434047 4.942371799680973e-12 1
4 117 203 978.8015721915904 4.968135231152928e-12 1
4 117 204 979.2647765397888 4.994140536799995e-12 1
4 117 205 979.7279808879821 5.0203729528693785e-12 1
4 117 206 980.4890166823338 5.046882402908036e-12 1
4 117 207 981.3317679637837 5.072858306829855e-12 1
4 117 208 982.1745192452107 5.0989269209234825e-12 1
4 117 209 983.017270526703 5.125880174601995e-12 1
4 117 210 983.8722653708476 5.153119895810303e-12 1
4 117 211 984.7348422377875 5.180464256378677e-12 1
4 117 212 985.5974191047746 5.20802429988046e-12 1
4 117 213 986.4599959717149 5.235742030477034e-12 1
4 117 214 987.5099763193019 5.262983150159137e-12 1
4 117 215 988.7886124860407 5.290926935814388e-12 1
4 117 216 990.0672486528098 5.319169040203258e-12 1
4 117 217 991.3458848195489 5.346606093454561e-12 1
4 117 218 992.4952321773703 5.3738255444946055e-12 1
4 117 219 993.3174788487353 5.402326011605525e-12 1
4 117 220 994.1397255200364 5.431130399100607e-12 1
4 117 221 994.9619721912835 5.4596554397683384e-12 1
4 117 222 995.7883646781762 5.488241766111612e-12 1
4 117 223 996.6305856435014 5.516968647077161e-12 1
4 117 224 997.474442463749 5.544474825409238e-12 1
4 117 225 998.3182992839868 5.572554825375506e-12 1
4 117 226 999.1134459415254 5.601396518051898e-12 1
4 117 227 999.6595077411124 5.630486092898201e-12 1
4 117 228 1000.1382411889965 5.65877830131984e-12 1
4 117 229 1000.6169746369177 5.687356272452956e-12 1
4 117 230 1001.1255181797554 5.715693259992322e-12 1
4 117 231 1001.8834746395349 5.742835423662398e-12 1
4 117 232 1002.7574569524015 5.770968799630517e-12 1
4 117 233 1003.6314392652213 5.799409835557141e-12 1
4 117 234 1004.4964512665447 5.827620455301981e-12 1
4 117 235 1005.0711130487135 5.855259900879104e-12 1
4 117 236 1005.4435899823006 5.883162774543542e-12 1
4 117 237 1005.8160669159079 5.910424873468697e-12 1
4 117 238 1006.188543849505 5.93667712289617e-12 1
4 117 239 1006.529725367059 5.96386661486065e-12 1
4 118 61 976.5566622871429 3.887665885589919e-12 1
4 118 62 977.1831189735454 3.861256159022476e-12 1
4 118 63 975.9183819882164 3.84560939731981e-12 1
4 118 64 975.875462456318 3.836693735550905e-12 1
4 118 65 977.2476896926498 3.83152153463872e-12 1
4 118 66 977.5856740503922 3.828550140863838e-12 1
4 118 67 978.2616427658821 3.826674232581317e-12 1
4 118 68 978.5218873114595 3.825520857927881e-12 1
4 118 69 978.6009834268561 3.8242919509608805e-12 1
4 118 70 978.6800795422575 3.823063833286304e-12 1
4 118 71 978.7591756576542 3.822117556389108e-12 1
4 118 72 978.7832398863267 3.821285171543141e-12 1
4 118 73 978.624781863331 3.820464839812393e-12 1
4 118 74 978.4456708115448 3.819897438492525e-12 1
4 118 75 978.2665597597615 3.8195040627758384e-12 1
4 118 76 978.0961501039124 3.819055344740421e-12 1
4 118 77 977.9658157441081 3.818624769565179e-12 1
4 118 78 977.8462054695553 3.818570702329734e-12 1
4 118 79 977.7265951950017 3.8185166366253315e-12 1
4 118 80 977.6465636757188 3.818546510342358e-12 1
4 118 81 977.8835854190717 3.8189581204692885e-12 1
4 118 82 978.2599411123812 3.819258918727081e-12 1
4 118 83 978.6362968056586 3.8195534094392546e-12 1
4 118 84 979.0117312537374 3.8200765848868044e-12 1
4 118 85 979.3468808386723 3.820778996433748e-12 1
4 118 86 979.6565506314133 3.821371166139535e-12 1
4 118 87 979.9662204241786 3.821991005422597e-12 1
4 118 88 980.2758902169198 3.823067758454122e-12 1
4 118 89 980.4156847919697 3.823878831672992e-12 1
4 118 90 980.3753386533019 3.82469024910725e-12 1
4 118 91 980.3300344119256 3.82552539582157e-12 1
4 118 92 980.2847301705477 3.8263703526167776e-12 1
4 118 93 980.2104088045373 3.827279771016633e-12 1
4 118 94 980.079865616319 3.828677228961284e-12 1
4 118 95 979.9464993809893 3.829688456737777e-12 1
4 118 96 979.8131331456638 3.830469430575336e-12 1
4 118 97 979.7060643976935 3.831237174421549e-12 1
4 118 98 979.7107043090894 3.8317223641446765e-12 1
4 118 99 979.7226994342428 3.832207676772681e-12 1
4 118 100 979.7346945593973 3.8330265257574675e-12 1
4 118 101 979.7573609985477 3.833370071901546e-12 1
4 118 102 980.0723699788127 3.833358636525596e-12 1
4 118 103 980.410044117793 3.833433834189678e-12 1
4 118 104 980.7477182567628 3.8338453304889835e-12 1
4 118 105 981.0853923957588 3.833384003812486e-12 1
4 118 106 981.4714732872847 3.832712118204558e-12 1
4 118 107 981.8699573324957 3.832012745153167e-12 1
4 118 108 982.2684413777304 3.830735328620062e-12 1
4 118 109 982.6669254229413 3.829458763466806e-12 1
4 118 110 983.0494617809811 3.828287444470116e-12 1
4 118 111 983.4225875668502 3.826758378846348e-12 1
4 118 112 983.7957133527259 3.825173083516614e-12 1
4 118 113 984.1688391385949 3.8235930144251025e-12 1
4 118 114 984.5577676475082 3.82193567551902e-12 1
4 118 115 984.9651165085494 3.820431265016825e-12 1
4 118 116 985.3724653695589 3.8190861090842835e-12 1
4 118 117 985.7798142305719 3.817761820741943e-12 1
4 118 118 986.0933529311226 3.817011186006915e-12 1
4 118 119 986.1822884589094 3.816617730677756e-12 1
4 118 120 986.2712239866987 3.8162243564545284e-12 1
4 118 121 986.3601595144873 3.816788083589303e-12 1
4 118 122 986.4603299733352 3.817738601763871e-12 1
4 118 123 986.599453475071 3.818614192644599e-12 1
4 118 124 986.7428671070435 3.819292346159232e-12 1
4 118 125 986.8862807390274 3.821107717102857e-12 1
4 118 126 987.0340956694372 3.823233661854057e-12 1
4 118 127 987.2028413162707 3.825362494218841e-12 1
4 118 128 987.3772161859949 3.827790016471854e-12 1
4 118 129 987.5515910556953 3.830869729303546e-12 1
4 118 130 987.7529069359535 3.833954401795129e-12 1
4 118 131 988.1724480523409 3.837641411880332e-12 1
4 118 132 988.6898724285053 3.8415772098523866e-12 1
4 118 133 989.2072968046598 3.845420775806604e-12 1
4 118 134 989.720078557215 3.84891559683903e-12 1
4 118 135 990.0529732210842 3.853508267253933e-12 1
4 118 136 990.2682354498489 3.858369899793643e-12 1
4 118 137 990.4834976786157 3.863260214706712e-12 1
4 118 138 990.6987599073886 3.868687940648823e-12 1
4 118 139 990.9054481894977 3.874545006950826e-12 1
4 118 140 991.1029181649488 3.88041983495495e-12 1
4 118 141 991.3001080275156 3.88704750211625e-12 1
4 118 142 991.4972978900768 3.8939956805491065e-12 1
4 118 143 991.6825658430245 3.900914351801696e-12 1
4 118 144 991.8447521672216 3.9080437812348086e-12 1
4 118 145 992.0056159702741 3.916169893487239e-12 1
4 118 146 992.1664797733359 3.924329869890622e-12 1
4 118 147 992.3559851916152 3.9323259303733125e-12 1
4 118 148 992.6647945557335 3.94155613687449e-12 1
4 118 149 992.9826741603836 3.951016799726432e-12 1
4 118 150 993.3005537650399 3.9605229874859834e-12 1
4 118 151 993.6125673228239 3.970732019983682e-12 1
4 118 152 993.78485597595 3.981515223506958e-12 1
4 118 153 993.9445571177921 3.992364418741258e-12 1
4 118 154 994.1042582596217 4.0037103746173194e-12 1
4 118 155 994.263959401453 4.015841940111624e-12 1
4 118 156 994.4488879533984 4.028047248296911e-12 1
4 118 157 994.6405076463654 4.040090636465973e-12 1
4 118 158 994.8321273393378 4.053166724852948e-12 1
4 118 159 995.0237470323085 4.066628857511333e-12 1
4 118 160 995.1841811544957 4.080180714064907e-12 1
4 118 161 995.3257621816316 4.094432123787193e-12 1
4 119 54 971.8727310122845 4.05984452873977e-12 1
4 119 55 973.973332247989 4.030435905456666e-12 1
4 119 56 975.4660228336926 4.005081429143031e-12 1
4 119 57 976.118559792535 3.986263777006939e-12 1
4 119 58 977.5226392147498 3.970831107202489e-12 1
4 119 59 979.462872149963 3.9482024827293585e-12 1
4 119 60 981.1260132514639 3.913765646685771e-12 1
4 119 61 982.3258719951119 3.875348287842139e-12 1
4 119 62 983.9613917715061 3.8457151511251594e-12 1
4 119 63 985.1063442761091 3.827475667167401e-12 1
4 119 64 985.7066248760012 3.816516278396594e-12 1
4 119 65 986.2906918497102 3.80980276003326e-12 1
4 119 66 986.3503496404015 3.805697539798717e-12 1
4 119 67 986.4696652217851 3.802922927557952e-12 1
4 119 68 986.5794759281368 3.801061507616673e-12 1
4 119 69 986.806152390852 3.7990367794885765e-12 1
4 119 70 987.0328288535811 3.797014207253725e-12 1
4 119 71 987.2595053162962 3.795354988279321e-12 1
4 119 72 987.4555115978334 3.793580269319219e-12 1
4 119 73 987.549795207989 3.791799766421887e-12 1
4 119 74 987.6325685434197 3.790106676656991e-12 1
4 119 75 987.7153418788488 3.788555438754392e-12 1
4 119 76 987.8009922752626 3.78700547013246e-12 1
4 119 77 987.8998933123597 3.785705619649353e-12 1
4 119 78 988.0023401997383 3.784611709681691e-12 1
4 119 79 988.1047870871179 3.7832805163910175e-12 1
4 120 48 964.1402082048012 4.21396783258732e-12 1
4 120 49 965.1262624508349 4.20740696185661e-12 1
4 120 50 966.2484976420654 4.209199158021821e-12 1
4 120 51 967.7134272586932 4.212823641540734e-12 1
4 120 52 969.5327766978195 4.213295831630439e-12 1
4 120 53 971.5759788510392 4.20567580185376e-12 1
4 120 54 973.7991556840277 4.186335971918213e-12 1
4 120 55 975.3898888079535 4.15373734885939e-12 1
4 120 56 976.7190202548594 4.1138337294686354e-12 1
4 120 57 978.6473464343766 4.073655867036927e-12 1
4 121 48 964.4457230328179 4.334674611926331e-12 1
4 121 49 965.9066012527906 4.332978856300825e-12 1
4 121 50 966.99954833469 4.3457052362619765e-12 1
4 121 51 968.2437135629514 4.3312548121562415e-12 1
