4 19 27 1001.528713525731 5.1003088278201924e-11 1
4 20 17 924.761928857771 1.8495888104119484e-11 1
4 20 18 932.640224756201 1.8255565855051855e-11 1
4 20 19 940.069301904641 1.843397025261293e-11 1
4 20 20 951.365932764021 1.9627136506441836e-11 1
4 20 21 955.950771631201 2.19110703301415e-11 1
4 20 22 975.573086084331 2.4902343258559568e-11 1
4 20 23 1004.545315088231 2.7745815462468485e-11 1
4 20 24 1016.452724756201 2.946467908827312e-11 1
4 20 25 1020.451504053081 3.074488407758902e-11 1
4 20 26 1026.0006373538608 3.518098562398329e-11 1
4 20 27 1036.1449244632308 4.5826023584911396e-11 1
4 21 11 970.189358056981 1.9074575773860805e-11 1
4 21 12 976.327419580421 1.91218879265004e-11 1
4 21 13 983.169765771831 1.8789733029720065e-11 1
4 21 14 987.837368310891 1.8010091103290164e-11 1
4 21 15 991.106167139021 1.7607359325968274e-11 1
4 21 16 995.669338525731 1.718508262664109e-11 1
4 21 17 999.099209131201 1.696832305820207e-11 1
4 21 18 1002.191250146831 1.6881594372801875e-11 1
