6 55 104 963.9442948272346 1.5948830593746977e-11 1
6 55 105 984.5460404327046 1.5515957230795964e-11 1
6 55 106 1008.0393265655146 1.5391139532506605e-11 1
6 55 107 1000.9960526397346 1.537143009935029e-11 1
6 56 79 943.5677079131746 1.9224198535674538e-11 1
6 56 80 943.5677079131746 1.9136398023699248e-11 1
6 56 81 946.5539139678646 1.9050903394055262e-11 1
6 56 82 949.3617142608346 1.8967817993001293e-11 1
6 56 83 951.3599442413046 1.888767451398516e-11 1
6 56 84 958.2759598663046 1.8810338331618962e-11 1
6 56 85 958.2759598663046 1.873598161632089e-11 1
6 56 86 961.2892655303646 1.8664827624221123e-11 1
6 56 87 965.6192215850546 1.8596995626555464e-11 1
6 56 88 970.4974564483346 1.8532434661406764e-11 1
6 56 89 980.1779374053646 1.8471394744736877e-11 1
6 56 90 980.1779374053646 1.8413750150456002e-11 1
6 56 91 983.8420609405146 1.835953363943053e-11 1
6 56 92 987.0268143584846 1.8308789383961913e-11 1
6 56 93 990.2614945342646 1.826142405662627e-11 1
6 56 94 995.2437943389546 1.8217226313569886e-11 1
6 56 95 995.2437943389546 1.8175988725707517e-11 1
6 56 96 997.4566239288046 1.8137613248881056e-11 1
6 56 97 999.7128495147346 1.8101826364244083e-11 1
6 56 98 1000.0881546905146 1.8060144434593378e-11 1
6 56 99 1001.0500077178646 1.80027735851613e-11 1
6 56 100 1002.5603226592646 1.79200698744298e-11 1
6 56 101 1004.0663651397346 1.7770977948788172e-11 1
6 56 102 1006.9566239288046 1.741711457506789e-11 1
6 56 103 1009.8963822295846 1.6764812720956176e-11 1
6 56 104 1012.2963456084846 1.6047177762356847e-11 1
6 56 105 1016.6884964873946 1.5558752118567038e-11 1
6 57 32 959.9577835967646 2.1578257337981045e-11 1
6 57 33 962.2346390655146 2.150449745694189e-11 1
6 57 34 960.9359330108346 2.145783283946e-11 1
6 57 35 960.9359330108346 2.142228225029523e-11 1
6 57 36 958.6467484405146 2.1388170124577808e-11 1
6 57 37 957.5926712920846 2.1355348534898063e-11 1
6 57 38 960.4621781280146 2.132438497095449e-11 1
6 57 39 961.6212357452046 2.1294870730530583e-11 1
6 57 40 961.6212357452046 2.1266808368320424e-11 1
6 57 41 961.4483841827046 2.124070358892106e-11 1
6 57 42 960.9268387725546 2.121614644603715e-11 1
6 57 43 959.3752030303646 2.119319629358966e-11 1
6 57 44 962.4863480498946 2.117209075845474e-11 1
6 57 45 962.4863480498946 2.11524383402279e-11 1
6 57 46 964.1883133819246 2.113421584946514e-11 1
6 57 47 963.3848465850546 2.111712353222825e-11 1
6 57 48 959.4833573272346 2.110081554842719e-11 1
6 57 49 962.1344803741146 2.108505049487258e-11 1
6 57 50 962.1344803741146 2.1069430000893793e-11 1
6 57 51 964.5478714873946 2.105305373956626e-11 1
6 57 52 967.9816483428646 2.1035800696031858e-11 1
6 57 53 970.9098709991146 2.101711131375225e-11 1
6 57 54 971.1450394561446 2.0995105759224197e-11 1
6 57 55 971.1450394561446 2.096823567679889e-11 1
6 57 56 972.2047928741146 2.093526639953873e-11 1
6 57 57 972.0445755889546 2.0896368757282708e-11 1
6 57 58 973.3470658233346 2.0851611266942135e-11 1
6 57 59 974.3587845733346 2.080138544706949e-11 1
6 57 60 974.3587845733346 2.0745978711045157e-11 1
6 57 61 975.6076249053646 2.068585599964501e-11 1
6 57 62 976.2721146514546 2.0621287280447957e-11 1
6 57 63 977.3980301788046 2.0552445141949216e-11 1
6 57 64 981.1092728545846 2.0480248789995575e-11 1
6 57 65 981.1092728545846 2.0404524010683544e-11 1
6 57 66 982.9972733428646 2.032630593691193e-11 1
6 57 67 983.7099808623946 2.02452669273457e-11 1
6 57 68 984.3605545928646 2.016239662265706e-11 1
6 57 69 984.1297806670846 2.0078130565728625e-11 1
6 57 70 984.1297806670846 1.999227832496595e-11 1
6 57 71 983.0969437530146 1.9905319391323423e-11 1
6 57 72 981.5001419952046 1.9818284302608948e-11 1
6 57 73 979.1515702178646 1.9730884895454555e-11 1
6 57 74 976.9096268584846 1.964354158648789e-11 1
6 57 75 976.9096268584846 1.9556342392062637e-11 1
6 57 76 978.3869828155146 1.9470186750969176e-11 1
6 57 77 977.6877030303646 1.938502667521068e-11 1
6 57 78 976.5966996123946 1.9301436631039005e-11 1
6 57 79 981.9860428741146 1.921887970069212e-11 1
6 57 80 981.9860428741146 1.9138538028456012e-11 1
6 57 81 984.2297562530146 1.9059647352308046e-11 1
6 57 82 987.3058060577046 1.8963906768507707e-11 1
6 57 83 989.4972123077046 1.888957456087118e-11 1
6 57 84 994.7001542022346 1.8817859623521877e-11 1
6 57 85 994.7001542022346 1.874880023527558e-11 1
6 57 86 995.8922928741146 1.8682509093811647e-11 1
6 57 87 996.5761307647346 1.861911277382051e-11 1
6 57 88 997.5535477569246 1.8558730611823738e-11 1
6 57 89 998.4773148467646 1.8558730611823738e-11 1
6 57 90 998.4773148467646 1.8437172779287678e-11 1
6 57 91 999.6158646514546 1.8385227406938076e-11 1
6 58 24 955.5506791045846 2.386018331587628e-11 1
6 58 25 956.8569535186446 2.3564554038835564e-11 1
6 58 26 959.9097489288046 2.320291744451702e-11 1
6 58 27 963.5348709991146 2.279514694740835e-11 1
6 58 28 967.5535477569246 2.2368287455648365e-11 1
6 58 29 969.3930863311446 2.196721571016403e-11 1
6 58 30 972.6880692413046 2.1673768315776346e-11 1
6 58 31 974.6020096709846 2.14994500310011e-11 1
6 58 32 975.2203568389546 2.1394503475326868e-11 1
6 58 33 976.9033402373946 2.132976523913669e-11 1
6 58 34 977.4632767608346 2.128899671677164e-11 1
6 58 35 977.4632767608346 2.1266301563139222e-11 1
6 58 36 977.6170243194246 2.1236270030112594e-11 1
6 58 37 978.0145462920846 2.1207558428706692e-11 1
6 58 38 979.2644852569246 2.1180046880761307e-11 1
6 58 39 979.5067948272346 2.1153726352715395e-11 1
6 58 40 979.5067948272346 2.1128697223795288e-11 1
6 58 41 979.8543900420846 2.1128697223795288e-11 1
6 58 42 980.3800248077046 2.109971851373463e-11 1
6 58 43 980.9315995147346 2.107781288102103e-11 1
6 59 24 956.4729813506746 2.3491138131591726e-11 1
6 59 25 958.6170243194246 2.324284008382704e-11 1
6 59 26 961.0454300811446 2.294209550361443e-11 1
