3 98 267 972.4008707472262 1.3008478458616857e-10 1
3 98 268 992.1201700636262 1.1932245759540626e-10 1
3 98 269 1014.4071573683162 1.2705867499591648e-10 1
3 98 270 1008.5701822706562 1.6910120221127004e-10 1
3 99 206 951.1418375440962 1.1546178451676919e-10 1
3 99 207 951.1418375440962 1.1589315955349976e-10 1
3 99 208 951.1418375440962 1.1630712418426423e-10 1
3 99 209 951.1418375440962 1.1672405673865577e-10 1
3 99 210 954.1280435987862 1.171393618417115e-10 1
3 99 211 954.1280435987862 1.1752089963957373e-10 1
3 99 212 954.1280435987862 1.179049309935191e-10 1
3 99 213 954.1280435987862 1.182917208914703e-10 1
3 99 214 956.9358438917562 1.186507919391163e-10 1
3 99 215 956.9358438917562 1.1900182286706076e-10 1
3 99 216 956.9358438917562 1.1935493702342845e-10 1
3 99 217 956.9358438917562 1.196929472266992e-10 1
3 99 218 956.9358438917562 1.200096871702103e-10 1
3 99 219 958.9340738722262 1.203281079208776e-10 1
3 99 220 958.9340738722262 1.2064453152284202e-10 1
3 99 221 958.9340738722262 1.209268269679086e-10 1
3 99 222 958.9340738722262 1.2121044659439415e-10 1
3 99 223 965.8500894972262 1.214953997413402e-10 1
3 99 224 965.8500894972262 1.2175210164589174e-10 1
3 99 225 965.8500894972262 1.220010678863726e-10 1
3 99 226 965.8500894972262 1.2225105441639028e-10 1
3 99 227 968.8633951612862 1.2248692530820459e-10 1
3 99 228 968.8633951612862 1.2270297995130627e-10 1
3 99 229 968.8633951612862 1.2291963591034491e-10 1
3 99 230 968.8633951612862 1.2313385176632579e-10 1
3 99 231 973.1933512159762 1.233177740309194e-10 1
3 99 232 973.1933512159762 1.235022465585274e-10 1
3 99 233 973.1933512159762 1.2368785020404243e-10 1
3 99 234 973.1933512159762 1.2385263183694656e-10 1
3 99 235 978.0715860792562 1.2400811508832518e-10 1
3 99 236 978.0715860792562 1.241639892143797e-10 1
3 99 237 978.0715860792562 1.2430863462356169e-10 1
3 99 238 978.0715860792562 1.2443800481086801e-10 1
3 99 239 987.7520670362862 1.2456764455437546e-10 1
3 99 240 987.7520670362862 1.246983910063359e-10 1
3 99 241 987.7520670362862 1.2480518244228492e-10 1
3 99 242 987.7520670362862 1.249121569469293e-10 1
3 99 243 987.7520670362862 1.2502196516147748e-10 1
3 99 244 991.4161905714362 1.2511879056883623e-10 1
3 99 245 991.4161905714362 1.2520222442076652e-10 1
3 99 246 991.4161905714362 1.252857696205245e-10 1
3 99 247 991.4161905714362 1.2536487718396844e-10 1
3 99 248 994.6009439894062 1.254298856313547e-10 1
3 99 249 994.6009439894062 1.2549127532669332e-10 1
3 99 250 994.6009439894062 1.255507805249834e-10 1
3 99 251 994.6009439894062 1.2559156263133385e-10 1
3 99 252 997.8356241651862 1.2563237124043707e-10 1
3 99 253 997.8356241651862 1.2567915957787715e-10 1
3 99 254 997.8356241651862 1.257176906216789e-10 1
3 99 255 997.8356241651862 1.2574081046233398e-10 1
3 99 256 1002.8179239698762 1.257639388081625e-10 1
3 99 257 1002.8179239698762 1.2578453829493481e-10 1
3 99 258 1002.8179239698762 1.2579884593003943e-10 1
3 99 259 1005.0307535597262 1.2581579011844608e-10 1
3 99 260 1005.0307535597262 1.2581582563846654e-10 1
3 99 261 1007.2869791456562 1.2578432138541148e-10 1
3 99 262 1008.6241373487862 1.2571675366281306e-10 1
3 99 263 1009.7430338331562 1.2576868016860837e-10 1
3 99 264 1011.6404947706562 1.2686519989842164e-10 1
3 99 265 1014.5307535597262 1.3107624407839333e-10 1
3 99 266 1017.4705118605062 1.3268132564080683e-10 1
3 99 267 1019.5331949659762 1.2499022560263224e-10 1
3 99 268 1024.2626261183161 1.1289227896464085e-10 1
3 100 43 967.3343424269062 9.20307505638905e-11 1
3 100 44 967.5319132276862 9.202700789361159e-11 1
3 100 45 967.5319132276862 9.201939063792692e-11 1
3 100 46 967.5319132276862 9.200895915530837e-11 1
3 100 47 967.5319132276862 9.197746396964252e-11 1
3 100 48 969.9755777784762 9.194745238606351e-11 1
3 100 49 969.9755777784762 9.192241974031348e-11 1
3 100 50 969.9755777784762 9.189576359432864e-11 1
3 100 51 969.9755777784762 9.1853337398168e-11 1
3 100 52 969.8087686964362 9.18109503583604e-11 1
3 100 53 969.8087686964362 9.176007439047549e-11 1
3 100 54 969.8087686964362 9.168533053420357e-11 1
3 100 55 969.8087686964362 9.162453315984865e-11 1
3 100 56 968.5100626417562 9.156381636264314e-11 1
3 100 57 968.5100626417562 9.149378993670739e-11 1
3 100 58 968.5100626417562 9.141130410742316e-11 1
3 100 59 968.5100626417562 9.132896687365594e-11 1
3 100 60 966.2208780714362 9.123012778722029e-11 1
3 100 61 966.2208780714362 9.112100849218794e-11 1
3 100 62 966.2208780714362 9.101214991795041e-11 1
3 100 63 966.2208780714362 9.089595926776974e-11 1
3 100 64 965.1668009230062 9.075399593526325e-11 1
3 100 65 965.1668009230062 9.062016037789816e-11 1
3 100 66 965.1668009230062 9.048671897574906e-11 1
3 100 67 965.1668009230062 9.034280638462287e-11 1
3 100 68 965.1668009230062 9.018483693255128e-11 1
3 100 69 968.0363077589362 9.002741895305121e-11 1
3 100 70 968.0363077589362 8.985848547027302e-11 1
3 100 71 968.0363077589362 8.967869146550803e-11 1
3 100 72 968.0363077589362 8.949961550831875e-11 1
3 100 73 969.1953653761262 8.931599796959878e-11 1
3 100 74 969.1953653761262 8.911767160419555e-11 1
3 100 75 969.1953653761262 8.892449870721015e-11 1
3 100 76 969.1953653761262 8.87321614482335e-11 1
3 100 77 969.0225138136262 8.853726622797459e-11 1
3 100 78 969.0225138136262 8.833870323190186e-11 1
3 100 79 969.0225138136262 8.814102887943014e-11 1
3 100 80 969.0225138136262 8.794055289590936e-11 1
3 100 81 968.5009684034762 8.77397558097687e-11 1
3 100 82 968.5009684034762 8.753987360568557e-11 1
3 100 83 968.5009684034762 8.734175651935977e-11 1
3 100 84 968.5009684034762 8.714979327052493e-11 1
3 100 85 966.9493326612862 8.695286391019452e-11 1
3 100 86 966.9493326612862 8.675682253219042e-11 1
3 100 87 966.9493326612862 8.656381734291715e-11 1
3 100 88 966.9493326612862 8.637454436079603e-11 1
3 100 89 970.0604776808162 8.618609726883344e-11 1
3 100 90 970.0604776808162 8.600796033546751e-11 1
3 100 91 970.0604776808162 8.583304791424611e-11 1
3 100 92 970.0604776808162 8.565192363380295e-11 1
3 100 93 970.0604776808162 8.547156215800278e-11 1
3 100 94 971.7624430128462 8.530420116312333e-11 1
3 100 95 971.7624430128462 8.513155281180936e-11 1
3 100 96 971.7624430128462 8.495960189970546e-11 1
3 100 97 971.7624430128462 8.479398959020542e-11 1
3 100 98 970.9589762159762 8.46308268070506e-11 1
3 100 99 970.9589762159762 8.446569127646752e-11 1
3 100 100 970.9589762159762 8.430155022764318e-11 1
3 100 101 970.9589762159762 8.41414227826948e-11 1
3 100 102 967.0574869581562 8.398190249591188e-11 1
3 100 103 967.0574869581562 8.38275986009926e-11 1
3 100 104 967.0574869581562 8.367865429963788e-11 1
3 100 105 967.0574869581562 8.353030334882028e-11 1
3 100 106 969.7086100050362 8.338339279991681e-11 1
3 100 107 969.7086100050362 8.3245091973513e-11 1
3 100 108 969.7086100050362 8.311216787047582e-11 1
3 100 109 969.7086100050362 8.297974645166156e-11 1
3 100 110 972.1220011183162 8.284982488123168e-11 1
3 100 111 972.1220011183162 8.274030940741684e-11 1
3 100 112 972.1220011183162 8.26310830785965e-11 1
3 100 113 972.1220011183162 8.252022557601672e-11 1
3 100 114 975.5557779737862 8.243838522263838e-11 1
3 100 115 975.5557779737862 8.236633522429471e-11 1
3 100 116 975.5557779737862 8.229322143959495e-11 1
3 100 117 975.5557779737862 8.223739041203815e-11 1
3 100 118 975.5557779737862 8.221533452288715e-11 1
3 100 119 978.4840006300362 8.2194562286491e-11 1
3 100 120 978.4840006300362 8.217836499519407e-11 1
3 100 121 978.4840006300362 8.220622802457092e-11 1
3 100 122 978.4840006300362 8.22341099545851e-11 1
3 100 123 978.7191690870662 8.226926012188892e-11 1
3 100 124 978.7191690870662 8.23466775610226e-11 1
3 100 125 978.7191690870662 8.241793133299625e-11 1
3 100 126 978.7191690870662 8.248930852214103e-11 1
3 100 127 979.7789225050362 8.258878015655877e-11 1
3 100 128 979.7789225050362 8.271517519253091e-11 1
3 100 129 979.7789225050362 8.283696700619482e-11 1
3 100 130 979.7789225050362 8.296343136415299e-11 1
3 100 131 979.6187052198762 8.313205526269363e-11 1
3 100 132 979.6187052198762 8.330136601636516e-11 1
3 100 133 979.6187052198762 8.347960629369358e-11 1
3 100 134 979.6187052198762 8.368765066491402e-11 1
3 100 135 980.9211954542562 8.390331183700484e-11 1
3 100 136 980.9211954542562 8.412234868738978e-11 1
3 100 137 980.9211954542562 8.436822662109232e-11 1
3 100 138 980.9211954542562 8.462828564279711e-11 1
3 100 139 981.9329142042562 8.488690957279861e-11 1
3 100 140 981.9329142042562 8.515041161373065e-11 1
3 100 141 981.9329142042562 8.544462807641195e-11 1
3 100 142 981.9329142042562 8.573553659692026e-11 1
3 100 143 981.9329142042562 8.602843276442124e-11 1
3 100 144 983.1817545362862 8.633673911862984e-11 1
3 100 145 983.1817545362862 8.665151359521594e-11 1
3 100 146 983.1817545362862 8.696972932253643e-11 1
3 100 147 983.1817545362862 8.7297951545613e-11 1
3 100 148 983.8462442823762 8.763129808349901e-11 1
3 100 149 983.8462442823762 8.796720014185939e-11 1
3 100 150 983.8462442823762 8.831089430653569e-11 1
3 100 151 983.8462442823762 8.866217007725847e-11 1
3 100 152 984.9721598097262 8.901318171193336e-11 1
3 100 153 984.9721598097262 8.936698368861802e-11 1
3 100 154 984.9721598097262 8.972544528405388e-11 1
3 100 155 984.9721598097262 9.00873767539317e-11 1
3 100 156 988.6834024855062 9.04528567773937e-11 1
3 100 157 988.6834024855062 9.082412948766096e-11 1
3 100 158 988.6834024855062 9.119401238263407e-11 1
3 100 159 988.6834024855062 9.1565053836632e-11 1
3 100 160 990.5714029737862 9.193886170717465e-11 1
3 100 161 990.5714029737862 9.231315382129577e-11 1
3 100 162 990.5714029737862 9.269050595278617e-11 1
3 100 163 990.5714029737862 9.307729750609857e-11 1
3 100 164 991.2841104933162 9.348149477259774e-11 1
3 100 165 991.2841104933162 9.387110095793535e-11 1
3 100 166 991.2841104933162 9.426396828625666e-11 1
3 100 167 991.2841104933162 9.467680642162521e-11 1
3 100 168 991.2841104933162 9.509578205609993e-11 1
3 100 169 991.9346842237862 9.550928135495399e-11 1
3 100 170 991.9346842237862 9.592775102365627e-11 1
3 100 171 991.9346842237862 9.636313221368083e-11 1
3 100 172 991.9346842237862 9.680248349641424e-11 1
3 100 173 991.7039102980062 9.725988070533072e-11 1
3 100 174 991.7039102980062 9.772076919029145e-11 1
3 100 175 991.7039102980062 9.818128661192894e-11 1
3 100 176 991.7039102980062 9.864891349884558e-11 1
3 100 177 990.6710733839362 9.912507614939855e-11 1
3 100 178 990.6710733839362 9.959163087935352e-11 1
3 100 179 990.6710733839362 1.0006213241943464e-10 1
3 100 180 990.6710733839362 1.0053478715057936e-10 1
3 100 181 989.0742716261262 1.0098939708880203e-10 1
3 100 182 989.0742716261262 1.0144813711954996e-10 1
3 100 183 989.0742716261262 1.0191008811643781e-10 1
3 100 184 989.0742716261262 1.0235434219860352e-10 1
3 100 185 986.7256998487862 1.0279583809382575e-10 1
3 100 186 986.7256998487862 1.032416935583287e-10 1
3 100 187 986.7256998487862 1.0368172331415069e-10 1
3 100 188 986.7256998487862 1.0410876494382545e-10 1
3 100 189 984.4837564894062 1.0453933889863127e-10 1
3 100 190 984.4837564894062 1.0497863069209667e-10 1
3 100 191 984.4837564894062 1.0539960721590482e-10 1
3 100 192 984.4837564894062 1.0581826077547749e-10 1
3 100 193 984.4837564894062 1.0624025343222549e-10 1
3 100 194 985.9611124464362 1.0665472895372812e-10 1
3 100 195 985.9611124464362 1.0705937122241767e-10 1
3 100 196 985.9611124464362 1.0746709556606298e-10 1
3 100 197 985.9611124464362 1.0787196317038584e-10 1
3 100 198 985.2618326612862 1.0826339753534171e-10 1
3 100 199 985.2618326612862 1.0865382102306439e-10 1
3 100 200 985.2618326612862 1.0904468112112824e-10 1
3 100 201 985.2618326612862 1.09415144314072e-10 1
3 100 202 984.1708292433162 1.0978813327586805e-10 1
3 100 203 984.1708292433162 1.1017073737697592e-10 1
3 100 204 984.1708292433162 1.1054294180920038e-10 1
3 100 205 984.1708292433162 1.1089689758045634e-10 1
3 100 206 989.5601725050362 1.1125312734828034e-10 1
3 100 207 989.5601725050362 1.1159988714970227e-10 1
3 100 208 989.5601725050362 1.1193294652676623e-10 1
3 100 209 989.5601725050362 1.1226799982332717e-10 1
3 100 210 991.8038858839362 1.1261146918859143e-10 1
3 100 211 991.8038858839362 1.1292433592296504e-10 1
3 100 212 991.8038858839362 1.132311910500452e-10 1
3 100 213 991.8038858839362 1.1353971838766267e-10 1
3 100 214 994.8799356886262 1.134203854174739e-10 1
3 100 215 994.8799356886262 1.134203854174739e-10 1
3 100 216 994.8799356886262 1.1526542213216281e-10 1
3 100 217 994.8799356886262 1.1526542213216281e-10 1
3 100 218 994.8799356886262 1.1526542213216281e-10 1
3 100 219 997.0713419386262 1.1612209333744557e-10 1
3 100 220 997.0713419386262 1.1612209333744557e-10 1
3 100 221 997.0713419386262 1.1612209333744557e-10 1
3 100 222 997.0713419386262 1.1685318731439028e-10 1
3 100 223 1002.2742838331562 1.1685318731439028e-10 1
3 100 224 1002.2742838331562 1.1685318731439028e-10 1
3 100 225 1002.2742838331562 1.1746918575837356e-10 1
3 100 226 1002.2742838331562 1.1746918575837356e-10 1
3 100 227 1003.4664225050362 1.1746918575837356e-10 1
3 100 228 1003.4664225050362 1.1746918575837356e-10 1
3 100 229 1003.4664225050362 1.1798711136276108e-10 1
3 100 230 1003.4664225050362 1.1798711136276108e-10 1
3 100 231 1004.1502603956562 1.1798711136276108e-10 1
3 100 232 1004.1502603956562 1.1841679691381569e-10 1
3 100 233 1004.1502603956562 1.1841679691381569e-10 1
3 100 234 1004.1502603956562 1.1841679691381569e-10 1
3 100 235 1005.1276773878462 1.1875959861372035e-10 1
3 100 236 1005.1276773878462 1.1875959861372035e-10 1
3 100 237 1005.1276773878462 1.1875959861372035e-10 1
3 100 238 1005.1276773878462 1.1875959861372035e-10 1
3 100 239 1006.0514444776862 1.1875959861372035e-10 1
3 100 240 1006.0514444776862 1.1875959861372035e-10 1
3 100 241 1006.0514444776862 1.1875959861372035e-10 1
3 100 242 1006.0514444776862 1.1875959861372035e-10 1
3 100 243 1006.0514444776862 1.2076016845541178e-10 1
3 100 244 1007.1899942823762 1.2076016845541178e-10 1
3 100 245 1007.1899942823762 1.2094279872147872e-10 1
3 100 246 1007.1899942823762 1.2094279872147872e-10 1
3 101 24 963.1248087355062 9.849946768491547e-11 1
3 101 25 964.4310831495662 1.0069703659704535e-10 1
3 101 26 967.4838785597262 1.0160733099324496e-10 1
3 101 27 971.1090006300362 1.0079146073551606e-10 1
3 101 28 975.1276773878462 9.708924198997966e-11 1
3 101 29 976.6978678175362 9.272402737842754e-11 1
3 101 30 978.5779947706562 9.107504590515298e-11 1
3 101 31 980.2621988722262 9.072130663203921e-11 1
3 101 32 980.5117716261262 9.078214572023811e-11 1
3 101 33 980.9396280714362 9.091199827793327e-11 1
3 101 34 981.2768473097262 9.099599949874331e-11 1
3 101 35 982.1761393019062 9.104227006436372e-11 1
3 101 36 982.1761393019062 9.106712927581821e-11 1
3 101 37 982.1761393019062 9.108264553100395e-11 1
3 101 38 982.1761393019062 9.109229253168503e-11 1
3 101 39 982.5536417433162 9.110194157610275e-11 1
3 101 40 982.5536417433162 9.111405234901137e-11 1
3 101 41 982.5536417433162 9.11156104777337e-11 1
3 101 42 982.5536417433162 9.111716865974738e-11 1
3 101 43 982.5536417433162 9.11199729612475e-11 1
3 101 44 982.7944864698762 9.11201763781948e-11 1
3 101 45 982.7944864698762 9.111645178580998e-11 1
3 101 46 982.7944864698762 9.111272749790242e-11 1
3 101 47 982.7944864698762 9.11091333876787e-11 1
3 101 48 983.0227579542562 9.110314161522174e-11 1
3 101 49 983.0227579542562 9.109598042440075e-11 1
3 101 50 983.0227579542562 9.108896658434942e-11 1
3 101 51 983.0227579542562 9.108237001691249e-11 1
3 101 52 984.4774698683162 9.107395909514158e-11 1
3 101 53 984.4774698683162 9.106554972662589e-11 1
3 101 54 984.4774698683162 9.105171517582559e-11 1
3 101 55 984.4774698683162 9.10361770951049e-11 1
3 101 56 985.0374063917562 9.102121502654168e-11 1
3 101 57 985.0374063917562 9.100272589153181e-11 1
3 101 58 985.0374063917562 9.093595936078081e-11 1
3 101 59 985.0374063917562 9.093595936078081e-11 1
3 101 60 985.1911539503462 9.119923740872182e-11 1
3 101 61 985.1911539503462 9.119923740872182e-11 1
3 101 62 985.1911539503462 9.104979007532319e-11 1
3 101 63 985.1911539503462 9.104979007532319e-11 1
3 101 64 985.5886759230062 9.104979007532319e-11 1
3 101 65 985.5886759230062 9.08554016098168e-11 1
3 101 66 985.5886759230062 9.08554016098168e-11 1
3 101 67 985.5886759230062 9.08554016098168e-11 1
3 101 68 985.5886759230062 9.08554016098168e-11 1
3 101 69 986.8386148878462 9.06279278002368e-11 1
3 101 70 986.8386148878462 9.06279278002368e-11 1
3 101 71 986.8386148878462 9.06279278002368e-11 1
3 101 72 986.8386148878462 9.037709295935844e-11 1
3 101 73 987.0809244581562 9.037709295935844e-11 1
3 101 74 987.0809244581562 9.037709295935844e-11 1
3 101 75 987.0809244581562 9.011543565098674e-11 1
3 101 76 987.0809244581562 9.011543565098674e-11 1
3 101 77 987.4285196730062 9.011543565098674e-11 1
3 101 78 987.4285196730062 9.011543565098674e-11 1
3 101 79 987.4285196730062 8.944641247357788e-11 1
3 101 80 987.4285196730062 8.944641247357788e-11 1
3 101 81 987.9541544386262 8.944641247357788e-11 1
3 101 82 987.9541544386262 8.944641247357788e-11 1
3 101 83 987.9541544386262 9.02018241039616e-11 1
3 101 84 987.9541544386262 9.02018241039616e-11 1
3 101 85 988.5057291456562 9.052946531310568e-11 1
3 101 86 988.5057291456562 8.901052259863657e-11 1
3 102 24 964.0471109815962 9.942954242019663e-11 1
3 102 25 966.1911539503462 1.0188492395087497e-10 1
3 102 26 968.6195597120662 1.0129407446047244e-10 1
