6 55 104 971.5595882061504 1.5948830593746977e-11 1
6 55 105 992.1613338116204 1.5515957230795964e-11 1
6 55 106 1015.6546199444304 1.5391139532506605e-11 1
6 55 107 1008.6113460186504 1.537143009935029e-11 1
6 56 79 951.1830012920904 1.9224198535674538e-11 1
6 56 80 951.1830012920904 1.9136398023699248e-11 1
6 56 81 954.1692073467804 1.9050903394055262e-11 1
6 56 82 956.9770076397504 1.8967817993001293e-11 1
6 56 83 958.9752376202204 1.888767451398516e-11 1
6 56 84 965.8912532452204 1.8810338331618962e-11 1
6 56 85 965.8912532452204 1.873598161632089e-11 1
6 56 86 968.9045589092804 1.8664827624221123e-11 1
6 56 87 973.2345149639704 1.8596995626555464e-11 1
6 56 88 978.1127498272504 1.8532434661406764e-11 1
6 56 89 987.7932307842804 1.8471394744736877e-11 1
6 56 90 987.7932307842804 1.8413750150456002e-11 1
6 56 91 991.4573543194304 1.835953363943053e-11 1
6 56 92 994.6421077374004 1.8308789383961913e-11 1
6 56 93 997.8767879131804 1.826142405662627e-11 1
6 56 94 1002.8590877178704 1.8217226313569886e-11 1
6 56 95 1002.8590877178704 1.8175988725707517e-11 1
6 56 96 1005.0719173077204 1.8137613248881056e-11 1
6 56 97 1007.3281428936504 1.8101826364244083e-11 1
6 56 98 1007.7034480694304 1.8060144434593378e-11 1
6 56 99 1008.6653010967804 1.80027735851613e-11 1
6 56 100 1010.1756160381804 1.79200698744298e-11 1
6 56 101 1011.6816585186504 1.7770977948788172e-11 1
6 56 102 1014.5719173077204 1.741711457506789e-11 1
6 56 103 1017.5116756085004 1.6764812720956176e-11 1
6 56 104 1019.9116389874004 1.6047177762356847e-11 1
6 56 105 1024.3037898663104 1.5558752118567038e-11 1
6 57 32 967.5730769756804 2.1578257337981045e-11 1
6 57 33 969.8499324444304 2.150449745694189e-11 1
6 57 34 968.5512263897504 2.145783283946e-11 1
6 57 35 968.5512263897504 2.142228225029523e-11 1
6 57 36 966.2620418194304 2.1388170124577808e-11 1
6 57 37 965.2079646710004 2.1355348534898063e-11 1
6 57 38 968.0774715069304 2.132438497095449e-11 1
6 57 39 969.2365291241204 2.1294870730530583e-11 1
6 57 40 969.2365291241204 2.1266808368320424e-11 1
6 57 41 969.0636775616204 2.124070358892106e-11 1
6 57 42 968.5421321514704 2.121614644603715e-11 1
6 57 43 966.9904964092804 2.119319629358966e-11 1
6 57 44 970.1016414288104 2.117209075845474e-11 1
6 57 45 970.1016414288104 2.11524383402279e-11 1
6 57 46 971.8036067608404 2.113421584946514e-11 1
6 57 47 971.0001399639704 2.111712353222825e-11 1
6 57 48 967.0986507061504 2.110081554842719e-11 1
6 57 49 969.7497737530304 2.108505049487258e-11 1
6 57 50 969.7497737530304 2.1069430000893793e-11 1
6 57 51 972.1631648663104 2.105305373956626e-11 1
6 57 52 975.5969417217804 2.1035800696031858e-11 1
6 57 53 978.5251643780304 2.101711131375225e-11 1
6 57 54 978.7603328350604 2.0995105759224197e-11 1
6 57 55 978.7603328350604 2.096823567679889e-11 1
6 57 56 979.8200862530304 2.093526639953873e-11 1
6 57 57 979.6598689678704 2.0896368757282708e-11 1
6 57 58 980.9623592022504 2.0851611266942135e-11 1
6 57 59 981.9740779522504 2.080138544706949e-11 1
6 57 60 981.9740779522504 2.0745978711045157e-11 1
6 57 61 983.2229182842804 2.068585599964501e-11 1
6 57 62 983.8874080303704 2.0621287280447957e-11 1
6 57 63 985.0133235577204 2.0552445141949216e-11 1
6 57 64 988.7245662335004 2.0480248789995575e-11 1
6 57 65 988.7245662335004 2.0404524010683544e-11 1
6 57 66 990.6125667217804 2.032630593691193e-11 1
6 57 67 991.3252742413104 2.02452669273457e-11 1
6 57 68 991.9758479717804 2.016239662265706e-11 1
6 57 69 991.7450740460004 2.0078130565728625e-11 1
6 57 70 991.7450740460004 1.999227832496595e-11 1
6 57 71 990.7122371319304 1.9905319391323423e-11 1
6 57 72 989.1154353741204 1.9818284302608948e-11 1
6 57 73 986.7668635967804 1.9730884895454555e-11 1
6 57 74 984.5249202374004 1.964354158648789e-11 1
6 57 75 984.5249202374004 1.9556342392062637e-11 1
6 57 76 986.0022761944304 1.9470186750969176e-11 1
6 57 77 985.3029964092804 1.938502667521068e-11 1
6 57 78 984.2119929913104 1.9301436631039005e-11 1
6 57 79 989.6013362530304 1.921887970069212e-11 1
6 57 80 989.6013362530304 1.9138538028456012e-11 1
6 57 81 991.8450496319304 1.9059647352308046e-11 1
6 57 82 994.9210994366204 1.8963906768507707e-11 1
6 57 83 997.1125056866204 1.888957456087118e-11 1
6 57 84 1002.3154475811504 1.8817859623521877e-11 1
6 57 85 1002.3154475811504 1.874880023527558e-11 1
6 57 86 1003.5075862530304 1.8682509093811647e-11 1
6 57 87 1004.1914241436504 1.861911277382051e-11 1
6 57 88 1005.1688411358404 1.8558730611823738e-11 1
6 57 89 1006.0926082256804 1.8558730611823738e-11 1
6 57 90 1006.0926082256804 1.8437172779287678e-11 1
6 57 91 1007.2311580303704 1.8385227406938076e-11 1
6 58 24 963.1659724835004 2.386018331587628e-11 1
6 58 25 964.4722468975604 2.3564554038835564e-11 1
6 58 26 967.5250423077204 2.320291744451702e-11 1
6 58 27 971.1501643780304 2.279514694740835e-11 1
6 58 28 975.1688411358404 2.2368287455648365e-11 1
6 58 29 977.0083797100604 2.196721571016403e-11 1
6 58 30 980.3033626202204 2.1673768315776346e-11 1
6 58 31 982.2173030499004 2.14994500310011e-11 1
6 58 32 982.8356502178704 2.1394503475326868e-11 1
6 58 33 984.5186336163104 2.132976523913669e-11 1
6 58 34 985.0785701397504 2.128899671677164e-11 1
6 58 35 985.0785701397504 2.1266301563139222e-11 1
6 58 36 985.2323176983404 2.1236270030112594e-11 1
6 58 37 985.6298396710004 2.1207558428706692e-11 1
6 58 38 986.8797786358404 2.1180046880761307e-11 1
6 58 39 987.1220882061504 2.1153726352715395e-11 1
6 58 40 987.1220882061504 2.1128697223795288e-11 1
6 58 41 987.4696834210004 2.1128697223795288e-11 1
6 58 42 987.9953181866204 2.109971851373463e-11 1
6 58 43 988.5468928936504 2.107781288102103e-11 1
6 59 24 964.0882747295904 2.3491138131591726e-11 1
6 59 25 966.2323176983404 2.324284008382704e-11 1
6 59 26 968.6607234600604 2.294209550361443e-11 1
