4 19 27 995.8686981765368 5.1003088278201924e-11 1
4 20 17 919.1019135085768 1.8495888104119484e-11 1
4 20 18 926.9802094070068 1.8255565855051855e-11 1
4 20 19 934.4092865554468 1.843397025261293e-11 1
4 20 20 945.7059174148268 1.9627136506441836e-11 1
4 20 21 950.2907562820068 2.19110703301415e-11 1
4 20 22 969.9130707351368 2.4902343258559568e-11 1
4 20 23 998.8852997390368 2.7745815462468485e-11 1
4 20 24 1010.7927094070068 2.946467908827312e-11 1
4 20 25 1014.7914887038868 3.074488407758902e-11 1
4 20 26 1020.3406220046668 3.518098562398329e-11 1
4 20 27 1030.4849091140368 4.5826023584911396e-11 1
4 21 11 964.5293427077868 1.9074575773860805e-11 1
4 21 12 970.6674042312268 1.91218879265004e-11 1
4 21 13 977.5097504226368 1.8789733029720065e-11 1
4 21 14 982.1773529616968 1.8010091103290164e-11 1
4 21 15 985.4461517898268 1.7607359325968274e-11 1
4 21 16 990.0093231765368 1.718508262664109e-11 1
4 21 17 993.4391937820068 1.696832305820207e-11 1
4 21 18 996.5312347976368 1.6881594372801875e-11 1
