2 113 272 1032.404272905359 8.454411023420913e-11 1
2 113 273 1022.9278622498123 9.621629874971682e-11 1
2 113 274 1008.050168757062 9.621629874971682e-11 1
2 114 266 1006.8816512890185 6.642782373579309e-11 1
2 114 267 1013.0075972917148 6.268341116044766e-11 1
2 114 268 1020.1026851473525 5.984726088640311e-11 1
2 114 269 1035.3504338280552 5.835173320064869e-11 1
2 114 270 1039.9575863823447 5.973437253905326e-11 1
2 114 271 1041.343364600096 6.531448132448565e-11 1
2 114 272 1039.7975653317558 7.543363472936246e-11 1
2 114 273 1035.3782671862507 8.080150516474462e-11 1
2 114 274 1023.997211317005 8.080150516474462e-11 1
2 115 260 1032.033024109073 6.282302319949792e-11 1
2 115 261 1033.3619312489764 6.359381653386679e-11 1
2 115 262 1034.7643473345697 6.527582018821457e-11 1
2 115 263 1036.8912074562681 6.727919894355275e-11 1
2 115 264 1037.7086983970532 6.834742241129968e-11 1
2 115 265 1038.3778218614978 6.742996592232429e-11 1
2 115 266 1034.3189120931274 6.456387907107484e-11 1
2 115 267 1041.6808254490743 6.099713760662053e-11 1
2 115 268 1042.733917326671 5.788113116800752e-11 1
2 115 269 1045.6575415003883 5.606064330397174e-11 1
2 116 199 978.4303221573508 5.749030874618514e-11 1
2 116 200 978.8880412872511 5.772327823817095e-11 1
2 116 201 979.3510820099908 5.794109259628406e-11 1
2 116 202 979.9263911904084 5.815880268401228e-11 1
2 116 203 980.513240707494 5.837830302885134e-11 1
2 116 204 981.1000902245955 5.859185261439688e-11 1
2 116 205 981.6869397416906 5.879441028853523e-11 1
2 116 206 982.464052703234 5.899837334396478e-11 1
2 116 207 983.2933679095258 5.91977139835103e-11 1
2 116 208 984.122683115795 5.938280285853853e-11 1
2 116 209 984.9519983221286 5.956905276958562e-11 1
2 116 210 985.734769935611 5.975368715767722e-11 1
2 116 211 986.4887186820032 5.992474826704133e-11 1
2 116 212 987.2426674284367 6.009219389433516e-11 1
2 116 213 987.9966161748291 6.025986365516569e-11 1
2 116 214 988.7582045643697 6.04150672500393e-11 1
2 116 215 989.5291142794803 6.056126647477942e-11 1
2 116 216 990.3000239946089 6.071016614003981e-11 1
2 116 217 991.0709337097195 6.08586059504822e-11 1
2 116 218 991.9988162204495 6.098428080631084e-11 1
2 116 219 993.3238399043091 6.11139771231909e-11 1
2 116 220 994.6488635880662 6.124422627055169e-11 1
2 116 221 995.9738872717359 6.13603558343969e-11 1
2 116 222 997.1898578717112 6.147098103258584e-11 1
2 116 223 997.9894702484189 6.158163183698871e-11 1
2 116 224 998.7460524854818 6.16830896850713e-11 1
2 116 225 999.5026347225357 6.177532759794514e-11 1
2 116 226 1000.3316175153625 6.186877138928655e-11 1
2 116 227 1001.5308286370798 6.196170838560544e-11 1
2 116 228 1002.830113538201 6.203839374871616e-11 1
2 116 229 1004.1293984394229 6.211526916249335e-11 1
2 116 230 1005.4951784137154 6.219207102501381e-11 1
2 116 231 1007.4173044911599 6.225880534375933e-11 1
2 116 232 1009.598240465157 6.231967532672939e-11 1
2 116 233 1011.7791764390373 6.238060794850993e-11 1
2 116 234 1013.940637865771 6.24373438087789e-11 1
2 116 235 1015.4717489377157 6.24844739760803e-11 1
2 116 236 1016.5639166831802 6.253018953530685e-11 1
2 116 237 1017.656084428703 6.25753540809828e-11 1
2 116 238 1018.7482521741966 6.260767077850323e-11 1
2 116 239 1019.591001734299 6.264002087283294e-11 1
2 116 240 1020.1570870940305 6.267426705066069e-11 1
2 116 241 1020.7135372237763 6.269967848558341e-11 1
2 116 242 1021.2699873535366 6.272061462772325e-11 1
2 116 243 1021.9077232527827 6.2742092398068e-11 1
2 116 244 1022.7031603302411 6.276391115931567e-11 1
2 116 245 1023.5097349493052 6.277741832040752e-11 1
2 116 246 1024.316309568348 6.278954386845813e-11 1
2 116 247 1025.1814003380057 6.280147102878783e-11 1
2 116 248 1026.2819149881375 6.280816925664149e-11 1
2 116 249 1027.4050723861237 6.28126118792086e-11 1
2 116 250 1028.5282297841693 6.281705513030173e-11 1
2 116 251 1029.6077310661065 6.281770261619474e-11 1
2 116 252 1029.8595615156594 6.281681750999578e-11 1
2 116 253 1030.0156859143524 6.281624847376856e-11 1
2 116 254 1030.171810313049 6.281611521304087e-11 1
2 116 255 1030.327934711742 6.280941808681549e-11 1
2 116 256 1030.497835865497 6.279721752641975e-11 1
2 116 257 1030.7343975256904 6.277188356404447e-11 1
2 116 258 1031.1583660564495 6.273004571038367e-11 1
2 116 259 1032.4312286890881 6.266927000197749e-11 1
2 116 260 1033.5982528385578 6.267584299690933e-11 1
2 116 261 1035.1131805684947 6.304250998430494e-11 1
2 116 262 1036.5218236196401 6.391522549882335e-11 1
2 116 263 1039.1312056484203 6.558131668982339e-11 1
2 117 121 987.1894150030894 4.114911858786033e-11 1
2 117 122 987.1724306801447 4.122383170702647e-11 1
2 117 123 986.9338526332144 4.1298788632818476e-11 1
2 117 124 986.670869151799 4.1381852808478556e-11 1
2 117 125 986.407885670363 4.147814340564878e-11 1
2 117 126 986.1673898994221 4.157488316124664e-11 1
2 117 127 986.0338361815221 4.167314936926039e-11 1
2 117 128 985.9290440520742 4.1788352502315764e-11 1
2 117 129 985.8242519226407 4.190511514547248e-11 1
2 117 130 985.7741959805579 4.2022532120027676e-11 1
2 117 131 986.1675093543638 4.2150288080239004e-11 1
2 117 132 986.7596926420792 4.2284180656879315e-11 1
2 117 133 987.3518759297835 4.241896724433293e-11 1
2 117 134 987.9353958091191 4.255935489578789e-11 1
2 117 135 988.1832358130002 4.270849194028686e-11 1
2 117 136 988.2115667823798 4.2858677876263714e-11 1
2 117 137 988.2398977517596 4.3009941567502504e-11 1
2 117 138 988.2682287211404 4.317163339890952e-11 1
2 117 139 988.2705164005007 4.333425312111767e-11 1
2 117 140 988.2448035518253 4.349810259364049e-11 1
2 117 141 988.2182398626596 4.3667175144473285e-11 1
2 117 142 988.1916761734947 4.383875874112792e-11 1
2 117 143 988.5491980012139 4.401168385251194e-11 1
2 117 144 989.6503355393045 4.418686959898273e-11 1
2 117 145 990.7940804481808 4.436492689539536e-11 1
2 117 146 991.9378253571235 4.454442501236855e-11 1
2 117 147 993.0823255704562 4.472597259647031e-11 1
2 117 148 994.229971933271 4.4911046025253727e-11 1
2 117 149 995.3778574862542 4.5095744364384036e-11 1
2 117 150 996.5257430392601 4.5281968134417705e-11 1
2 117 151 997.644816645229 4.547161747251144e-11 1
2 117 152 998.0776109490706 4.5663627985913135e-11 1
2 117 153 998.4485798504533 4.5858056425282536e-11 1
2 117 154 998.819548751807 4.60639625622806e-11 1
2 117 155 999.1905176531648 4.627092918383596e-11 1
2 117 156 999.7792469302707 4.6475616938491716e-11 1
2 117 157 1000.4257334396232 4.668307927150704e-11 1
2 117 158 1001.072219948994 4.690910004890216e-11 1
2 117 159 1001.7187064583586 4.712944801749523e-11 1
2 117 160 1002.1407267079073 4.735187585436894e-11 1
2 117 161 1002.4270469004123 4.758186867179649e-11 1
2 117 162 1002.713367092909 4.781633104021788e-11 1
2 117 163 1002.999687285428 4.805395973870838e-11 1
2 117 164 1003.0466767983545 4.829782111612511e-11 1
2 117 165 1002.8082533269012 4.8540111324678963e-11 1
2 117 166 1002.5698298554344 4.8784844729429077e-11 1
2 117 167 1002.3314063839811 4.902966481732043e-11 1
2 117 168 1001.9891370072552 4.9266091189792456e-11 1
2 117 169 1001.3913252557752 4.9507737388935566e-11 1
2 117 170 1000.7935135043124 4.975176578273964e-11 1
2 117 171 1000.1957017528032 4.998752669345271e-11 1
2 117 172 999.5894672636041 5.0223031491211934e-11 1
2 117 173 998.9526289634065 5.0460818893661616e-11 1
2 117 174 998.3125202469457 5.0696408649431265e-11 1
2 117 175 997.6724115305707 5.092683545596178e-11 1
2 117 176 997.0771346329749 5.115936651217625e-11 1
2 117 177 996.7026128262245 5.139473352224097e-11 1
2 117 178 996.3876608195166 5.162351021070071e-11 1
2 117 179 996.0727088128153 5.1852367402240875e-11 1
2 117 180 995.7437934073824 5.208326276744475e-11 1
2 117 181 995.3001276256798 5.230906639842697e-11 1
2 117 182 994.8040064019893 5.2533922237769384e-11 1
2 117 183 994.3078851782933 5.276126558629413e-11 1
2 117 184 993.8205612550295 5.2989000143108806e-11 1
2 117 185 993.6420273575627 5.320935614962373e-11 1
2 117 186 993.6719964225704 5.3431552520635485e-11 1
2 117 187 993.7019654875776 5.36606234177893e-11 1
2 117 188 993.7319345525855 5.3881887852220264e-11 1
2 117 189 993.776114535845 5.409918931399461e-11 1
2 117 190 993.8358043424773 5.4318250592753127e-11 1
2 117 191 993.8960031851462 5.453146996637571e-11 1
2 117 192 993.9562020278104 5.4743268491201855e-11 1
2 117 193 994.0910380212576 5.495787721454552e-11 1
2 117 194 994.3704390775616 5.517797962623594e-11 1
2 117 195 994.659107734415 5.538612698742584e-11 1
2 117 196 994.9477763912763 5.559258775746171e-11 1
2 117 197 995.4122873343465 5.5799941818149386e-11 1
2 117 198 996.596108139042 5.599514841224474e-11 1
2 117 199 997.8418933407708 5.6191725595165656e-11 1
2 117 200 999.0876785424655 5.639335568475138e-11 1
2 117 201 1000.3012128021693 5.658978679890008e-11 1
2 117 202 1000.8343561222019 5.677389991770782e-11 1
2 117 203 1001.2975604703876 5.695895320585901e-11 1
2 117 204 1001.760764818586 5.7138627566963245e-11 1
2 117 205 1002.2239691667793 5.730857993826531e-11 1
2 117 206 1002.985004961131 5.747954633379778e-11 1
2 117 207 1003.8277562425809 5.7659085168459803e-11 1
2 117 208 1004.6705075240079 5.7820993486591146e-11 1
2 117 209 1005.5132588055002 5.7977873463402253e-11 1
2 117 210 1006.3682536496448 5.813560705004541e-11 1
2 117 211 1007.2308305165847 5.828023045403837e-11 1
2 117 212 1008.0934073835718 5.841990857921149e-11 1
2 117 213 1008.9559842505121 5.856160693231488e-11 1
2 117 214 1010.0059645980991 5.870266098032324e-11 1
2 117 215 1011.2846007648379 5.882569159235047e-11 1
2 117 216 1012.563236931607 5.894923898918478e-11 1
2 117 217 1013.8418730983461 5.908297442241329e-11 1
2 117 218 1014.9912204561675 5.919919023496899e-11 1
2 117 219 1015.8134671275325 5.930688679594263e-11 1
2 117 220 1016.6357137988336 5.941497591931483e-11 1
2 117 221 1017.4579604700807 5.951172312840605e-11 1
2 117 222 1018.2843529569734 5.960403338700972e-11 1
2 117 223 1019.1265739222986 5.969793339154983e-11 1
2 117 224 1019.9704307425462 5.979520979528857e-11 1
2 117 225 1020.814287562784 5.98757678415812e-11 1
2 117 226 1021.6094342203226 5.995303344607584e-11 1
2 117 227 1022.1554960199096 6.00298568542795e-11 1
2 117 228 1022.6342294677937 6.009344985045889e-11 1
2 117 229 1023.1129629157149 6.015717772478152e-11 1
2 117 230 1023.6215064585526 6.022447303972698e-11 1
2 117 231 1024.3794629183321 6.028561693532615e-11 1
2 117 232 1025.2534452311986 6.033626626791899e-11 1
2 117 233 1026.1274275440185 6.038681937434864e-11 1
2 117 234 1026.9924395453418 6.043278012675113e-11 1
2 117 235 1027.5671013275107 6.047113902295309e-11 1
2 117 236 1027.9395782610977 6.050954664567295e-11 1
2 117 237 1028.312055194705 6.055158924347356e-11 1
2 117 238 1028.6845321283022 6.05823529556758e-11 1
2 117 239 1029.025713645856 6.060990221949261e-11 1
2 118 61 999.0526505659401 4.6114395748623315e-11 1
2 118 62 999.6791072523426 4.5994549336495706e-11 1
2 118 63 998.4143702670136 4.576177641372486e-11 1
2 118 64 998.3714507351152 4.5511383760917e-11 1
2 118 65 999.743677971447 4.531245480817762e-11 1
2 118 66 1000.0816623291894 4.516483431494836e-11 1
2 118 67 1000.7576310446793 4.5061379521696723e-11 1
2 118 68 1001.0178755902567 4.49696042139822e-11 1
2 118 69 1001.0969717056533 4.48827085218999e-11 1
2 118 70 1001.1760678210547 4.479614800282574e-11 1
2 118 71 1001.2551639364514 4.470608148619826e-11 1
2 118 72 1001.2792281651239 4.461483281590524e-11 1
2 118 73 1001.1207701421282 4.4523265684064016e-11 1
2 118 74 1000.941659090342 4.442529843285812e-11 1
2 118 75 1000.7625480385587 4.4328129233090265e-11 1
2 118 76 1000.5921383827095 4.423313936442577e-11 1
2 118 77 1000.4618040229053 4.413830087634169e-11 1
2 118 78 1000.3421937483525 4.403857260500142e-11 1
2 118 79 1000.2225834737989 4.393929397973687e-11 1
2 118 80 1000.142551954516 4.383935954985354e-11 1
2 118 81 1000.3795736978689 4.3739273868670825e-11 1
2 118 82 1000.7559293911784 4.363951112402583e-11 1
2 118 83 1001.1322850844558 4.354019046369892e-11 1
2 118 84 1001.5077195325346 4.3442119875225785e-11 1
2 118 85 1001.8428691174695 4.334480378038222e-11 1
2 118 86 1002.1525389102105 4.3247366496199196e-11 1
2 118 87 1002.4622087029758 4.3150590385179314e-11 1
2 118 88 1002.771878495717 4.305835023187671e-11 1
2 118 89 1002.9116730707669 4.296525395324895e-11 1
2 118 90 1002.8713269320991 4.287255937226022e-11 1
2 118 91 1002.8260226907228 4.278397645812245e-11 1
2 118 92 1002.7807184493449 4.26972517140808e-11 1
2 118 93 1002.7063970833345 4.2610926323557726e-11 1
2 118 94 1002.5758538951162 4.252617899776277e-11 1
2 118 95 1002.4424876597865 4.2443971530599956e-11 1
2 118 96 1002.309121424461 4.236252008191902e-11 1
2 118 97 1002.2020526764907 4.228167475372984e-11 1
2 118 98 1002.2066925878866 4.220725315908791e-11 1
2 118 99 1002.21868771304 4.213309308872355e-11 1
2 118 100 1002.2306828381945 4.205847521162421e-11 1
2 118 101 1002.2533492773449 4.199286207584908e-11 1
2 118 102 1002.5683582576099 4.1931321098853574e-11 1
2 118 103 1002.9060323965901 4.1869553323971834e-11 1
2 118 104 1003.24370653556 4.180988393334375e-11 1
2 118 105 1003.581380674556 4.1761932438034576e-11 1
2 118 106 1003.9674615660819 4.1716068783971946e-11 1
2 118 107 1004.3659456112929 4.1671115872245187e-11 1
2 118 108 1004.7644296565276 4.164313834948571e-11 1
2 118 109 1005.1629137017385 4.161519836911452e-11 1
2 118 110 1005.5454500597783 4.158483202581627e-11 1
2 118 111 1005.9185758456474 4.1566564692907956e-11 1
2 118 112 1006.2917016315231 4.155867746285654e-11 1
2 118 113 1006.6648274173921 4.15509150788611e-11 1
2 118 114 1007.0537559263054 4.155002342868842e-11 1
2 118 115 1007.4611047873466 4.1562696052782823e-11 1
2 118 116 1007.8684536483561 4.157668152448336e-11 1
2 118 117 1008.2758025093691 4.159166157030653e-11 1
2 118 118 1008.5893412099198 4.162592940010983e-11 1
2 118 119 1008.6782767377066 4.165727548197135e-11 1
2 118 120 1008.7672122654959 4.1688668809256365e-11 1
2 118 121 1008.8561477932845 4.173052772716676e-11 1
2 118 122 1008.9563182521324 4.177668684284264e-11 1
2 118 123 1009.0954417538682 4.18239470150887e-11 1
2 118 124 1009.2388553858407 4.188640767279093e-11 1
2 118 125 1009.3822690178246 4.195433442364374e-11 1
2 118 126 1009.5300839482344 4.201831899302224e-11 1
2 118 127 1009.6988295950679 4.208402954712197e-11 1
2 118 128 1009.8732044647921 4.2177936081424016e-11 1
2 118 129 1010.0475793344925 4.2262962581890195e-11 1
2 118 130 1010.2488952147507 4.234833258466369e-11 1
2 118 131 1010.6684363311381 4.244858641451601e-11 1
2 118 132 1011.1858607073025 4.2555216241515656e-11 1
2 118 133 1011.703285083457 4.2664040314745e-11 1
2 118 134 1012.2160668360121 4.279158455097513e-11 1
2 118 135 1012.5489614998814 4.2921730951257914e-11 1
2 118 136 1012.7642237286461 4.3048256047514363e-11 1
2 118 137 1012.9794859574129 4.317658355077709e-11 1
2 118 138 1013.1947481861858 4.332485645394158e-11 1
2 118 139 1013.401436468295 4.346736499578541e-11 1
2 118 140 1013.598906443746 4.361081413884629e-11 1
2 118 141 1013.7960963063128 4.376247546141577e-11 1
2 118 142 1013.993286168874 4.391814844519374e-11 1
2 118 143 1014.1785541218217 4.4075835792664e-11 1
2 118 144 1014.3407404460188 4.424100439465616e-11 1
2 118 145 1014.5016042490713 4.440677654632453e-11 1
2 118 146 1014.6624680521331 4.4573795675257585e-11 1
2 118 147 1014.8519734704124 4.474650771032639e-11 1
2 118 148 1015.1607828345307 4.4922144579679864e-11 1
2 118 149 1015.4786624391808 4.509641224019641e-11 1
2 118 150 1015.7965420438371 4.527203724857347e-11 1
2 118 151 1016.1085556016211 4.545168970179615e-11 1
2 118 152 1016.2808442547472 4.5630507726507546e-11 1
2 118 153 1016.4405453965893 4.5810642681220396e-11 1
2 118 154 1016.6002465384189 4.599124388058967e-11 1
2 118 155 1016.7599476802502 4.6171687025435983e-11 1
2 118 156 1016.9448762321956 4.6353551657267984e-11 1
2 118 157 1017.1364959251626 4.653891639132121e-11 1
2 118 158 1017.328115618135 4.672241998958203e-11 1
2 118 159 1017.5197353111057 4.6903712595255517e-11 1
2 118 160 1017.6801694332929 4.7086417586520946e-11 1
2 118 161 1017.8217504604288 4.7268278142990257e-11 1
2 119 54 994.3687192910817 5.047679805603366e-11 1
2 119 55 996.4693205267862 4.9741332704618606e-11 1
2 119 56 997.9620111124898 4.8434943492445626e-11 1
2 119 57 998.6145480713323 4.6982271592989194e-11 1
2 119 58 1000.018627493547 4.5968382467601136e-11 1
2 119 59 1001.9588604287602 4.56088138230651e-11 1
2 119 60 1003.6220015302611 4.576137329103683e-11 1
2 119 61 1004.8218602739091 4.5858073737847694e-11 1
2 119 62 1006.4573800503033 4.582714878201363e-11 1
2 119 63 1007.6023325549063 4.5694731380461584e-11 1
2 119 64 1008.2026131547984 4.554147147032457e-11 1
2 119 65 1008.7866801285074 4.5414880905015046e-11 1
2 119 66 1008.8463379191987 4.532160975210509e-11 1
2 119 67 1008.9656535005823 4.526198135948412e-11 1
2 119 68 1009.075464206934 4.520496694425213e-11 1
2 119 69 1009.3021406696492 4.5155209856072754e-11 1
2 119 70 1009.5288171323783 4.510556218267304e-11 1
2 119 71 1009.7554935950934 4.504616177189451e-11 1
2 119 72 1009.9514998766306 4.4994750365433983e-11 1
2 119 73 1010.0457834867861 4.4943790275081975e-11 1
2 119 74 1010.1285568222169 4.489031236631685e-11 1
2 119 75 1010.211330157646 4.483265908785107e-11 1
2 119 76 1010.2969805540598 4.4775153709316584e-11 1
2 119 77 1010.3958815911569 4.470816752391915e-11 1
2 119 78 1010.4983284785355 4.4633192911390235e-11 1
2 119 79 1010.6007753659151 4.4565903545696324e-11 1
2 120 48 986.6361964835984 4.985848028599102e-11 1
2 120 49 987.6222507296321 5.053262264656096e-11 1
2 120 50 988.7444859208626 5.091163691293989e-11 1
2 120 51 990.2094155374904 5.1003720171872945e-11 1
2 120 52 992.0287649766167 5.080144189089031e-11 1
2 120 53 994.0719671298364 5.0322989994860456e-11 1
2 120 54 996.2951439628249 4.9536729418184057e-11 1
2 120 55 997.8858770867507 4.836684038733702e-11 1
2 120 56 999.2150085336566 4.691968403200026e-11 1
2 120 57 1001.1433347131738 4.5763896178979944e-11 1
2 121 48 986.9417113116151 5.002390227690845e-11 1
2 121 49 988.4025895315878 5.071938686425014e-11 1
2 121 50 989.4955366134872 5.100657955784175e-11 1
2 121 51 990.7397018417486 5.089514602766015e-11 1
