5 113 272 1009.5583927686116 1.089027005910594e-11 1
5 113 273 1000.0819821130649 1.1176923037567372e-11 1
5 113 274 985.2042886203146 1.1176923037567372e-11 1
5 114 266 984.0357711522711 8.635516283967733e-12 1
5 114 267 990.1617171549674 9.105985659809342e-12 1
5 114 268 997.2568050106051 9.502402261922767e-12 1
5 114 269 1012.5045536913078 9.813379864656342e-12 1
5 114 270 1017.1117062455974 1.0029157776198447e-11 1
5 114 271 1018.4974844633488 1.0248567111594759e-11 1
5 114 272 1016.9516851950084 1.0603022938525631e-11 1
5 114 273 1012.5323870495034 1.0976359357860777e-11 1
5 114 274 1001.1513311802577 1.0976359357860777e-11 1
5 115 260 1009.1871439723258 6.628902972373803e-12 1
5 115 261 1010.516051112229 6.722462606190182e-12 1
5 115 262 1011.9184671978225 6.8697415715771935e-12 1
5 115 263 1014.0453273195209 7.0941276506090526e-12 1
5 115 264 1014.862818260306 7.392711963664138e-12 1
5 115 265 1015.5319417247505 7.75685851480002e-12 1
5 115 266 1011.4730319563802 8.185295915468105e-12 1
5 115 267 1018.8349453123269 8.656507595616485e-12 1
5 115 268 1019.8880371899237 9.134841748935693e-12 1
5 115 269 1022.8116613636411 9.586290182046833e-12 1
5 116 199 955.5844420206034 4.9257212377896635e-12 1
5 116 200 956.0421611505037 4.949141480193886e-12 1
5 116 201 956.5052018732434 4.9727604995058426e-12 1
5 116 202 957.080511053661 4.996431375211549e-12 1
5 116 203 957.6673605707466 5.020323970901147e-12 1
5 116 204 958.2542100878482 5.044366252247936e-12 1
5 116 205 958.8410596049432 5.06850774489583e-12 1
5 116 206 959.6181725664866 5.0928814230315125e-12 1
5 116 207 960.4474877727785 5.117637791648541e-12 1
5 116 208 961.2768029790476 5.1421908648520594e-12 1
5 116 209 962.1061181853812 5.166980672151734e-12 1
5 116 210 962.8888897988636 5.192065359100243e-12 1
5 116 211 963.6428385452558 5.217112821707192e-12 1
5 116 212 964.3967872916893 5.24226092675723e-12 1
5 116 213 965.1507360380817 5.2676550685294695e-12 1
5 116 214 965.9123244276224 5.293083584353225e-12 1
5 116 215 966.6832341427329 5.3184306559715424e-12 1
5 116 216 967.4541438578615 5.344052324468449e-12 1
5 116 217 968.2250535729721 5.3698855396442086e-12 1
5 116 218 969.1529360837021 5.395260627538782e-12 1
5 116 219 970.4779597675617 5.421014890255323e-12 1
5 116 220 971.8029834513188 5.447016208102468e-12 1
5 116 221 973.1280071349885 5.4727543493149314e-12 1
5 116 222 974.3439777349638 5.4985274973124645e-12 1
5 116 223 975.1435901116715 5.5245036351626265e-12 1
5 116 224 975.9001723487344 5.550052974727462e-12 1
5 116 225 976.6567545857883 5.575500065388191e-12 1
5 116 226 977.4857373786151 5.6013344929731735e-12 1
5 116 227 978.6849485003324 5.627363844586631e-12 1
5 116 228 979.9842334014536 5.652675766706339e-12 1
5 116 229 981.2835183026755 5.678216424086042e-12 1
5 116 230 982.649298276968 5.703724842529444e-12 1
5 116 231 984.5714243544126 5.7282633317933815e-12 1
5 116 232 986.7523603284096 5.753455108608617e-12 1
5 116 233 988.9332963022899 5.7788922946557375e-12 1
5 116 234 991.0947577290236 5.803759245203201e-12 1
5 116 235 992.6258688009683 5.8281292118312686e-12 1
5 116 236 993.7180365464328 5.853048237637948e-12 1
5 116 237 994.8102042919556 5.878123195597482e-12 1
5 116 238 995.9023720374493 5.9021917086449976e-12 1
5 116 239 996.7451215975516 5.926458133516618e-12 1
5 116 240 997.3112069572832 5.950481293775072e-12 1
5 116 241 997.8676570870289 5.9738141555967924e-12 1
5 116 242 998.4241072167893 5.997190555845947e-12 1
5 116 243 999.0618431160353 6.0206340961161914e-12 1
5 116 244 999.8572801934937 6.042810810375731e-12 1
5 116 245 1000.6638548125578 6.064756634390863e-12 1
5 116 246 1001.4704294316007 6.0871838195291435e-12 1
5 116 247 1002.3355202012583 6.109658497676561e-12 1
5 116 248 1003.4360348513901 6.1300744965568204e-12 1
5 116 249 1004.5591922493763 6.151257440965257e-12 1
5 116 250 1005.6823496474219 6.172587291610277e-12 1
5 116 251 1006.7618509293591 6.1927108794322715e-12 1
5 116 252 1007.0136813789121 6.21241576492738e-12 1
5 116 253 1007.169805777605 6.232149736747062e-12 1
5 116 254 1007.3259301763018 6.25057727865093e-12 1
5 116 255 1007.4820545749947 6.2730869238892585e-12 1
5 116 256 1007.6519557287498 6.30732190233288e-12 1
5 116 257 1007.888517388943 6.354142644867185e-12 1
5 116 258 1008.3124859197021 6.416582155624614e-12 1
5 116 259 1009.5853485523409 6.496782562890267e-12 1
5 116 260 1010.7523727018104 6.588151155411417e-12 1
5 116 261 1012.2673004317475 6.680520602726471e-12 1
5 116 262 1013.6759434828928 6.792508727289686e-12 1
5 116 263 1016.285325511673 6.987875498612423e-12 1
5 117 121 964.343534866342 3.951800153719169e-12 1
5 117 122 964.3265505433973 3.948634323945606e-12 1
5 117 123 964.087972496467 3.945480009193483e-12 1
5 117 124 963.8249890150516 3.942873943333121e-12 1
5 117 125 963.5620055336157 3.941160320980976e-12 1
5 117 126 963.3215097626747 3.939448187505179e-12 1
5 117 127 963.1879560447748 3.937616970313746e-12 1
5 117 128 963.0831639153268 3.937278522276981e-12 1
5 117 129 962.9783717858933 3.937069191770092e-12 1
5 117 130 962.9283158438105 3.9368598835206556e-12 1
5 117 131 963.3216292176164 3.9376196373989104e-12 1
5 117 132 963.9138125053319 3.9389749302202845e-12 1
5 117 133 964.5059957930362 3.940336939334341e-12 1
5 117 134 965.0895156723717 3.942274212089398e-12 1
5 117 135 965.3373556762529 3.945155492208276e-12 1
5 117 136 965.3656866456324 3.948040987075611e-12 1
5 117 137 965.3940176150122 3.950795475965863e-12 1
5 117 138 965.422348584393 3.954975561059786e-12 1
5 117 139 965.4246362637533 3.959343844370639e-12 1
5 117 140 965.3989234150779 3.963721787917353e-12 1
5 117 141 965.3723597259122 3.96891729718962e-12 1
5 117 142 965.3457960367473 3.974708111764749e-12 1
5 117 143 965.7033178644665 3.9805230910335846e-12 1
5 117 144 966.8044554025571 3.986856189150313e-12 1
5 117 145 967.9482003114334 3.994033196585556e-12 1
5 117 146 969.0919452203761 4.00123609024599e-12 1
5 117 147 970.2364454337088 4.008230887155468e-12 1
5 117 148 971.3840917965236 4.016340389725639e-12 1
5 117 149 972.5319773495069 4.024803473443757e-12 1
5 117 150 973.6798629025127 4.0333022986681725e-12 1
5 117 151 974.7989365084816 4.042552157844465e-12 1
5 117 152 975.2317308123232 4.052134632794744e-12 1
5 117 153 975.6026997137059 4.061690372800159e-12 1
5 117 154 975.9736686150596 4.071023079494316e-12 1
5 117 155 976.3446375164174 4.081296391502073e-12 1
5 117 156 976.9333667935233 4.091879759889876e-12 1
5 117 157 977.5798533028758 4.10251819449602e-12 1
5 117 158 978.2263398122466 4.113410799830884e-12 1
5 117 159 978.8728263216112 4.124813385708294e-12 1
5 117 160 979.29484657116 4.136279364420604e-12 1
5 117 161 979.5811667636649 4.148240753347612e-12 1
5 117 162 979.8674869561617 4.160446763613302e-12 1
5 117 163 980.1538071486806 4.1726766236770006e-12 1
5 117 164 980.2007966616071 4.185062884061666e-12 1
5 117 165 979.9623731901538 4.198253217970419e-12 1
5 117 166 979.723949718687 4.2115269604236924e-12 1
5 117 167 979.4855262472337 4.224984177484573e-12 1
5 117 168 979.1432568705078 4.239673222741612e-12 1
5 117 169 978.5454451190278 4.2543238352528405e-12 1
5 117 170 977.947633367565 4.269076052165623e-12 1
5 117 171 977.3498216160558 4.284824040474208e-12 1
5 117 172 976.7435871268567 4.3009424771199454e-12 1
5 117 173 976.1067488266591 4.317179508909524e-12 1
5 117 174 975.4666401101983 4.333913721377415e-12 1
5 117 175 974.8265313938233 4.3513959446160804e-12 1
5 117 176 974.2312544962275 4.369019779336127e-12 1
5 117 177 973.8567326894771 4.3868205782201685e-12 1
5 117 178 973.5417806827692 4.405511603942429e-12 1
5 117 179 973.226828676068 4.424414220358e-12 1
5 117 180 972.8979132706351 4.443479745712252e-12 1
5 117 181 972.4542474889324 4.4631890027685524e-12 1
5 117 182 971.958126265242 4.4832689036250935e-12 1
5 117 183 971.4620050415459 4.503508640523002e-12 1
5 117 184 970.9746811182821 4.524042919407193e-12 1
5 117 185 970.7961472208153 4.545216255070272e-12 1
5 117 186 970.826116285823 4.566588712708702e-12 1
5 117 187 970.8560853508302 4.587873562263361e-12 1
5 117 188 970.8860544158381 4.609594205622595e-12 1
5 117 189 970.9302343990976 4.631901922951764e-12 1
5 117 190 970.98992420573 4.654426602641451e-12 1
5 117 191 971.0501230483989 4.677252039560352e-12 1
5 117 192 971.110321891063 4.700335321350704e-12 1
5 117 193 971.2451578845103 4.723571956926199e-12 1
5 117 194 971.5245589408142 4.746480553052143e-12 1
5 117 195 971.8132275976676 4.7700381116846655e-12 1
5 117 196 972.1018962545289 4.794067605604381e-12 1
5 117 197 972.5664071975991 4.818340329574203e-12 1
5 117 198 973.7502280022946 4.842858044535806e-12 1
5 117 199 974.9960132040234 4.867626548229199e-12 1
5 117 200 976.2417984057181 4.892349831037888e-12 1
5 117 201 977.4553326654219 4.916894187778012e-12 1
5 117 202 977.9884759854546 4.942371799680973e-12 1
5 117 203 978.4516803336402 4.968135231152928e-12 1
5 117 204 978.9148846818387 4.994140536799995e-12 1
5 117 205 979.3780890300319 5.020372952869393e-12 1
5 117 206 980.1391248243837 5.046882402908036e-12 1
5 117 207 980.9818761058335 5.072858306829839e-12 1
5 117 208 981.8246273872605 5.0989269209234825e-12 1
5 117 209 982.6673786687528 5.125880174601995e-12 1
5 117 210 983.5223735128974 5.153119895810303e-12 1
5 117 211 984.3849503798373 5.180464256378662e-12 1
5 117 212 985.2475272468245 5.208024299880445e-12 1
5 117 213 986.1101041137647 5.235742030477018e-12 1
5 117 214 987.1600844613517 5.2629831501591204e-12 1
5 117 215 988.4387206280906 5.290926935814388e-12 1
5 117 216 989.7173567948596 5.319169040203258e-12 1
5 117 217 990.9959929615987 5.346606093454561e-12 1
5 117 218 992.1453403194201 5.3738255444946225e-12 1
5 117 219 992.9675869907851 5.402326011605525e-12 1
5 117 220 993.7898336620863 5.431130399100607e-12 1
5 117 221 994.6120803333333 5.4596554397683384e-12 1
5 117 222 995.438472820226 5.488241766111612e-12 1
5 117 223 996.2806937855512 5.516968647077161e-12 1
5 117 224 997.1245506057988 5.544474825409238e-12 1
5 117 225 997.9684074260366 5.572554825375506e-12 1
5 117 226 998.7635540835752 5.601396518051898e-12 1
5 117 227 999.3096158831622 5.630486092898201e-12 1
5 117 228 999.7883493310463 5.65877830131984e-12 1
5 117 229 1000.2670827789675 5.687356272452974e-12 1
5 117 230 1000.7756263218052 5.715693259992322e-12 1
5 117 231 1001.5335827815848 5.742835423662398e-12 1
5 117 232 1002.4075650944513 5.770968799630517e-12 1
5 117 233 1003.2815474072711 5.799409835557141e-12 1
5 117 234 1004.1465594085945 5.8276204553019616e-12 1
5 117 235 1004.7212211907633 5.8552599008791235e-12 1
5 117 236 1005.0936981243505 5.883162774543542e-12 1
5 117 237 1005.4661750579577 5.910424873468697e-12 1
5 117 238 1005.8386519915548 5.93667712289615e-12 1
5 117 239 1006.1798335091088 5.96386661486063e-12 1
5 118 61 976.2067704291927 3.887665885589919e-12 1
5 118 62 976.8332271155953 3.861256159022476e-12 1
5 118 63 975.5684901302662 3.845609397319801e-12 1
5 118 64 975.5255705983678 3.836693735550905e-12 1
5 118 65 976.8977978346996 3.83152153463872e-12 1
5 118 66 977.235782192442 3.828550140863829e-12 1
5 118 67 977.911750907932 3.826674232581317e-12 1
5 118 68 978.1719954535093 3.825520857927873e-12 1
5 118 69 978.251091568906 3.824291950960872e-12 1
5 118 70 978.3301876843074 3.823063833286312e-12 1
5 118 71 978.409283799704 3.822117556389116e-12 1
5 118 72 978.4333480283765 3.821285171543149e-12 1
5 118 73 978.2748900053808 3.820464839812401e-12 1
5 118 74 978.0957789535946 3.819897438492517e-12 1
5 118 75 977.9166679018114 3.8195040627758384e-12 1
5 118 76 977.7462582459622 3.819055344740421e-12 1
5 118 77 977.6159238861579 3.818624769565179e-12 1
5 118 78 977.4963136116052 3.818570702329742e-12 1
5 118 79 977.3767033370515 3.8185166366253315e-12 1
5 118 80 977.2966718177686 3.818546510342358e-12 1
5 118 81 977.5336935611215 3.8189581204692885e-12 1
5 118 82 977.910049254431 3.819258918727073e-12 1
5 118 83 978.2864049477084 3.8195534094392546e-12 1
5 118 84 978.6618393957872 3.820076584886796e-12 1
5 118 85 978.9969889807221 3.820778996433739e-12 1
5 118 86 979.3066587734631 3.821371166139527e-12 1
5 118 87 979.6163285662284 3.821991005422606e-12 1
5 118 88 979.9259983589697 3.823067758454122e-12 1
5 118 89 980.0657929340196 3.823878831672992e-12 1
5 118 90 980.0254467953517 3.824690249107241e-12 1
5 118 91 979.9801425539754 3.82552539582157e-12 1
5 118 92 979.9348383125975 3.8263703526167776e-12 1
5 118 93 979.8605169465872 3.827279771016633e-12 1
5 118 94 979.7299737583688 3.828677228961276e-12 1
5 118 95 979.5966075230391 3.829688456737786e-12 1
5 118 96 979.4632412877136 3.830469430575336e-12 1
5 118 97 979.3561725397433 3.831237174421557e-12 1
5 118 98 979.3608124511392 3.8317223641446765e-12 1
5 118 99 979.3728075762926 3.8322076767726894e-12 1
5 118 100 979.3848027014471 3.8330265257574756e-12 1
5 118 101 979.4074691405975 3.833370071901546e-12 1
5 118 102 979.7224781208625 3.833358636525588e-12 1
5 118 103 980.0601522598428 3.83343383418967e-12 1
5 118 104 980.3978263988126 3.8338453304889835e-12 1
5 118 105 980.7355005378087 3.833384003812486e-12 1
5 118 106 981.1215814293345 3.832712118204558e-12 1
5 118 107 981.5200654745455 3.832012745153175e-12 1
5 118 108 981.9185495197802 3.830735328620062e-12 1
5 118 109 982.3170335649911 3.829458763466806e-12 1
5 118 110 982.6995699230309 3.828287444470116e-12 1
5 118 111 983.0726957089 3.826758378846357e-12 1
5 118 112 983.4458214947757 3.825173083516606e-12 1
5 118 113 983.8189472806447 3.8235930144250944e-12 1
5 118 114 984.207875789558 3.821935675519028e-12 1
5 118 115 984.6152246505992 3.820431265016833e-12 1
5 118 116 985.0225735116087 3.8190861090842835e-12 1
5 118 117 985.4299223726217 3.817761820741935e-12 1
5 118 118 985.7434610731724 3.817011186006924e-12 1
5 118 119 985.8323966009592 3.816617730677764e-12 1
5 118 120 985.9213321287485 3.8162243564545365e-12 1
5 118 121 986.0102676565372 3.816788083589303e-12 1
5 118 122 986.110438115385 3.817738601763879e-12 1
5 118 123 986.2495616171208 3.818614192644599e-12 1
5 118 124 986.3929752490933 3.81929234615924e-12 1
5 118 125 986.5363888810772 3.821107717102857e-12 1
5 118 126 986.684203811487 3.823233661854065e-12 1
5 118 127 986.8529494583205 3.825362494218841e-12 1
5 118 128 987.0273243280448 3.827790016471854e-12 1
5 118 129 987.2016991977451 3.830869729303546e-12 1
5 118 130 987.4030150780034 3.833954401795129e-12 1
5 118 131 987.8225561943907 3.837641411880323e-12 1
5 118 132 988.3399805705551 3.841577209852395e-12 1
5 118 133 988.8574049467096 3.845420775806604e-12 1
5 118 134 989.3701866992648 3.848915596839021e-12 1
5 118 135 989.7030813631341 3.853508267253933e-12 1
5 118 136 989.9183435918987 3.858369899793643e-12 1
5 118 137 990.1336058206655 3.863260214706704e-12 1
5 118 138 990.3488680494385 3.868687940648814e-12 1
5 118 139 990.5555563315476 3.874545006950826e-12 1
5 118 140 990.7530263069987 3.880419834954941e-12 1
5 118 141 990.9502161695655 3.887047502116259e-12 1
5 118 142 991.1474060321266 3.8939956805491065e-12 1
5 118 143 991.3326739850743 3.900914351801696e-12 1
5 118 144 991.4948603092714 3.9080437812348175e-12 1
5 118 145 991.6557241123239 3.916169893487239e-12 1
5 118 146 991.8165879153858 3.924329869890631e-12 1
5 118 147 992.006093333665 3.932325930373321e-12 1
5 118 148 992.3149026977833 3.94155613687449e-12 1
5 118 149 992.6327823024334 3.951016799726423e-12 1
5 118 150 992.9506619070897 3.960522987485992e-12 1
5 118 151 993.2626754648737 3.970732019983682e-12 1
5 118 152 993.4349641179998 3.981515223506949e-12 1
5 118 153 993.5946652598419 3.992364418741258e-12 1
5 118 154 993.7543664016715 4.003710374617328e-12 1
5 118 155 993.9140675435028 4.0158419401116155e-12 1
5 118 156 994.0989960954482 4.028047248296911e-12 1
5 118 157 994.2906157884153 4.040090636465973e-12 1
5 118 158 994.4822354813876 4.053166724852948e-12 1
5 118 159 994.6738551743583 4.066628857511333e-12 1
5 118 160 994.8342892965455 4.080180714064907e-12 1
5 118 161 994.9758703236814 4.0944321237871836e-12 1
5 119 54 971.5228391543343 4.05984452873977e-12 1
5 119 55 973.6234403900388 4.030435905456666e-12 1
5 119 56 975.1161309757424 4.005081429143031e-12 1
5 119 57 975.7686679345849 3.986263777006939e-12 1
5 119 58 977.1727473567996 3.970831107202489e-12 1
5 119 59 979.1129802920128 3.9482024827293585e-12 1
5 119 60 980.7761213935137 3.913765646685762e-12 1
5 119 61 981.9759801371617 3.87534828784213e-12 1
5 119 62 983.6114999135559 3.8457151511251505e-12 1
5 119 63 984.7564524181589 3.8274756671673925e-12 1
5 119 64 985.356733018051 3.816516278396594e-12 1
5 119 65 985.9407999917601 3.80980276003326e-12 1
5 119 66 986.0004577824513 3.805697539798726e-12 1
5 119 67 986.119773363835 3.8029229275579435e-12 1
5 119 68 986.2295840701867 3.801061507616673e-12 1
5 119 69 986.4562605329019 3.7990367794885765e-12 1
5 119 70 986.6829369956309 3.797014207253725e-12 1
5 119 71 986.909613458346 3.795354988279313e-12 1
5 119 72 987.1056197398832 3.793580269319219e-12 1
5 119 73 987.1999033500388 3.791799766421887e-12 1
5 119 74 987.2826766854695 3.790106676656991e-12 1
5 119 75 987.3654500208986 3.7885554387544e-12 1
5 119 76 987.4511004173124 3.78700547013246e-12 1
5 119 77 987.5500014544095 3.785705619649353e-12 1
5 119 78 987.6524483417882 3.784611709681691e-12 1
5 119 79 987.7548952291677 3.7832805163910175e-12 1
5 120 48 963.790316346851 4.21396783258732e-12 1
5 120 49 964.7763705928847 4.20740696185661e-12 1
5 120 50 965.8986057841153 4.209199158021821e-12 1
5 120 51 967.363535400743 4.212823641540734e-12 1
5 120 52 969.1828848398693 4.213295831630439e-12 1
5 120 53 971.226086993089 4.20567580185376e-12 1
5 120 54 973.4492638260775 4.186335971918213e-12 1
5 120 55 975.0399969500033 4.15373734885939e-12 1
5 120 56 976.3691283969092 4.113833729468626e-12 1
5 120 57 978.2974545764264 4.073655867036927e-12 1
5 121 48 964.0958311748677 4.334674611926342e-12 1
5 121 49 965.5567093948404 4.332978856300813e-12 1
5 121 50 966.6496564767398 4.3457052362619765e-12 1
5 121 51 967.8938217050012 4.331254812156252e-12 1
