3 19 27 1019.558435147164 3.135120179325225e-10 1
3 20 17 942.791650479204 1.8621819129768744e-10 1
3 20 18 950.669946377634 1.8464022906941621e-10 1
3 20 19 958.099023526074 1.9766020944635124e-10 1
3 20 20 969.395654385454 2.243489300394678e-10 1
3 20 21 973.980493252634 2.554288094682041e-10 1
3 20 22 993.602807705764 2.767110880162784e-10 1
3 20 23 1022.575036709664 2.8301145954743473e-10 1
3 20 24 1034.482446377634 2.8269137906288184e-10 1
3 20 25 1038.481225674514 2.910896859106498e-10 1
3 20 26 1044.030358975294 2.824191872519056e-10 1
3 20 27 1054.174646084664 2.6121777980122554e-10 1
3 21 11 988.219079678414 2.236825768750299e-10 1
3 21 12 994.357141201854 2.277061364630045e-10 1
3 21 13 1001.199487393264 2.0938762469381843e-10 1
3 21 14 1005.867089932324 2.0328187962949494e-10 1
3 21 15 1009.135888760454 2.048667239538401e-10 1
3 21 16 1013.699060147164 2.0391283755053274e-10 1
3 21 17 1017.128930752634 1.9647858610462982e-10 1
3 21 18 1020.220971768264 1.906819852620189e-10 1
