4 113 272 996.5506484024636 1.089027005910594e-11 1
4 113 273 987.0742377469169 1.1176923037567443e-11 1
4 113 274 972.1965442541666 1.1176923037567443e-11 1
4 114 266 971.0280267861231 8.635516283967733e-12 1
4 114 267 977.1539727888194 9.105985659809389e-12 1
4 114 268 984.2490606444571 9.502402261922715e-12 1
4 114 269 999.4968093251598 9.813379864656342e-12 1
4 114 270 1004.1039618794493 1.0029157776198447e-11 1
4 114 271 1005.4897400972008 1.0248567111594699e-11 1
4 114 272 1003.9439408288604 1.0603022938525631e-11 1
4 114 273 999.5246426833554 1.097635935786071e-11 1
4 114 274 988.1435868141097 1.097635935786071e-11 1
4 115 260 996.1793996061778 6.628902972373803e-12 1
4 115 261 997.508306746081 6.722462606190182e-12 1
4 115 262 998.9107228316744 6.8697415715771935e-12 1
4 115 263 1001.0375829533729 7.094127650609024e-12 1
4 115 264 1001.855073894158 7.392711963664138e-12 1
4 115 265 1002.5241973586025 7.75685851480002e-12 1
4 115 266 998.4652875902322 8.185295915468066e-12 1
4 115 267 1005.8272009461789 8.656507595616443e-12 1
4 115 268 1006.8802928237757 9.134841748935693e-12 1
4 115 269 1009.803916997493 9.586290182046833e-12 1
4 116 199 942.5766976544554 4.9257212377896635e-12 1
4 116 200 943.0344167843557 4.949141480193886e-12 1
4 116 201 943.4974575070954 4.9727604995058426e-12 1
4 116 202 944.072766687513 4.996431375211549e-12 1
4 116 203 944.6596162045986 5.020323970901161e-12 1
4 116 204 945.2464657217001 5.044366252247936e-12 1
4 116 205 945.8333152387952 5.068507744895845e-12 1
4 116 206 946.6104282003386 5.0928814230315125e-12 1
4 116 207 947.4397434066304 5.117637791648527e-12 1
4 116 208 948.2690586128996 5.1421908648520594e-12 1
4 116 209 949.0983738192332 5.166980672151749e-12 1
4 116 210 949.8811454327156 5.192065359100243e-12 1
4 116 211 950.6350941791078 5.217112821707207e-12 1
4 116 212 951.3890429255413 5.242260926757214e-12 1
4 116 213 952.1429916719337 5.2676550685294695e-12 1
4 116 214 952.9045800614743 5.293083584353209e-12 1
4 116 215 953.6754897765849 5.3184306559715424e-12 1
4 116 216 954.4463994917135 5.3440523244684655e-12 1
4 116 217 955.2173092068241 5.3698855396442086e-12 1
4 116 218 956.1451917175541 5.395260627538782e-12 1
4 116 219 957.4702154014137 5.421014890255323e-12 1
4 116 220 958.7952390851708 5.447016208102468e-12 1
4 116 221 960.1202627688405 5.4727543493149145e-12 1
4 116 222 961.3362333688158 5.4985274973124475e-12 1
4 116 223 962.1358457455235 5.5245036351626095e-12 1
4 116 224 962.8924279825864 5.550052974727462e-12 1
4 116 225 963.6490102196403 5.575500065388173e-12 1
4 116 226 964.4779930124671 5.6013344929731735e-12 1
4 116 227 965.6772041341844 5.627363844586613e-12 1
4 116 228 966.9764890353056 5.652675766706339e-12 1
4 116 229 968.2757739365275 5.678216424086024e-12 1
4 116 230 969.64155391082 5.703724842529444e-12 1
4 116 231 971.5636799882645 5.7282633317933815e-12 1
4 116 232 973.7446159622616 5.753455108608617e-12 1
4 116 233 975.9255519361419 5.778892294655719e-12 1
4 116 234 978.0870133628756 5.803759245203201e-12 1
4 116 235 979.6181244348203 5.828129211831249e-12 1
4 116 236 980.7102921802848 5.853048237637948e-12 1
4 116 237 981.8024599258076 5.878123195597482e-12 1
4 116 238 982.8946276713012 5.9021917086449976e-12 1
4 116 239 983.7373772314036 5.926458133516618e-12 1
4 116 240 984.3034625911351 5.950481293775072e-12 1
4 116 241 984.8599127208809 5.9738141555967924e-12 1
4 116 242 985.4163628506412 5.997190555845947e-12 1
4 116 243 986.0540987498873 6.0206340961162124e-12 1
4 116 244 986.8495358273457 6.042810810375752e-12 1
4 116 245 987.6561104464098 6.064756634390863e-12 1
4 116 246 988.4626850654527 6.0871838195291435e-12 1
4 116 247 989.3277758351103 6.109658497676561e-12 1
4 116 248 990.4282904852421 6.130074496556842e-12 1
4 116 249 991.5514478832283 6.151257440965257e-12 1
4 116 250 992.6746052812739 6.172587291610277e-12 1
4 116 251 993.754106563211 6.192710879432293e-12 1
4 116 252 994.0059370127641 6.21241576492738e-12 1
4 116 253 994.162061411457 6.23214973674704e-12 1
4 116 254 994.3181858101538 6.250577278650952e-12 1
4 116 255 994.4743102088466 6.2730869238892585e-12 1
4 116 256 994.6442113626018 6.3073219023328574e-12 1
4 116 257 994.880773022795 6.354142644867185e-12 1
4 116 258 995.3047415535541 6.416582155624591e-12 1
4 116 259 996.5776041861928 6.4967825628902915e-12 1
4 116 260 997.7446283356624 6.588151155411417e-12 1
4 116 261 999.2595560655994 6.680520602726497e-12 1
4 116 262 1000.6681991167447 6.792508727289686e-12 1
4 116 263 1003.277581145525 6.9878754986123946e-12 1
4 117 121 951.335790500194 3.951800153719169e-12 1
4 117 122 951.3188061772493 3.9486343239456145e-12 1
4 117 123 951.080228130319 3.945480009193474e-12 1
4 117 124 950.8172446489036 3.942873943333112e-12 1
4 117 125 950.5542611674676 3.941160320980976e-12 1
4 117 126 950.3137653965267 3.93944818750517e-12 1
4 117 127 950.1802116786267 3.937616970313746e-12 1
4 117 128 950.0754195491788 3.93727852227699e-12 1
4 117 129 949.9706274197453 3.937069191770092e-12 1
4 117 130 949.9205714776625 3.9368598835206645e-12 1
4 117 131 950.3138848514684 3.9376196373989104e-12 1
4 117 132 950.9060681391838 3.9389749302202845e-12 1
4 117 133 951.4982514268881 3.94033693933435e-12 1
4 117 134 952.0817713062237 3.942274212089398e-12 1
4 117 135 952.3296113101048 3.945155492208276e-12 1
4 117 136 952.3579422794844 3.9480409870756196e-12 1
4 117 137 952.3862732488642 3.950795475965863e-12 1
4 117 138 952.414604218245 3.954975561059777e-12 1
4 117 139 952.4168918976053 3.95934384437063e-12 1
4 117 140 952.3911790489299 3.963721787917362e-12 1
4 117 141 952.3646153597642 3.96891729718962e-12 1
4 117 142 952.3380516705993 3.974708111764749e-12 1
4 117 143 952.6955734983185 3.9805230910335935e-12 1
4 117 144 953.7967110364091 3.986856189150322e-12 1
4 117 145 954.9404559452854 3.994033196585565e-12 1
4 117 146 956.0842008542281 4.00123609024599e-12 1
4 117 147 957.2287010675608 4.008230887155468e-12 1
4 117 148 958.3763474303756 4.016340389725639e-12 1
4 117 149 959.5242329833588 4.024803473443757e-12 1
4 117 150 960.6721185363647 4.0333022986681725e-12 1
4 117 151 961.7911921423336 4.042552157844465e-12 1
4 117 152 962.2239864461752 4.052134632794735e-12 1
4 117 153 962.5949553475579 4.06169037280015e-12 1
4 117 154 962.9659242489116 4.071023079494306e-12 1
4 117 155 963.3368931502694 4.081296391502063e-12 1
4 117 156 963.9256224273753 4.091879759889876e-12 1
4 117 157 964.5721089367278 4.10251819449602e-12 1
4 117 158 965.2185954460986 4.113410799830894e-12 1
4 117 159 965.8650819554632 4.124813385708304e-12 1
4 117 160 966.2871022050119 4.136279364420594e-12 1
4 117 161 966.5734223975169 4.1482407533476215e-12 1
4 117 162 966.8597425900136 4.160446763613302e-12 1
4 117 163 967.1460627825326 4.172676623676991e-12 1
4 117 164 967.1930522954591 4.1850628840616566e-12 1
4 117 165 966.9546288240058 4.19825321797043e-12 1
4 117 166 966.716205352539 4.211526960423683e-12 1
4 117 167 966.4777818810857 4.224984177484583e-12 1
4 117 168 966.1355125043598 4.2396732227416225e-12 1
4 117 169 965.5377007528798 4.25432383525283e-12 1
4 117 170 964.939889001417 4.269076052165623e-12 1
4 117 171 964.3420772499078 4.284824040474208e-12 1
4 117 172 963.7358427607087 4.3009424771199454e-12 1
4 117 173 963.0990044605111 4.317179508909524e-12 1
4 117 174 962.4588957440503 4.3339137213774265e-12 1
4 117 175 961.8187870276753 4.3513959446160804e-12 1
4 117 176 961.2235101300795 4.369019779336116e-12 1
4 117 177 960.8489883233291 4.3868205782201685e-12 1
4 117 178 960.5340363166212 4.405511603942429e-12 1
4 117 179 960.2190843099199 4.424414220357989e-12 1
4 117 180 959.890168904487 4.443479745712263e-12 1
4 117 181 959.4465031227844 4.463189002768564e-12 1
4 117 182 958.9503818990939 4.483268903625081e-12 1
4 117 183 958.4542606753979 4.503508640522991e-12 1
4 117 184 957.9669367521341 4.524042919407181e-12 1
4 117 185 957.7884028546673 4.5452162550702845e-12 1
4 117 186 957.818371919675 4.566588712708702e-12 1
4 117 187 957.8483409846822 4.587873562263361e-12 1
4 117 188 957.8783100496901 4.609594205622583e-12 1
4 117 189 957.9224900329496 4.631901922951764e-12 1
4 117 190 957.9821798395819 4.654426602641451e-12 1
4 117 191 958.0423786822508 4.677252039560352e-12 1
4 117 192 958.102577524915 4.700335321350704e-12 1
4 117 193 958.2374135183622 4.723571956926199e-12 1
4 117 194 958.5168145746662 4.746480553052156e-12 1
4 117 195 958.8054832315196 4.7700381116846655e-12 1
4 117 196 959.0941518883809 4.794067605604394e-12 1
4 117 197 959.5586628314511 4.818340329574203e-12 1
4 117 198 960.7424836361466 4.84285804453582e-12 1
4 117 199 961.9882688378754 4.867626548229199e-12 1
4 117 200 963.2340540395701 4.892349831037888e-12 1
4 117 201 964.4475882992739 4.916894187778012e-12 1
4 117 202 964.9807316193065 4.942371799680973e-12 1
4 117 203 965.4439359674922 4.968135231152928e-12 1
4 117 204 965.9071403156906 4.994140536799995e-12 1
4 117 205 966.3703446638839 5.0203729528693785e-12 1
4 117 206 967.1313804582356 5.046882402908036e-12 1
4 117 207 967.9741317396855 5.072858306829855e-12 1
4 117 208 968.8168830211125 5.0989269209234825e-12 1
4 117 209 969.6596343026048 5.125880174601995e-12 1
4 117 210 970.5146291467494 5.153119895810303e-12 1
4 117 211 971.3772060136893 5.180464256378677e-12 1
4 117 212 972.2397828806764 5.20802429988046e-12 1
4 117 213 973.1023597476167 5.235742030477034e-12 1
4 117 214 974.1523400952037 5.262983150159137e-12 1
4 117 215 975.4309762619425 5.290926935814388e-12 1
4 117 216 976.7096124287116 5.319169040203258e-12 1
4 117 217 977.9882485954507 5.346606093454561e-12 1
4 117 218 979.1375959532721 5.3738255444946055e-12 1
4 117 219 979.9598426246371 5.402326011605525e-12 1
4 117 220 980.7820892959382 5.431130399100607e-12 1
4 117 221 981.6043359671853 5.4596554397683384e-12 1
4 117 222 982.430728454078 5.488241766111612e-12 1
4 117 223 983.2729494194032 5.516968647077161e-12 1
4 117 224 984.1168062396508 5.544474825409238e-12 1
4 117 225 984.9606630598886 5.572554825375506e-12 1
4 117 226 985.7558097174272 5.601396518051898e-12 1
4 117 227 986.3018715170142 5.630486092898201e-12 1
4 117 228 986.7806049648983 5.65877830131984e-12 1
4 117 229 987.2593384128195 5.687356272452956e-12 1
4 117 230 987.7678819556572 5.715693259992322e-12 1
4 117 231 988.5258384154367 5.742835423662398e-12 1
4 117 232 989.3998207283033 5.770968799630517e-12 1
4 117 233 990.2738030411231 5.799409835557141e-12 1
4 117 234 991.1388150424465 5.827620455301981e-12 1
4 117 235 991.7134768246153 5.855259900879104e-12 1
4 117 236 992.0859537582024 5.883162774543542e-12 1
4 117 237 992.4584306918097 5.910424873468697e-12 1
4 117 238 992.8309076254068 5.93667712289617e-12 1
4 117 239 993.1720891429608 5.96386661486065e-12 1
4 118 61 963.1990260630447 3.887665885589919e-12 1
4 118 62 963.8254827494472 3.861256159022476e-12 1
4 118 63 962.5607457641182 3.84560939731981e-12 1
4 118 64 962.5178262322198 3.836693735550905e-12 1
4 118 65 963.8900534685516 3.83152153463872e-12 1
4 118 66 964.228037826294 3.828550140863838e-12 1
4 118 67 964.9040065417839 3.826674232581317e-12 1
4 118 68 965.1642510873613 3.825520857927881e-12 1
4 118 69 965.243347202758 3.8242919509608805e-12 1
4 118 70 965.3224433181593 3.823063833286304e-12 1
4 118 71 965.401539433556 3.822117556389108e-12 1
4 118 72 965.4256036622285 3.821285171543141e-12 1
4 118 73 965.2671456392328 3.820464839812393e-12 1
4 118 74 965.0880345874466 3.819897438492525e-12 1
4 118 75 964.9089235356633 3.8195040627758384e-12 1
4 118 76 964.7385138798141 3.819055344740421e-12 1
4 118 77 964.6081795200099 3.818624769565179e-12 1
4 118 78 964.4885692454571 3.818570702329734e-12 1
4 118 79 964.3689589709035 3.8185166366253315e-12 1
4 118 80 964.2889274516206 3.818546510342358e-12 1
4 118 81 964.5259491949735 3.8189581204692885e-12 1
4 118 82 964.902304888283 3.819258918727081e-12 1
4 118 83 965.2786605815604 3.8195534094392546e-12 1
4 118 84 965.6540950296392 3.8200765848868044e-12 1
4 118 85 965.9892446145741 3.820778996433748e-12 1
4 118 86 966.2989144073151 3.821371166139535e-12 1
4 118 87 966.6085842000804 3.821991005422597e-12 1
4 118 88 966.9182539928216 3.823067758454122e-12 1
4 118 89 967.0580485678715 3.823878831672992e-12 1
4 118 90 967.0177024292037 3.82469024910725e-12 1
4 118 91 966.9723981878274 3.82552539582157e-12 1
4 118 92 966.9270939464495 3.8263703526167776e-12 1
4 118 93 966.8527725804391 3.827279771016633e-12 1
4 118 94 966.7222293922208 3.828677228961284e-12 1
4 118 95 966.5888631568911 3.829688456737777e-12 1
4 118 96 966.4554969215656 3.830469430575336e-12 1
4 118 97 966.3484281735953 3.831237174421549e-12 1
4 118 98 966.3530680849912 3.8317223641446765e-12 1
4 118 99 966.3650632101446 3.832207676772681e-12 1
4 118 100 966.3770583352991 3.8330265257574675e-12 1
4 118 101 966.3997247744495 3.833370071901546e-12 1
4 118 102 966.7147337547145 3.833358636525596e-12 1
4 118 103 967.0524078936947 3.833433834189678e-12 1
4 118 104 967.3900820326646 3.8338453304889835e-12 1
4 118 105 967.7277561716606 3.833384003812486e-12 1
4 118 106 968.1138370631865 3.832712118204558e-12 1
4 118 107 968.5123211083975 3.832012745153167e-12 1
4 118 108 968.9108051536322 3.830735328620062e-12 1
4 118 109 969.3092891988431 3.829458763466806e-12 1
4 118 110 969.6918255568829 3.828287444470116e-12 1
4 118 111 970.064951342752 3.826758378846348e-12 1
4 118 112 970.4380771286277 3.825173083516614e-12 1
4 118 113 970.8112029144967 3.8235930144251025e-12 1
4 118 114 971.20013142341 3.82193567551902e-12 1
4 118 115 971.6074802844512 3.820431265016825e-12 1
4 118 116 972.0148291454607 3.8190861090842835e-12 1
4 118 117 972.4221780064737 3.817761820741943e-12 1
4 118 118 972.7357167070244 3.817011186006915e-12 1
4 118 119 972.8246522348112 3.816617730677756e-12 1
4 118 120 972.9135877626005 3.8162243564545284e-12 1
4 118 121 973.0025232903891 3.816788083589303e-12 1
4 118 122 973.102693749237 3.817738601763871e-12 1
4 118 123 973.2418172509728 3.818614192644599e-12 1
4 118 124 973.3852308829453 3.819292346159232e-12 1
4 118 125 973.5286445149292 3.821107717102857e-12 1
4 118 126 973.676459445339 3.823233661854057e-12 1
4 118 127 973.8452050921725 3.825362494218841e-12 1
4 118 128 974.0195799618967 3.827790016471854e-12 1
4 118 129 974.1939548315971 3.830869729303546e-12 1
4 118 130 974.3952707118553 3.833954401795129e-12 1
4 118 131 974.8148118282427 3.837641411880332e-12 1
4 118 132 975.3322362044071 3.8415772098523866e-12 1
4 118 133 975.8496605805616 3.845420775806604e-12 1
4 118 134 976.3624423331167 3.84891559683903e-12 1
4 118 135 976.695336996986 3.853508267253933e-12 1
4 118 136 976.9105992257507 3.858369899793643e-12 1
4 118 137 977.1258614545175 3.863260214706712e-12 1
4 118 138 977.3411236832904 3.868687940648823e-12 1
4 118 139 977.5478119653995 3.874545006950826e-12 1
4 118 140 977.7452819408506 3.88041983495495e-12 1
4 118 141 977.9424718034174 3.88704750211625e-12 1
4 118 142 978.1396616659786 3.8939956805491065e-12 1
4 118 143 978.3249296189263 3.900914351801696e-12 1
4 118 144 978.4871159431234 3.9080437812348086e-12 1
4 118 145 978.6479797461759 3.916169893487239e-12 1
4 118 146 978.8088435492377 3.924329869890622e-12 1
4 118 147 978.998348967517 3.9323259303733125e-12 1
4 118 148 979.3071583316353 3.94155613687449e-12 1
4 118 149 979.6250379362854 3.951016799726432e-12 1
4 118 150 979.9429175409417 3.9605229874859834e-12 1
4 118 151 980.2549310987257 3.970732019983682e-12 1
4 118 152 980.4272197518518 3.981515223506958e-12 1
4 118 153 980.5869208936939 3.992364418741258e-12 1
4 118 154 980.7466220355235 4.0037103746173194e-12 1
4 118 155 980.9063231773548 4.015841940111624e-12 1
4 118 156 981.0912517293002 4.028047248296911e-12 1
4 118 157 981.2828714222672 4.040090636465973e-12 1
4 118 158 981.4744911152396 4.053166724852948e-12 1
4 118 159 981.6661108082103 4.066628857511333e-12 1
4 118 160 981.8265449303975 4.080180714064907e-12 1
4 118 161 981.9681259575334 4.094432123787193e-12 1
4 119 54 958.5150947881863 4.05984452873977e-12 1
4 119 55 960.6156960238908 4.030435905456666e-12 1
4 119 56 962.1083866095944 4.005081429143031e-12 1
4 119 57 962.7609235684369 3.986263777006939e-12 1
4 119 58 964.1650029906516 3.970831107202489e-12 1
4 119 59 966.1052359258648 3.9482024827293585e-12 1
4 119 60 967.7683770273657 3.913765646685771e-12 1
4 119 61 968.9682357710137 3.875348287842139e-12 1
4 119 62 970.6037555474079 3.8457151511251594e-12 1
4 119 63 971.7487080520109 3.827475667167401e-12 1
4 119 64 972.348988651903 3.816516278396594e-12 1
4 119 65 972.933055625612 3.80980276003326e-12 1
4 119 66 972.9927134163033 3.805697539798717e-12 1
4 119 67 973.1120289976869 3.802922927557952e-12 1
4 119 68 973.2218397040386 3.801061507616673e-12 1
4 119 69 973.4485161667538 3.7990367794885765e-12 1
4 119 70 973.6751926294829 3.797014207253725e-12 1
4 119 71 973.901869092198 3.795354988279321e-12 1
4 119 72 974.0978753737352 3.793580269319219e-12 1
4 119 73 974.1921589838907 3.791799766421887e-12 1
4 119 74 974.2749323193215 3.790106676656991e-12 1
4 119 75 974.3577056547506 3.788555438754392e-12 1
4 119 76 974.4433560511644 3.78700547013246e-12 1
4 119 77 974.5422570882615 3.785705619649353e-12 1
4 119 78 974.6447039756401 3.784611709681691e-12 1
4 119 79 974.7471508630197 3.7832805163910175e-12 1
4 120 48 950.782571980703 4.21396783258732e-12 1
4 120 49 951.7686262267367 4.20740696185661e-12 1
4 120 50 952.8908614179672 4.209199158021821e-12 1
4 120 51 954.355791034595 4.212823641540734e-12 1
4 120 52 956.1751404737213 4.213295831630439e-12 1
4 120 53 958.218342626941 4.20567580185376e-12 1
4 120 54 960.4415194599295 4.186335971918213e-12 1
4 120 55 962.0322525838553 4.15373734885939e-12 1
4 120 56 963.3613840307612 4.1138337294686354e-12 1
4 120 57 965.2897102102784 4.073655867036927e-12 1
4 121 48 951.0880868087197 4.334674611926331e-12 1
4 121 49 952.5489650286924 4.332978856300825e-12 1
4 121 50 953.6419121105918 4.3457052362619765e-12 1
4 121 51 954.8860773388532 4.3312548121562415e-12 1
