3 55 104 978.3104428771892 1.288220385880811e-10 1
3 55 105 998.9121884826592 1.1898291960161562e-10 1
3 55 106 1022.4054746154692 1.292073155228986e-10 1
3 55 107 1015.3622006896892 1.6860563836846748e-10 1
3 56 79 957.9338559631292 1.1541024505989828e-10 1
3 56 80 957.9338559631292 1.168150609367819e-10 1
3 56 81 960.9200620178192 1.1811754666156431e-10 1
3 56 82 963.7278623107892 1.1931390892623914e-10 1
3 56 83 965.7260922912592 1.2039757164077703e-10 1
3 56 84 972.6421079162592 1.2136722787339726e-10 1
3 56 85 972.6421079162592 1.2222203215407405e-10 1
3 56 86 975.6554135803192 1.2296684860873398e-10 1
3 56 87 979.9853696350092 1.236041456871767e-10 1
3 56 88 984.8636044982892 1.241459056051941e-10 1
3 56 89 994.5440854553192 1.2459607990951078e-10 1
3 56 90 994.5440854553192 1.2497142635638727e-10 1
3 56 91 998.2082089904692 1.2527608223894307e-10 1
3 56 92 1001.3929624084392 1.255046323430792e-10 1
3 56 93 1004.6276425842192 1.2565546935426987e-10 1
3 56 94 1009.6099423889092 1.2576125813431568e-10 1
3 56 95 1009.6099423889092 1.2580806272237224e-10 1
3 56 96 1011.8227719787592 1.2581628801164814e-10 1
3 56 97 1014.0789975646892 1.2579696783469923e-10 1
3 56 98 1014.4543027404692 1.2575319259457552e-10 1
3 56 99 1015.4161557678192 1.2569882898176527e-10 1
3 56 100 1016.9264707092192 1.2585847129815047e-10 1
3 56 101 1018.4325131896892 1.2721117947159413e-10 1
3 56 102 1021.3227719787592 1.3160907972955489e-10 1
3 56 103 1024.2625302795393 1.3266557893416811e-10 1
3 56 104 1026.6624936584392 1.2326466278831854e-10 1
3 56 105 1031.0546445373493 1.119193530345604e-10 1
3 57 32 974.3239316467192 9.201583040010168e-11 1
3 57 33 976.6007871154692 9.182292293909261e-11 1
3 57 34 975.3020810607892 9.157084843133434e-11 1
3 57 35 975.3020810607892 9.131010309773213e-11 1
3 57 36 973.0128964904692 9.095152438669302e-11 1
3 57 37 971.9588193420392 9.050216275248696e-11 1
3 57 38 974.8283261779692 8.999257653028161e-11 1
3 57 39 975.9873837951592 8.940074910865597e-11 1
3 57 40 975.9873837951592 8.875440789806736e-11 1
3 57 41 975.8145322326592 8.809793778098304e-11 1
3 57 42 975.2929868225092 8.743025867901864e-11 1
3 57 43 973.7413510803192 8.677949557269574e-11 1
3 57 44 976.8524960998492 8.61457856381387e-11 1
3 57 45 976.8524960998492 8.555248985611803e-11 1
3 57 46 978.5544614318792 8.497949291038883e-11 1
3 57 47 977.7509946350092 8.442986816498019e-11 1
3 57 48 973.8495053771892 8.389477347311403e-11 1
3 57 49 976.5006284240692 8.339986258133116e-11 1
3 57 50 976.5006284240692 8.295100752508871e-11 1
3 57 51 978.9140195373492 8.257084932673986e-11 1
3 57 52 982.3477963928192 8.230237438203943e-11 1
3 57 53 985.2760190490692 8.219004679626044e-11 1
3 57 54 985.5111875060992 8.225021785492947e-11 1
3 57 55 985.5111875060992 8.248103061410693e-11 1
3 57 56 986.5709409240692 8.286349787163746e-11 1
3 57 57 986.4107236389092 8.339575712307635e-11 1
3 57 58 987.7132138732892 8.409560252077812e-11 1
3 57 59 988.7249326232892 8.494335617842267e-11 1
3 57 60 988.7249326232892 8.589661112039088e-11 1
3 57 61 989.9737729553192 8.693207703502944e-11 1
3 57 62 990.6382627014092 8.80408656386844e-11 1
3 57 63 991.7641782287592 8.92077018879704e-11 1
3 57 64 995.4754209045392 9.040999543287011e-11 1
3 57 65 995.4754209045392 9.164613603571873e-11 1
3 57 66 997.3634213928192 9.29003127095801e-11 1
3 57 67 998.0761289123492 9.421827231370469e-11 1
3 57 68 998.7267026428192 9.559967235225166e-11 1
3 57 69 998.4959287170392 9.704761672304224e-11 1
3 57 70 998.4959287170392 9.859290964369965e-11 1
3 57 71 997.4630918029692 1.0016503104790974e-10 1
3 57 72 995.8662900451592 1.0170248723120288e-10 1
3 57 73 993.5177182678192 1.0318951926017055e-10 1
3 57 74 991.2757749084392 1.0463388053823188e-10 1
3 57 75 991.2757749084392 1.060502707865501e-10 1
3 57 76 992.7531308654692 1.0741968723967701e-10 1
3 57 77 992.0538510803192 1.0873909082090059e-10 1
3 57 78 990.9628476623492 1.099953786252491e-10 1
3 57 79 996.3521909240692 1.1121172831614568e-10 1
3 57 80 996.3521909240692 1.1234170622069179e-10 1
3 57 81 998.5959043029692 1.1340091437943294e-10 1
3 57 82 1001.6719541076592 1.1526542213216281e-10 1
3 57 83 1003.8633603576592 1.1612209333744557e-10 1
3 57 84 1009.0663022521892 1.1685318731439028e-10 1
3 57 85 1009.0663022521892 1.1746918575837356e-10 1
3 57 86 1010.2584409240692 1.1798711136276108e-10 1
3 57 87 1010.9422788146892 1.1841679691381569e-10 1
3 57 88 1011.9196958068792 1.1875959861372035e-10 1
3 57 89 1012.8434628967192 1.1875959861372035e-10 1
3 57 90 1012.8434628967192 1.2076016845541178e-10 1
3 57 91 1013.9820127014092 1.2094279872147872e-10 1
3 58 24 969.9168271545392 9.849946768491547e-11 1
3 58 25 971.2231015685992 1.0069703659704535e-10 1
3 58 26 974.2758969787592 1.0160733099324496e-10 1
3 58 27 977.9010190490692 1.0079146073551606e-10 1
3 58 28 981.9196958068792 9.697546725219969e-11 1
3 58 29 983.7592343810992 9.196729661597917e-11 1
3 58 30 987.0542172912592 9.072648573170657e-11 1
3 58 31 988.9681577209392 9.106896836082179e-11 1
3 58 32 989.5865048889092 9.111471083729061e-11 1
3 58 33 991.2694882873492 9.107633546115708e-11 1
3 58 34 991.8294248107892 9.102261923935008e-11 1
3 58 35 991.8294248107892 9.119923740872182e-11 1
3 58 36 991.9831723693792 9.104979007532319e-11 1
3 58 37 992.3806943420392 9.08554016098168e-11 1
3 58 38 993.6306333068792 9.06279278002368e-11 1
3 58 39 993.8729428771892 9.037709295935844e-11 1
3 58 40 993.8729428771892 9.011543565098674e-11 1
3 58 41 994.2205380920392 8.944641247357788e-11 1
3 58 42 994.7461728576592 9.02018241039616e-11 1
3 58 43 995.2977475646892 8.901052259863657e-11 1
3 59 24 970.8391294006292 9.942954242019663e-11 1
3 59 25 972.9831723693792 1.0188492395087497e-10 1
3 59 26 975.4115781310992 1.0129407446047244e-10 1
