4 19 27 1001.6110410217192 5.1003088278201924e-11 1
4 20 17 924.8442563537592 1.8495888104119484e-11 1
4 20 18 932.7225522521892 1.8255565855051855e-11 1
4 20 19 940.1516294006292 1.843397025261293e-11 1
4 20 20 951.4482602600092 1.9627136506441836e-11 1
4 20 21 956.0330991271892 2.19110703301415e-11 1
4 20 22 975.6554135803192 2.4902343258559568e-11 1
4 20 23 1004.6276425842192 2.7745815462468485e-11 1
4 20 24 1016.5350522521892 2.946467908827312e-11 1
4 20 25 1020.5338315490692 3.074488407758902e-11 1
4 20 26 1026.0829648498493 3.518098562398329e-11 1
4 20 27 1036.2272519592193 4.5826023584911396e-11 1
4 21 11 970.2716855529692 1.9074575773860805e-11 1
4 21 12 976.4097470764092 1.91218879265004e-11 1
4 21 13 983.2520932678192 1.8789733029720065e-11 1
4 21 14 987.9196958068792 1.8010091103290164e-11 1
4 21 15 991.1884946350092 1.7607359325968274e-11 1
4 21 16 995.7516660217192 1.718508262664109e-11 1
4 21 17 999.1815366271892 1.696832305820207e-11 1
4 21 18 1002.2735776428192 1.6881594372801875e-11 1
