1 98 267 969.4782446396423 4.8906941504865306e-11 1
1 98 268 989.1975439560423 4.3456486766929615e-11 1
1 98 269 1011.4845312607323 3.4062214759519676e-11 1
1 98 270 1005.6475561630723 3.092874486475607e-11 1
1 99 206 948.2192114365123 6.799148611694095e-11 1
1 99 207 948.2192114365123 6.758101306040419e-11 1
1 99 208 948.2192114365123 6.718632950494957e-11 1
1 99 209 948.2192114365123 6.679622920841546e-11 1
1 99 210 951.2054174912023 6.328029709131783e-11 1
1 99 211 951.2054174912023 6.295788031823573e-11 1
1 99 212 951.2054174912023 6.263873235458784e-11 1
1 99 213 951.2054174912023 6.232616798646495e-11 1
1 99 214 954.0132177841723 5.944980704662133e-11 1
1 99 215 954.0132177841723 5.918669845663407e-11 1
1 99 216 954.0132177841723 5.892590849836615e-11 1
1 99 217 954.0132177841723 5.867678488530815e-11 1
1 99 218 954.0132177841723 5.844223071992524e-11 1
1 99 219 956.0114477646423 5.6564698627447024e-11 1
1 99 220 956.0114477646423 5.635385413136067e-11 1
1 99 221 956.0114477646423 5.6157326696400596e-11 1
1 99 222 956.0114477646423 5.596216523039147e-11 1
1 99 223 962.9274633896423 5.0866884051208334e-11 1
1 99 224 962.9274633896423 5.072473434318444e-11 1
1 99 225 962.9274633896423 5.0580801426161104e-11 1
1 99 226 962.9274633896423 5.0437683025645497e-11 1
1 99 227 965.9407690537023 4.846766115132367e-11 1
1 99 228 965.9407690537023 4.835159353838546e-11 1
1 99 229 965.9407690537023 4.823422191115009e-11 1
1 99 230 965.9407690537023 4.8118593102462326e-11 1
1 99 231 970.2707251083923 4.5642506623134726e-11 1
1 99 232 970.2707251083923 4.55491088010597e-11 1
1 99 233 970.2707251083923 4.5458649143616616e-11 1
1 99 234 970.2707251083923 4.537862904107814e-11 1
1 99 235 975.1489599716723 4.2925205699692524e-11 1
1 99 236 975.1489599716723 4.285168065521875e-11 1
1 99 237 975.1489599716723 4.27820400002041e-11 1
1 99 238 975.1489599716723 4.2717480977338646e-11 1
1 99 239 984.8294409287023 3.8662186389183496e-11 1
1 99 240 984.8294409287023 3.861246235739157e-11 1
1 99 241 984.8294409287023 3.8566333430652113e-11 1
1 99 242 984.8294409287023 3.85203145895527e-11 1
1 99 243 984.8294409287023 3.8475796103733485e-11 1
1 99 244 988.4935644638523 3.712985033347534e-11 1
1 99 245 988.4935644638523 3.709297484269809e-11 1
1 99 246 988.4935644638523 3.705617252499644e-11 1
1 99 247 988.4935644638523 3.702256317165426e-11 1
1 99 248 991.6783178818223 3.593351645967267e-11 1
1 99 249 991.6783178818223 3.590400482360898e-11 1
1 99 250 991.6783178818223 3.587501295264701e-11 1
1 99 251 991.6783178818223 3.585060932067136e-11 1
1 99 252 994.9129980576023 3.4817519407108756e-11 1
1 99 253 994.9129980576023 3.479530398812556e-11 1
1 99 254 994.9129980576023 3.4777238405312526e-11 1
1 99 255 994.9129980576023 3.47589224019589e-11 1
1 99 256 999.8952978622923 3.329968015231187e-11 1
1 99 257 999.8952978622923 3.3285196666624586e-11 1
1 99 258 999.8952978622923 3.3269884639758614e-11 1
1 99 259 1002.1081274521423 3.264706959341344e-11 1
1 99 260 1002.1081274521423 3.2624368922859955e-11 1
1 99 261 1004.3643530380723 3.2017623149496786e-11 1
1 99 262 1005.7015112412023 3.168173820728337e-11 1
1 99 263 1006.8204077255723 3.144589631238691e-11 1
1 99 264 1008.7178686630723 3.104955916637985e-11 1
1 99 265 1011.6081274521423 3.0450099409905147e-11 1
1 99 266 1014.5478857529223 3.057403399537252e-11 1
1 99 267 1016.6105688583923 3.217619925519779e-11 1
1 99 268 1021.3400000107323 3.366183965939612e-11 1
1 100 43 964.4117163193223 6.854436677272719e-11 1
1 100 44 964.6092871201023 6.850447624413491e-11 1
1 100 45 964.6092871201023 6.870143136489279e-11 1
1 100 46 964.6092871201023 6.88995840395918e-11 1
1 100 47 964.6092871201023 6.910760703940534e-11 1
1 100 48 967.0529516708923 6.651078323728678e-11 1
1 100 49 967.0529516708923 6.671445195256589e-11 1
1 100 50 967.0529516708923 6.69209483838006e-11 1
1 100 51 967.0529516708923 6.714403857249278e-11 1
1 100 52 966.8861425888523 6.755842142171107e-11 1
1 100 53 966.8861425888523 6.778803187192255e-11 1
1 100 54 966.8861425888523 6.8037904748191e-11 1
1 100 55 966.8861425888523 6.828601573776704e-11 1
1 100 56 965.5874365341723 7.009571349012568e-11 1
1 100 57 965.5874365341723 7.03678032557876e-11 1
1 100 58 965.5874365341723 7.06537912777293e-11 1
1 100 59 965.5874365341723 7.09421134044149e-11 1
1 100 60 963.2982519638523 7.427275806923855e-11 1
1 100 61 963.2982519638523 7.46185999218983e-11 1
1 100 62 963.2982519638523 7.496767758076175e-11 1
1 100 63 963.2982519638523 7.532641957046839e-11 1
1 100 64 962.2441748154223 7.725544421135225e-11 1
1 100 65 962.2441748154223 7.765543756792599e-11 1
1 100 66 962.2441748154223 7.805959444663165e-11 1
1 100 67 962.2441748154223 7.847785571378178e-11 1
1 100 68 962.2441748154223 7.891400991976315e-11 1
1 100 69 965.1136816513523 7.508087589901125e-11 1
1 100 70 965.1136816513523 7.549325221754723e-11 1
1 100 71 965.1136816513523 7.591360400827674e-11 1
1 100 72 965.1136816513523 7.633866310688906e-11 1
1 100 73 966.2727392685423 7.510518234443423e-11 1
1 100 74 966.2727392685423 7.553714570606841e-11 1
1 100 75 966.2727392685423 7.596276853456032e-11 1
1 100 76 966.2727392685423 7.639321498492023e-11 1
1 100 77 966.0998877060423 7.70801059872965e-11 1
1 100 78 966.0998877060423 7.751297513805775e-11 1
1 100 79 966.0998877060423 7.795073358971023e-11 1
1 100 80 966.0998877060423 7.839873440501507e-11 1
1 100 81 965.5783422958923 7.964844994072344e-11 1
1 100 82 965.5783422958923 8.0093403689405e-11 1
1 100 83 965.5783422958923 8.054335680927316e-11 1
1 100 84 965.5783422958923 8.096978059621564e-11 1
1 100 85 964.0267065537023 8.405548360763689e-11 1
1 100 86 964.0267065537023 8.452063816616655e-11 1
1 100 87 964.0267065537023 8.497409111550446e-11 1
1 100 88 964.0267065537023 8.540957374773671e-11 1
1 100 89 967.1378515732323 8.047595468206967e-11 1
1 100 90 967.1378515732323 8.084904439747834e-11 1
1 100 91 967.1378515732323 8.11957298678944e-11 1
1 100 92 967.1378515732323 8.155828476652565e-11 1
1 100 93 967.1378515732323 8.192409194504288e-11 1
1 100 94 968.8398169052623 7.946852480776499e-11 1
1 100 95 968.8398169052623 7.978284657629973e-11 1
1 100 96 968.8398169052623 8.009966469172164e-11 1
1 100 97 968.8398169052623 8.039684307371705e-11 1
1 100 98 968.0363501083923 8.20125587232395e-11 1
1 100 99 968.0363501083923 8.231888373003668e-11 1
1 100 100 968.0363501083923 8.26255834731091e-11 1
1 100 101 968.0363501083923 8.291589475859291e-11 1
1 100 102 964.1348608505723 9.055783939542892e-11 1
1 100 103 964.1348608505723 9.088466884472106e-11 1
1 100 104 964.1348608505723 9.120738541496575e-11 1
1 100 105 964.1348608505723 9.153736096554437e-11 1
1 100 106 966.7859838974523 8.658908668191848e-11 1
1 100 107 966.7859838974523 8.683150063046412e-11 1
1 100 108 966.7859838974523 8.710128294969219e-11 1
1 100 109 966.7859838974523 8.738958056329494e-11 1
1 100 110 969.1993750107323 8.327440925349006e-11 1
1 100 111 969.1993750107323 8.353738071323227e-11 1
1 100 112 969.1993750107323 8.380201830454626e-11 1
1 100 113 969.1993750107323 8.404021903051861e-11 1
1 100 114 972.6331518662023 7.860603359699476e-11 1
1 100 115 972.6331518662023 7.883982188749822e-11 1
1 100 116 972.6331518662023 7.90697503503915e-11 1
1 100 117 972.6331518662023 7.928277285770468e-11 1
1 100 118 972.6331518662023 7.94964037538366e-11 1
1 100 119 975.5613745224523 7.531159634229326e-11 1
1 100 120 975.5613745224523 7.549407318116918e-11 1
1 100 121 975.5613745224523 7.562338552659971e-11 1
1 100 122 975.5613745224523 7.575314162538347e-11 1
1 100 123 975.7965429794823 7.554608353529213e-11 1
1 100 124 975.7965429794823 7.561825047385237e-11 1
1 100 125 975.7965429794823 7.566804281735525e-11 1
1 100 126 975.7965429794823 7.571790077758586e-11 1
1 100 127 976.8562963974523 7.424552931143888e-11 1
1 100 128 976.8562963974523 7.420839059865878e-11 1
1 100 129 976.8562963974523 7.416586300263366e-11 1
1 100 130 976.8562963974523 7.411553243190533e-11 1
1 100 131 976.6960791122923 7.420962035123519e-11 1
1 100 132 976.6960791122923 7.408346069410014e-11 1
1 100 133 976.6960791122923 7.39644975572194e-11 1
1 100 134 976.6960791122923 7.377929020787861e-11 1
1 100 135 977.9985693466723 7.185075071893272e-11 1
1 100 136 977.9985693466723 7.165593838388446e-11 1
1 100 137 977.9985693466723 7.143955026998927e-11 1
1 100 138 977.9985693466723 7.117633872169443e-11 1
1 100 139 979.0102880966723 6.966266105065072e-11 1
1 100 140 979.0102880966723 6.940478816638812e-11 1
1 100 141 979.0102880966723 6.910121189946142e-11 1
1 100 142 979.0102880966723 6.879637420286781e-11 1
1 100 143 979.0102880966723 6.84942142561763e-11 1
1 100 144 980.2591284287023 6.674073947105122e-11 1
1 100 145 980.2591284287023 6.641428479765533e-11 1
1 100 146 980.2591284287023 6.609166350313602e-11 1
1 100 147 980.2591284287023 6.575849278680242e-11 1
1 100 148 980.9236181747923 6.470321678114304e-11 1
1 100 149 980.9236181747923 6.436215552065606e-11 1
1 100 150 980.9236181747923 6.402589132913967e-11 1
1 100 151 980.9236181747923 6.36668477422405e-11 1
1 100 152 982.0495337021423 6.219991213345254e-11 1
1 100 153 982.0495337021423 6.185766319743543e-11 1
1 100 154 982.0495337021423 6.150275968844064e-11 1
1 100 155 982.0495337021423 6.114680295695648e-11 1
1 100 156 985.7607763779223 5.7549911983723327e-11 1
1 100 157 985.7607763779223 5.723906054407604e-11 1
1 100 158 985.7607763779223 5.691981258336112e-11 1
1 100 159 985.7607763779223 5.660207871743477e-11 1
1 100 160 987.6487768662023 5.483023384741365e-11 1
1 100 161 987.6487768662023 5.452594765498656e-11 1
1 100 162 987.6487768662023 5.4225020160044466e-11 1
1 100 163 987.6487768662023 5.3929148595708756e-11 1
1 100 164 988.3614843857323 5.3120309710222745e-11 1
1 100 165 988.3614843857323 5.282504928840589e-11 1
1 100 166 988.3614843857323 5.253305303531256e-11 1
1 100 167 988.3614843857323 5.223813974075118e-11 1
1 100 168 988.3614843857323 5.194034176823299e-11 1
1 100 169 989.0120581162023 5.121657452656975e-11 1
1 100 170 989.0120581162023 5.0930107250124065e-11 1
1 100 171 989.0120581162023 5.063708279476507e-11 1
1 100 172 989.0120581162023 5.0347410861150985e-11 1
1 100 173 988.7812841904223 5.020509192425617e-11 1
1 100 174 988.7812841904223 4.991461366948326e-11 1
1 100 175 988.7812841904223 4.96262815818924e-11 1
1 100 176 988.7812841904223 4.9341565206388484e-11 1
1 100 177 987.7484472763523 4.9691488087279476e-11 1
1 100 178 987.7484472763523 4.940632685502163e-11 1
1 100 179 987.7484472763523 4.912345596225732e-11 1
1 100 180 987.7484472763523 4.8844057995636324e-11 1
1 100 181 986.1516455185423 4.95305885388594e-11 1
1 100 182 986.1516455185423 4.9249028218637044e-11 1
1 100 183 986.1516455185423 4.897182132180316e-11 1
1 100 184 986.1516455185423 4.869941745230448e-11 1
1 100 185 983.8030737412023 4.984763686742935e-11 1
1 100 186 983.8030737412023 4.9565792562912166e-11 1
1 100 187 983.8030737412023 4.92887234840683e-11 1
1 100 188 983.8030737412023 4.901566074917225e-11 1
1 100 189 981.5611303818223 5.011480464004593e-11 1
1 100 190 981.5611303818223 4.983299621419791e-11 1
1 100 191 981.5611303818223 4.955713923597607e-11 1
1 100 192 981.5611303818223 4.9284204591700516e-11 1
1 100 193 981.5611303818223 4.9014259841448525e-11 1
1 100 194 983.0384863388523 4.7888513836242554e-11 1
1 100 195 983.0384863388523 4.76376845456289e-11 1
1 100 196 983.0384863388523 4.738946913916667e-11 1
1 100 197 983.0384863388523 4.714646119589936e-11 1
1 100 198 982.3392065537023 4.729683549884215e-11 1
1 100 199 982.3392065537023 4.7057623480898776e-11 1
1 100 200 982.3392065537023 4.6821422073693016e-11 1
1 100 201 982.3392065537023 4.6593342247580755e-11 1
1 100 202 981.2482031357323 4.696138345201156e-11 1
1 100 203 981.2482031357323 4.673259686581323e-11 1
1 100 204 981.2482031357323 4.651257275203462e-11 1
1 100 205 981.2482031357323 4.6295361693725957e-11 1
1 100 206 986.6375463974523 4.338649903690421e-11 1
1 100 207 986.6375463974523 4.320049212514964e-11 1
1 100 208 986.6375463974523 4.3020124731551895e-11 1
1 100 209 986.6375463974523 4.284125718821226e-11 1
1 100 210 988.8812597763523 4.166888669847169e-11 1
1 100 211 988.8812597763523 4.150993606015943e-11 1
1 100 212 988.8812597763523 4.135094942436403e-11 1
1 100 213 988.8812597763523 4.119317600689659e-11 1
1 100 214 991.9573095810423 3.994039656396602e-11 1
1 100 215 991.9573095810423 3.994039656396602e-11 1
1 100 216 991.9573095810423 3.927681657374407e-11 1
1 100 217 991.9573095810423 3.927681657374407e-11 1
1 100 218 991.9573095810423 3.927681657374407e-11 1
1 100 219 994.1487158310423 3.8051155626186356e-11 1
1 100 220 994.1487158310423 3.8051155626186356e-11 1
1 100 221 994.1487158310423 3.8051155626186356e-11 1
1 100 222 994.1487158310423 3.768583141318065e-11 1
1 100 223 999.3516577255723 3.592482187239519e-11 1
1 100 224 999.3516577255723 3.592482187239519e-11 1
1 100 225 999.3516577255723 3.562153424365739e-11 1
1 100 226 999.3516577255723 3.562153424365739e-11 1
1 100 227 1000.5437963974523 3.524733262411194e-11 1
1 100 228 1000.5437963974523 3.524733262411194e-11 1
1 100 229 1000.5437963974523 3.4976727901912105e-11 1
1 100 230 1000.5437963974523 3.4976727901912105e-11 1
1 100 231 1001.2276342880723 3.476882413827276e-11 1
1 100 232 1001.2276342880723 3.452663122475002e-11 1
1 100 233 1001.2276342880723 3.452663122475002e-11 1
1 100 234 1001.2276342880723 3.452663122475002e-11 1
1 100 235 1002.2050512802623 3.402314795106338e-11 1
1 100 236 1002.2050512802623 3.402314795106338e-11 1
1 100 237 1002.2050512802623 3.402314795106338e-11 1
1 100 238 1002.2050512802623 3.402314795106338e-11 1
1 100 239 1003.1288183701023 3.375789977402536e-11 1
1 100 240 1003.1288183701023 3.375789977402536e-11 1
1 100 241 1003.1288183701023 3.375789977402536e-11 1
1 100 242 1003.1288183701023 3.375789977402536e-11 1
1 100 243 1003.1288183701023 3.3301202199011177e-11 1
1 100 244 1004.2673681747923 3.2988511706503137e-11 1
1 100 245 1004.2673681747923 3.2850075914672475e-11 1
1 100 246 1004.2673681747923 3.2850075914672475e-11 1
1 101 24 960.2021826279223 4.770294088069093e-11 1
1 101 25 961.5084570419823 4.7344283215779755e-11 1
1 101 26 964.5612524521423 4.693193993227221e-11 1
1 101 27 968.1863745224523 4.749434680231474e-11 1
1 101 28 972.2050512802623 4.969114222100192e-11 1
1 101 29 973.7752417099523 5.384963390702791e-11 1
1 101 30 975.6553686630723 5.538317776326991e-11 1
1 101 31 977.3395727646423 5.553993076542046e-11 1
1 101 32 977.5891455185423 5.612846436270707e-11 1
1 101 33 978.0170019638523 5.626699976112709e-11 1
1 101 34 978.3542212021423 5.632747777068023e-11 1
1 101 35 979.2535131943223 5.5847079847497745e-11 1
1 101 36 979.2535131943223 5.6001897636914115e-11 1
1 101 37 979.2535131943223 5.612980306535098e-11 1
1 101 38 979.2535131943223 5.626291665505752e-11 1
1 101 39 979.6310156357323 5.609808277698206e-11 1
1 101 40 979.6310156357323 5.6229845169775005e-11 1
1 101 41 979.6310156357323 5.636938272411935e-11 1
1 101 42 979.6310156357323 5.6509614542050593e-11 1
1 101 43 979.6310156357323 5.665018550477066e-11 1
1 101 44 979.8718603622923 5.660032165093942e-11 1
1 101 45 979.8718603622923 5.674533213382669e-11 1
1 101 46 979.8718603622923 5.689108756133342e-11 1
1 101 47 979.8718603622923 5.703749188853937e-11 1
1 101 48 980.1001318466723 5.6999507326762085e-11 1
1 101 49 980.1001318466723 5.7147798985093126e-11 1
1 101 50 980.1001318466723 5.729667939811803e-11 1
1 101 51 980.1001318466723 5.744498287864094e-11 1
1 101 52 981.5548437607323 5.641322999342973e-11 1
1 101 53 981.5548437607323 5.655776539025512e-11 1
1 101 54 981.5548437607323 5.6705248647512583e-11 1
1 101 55 981.5548437607323 5.6854201017321373e-11 1
1 101 56 982.1147802841723 5.655226621499648e-11 1
1 101 57 982.1147802841723 5.670108853566766e-11 1
1 101 58 982.1147802841723 5.666307277161434e-11 1
1 101 59 982.1147802841723 5.666307277161434e-11 1
1 101 60 982.2685278427623 5.692777965502576e-11 1
1 101 61 982.2685278427623 5.692777965502576e-11 1
1 101 62 982.2685278427623 5.747914784637585e-11 1
1 101 63 982.2685278427623 5.747914784637585e-11 1
1 101 64 982.6660498154223 5.7152674278766526e-11 1
1 101 65 982.6660498154223 5.7725914651333224e-11 1
1 101 66 982.6660498154223 5.7725914651333224e-11 1
1 101 67 982.6660498154223 5.7725914651333224e-11 1
1 101 68 982.6660498154223 5.7725914651333224e-11 1
1 101 69 983.9159887802623 5.727464756113134e-11 1
1 101 70 983.9159887802623 5.727464756113134e-11 1
1 101 71 983.9159887802623 5.727464756113134e-11 1
1 101 72 983.9159887802623 5.7857040070695855e-11 1
1 101 73 984.1582983505723 5.7654969283703856e-11 1
1 101 74 984.1582983505723 5.7654969283703856e-11 1
1 101 75 984.1582983505723 5.823160247974893e-11 1
1 101 76 984.1582983505723 5.823160247974893e-11 1
1 101 77 984.5058935654223 5.793841921190034e-11 1
1 101 78 984.5058935654223 5.793841921190034e-11 1
1 101 79 984.5058935654223 5.850107074027135e-11 1
1 101 80 984.5058935654223 5.850107074027135e-11 1
1 101 81 985.0315283310423 5.8054771828346127e-11 1
1 101 82 985.0315283310423 5.8054771828346127e-11 1
1 101 83 985.0315283310423 5.8054771828346127e-11 1
1 101 84 985.0315283310423 5.8054771828346127e-11 1
1 101 85 985.5831030380723 5.759371193653503e-11 1
1 101 86 985.5831030380723 5.887198559102295e-11 1
1 102 24 961.1244848740123 4.592504244857009e-11 1
1 102 25 963.2685278427623 4.520718696043973e-11 1
1 102 26 965.6969336044823 4.544323028587353e-11 1
