4 113 272 1026.188546958244 1.089027005910594e-11 1
4 113 273 1016.7121363026972 1.1176923037567443e-11 1
4 113 274 1001.834442809947 1.1176923037567443e-11 1
4 114 266 1000.6659253419034 8.635516283967733e-12 1
4 114 267 1006.7918713445997 9.105985659809389e-12 1
4 114 268 1013.8869592002375 9.502402261922715e-12 1
4 114 269 1029.1347078809401 9.813379864656342e-12 1
4 114 270 1033.7418604352297 1.0029157776198447e-11 1
4 114 271 1035.1276386529812 1.0248567111594699e-11 1
4 114 272 1033.5818393846407 1.0603022938525631e-11 1
4 114 273 1029.1625412391359 1.097635935786071e-11 1
4 114 274 1017.78148536989 1.097635935786071e-11 1
4 115 260 1025.8172981619582 6.628902972373803e-12 1
4 115 261 1027.1462053018613 6.722462606190182e-12 1
4 115 262 1028.548621387455 6.8697415715771935e-12 1
4 115 263 1030.6754815091533 7.094127650609024e-12 1
4 115 264 1031.4929724499384 7.392711963664138e-12 1
4 115 265 1032.162095914383 7.75685851480002e-12 1
4 115 266 1028.1031861460126 8.185295915468066e-12 1
4 115 267 1035.4650995019592 8.656507595616443e-12 1
4 115 268 1036.5181913795561 9.134841748935693e-12 1
4 115 269 1039.4418155532735 9.586290182046833e-12 1
4 116 199 972.2145962102358 4.9257212377896635e-12 1
4 116 200 972.672315340136 4.949141480193886e-12 1
4 116 201 973.1353560628758 4.9727604995058426e-12 1
4 116 202 973.7106652432933 4.996431375211549e-12 1
4 116 203 974.2975147603789 5.020323970901161e-12 1
4 116 204 974.8843642774805 5.044366252247936e-12 1
4 116 205 975.4712137945755 5.068507744895845e-12 1
4 116 206 976.2483267561189 5.0928814230315125e-12 1
4 116 207 977.0776419624108 5.117637791648527e-12 1
4 116 208 977.9069571686799 5.1421908648520594e-12 1
4 116 209 978.7362723750135 5.166980672151749e-12 1
4 116 210 979.5190439884959 5.192065359100243e-12 1
4 116 211 980.2729927348881 5.217112821707207e-12 1
4 116 212 981.0269414813216 5.242260926757214e-12 1
4 116 213 981.780890227714 5.2676550685294695e-12 1
4 116 214 982.5424786172547 5.293083584353209e-12 1
4 116 215 983.3133883323652 5.3184306559715424e-12 1
4 116 216 984.0842980474938 5.3440523244684655e-12 1
4 116 217 984.8552077626044 5.3698855396442086e-12 1
4 116 218 985.7830902733344 5.395260627538782e-12 1
4 116 219 987.1081139571941 5.421014890255323e-12 1
4 116 220 988.4331376409511 5.447016208102468e-12 1
4 116 221 989.7581613246208 5.4727543493149145e-12 1
4 116 222 990.9741319245961 5.4985274973124475e-12 1
4 116 223 991.7737443013039 5.5245036351626095e-12 1
4 116 224 992.5303265383667 5.550052974727462e-12 1
4 116 225 993.2869087754207 5.575500065388173e-12 1
4 116 226 994.1158915682474 5.6013344929731735e-12 1
4 116 227 995.3151026899648 5.627363844586613e-12 1
4 116 228 996.6143875910859 5.652675766706339e-12 1
4 116 229 997.9136724923078 5.678216424086024e-12 1
4 116 230 999.2794524666003 5.703724842529444e-12 1
4 116 231 1001.2015785440449 5.7282633317933815e-12 1
4 116 232 1003.382514518042 5.753455108608617e-12 1
4 116 233 1005.5634504919223 5.778892294655719e-12 1
4 116 234 1007.724911918656 5.803759245203201e-12 1
4 116 235 1009.2560229906006 5.828129211831249e-12 1
4 116 236 1010.3481907360651 5.853048237637948e-12 1
4 116 237 1011.440358481588 5.878123195597482e-12 1
4 116 238 1012.5325262270816 5.9021917086449976e-12 1
4 116 239 1013.3752757871839 5.926458133516618e-12 1
4 116 240 1013.9413611469155 5.950481293775072e-12 1
4 116 241 1014.4978112766612 5.9738141555967924e-12 1
4 116 242 1015.0542614064216 5.997190555845947e-12 1
4 116 243 1015.6919973056677 6.0206340961162124e-12 1
4 116 244 1016.487434383126 6.042810810375752e-12 1
4 116 245 1017.2940090021901 6.064756634390863e-12 1
4 116 246 1018.100583621233 6.0871838195291435e-12 1
4 116 247 1018.9656743908906 6.109658497676561e-12 1
4 116 248 1020.0661890410224 6.130074496556842e-12 1
4 116 249 1021.1893464390087 6.151257440965257e-12 1
4 116 250 1022.3125038370542 6.172587291610277e-12 1
4 116 251 1023.3920051189914 6.192710879432293e-12 1
4 116 252 1023.6438355685444 6.21241576492738e-12 1
4 116 253 1023.7999599672373 6.23214973674704e-12 1
4 116 254 1023.9560843659341 6.250577278650952e-12 1
4 116 255 1024.112208764627 6.2730869238892585e-12 1
4 116 256 1024.2821099183823 6.3073219023328574e-12 1
4 116 257 1024.5186715785753 6.354142644867185e-12 1
4 116 258 1024.9426401093344 6.416582155624591e-12 1
4 116 259 1026.2155027419733 6.4967825628902915e-12 1
4 116 260 1027.3825268914427 6.588151155411417e-12 1
4 116 261 1028.89745462138 6.680520602726497e-12 1
4 116 262 1030.306097672525 6.792508727289686e-12 1
4 116 263 1032.9154797013055 6.9878754986123946e-12 1
4 117 121 980.9736890559743 3.951800153719169e-12 1
4 117 122 980.9567047330296 3.9486343239456145e-12 1
4 117 123 980.7181266860994 3.945480009193474e-12 1
4 117 124 980.455143204684 3.942873943333112e-12 1
4 117 125 980.192159723248 3.941160320980976e-12 1
4 117 126 979.9516639523071 3.93944818750517e-12 1
4 117 127 979.8181102344071 3.937616970313746e-12 1
4 117 128 979.7133181049592 3.93727852227699e-12 1
4 117 129 979.6085259755256 3.937069191770092e-12 1
4 117 130 979.5584700334429 3.9368598835206645e-12 1
4 117 131 979.9517834072487 3.9376196373989104e-12 1
4 117 132 980.5439666949642 3.9389749302202845e-12 1
4 117 133 981.1361499826685 3.94033693933435e-12 1
4 117 134 981.719669862004 3.942274212089398e-12 1
4 117 135 981.9675098658852 3.945155492208276e-12 1
4 117 136 981.9958408352647 3.9480409870756196e-12 1
4 117 137 982.0241718046445 3.950795475965863e-12 1
4 117 138 982.0525027740254 3.954975561059777e-12 1
4 117 139 982.0547904533856 3.95934384437063e-12 1
4 117 140 982.0290776047102 3.963721787917362e-12 1
4 117 141 982.0025139155446 3.96891729718962e-12 1
4 117 142 981.9759502263796 3.974708111764749e-12 1
4 117 143 982.3334720540988 3.9805230910335935e-12 1
4 117 144 983.4346095921894 3.986856189150322e-12 1
4 117 145 984.5783545010657 3.994033196585565e-12 1
4 117 146 985.7220994100085 4.00123609024599e-12 1
4 117 147 986.8665996233411 4.008230887155468e-12 1
4 117 148 988.014245986156 4.016340389725639e-12 1
4 117 149 989.1621315391392 4.024803473443757e-12 1
4 117 150 990.310017092145 4.0333022986681725e-12 1
4 117 151 991.4290906981139 4.042552157844465e-12 1
4 117 152 991.8618850019556 4.052134632794735e-12 1
4 117 153 992.2328539033382 4.06169037280015e-12 1
4 117 154 992.603822804692 4.071023079494306e-12 1
4 117 155 992.9747917060497 4.081296391502063e-12 1
4 117 156 993.5635209831556 4.091879759889876e-12 1
4 117 157 994.2100074925081 4.10251819449602e-12 1
4 117 158 994.8564940018789 4.113410799830894e-12 1
4 117 159 995.5029805112435 4.124813385708304e-12 1
4 117 160 995.9250007607923 4.136279364420594e-12 1
4 117 161 996.2113209532972 4.1482407533476215e-12 1
4 117 162 996.497641145794 4.160446763613302e-12 1
4 117 163 996.7839613383129 4.172676623676991e-12 1
4 117 164 996.8309508512394 4.1850628840616566e-12 1
4 117 165 996.5925273797861 4.19825321797043e-12 1
4 117 166 996.3541039083193 4.211526960423683e-12 1
4 117 167 996.115680436866 4.224984177484583e-12 1
4 117 168 995.7734110601401 4.2396732227416225e-12 1
4 117 169 995.1755993086601 4.25432383525283e-12 1
4 117 170 994.5777875571973 4.269076052165623e-12 1
4 117 171 993.9799758056881 4.284824040474208e-12 1
4 117 172 993.373741316489 4.3009424771199454e-12 1
4 117 173 992.7369030162914 4.317179508909524e-12 1
4 117 174 992.0967942998307 4.3339137213774265e-12 1
4 117 175 991.4566855834556 4.3513959446160804e-12 1
4 117 176 990.8614086858598 4.369019779336116e-12 1
4 117 177 990.4868868791094 4.3868205782201685e-12 1
4 117 178 990.1719348724015 4.405511603942429e-12 1
4 117 179 989.8569828657003 4.424414220357989e-12 1
4 117 180 989.5280674602674 4.443479745712263e-12 1
4 117 181 989.0844016785647 4.463189002768564e-12 1
4 117 182 988.5882804548743 4.483268903625081e-12 1
4 117 183 988.0921592311782 4.503508640522991e-12 1
4 117 184 987.6048353079144 4.524042919407181e-12 1
4 117 185 987.4263014104476 4.5452162550702845e-12 1
4 117 186 987.4562704754553 4.566588712708702e-12 1
4 117 187 987.4862395404625 4.587873562263361e-12 1
4 117 188 987.5162086054704 4.609594205622583e-12 1
4 117 189 987.5603885887299 4.631901922951764e-12 1
4 117 190 987.6200783953623 4.654426602641451e-12 1
4 117 191 987.6802772380312 4.677252039560352e-12 1
4 117 192 987.7404760806953 4.700335321350704e-12 1
4 117 193 987.8753120741426 4.723571956926199e-12 1
4 117 194 988.1547131304466 4.746480553052156e-12 1
4 117 195 988.4433817872999 4.7700381116846655e-12 1
4 117 196 988.7320504441612 4.794067605604394e-12 1
4 117 197 989.1965613872314 4.818340329574203e-12 1
4 117 198 990.380382191927 4.84285804453582e-12 1
4 117 199 991.6261673936557 4.867626548229199e-12 1
4 117 200 992.8719525953504 4.892349831037888e-12 1
4 117 201 994.0854868550542 4.916894187778012e-12 1
4 117 202 994.6186301750869 4.942371799680973e-12 1
4 117 203 995.0818345232725 4.968135231152928e-12 1
4 117 204 995.545038871471 4.994140536799995e-12 1
4 117 205 996.0082432196642 5.0203729528693785e-12 1
4 117 206 996.769279014016 5.046882402908036e-12 1
4 117 207 997.6120302954658 5.072858306829855e-12 1
4 117 208 998.4547815768929 5.0989269209234825e-12 1
4 117 209 999.2975328583851 5.125880174601995e-12 1
4 117 210 1000.1525277025297 5.153119895810303e-12 1
4 117 211 1001.0151045694696 5.180464256378677e-12 1
4 117 212 1001.8776814364568 5.20802429988046e-12 1
4 117 213 1002.740258303397 5.235742030477034e-12 1
4 117 214 1003.7902386509841 5.262983150159137e-12 1
4 117 215 1005.0688748177229 5.290926935814388e-12 1
4 117 216 1006.3475109844919 5.319169040203258e-12 1
4 117 217 1007.6261471512311 5.346606093454561e-12 1
4 117 218 1008.7754945090525 5.3738255444946055e-12 1
4 117 219 1009.5977411804174 5.402326011605525e-12 1
4 117 220 1010.4199878517186 5.431130399100607e-12 1
4 117 221 1011.2422345229656 5.4596554397683384e-12 1
4 117 222 1012.0686270098583 5.488241766111612e-12 1
4 117 223 1012.9108479751835 5.516968647077161e-12 1
4 117 224 1013.7547047954312 5.544474825409238e-12 1
4 117 225 1014.5985616156689 5.572554825375506e-12 1
4 117 226 1015.3937082732075 5.601396518051898e-12 1
4 117 227 1015.9397700727945 5.630486092898201e-12 1
4 117 228 1016.4185035206787 5.65877830131984e-12 1
4 117 229 1016.8972369685998 5.687356272452956e-12 1
4 117 230 1017.4057805114376 5.715693259992322e-12 1
4 117 231 1018.1637369712171 5.742835423662398e-12 1
4 117 232 1019.0377192840837 5.770968799630517e-12 1
4 117 233 1019.9117015969034 5.799409835557141e-12 1
4 117 234 1020.7767135982268 5.827620455301981e-12 1
4 117 235 1021.3513753803957 5.855259900879104e-12 1
4 117 236 1021.7238523139828 5.883162774543542e-12 1
4 117 237 1022.09632924759 5.910424873468697e-12 1
4 117 238 1022.4688061811871 5.93667712289617e-12 1
4 117 239 1022.8099876987411 5.96386661486065e-12 1
4 118 61 992.836924618825 3.887665885589919e-12 1
4 118 62 993.4633813052276 3.861256159022476e-12 1
4 118 63 992.1986443198986 3.84560939731981e-12 1
4 118 64 992.1557247880002 3.836693735550905e-12 1
4 118 65 993.527952024332 3.83152153463872e-12 1
4 118 66 993.8659363820743 3.828550140863838e-12 1
4 118 67 994.5419050975643 3.826674232581317e-12 1
4 118 68 994.8021496431417 3.825520857927881e-12 1
4 118 69 994.8812457585383 3.8242919509608805e-12 1
4 118 70 994.9603418739397 3.823063833286304e-12 1
4 118 71 995.0394379893363 3.822117556389108e-12 1
4 118 72 995.0635022180088 3.821285171543141e-12 1
4 118 73 994.9050441950131 3.820464839812393e-12 1
4 118 74 994.7259331432269 3.819897438492525e-12 1
4 118 75 994.5468220914437 3.8195040627758384e-12 1
4 118 76 994.3764124355945 3.819055344740421e-12 1
4 118 77 994.2460780757903 3.818624769565179e-12 1
4 118 78 994.1264678012375 3.818570702329734e-12 1
4 118 79 994.0068575266838 3.8185166366253315e-12 1
4 118 80 993.9268260074009 3.818546510342358e-12 1
4 118 81 994.1638477507538 3.8189581204692885e-12 1
4 118 82 994.5402034440633 3.819258918727081e-12 1
4 118 83 994.9165591373408 3.8195534094392546e-12 1
4 118 84 995.2919935854195 3.8200765848868044e-12 1
4 118 85 995.6271431703544 3.820778996433748e-12 1
4 118 86 995.9368129630955 3.821371166139535e-12 1
4 118 87 996.2464827558607 3.821991005422597e-12 1
4 118 88 996.556152548602 3.823067758454122e-12 1
4 118 89 996.6959471236519 3.823878831672992e-12 1
4 118 90 996.6556009849841 3.82469024910725e-12 1
4 118 91 996.6102967436077 3.82552539582157e-12 1
4 118 92 996.5649925022299 3.8263703526167776e-12 1
4 118 93 996.4906711362195 3.827279771016633e-12 1
4 118 94 996.3601279480011 3.828677228961284e-12 1
4 118 95 996.2267617126714 3.829688456737777e-12 1
4 118 96 996.0933954773459 3.830469430575336e-12 1
4 118 97 995.9863267293756 3.831237174421549e-12 1
4 118 98 995.9909666407715 3.8317223641446765e-12 1
4 118 99 996.002961765925 3.832207676772681e-12 1
4 118 100 996.0149568910795 3.8330265257574675e-12 1
4 118 101 996.0376233302298 3.833370071901546e-12 1
4 118 102 996.3526323104949 3.833358636525596e-12 1
4 118 103 996.6903064494751 3.833433834189678e-12 1
4 118 104 997.027980588445 3.8338453304889835e-12 1
4 118 105 997.365654727441 3.833384003812486e-12 1
4 118 106 997.7517356189668 3.832712118204558e-12 1
4 118 107 998.1502196641778 3.832012745153167e-12 1
4 118 108 998.5487037094125 3.830735328620062e-12 1
4 118 109 998.9471877546234 3.829458763466806e-12 1
4 118 110 999.3297241126633 3.828287444470116e-12 1
4 118 111 999.7028498985323 3.826758378846348e-12 1
4 118 112 1000.075975684408 3.825173083516614e-12 1
4 118 113 1000.449101470277 3.8235930144251025e-12 1
4 118 114 1000.8380299791903 3.82193567551902e-12 1
4 118 115 1001.2453788402315 3.820431265016825e-12 1
4 118 116 1001.652727701241 3.8190861090842835e-12 1
4 118 117 1002.060076562254 3.817761820741943e-12 1
4 118 118 1002.3736152628047 3.817011186006915e-12 1
4 118 119 1002.4625507905915 3.816617730677756e-12 1
4 118 120 1002.5514863183809 3.8162243564545284e-12 1
4 118 121 1002.6404218461695 3.816788083589303e-12 1
4 118 122 1002.7405923050173 3.817738601763871e-12 1
4 118 123 1002.8797158067531 3.818614192644599e-12 1
4 118 124 1003.0231294387256 3.819292346159232e-12 1
4 118 125 1003.1665430707095 3.821107717102857e-12 1
4 118 126 1003.3143580011193 3.823233661854057e-12 1
4 118 127 1003.4831036479528 3.825362494218841e-12 1
4 118 128 1003.6574785176771 3.827790016471854e-12 1
4 118 129 1003.8318533873775 3.830869729303546e-12 1
4 118 130 1004.0331692676357 3.833954401795129e-12 1
4 118 131 1004.452710384023 3.837641411880332e-12 1
4 118 132 1004.9701347601874 3.8415772098523866e-12 1
4 118 133 1005.4875591363419 3.845420775806604e-12 1
4 118 134 1006.0003408888971 3.84891559683903e-12 1
4 118 135 1006.3332355527664 3.853508267253933e-12 1
4 118 136 1006.5484977815311 3.858369899793643e-12 1
4 118 137 1006.7637600102978 3.863260214706712e-12 1
4 118 138 1006.9790222390708 3.868687940648823e-12 1
4 118 139 1007.1857105211799 3.874545006950826e-12 1
4 118 140 1007.383180496631 3.88041983495495e-12 1
4 118 141 1007.5803703591978 3.88704750211625e-12 1
4 118 142 1007.7775602217589 3.8939956805491065e-12 1
4 118 143 1007.9628281747066 3.900914351801696e-12 1
4 118 144 1008.1250144989037 3.9080437812348086e-12 1
4 118 145 1008.2858783019562 3.916169893487239e-12 1
4 118 146 1008.4467421050181 3.924329869890622e-12 1
4 118 147 1008.6362475232974 3.9323259303733125e-12 1
4 118 148 1008.9450568874156 3.94155613687449e-12 1
4 118 149 1009.2629364920657 3.951016799726432e-12 1
4 118 150 1009.5808160967221 3.9605229874859834e-12 1
4 118 151 1009.892829654506 3.970732019983682e-12 1
4 118 152 1010.0651183076321 3.981515223506958e-12 1
4 118 153 1010.2248194494742 3.992364418741258e-12 1
4 118 154 1010.3845205913038 4.0037103746173194e-12 1
4 118 155 1010.5442217331351 4.015841940111624e-12 1
4 118 156 1010.7291502850806 4.028047248296911e-12 1
4 118 157 1010.9207699780476 4.040090636465973e-12 1
4 118 158 1011.11238967102 4.053166724852948e-12 1
4 118 159 1011.3040093639906 4.066628857511333e-12 1
4 118 160 1011.4644434861779 4.080180714064907e-12 1
4 118 161 1011.6060245133137 4.094432123787193e-12 1
4 119 54 988.1529933439666 4.05984452873977e-12 1
4 119 55 990.2535945796711 4.030435905456666e-12 1
4 119 56 991.7462851653747 4.005081429143031e-12 1
4 119 57 992.3988221242172 3.986263777006939e-12 1
4 119 58 993.8029015464319 3.970831107202489e-12 1
4 119 59 995.7431344816451 3.9482024827293585e-12 1
4 119 60 997.406275583146 3.913765646685771e-12 1
4 119 61 998.6061343267941 3.875348287842139e-12 1
4 119 62 1000.2416541031882 3.8457151511251594e-12 1
4 119 63 1001.3866066077912 3.827475667167401e-12 1
4 119 64 1001.9868872076834 3.816516278396594e-12 1
4 119 65 1002.5709541813924 3.80980276003326e-12 1
4 119 66 1002.6306119720837 3.805697539798717e-12 1
4 119 67 1002.7499275534673 3.802922927557952e-12 1
4 119 68 1002.859738259819 3.801061507616673e-12 1
4 119 69 1003.0864147225342 3.7990367794885765e-12 1
4 119 70 1003.3130911852633 3.797014207253725e-12 1
4 119 71 1003.5397676479784 3.795354988279321e-12 1
4 119 72 1003.7357739295155 3.793580269319219e-12 1
4 119 73 1003.8300575396711 3.791799766421887e-12 1
4 119 74 1003.9128308751018 3.790106676656991e-12 1
4 119 75 1003.9956042105309 3.788555438754392e-12 1
4 119 76 1004.0812546069448 3.78700547013246e-12 1
4 119 77 1004.1801556440419 3.785705619649353e-12 1
4 119 78 1004.2826025314205 3.784611709681691e-12 1
4 119 79 1004.3850494188 3.7832805163910175e-12 1
4 120 48 980.4204705364833 4.21396783258732e-12 1
4 120 49 981.4065247825171 4.20740696185661e-12 1
4 120 50 982.5287599737476 4.209199158021821e-12 1
4 120 51 983.9936895903753 4.212823641540734e-12 1
4 120 52 985.8130390295016 4.213295831630439e-12 1
4 120 53 987.8562411827213 4.20567580185376e-12 1
4 120 54 990.0794180157098 4.186335971918213e-12 1
4 120 55 991.6701511396357 4.15373734885939e-12 1
4 120 56 992.9992825865415 4.1138337294686354e-12 1
4 120 57 994.9276087660587 4.073655867036927e-12 1
4 121 48 980.7259853645 4.334674611926331e-12 1
4 121 49 982.1868635844727 4.332978856300825e-12 1
4 121 50 983.2798106663721 4.3457052362619765e-12 1
4 121 51 984.5239758946335 4.3312548121562415e-12 1
