4 55 104 963.4503298513049 1.8372260423062345e-11 1
4 55 105 984.0520754567749 1.9845640333342327e-11 1
4 55 106 1007.5453615895849 2.0534329000000592e-11 1
4 55 107 1000.5020876638049 2.195271871572142e-11 1
4 56 79 943.0737429372449 1.002048224845866e-11 1
4 56 80 943.0737429372449 1.0185222143759727e-11 1
4 56 81 946.0599489919349 1.0353140904696422e-11 1
4 56 82 948.8677492849049 1.0522515991026294e-11 1
4 56 83 950.8659792653749 1.0694181001144592e-11 1
4 56 84 957.7819948903749 1.0865354169971832e-11 1
4 56 85 957.7819948903749 1.1035238596841455e-11 1
4 56 86 960.7953005544349 1.1204755074438205e-11 1
4 56 87 965.1252566091249 1.1373548368175559e-11 1
4 56 88 970.0034914724049 1.1537502226478173e-11 1
4 56 89 979.6839724294349 1.1700128936264492e-11 1
4 56 90 979.6839724294349 1.1856838229305817e-11 1
4 56 91 983.3480959645849 1.2007093911450899e-11 1
4 56 92 986.5328493825549 1.2152843435368577e-11 1
4 56 93 989.7675295583349 1.2293584026110095e-11 1
4 56 94 994.7498293630249 1.2424095230033457e-11 1
4 56 95 994.7498293630249 1.2547428946740697e-11 1
4 56 96 996.9626589528749 1.2660942093321015e-11 1
4 56 97 999.2188845388049 1.2763950635535526e-11 1
4 56 98 999.5941897145849 1.2878388617573252e-11 1
4 56 99 1000.5560427419349 1.301949906705244e-11 1
4 56 100 1002.0663576833349 1.3180530586286186e-11 1
4 56 101 1003.5724001638049 1.3389455824813516e-11 1
4 56 102 1006.4626589528749 1.3870949959786833e-11 1
4 56 103 1009.4024172536549 1.5018946707444906e-11 1
4 56 104 1011.8023806325549 1.6887979529096187e-11 1
4 56 105 1016.1945315114649 1.880983371769403e-11 1
4 57 32 959.4638186208349 7.847276977952783e-12 1
4 57 33 961.7406740895849 7.821272425048337e-12 1
4 57 34 960.4419680349049 7.803611380741793e-12 1
4 57 35 960.4419680349049 7.78862182919207e-12 1
4 57 36 958.1527834645849 7.774795363989054e-12 1
4 57 37 957.0987063161549 7.762247519389725e-12 1
4 57 38 959.9682131520849 7.750460664094526e-12 1
4 57 39 961.1272707692749 7.740740118502455e-12 1
4 57 40 961.1272707692749 7.733223591696811e-12 1
4 57 41 960.9544192067749 7.728125194439856e-12 1
4 57 42 960.4328737966249 7.725877146482203e-12 1
4 57 43 958.8812380544349 7.726624841508825e-12 1
4 57 44 961.9923830739649 7.730485541544824e-12 1
4 57 45 961.9923830739649 7.737288156448678e-12 1
4 57 46 963.6943484059949 7.746901412735638e-12 1
4 57 47 962.8908816091249 7.758982341305278e-12 1
4 57 48 958.9893923513049 7.772444028004332e-12 1
4 57 49 961.6405153981849 7.78672084418307e-12 1
4 57 50 961.6405153981849 7.801008390035311e-12 1
4 57 51 964.0539065114649 7.807792136805232e-12 1
4 57 52 967.4876833669349 7.807152769620161e-12 1
4 57 53 970.4159060231849 7.796061218945337e-12 1
4 57 54 970.6510744802149 7.780712697657719e-12 1
4 57 55 970.6510744802149 7.766759978827352e-12 1
4 57 56 971.7108278981849 7.759315550083485e-12 1
4 57 57 971.5506106130249 7.759542560253826e-12 1
4 57 58 972.8531008474049 7.764996934507406e-12 1
4 57 59 973.8648195974049 7.777195682073385e-12 1
4 57 60 973.8648195974049 7.798966588574031e-12 1
4 57 61 975.1136599294349 7.830003961627755e-12 1
4 57 62 975.7781496755249 7.869520549271755e-12 1
4 57 63 976.9040652028749 7.9178651297985e-12 1
4 57 64 980.6153078786549 7.97623937063418e-12 1
4 57 65 980.6153078786549 8.04230839420483e-12 1
4 57 66 982.5033083669349 8.117713333465605e-12 1
4 57 67 983.2160158864649 8.198703340563599e-12 1
4 57 68 983.8665896169349 8.286660411352969e-12 1
4 57 69 983.6358156911549 8.381083078369089e-12 1
4 57 70 983.6358156911549 8.479668990358088e-12 1
4 57 71 982.6029787770849 8.584149418603971e-12 1
4 57 72 981.0061770192749 8.697732697749512e-12 1
4 57 73 978.6576052419349 8.820792449625822e-12 1
4 57 74 976.4156618825549 8.95308115971634e-12 1
4 57 75 976.4156618825549 9.093510260538158e-12 1
4 57 76 977.8930178395849 9.242046320070433e-12 1
4 57 77 977.1937380544349 9.398156501977564e-12 1
4 57 78 976.1027346364649 9.561624981948809e-12 1
4 57 79 981.4920778981849 9.729857865341717e-12 1
4 57 80 981.4920778981849 9.905078341989281e-12 1
4 57 81 983.7357912770849 1.0085024307856674e-11 1
4 57 82 986.8118410817749 1.031207171371261e-11 1
4 57 83 989.0032473317749 1.0502547271559205e-11 1
4 57 84 994.2061892263049 1.0698480017892103e-11 1
4 57 85 994.2061892263049 1.089843581104603e-11 1
4 57 86 995.3983278981849 1.1100477820555986e-11 1
4 57 87 996.0821657888049 1.1302788875541688e-11 1
4 57 88 997.0595827809949 1.1504497016179716e-11 1
4 57 89 997.9833498708349 1.1504497016179716e-11 1
4 57 90 997.9833498708349 1.1832924223316465e-11 1
4 57 91 999.1218996755249 1.2014890279977645e-11 1
4 58 24 955.0567141286549 8.396055338460146e-12 1
4 58 25 956.3629885427149 8.366170373170636e-12 1
4 58 26 959.4157839528749 8.333350066139275e-12 1
4 58 27 963.0409060231849 8.254824535017892e-12 1
4 58 28 967.0595827809949 8.131890057293462e-12 1
4 58 29 968.8991213552149 8.016367056711579e-12 1
4 58 30 972.1941042653749 7.936908412684556e-12 1
4 58 31 974.1080446950549 7.863167216582527e-12 1
4 58 32 974.7263918630249 7.805218345762342e-12 1
4 58 33 976.4093752614649 7.765220841284987e-12 1
4 58 34 976.9693117849049 7.738672714637493e-12 1
4 58 35 976.9693117849049 7.693197138763524e-12 1
4 58 36 977.1230593434949 7.673712651451087e-12 1
4 58 37 977.5205813161549 7.655207295435164e-12 1
4 58 38 978.7705202809949 7.637814500729372e-12 1
4 58 39 979.0128298513049 7.621586198434903e-12 1
4 58 40 979.0128298513049 7.606658147246865e-12 1
4 58 41 979.3604250661549 7.606658147246865e-12 1
4 58 42 979.8860598317749 7.571453163070964e-12 1
4 58 43 980.4376345388049 7.562580596769593e-12 1
4 59 24 955.9790163747449 8.78300276680096e-12 1
4 59 25 958.1230593434949 8.698866649278362e-12 1
4 59 26 960.5514651052149 8.682438385237923e-12 1
