6 113 272 1013.4072032060636 7.710785887119746e-12 1
6 113 273 1003.9307925505169 7.707129094412332e-12 1
6 113 274 989.0530990577666 7.707129094412332e-12 1
6 114 266 987.8845815897231 8.077751732291227e-12 1
6 114 267 994.0105275924194 7.924464504275776e-12 1
6 114 268 1001.1056154480572 7.805186813360916e-12 1
6 114 269 1016.3533641287598 7.72890324741193e-12 1
6 114 270 1020.9605166830494 7.69197892401517e-12 1
6 114 271 1022.3462949008008 7.676712323788558e-12 1
6 114 272 1020.8004956324604 7.67235010006591e-12 1
6 114 273 1016.3811974869554 7.685715049675145e-12 1
6 114 274 1005.0001416177097 7.685715049675145e-12 1
6 115 260 1013.0359544097778 8.957957694331327e-12 1
6 115 261 1014.364861549681 8.88802789615072e-12 1
6 115 262 1015.7672776352745 8.781079040212386e-12 1
6 115 263 1017.8941377569729 8.639438140590547e-12 1
6 115 264 1018.711628697758 8.472136652234491e-12 1
6 115 265 1019.3807521622025 8.292688985135013e-12 1
6 115 266 1015.3218423938322 8.117353337638305e-12 1
6 115 267 1022.6837557497789 7.96051982457988e-12 1
6 115 268 1023.7368476273757 7.834372405193931e-12 1
6 115 269 1026.660471801093 7.746820638160683e-12 1
6 116 199 959.4332524580554 9.61727114567997e-12 1
6 116 200 959.8909715879557 9.604095406973806e-12 1
6 116 201 960.3540123106955 9.591043913587318e-12 1
6 116 202 960.929321491113 9.578170347568526e-12 1
6 116 203 961.5161710081986 9.565334320965932e-12 1
6 116 204 962.1030205253002 9.552615938221363e-12 1
6 116 205 962.6898700423952 9.54006740639121e-12 1
6 116 206 963.4669830039386 9.52755179937935e-12 1
6 116 207 964.2962982102305 9.515000418742327e-12 1
6 116 208 965.1256134164996 9.502820794055162e-12 1
6 116 209 965.9549286228332 9.490672310431112e-12 1
6 116 210 966.7377002363156 9.47850610584893e-12 1
6 116 211 967.4916489827078 9.466589819841992e-12 1
6 116 212 968.2455977291413 9.454815265669195e-12 1
6 116 213 968.9995464755337 9.443058887790548e-12 1
6 116 214 969.7611348650744 9.431381116042716e-12 1
6 116 215 970.5320445801849 9.419997978927384e-12 1
6 116 216 971.3029542953135 9.408671244174918e-12 1
6 116 217 972.0738640104241 9.39738443233786e-12 1
6 116 218 973.0017465211541 9.386413619493036e-12 1
6 116 219 974.3267702050138 9.37552314426173e-12 1
6 116 220 975.6517938887708 9.364657910833721e-12 1
6 116 221 976.9768175724405 9.354088896217974e-12 1
6 116 222 978.1927881724158 9.343652904985701e-12 1
6 116 223 978.9924005491235 9.333230871129276e-12 1
6 116 224 979.7489827861864 9.322921716570602e-12 1
6 116 225 980.5055650232404 9.312935767985898e-12 1
6 116 226 981.3345478160671 9.302994638338587e-12 1
6 116 227 982.5337589377845 9.29309423121943e-12 1
6 116 228 983.8330438389056 9.283621462843982e-12 1
6 116 229 985.1323287401275 9.274167986636094e-12 1
6 116 230 986.49810871442 9.264704593959277e-12 1
6 116 231 988.4202347918646 9.255536472385688e-12 1
6 116 232 990.6011707658616 9.246561349354498e-12 1
6 116 233 992.782106739742 9.237605016516146e-12 1
6 116 234 994.9435681664756 9.228821191503283e-12 1
6 116 235 996.4746792384203 9.220332152905941e-12 1
6 116 236 997.5668469838848 9.211872456472808e-12 1
6 116 237 998.6590147294077 9.20344918924154e-12 1
6 116 238 999.7511824749013 9.195477150958943e-12 1
6 116 239 1000.5939320350036 9.187518911501262e-12 1
6 116 240 1001.1600173947352 9.17955698605842e-12 1
6 116 241 1001.7164675244809 9.171938896136117e-12 1
6 116 242 1002.2729176542413 9.164474975351745e-12 1
6 116 243 1002.9106535534874 9.157020177255261e-12 1
6 116 244 1003.7060906309457 9.149721976846782e-12 1
6 116 245 1004.5126652500098 9.142723805843618e-12 1
6 116 246 1005.3192398690527 9.135745156757762e-12 1
6 116 247 1006.1843306387103 9.128795990756221e-12 1
6 116 248 1007.2848452888421 9.122246238503373e-12 1
6 116 249 1008.4080026868284 9.115697427598336e-12 1
6 116 250 1009.5311600848739 9.109158012659369e-12 1
6 116 251 1010.6106613668111 9.102929531630166e-12 1
6 116 252 1010.8624918163641 9.096831148631343e-12 1
6 116 253 1011.018616215057 9.090739400246527e-12 1
6 116 254 1011.1747406137538 9.084794857678105e-12 1
6 116 255 1011.3308650124467 9.077671117663213e-12 1
6 116 256 1011.5007661662019 9.067060539671043e-12 1
6 116 257 1011.737327826395 9.0521066394126e-12 1
6 116 258 1012.1612963571541 9.031139954954249e-12 1
6 116 259 1013.4341589897929 9.002204499361862e-12 1
6 116 260 1014.6011831392624 8.961394836249116e-12 1
6 116 261 1016.1161108691995 8.901366682794104e-12 1
6 116 262 1017.5247539203448 8.811684899880476e-12 1
6 116 263 1020.134135949125 8.661757421097163e-12 1
6 117 121 968.192345303794 1.049977592756935e-11 1
6 117 122 968.1753609808493 1.0494633113858676e-11 1
6 117 123 967.9367829339191 1.0489497141608682e-11 1
6 117 124 967.6737994525037 1.0483997707680049e-11 1
6 117 125 967.4108159710677 1.0477901096981707e-11 1
6 117 126 967.1703202001268 1.0471811572713838e-11 1
6 117 127 967.0367664822268 1.0465647692283286e-11 1
6 117 128 966.9319743527789 1.0458602910371982e-11 1
6 117 129 966.8271822233453 1.0451601627213603e-11 1
6 117 130 966.7771262812626 1.0444609711496405e-11 1
6 117 131 967.1704396550684 1.0436952168985853e-11 1
6 117 132 967.7626229427839 1.0429081212338926e-11 1
6 117 133 968.3548062304882 1.0421223462186928e-11 1
6 117 134 968.9383261098237 1.0413069346274211e-11 1
6 117 135 969.1861661137049 1.0404423941298385e-11 1
6 117 136 969.2144970830844 1.0395792880032583e-11 1
6 117 137 969.2428280524642 1.0387063071522123e-11 1
6 117 138 969.271159021845 1.0377597064545355e-11 1
6 117 139 969.2734467012053 1.036820432308355e-11 1
6 117 140 969.2477338525299 1.0358828568947985e-11 1
6 117 141 969.2211701633643 1.0348885764136266e-11 1
6 117 142 969.1946064741993 1.0338803806593651e-11 1
6 117 143 969.5521283019185 1.0328743655867444e-11 1
6 117 144 970.6532658400091 1.0318449217556032e-11 1
6 117 145 971.7970107488854 1.0307760300036731e-11 1
6 117 146 972.9407556578282 1.0297093504974548e-11 1
6 117 147 974.0852558711608 1.028633217941365e-11 1
6 117 148 975.2329022339757 1.0274998373141683e-11 1
6 117 149 976.3807877869589 1.026376651593256e-11 1
6 117 150 977.5286733399647 1.0252559187557345e-11 1
6 117 151 978.6477469459336 1.0240962457360476e-11 1
6 117 152 979.0805412497753 1.0229225236304212e-11 1
6 117 153 979.4515101511579 1.0217499985378233e-11 1
6 117 154 979.8224790525117 1.0205495625323387e-11 1
6 117 155 980.1934479538694 1.0193278925573184e-11 1
6 117 156 980.7821772309753 1.0181136307539372e-11 1
6 117 157 981.4286637403278 1.0168994923844105e-11 1
6 117 158 982.0751502496986 1.0156349303452196e-11 1
6 117 159 982.7216367590632 1.0143831888738468e-11 1
6 117 160 983.143657008612 1.0131345290766754e-11 1
6 117 161 983.4299772011169 1.0118604915713844e-11 1
6 117 162 983.7162973936137 1.0105781983708949e-11 1
6 117 163 984.0026175861326 1.0092973416125802e-11 1
6 117 164 984.0496070990591 1.0079982591235773e-11 1
6 117 165 983.8111836276058 1.0066892654951813e-11 1
6 117 166 983.572760156139 1.0053836671942528e-11 1
6 117 167 983.3343366846857 1.0040681735241159e-11 1
6 117 168 982.9920673079598 1.0027286847799329e-11 1
6 117 169 982.3942555564798 1.0014032182592141e-11 1
6 117 170 981.796443805017 1.0000812512738442e-11 1
6 117 171 981.1986320535078 9.987339492656499e-12 1
6 117 172 980.5923975643087 9.973946984731641e-12 1
6 117 173 979.9555592641111 9.960594880697297e-12 1
6 117 174 979.3154505476504 9.947205336897234e-12 1
6 117 175 978.6753418312753 9.933732252123522e-12 1
6 117 176 978.0800649336795 9.920295615472243e-12 1
6 117 177 977.7055431269291 9.906750826246864e-12 1
6 117 178 977.3905911202212 9.893128095572818e-12 1
6 117 179 977.07563911352 9.879654448806036e-12 1
6 117 180 976.7467237080871 9.866217452176595e-12 1
6 117 181 976.3030579263844 9.8527650379486e-12 1
6 117 182 975.806936702694 9.839328354408168e-12 1
6 117 183 975.3108154789979 9.825907542640845e-12 1
6 117 184 974.8234915557341 9.812414412056701e-12 1
6 117 185 974.6449576582673 9.79903034312037e-12 1
6 117 186 974.674926723275 9.785682736014938e-12 1
6 117 187 974.7048957882822 9.772236794304313e-12 1
6 117 188 974.7348648532901 9.758852805734251e-12 1
6 117 189 974.7790448365496 9.74561348526214e-12 1
6 117 190 974.838734643182 9.732410038296808e-12 1
6 117 191 974.8989334858509 9.71928359834409e-12 1
6 117 192 974.959132328515 9.706209139568915e-12 1
6 117 193 975.0939683219623 9.693151276978632e-12 1
6 117 194 975.3733693782663 9.680023574407996e-12 1
6 117 195 975.6620380351196 9.667090615015893e-12 1
6 117 196 975.9507066919809 9.65425253008134e-12 1
6 117 197 976.4152176350511 9.64145429635676e-12 1
6 117 198 977.5990384397467 9.628810640037524e-12 1
6 117 199 978.8448236414754 9.616200101684544e-12 1
6 117 200 980.0906088431701 9.603553415666979e-12 1
6 117 201 981.3041431028739 9.59095486440725e-12 1
6 117 202 981.8372864229066 9.57861599390797e-12 1
6 117 203 982.3004907710922 9.566314122814758e-12 1
6 117 204 982.7636951192907 9.554111283247108e-12 1
6 117 205 983.2268994674839 9.542049786764927e-12 1
6 117 206 983.9879352618357 9.530018705726997e-12 1
6 117 207 984.8306865432855 9.517944390791514e-12 1
6 117 208 985.6734378247126 9.50616521067722e-12 1
6 117 209 986.5161891062048 9.494509115826031e-12 1
6 117 210 987.3711839503494 9.482881570480627e-12 1
6 117 211 988.2337608172893 9.471473791037304e-12 1
6 117 212 989.0963376842765 9.460170483479446e-12 1
6 117 213 989.9589145512167 9.448878166586828e-12 1
6 117 214 991.0088948988038 9.437667129987536e-12 1
6 117 215 992.2875310655426 9.426764044114416e-12 1
6 117 216 993.5661672323116 9.415886121261485e-12 1
6 117 217 994.8448033990508 9.404944107300491e-12 1
6 117 218 995.9941507568722 9.394351776664825e-12 1
6 117 219 996.8163974282371 9.38386611228515e-12 1
6 117 220 997.6386440995383 9.373403829310673e-12 1
6 117 221 998.4608907707853 9.363217003685375e-12 1
6 117 222 999.287283257678 9.353153879837447e-12 1
6 117 223 1000.1295042230032 9.343098474970732e-12 1
6 117 224 1000.9733610432509 9.333110518751473e-12 1
6 117 225 1001.8172178634886 9.323445011961668e-12 1
6 117 226 1002.6123645210272 9.313832467170317e-12 1
6 117 227 1003.1584263206142 9.304258132253212e-12 1
6 117 228 1003.6371597684983 9.295086902331769e-12 1
6 117 229 1004.1158932164195 9.28593373481356e-12 1
6 117 230 1004.6244367592573 9.27675153018474e-12 1
6 117 231 1005.3823932190368 9.267833684636536e-12 1
6 117 232 1006.2563755319034 9.259142101685994e-12 1
6 117 233 1007.1303578447231 9.250469269147535e-12 1
6 117 234 1007.9953698460465 9.241963542635761e-12 1
6 117 235 1008.5700316282154 9.233720151594154e-12 1
6 117 236 1008.9425085618025 9.225491452871604e-12 1
6 117 237 1009.3149854954097 9.21724593059328e-12 1
6 117 238 1009.6874624290068 9.209405417612154e-12 1
6 117 239 1010.0286439465608 9.201613750786806e-12 1
6 118 61 980.0555808666447 1.0753394195060379e-11 1
6 118 62 980.6820375530473 1.0701206874477358e-11 1
6 118 63 979.4173005677183 1.0669592149162899e-11 1
6 118 64 979.3743810358199 1.0650084908055313e-11 1
6 118 65 980.7466082721517 1.0637659750846058e-11 1
6 118 66 981.084592629894 1.062977315644879e-11 1
6 118 67 981.760561345384 1.0624479198046471e-11 1
6 118 68 982.0208058909614 1.0620471853475498e-11 1
6 118 69 982.099902006358 1.0616514095968616e-11 1
6 118 70 982.1789981217594 1.0612559287108403e-11 1
6 118 71 982.258094237156 1.0608763771359156e-11 1
6 118 72 982.2821584658285 1.0605034047397635e-11 1
6 118 73 982.1237004428328 1.0601300943883297e-11 1
6 118 74 981.9445893910466 1.0597609099209872e-11 1
6 118 75 981.7654783392634 1.0594087903250183e-11 1
6 118 76 981.5950686834142 1.0590587206280122e-11 1
6 118 77 981.46473432361 1.0587098816061551e-11 1
6 118 78 981.3451240490572 1.0583821173109694e-11 1
6 118 79 981.2255137745035 1.0580545558970188e-11 1
6 118 80 981.1454822552206 1.0577256681415035e-11 1
6 118 81 981.3825039985735 1.0574106676493972e-11 1
6 118 82 981.758859691883 1.0571022215979187e-11 1
6 118 83 982.1352153851604 1.0567939582611969e-11 1
6 118 84 982.5106498332392 1.056493466752782e-11 1
6 118 85 982.8457994181741 1.0562044664673177e-11 1
6 118 86 983.1554692109152 1.0559149979469443e-11 1
6 118 87 983.4651390036804 1.0556264577284728e-11 1
6 118 88 983.7748087964217 1.0553531016581783e-11 1
6 118 89 983.9146033714716 1.0550775522139476e-11 1
6 118 90 983.8742572328038 1.054802146622379e-11 1
6 118 91 983.8289529914274 1.054536385991831e-11 1
6 118 92 983.7836487500496 1.0542745932545727e-11 1
6 118 93 983.7093273840392 1.0540135236765697e-11 1
6 118 94 983.5787841958208 1.0537600931372729e-11 1
6 118 95 983.4454179604911 1.0535066351288284e-11 1
6 118 96 983.3120517251656 1.0532503299099802e-11 1
6 118 97 983.2049829771953 1.0529942979003275e-11 1
6 118 98 983.2096228885912 1.0527414887403422e-11 1
6 118 99 983.2216180137447 1.0524888009430863e-11 1
6 118 100 983.2336131388992 1.0522400403687113e-11 1
6 118 101 983.2562795780495 1.051986547285919e-11 1
6 118 102 983.5712885583146 1.0517293607642165e-11 1
6 118 103 983.9089626972948 1.051473480670934e-11 1
6 118 104 984.2466368362647 1.051222663111337e-11 1
6 118 105 984.5843109752607 1.0509572828597766e-11 1
6 118 106 984.9703918667865 1.0506872580073798e-11 1
6 118 107 985.3688759119975 1.0504164665911977e-11 1
6 118 108 985.7673599572322 1.0501269307512532e-11 1
6 118 109 986.1658440024431 1.0498375544821163e-11 1
6 118 110 986.548380360483 1.04955581949269e-11 1
6 118 111 986.921506146352 1.049259736066819e-11 1
6 118 112 987.2946319322277 1.0489366844677888e-11 1
6 118 113 987.6677577180967 1.048613331929446e-11 1
6 118 114 988.05668622701 1.0482764116800342e-11 1
6 118 115 988.4640350880512 1.0479066338251141e-11 1
6 118 116 988.8713839490607 1.047531170318673e-11 1
6 118 117 989.2787328100737 1.0471534236466012e-11 1
6 118 118 989.5922715106244 1.0467186771749507e-11 1
6 118 119 989.6812070384112 1.046275107033433e-11 1
6 118 120 989.7701425662005 1.0458319126779429e-11 1
6 118 121 989.8590780939892 1.045334285070444e-11 1
6 118 122 989.959248552837 1.0448150258144231e-11 1
6 118 123 990.0983720545728 1.0442968526142682e-11 1
6 118 124 990.2417856865453 1.0437505937823712e-11 1
6 118 125 990.3851993185292 1.0431522265757328e-11 1
6 118 126 990.533014248939 1.0425551196846697e-11 1
6 118 127 990.7017598957725 1.04195482389634e-11 1
6 118 128 990.8761347654968 1.0412755064574944e-11 1
6 118 129 991.0505096351972 1.0405993454808346e-11 1
6 118 130 991.2518255154554 1.0399240620759095e-11 1
6 118 131 991.6713666318427 1.0391942904557078e-11 1
6 118 132 992.1887910080071 1.0384432234332143e-11 1
6 118 133 992.7062153841616 1.037692279065574e-11 1
6 118 134 993.2189971367168 1.0369059802033807e-11 1
6 118 135 993.5518918005861 1.0360790597382857e-11 1
6 118 136 993.7671540293508 1.0352569276845552e-11 1
6 118 137 993.9824162581175 1.0344323546205829e-11 1
6 118 138 994.1976784868905 1.0335345080077395e-11 1
6 118 139 994.4043667689996 1.0326460130550444e-11 1
6 118 140 994.6018367444507 1.0317590444088578e-11 1
6 118 141 994.7990266070175 1.0308247364743818e-11 1
6 118 142 994.9962164695786 1.0298724293828437e-11 1
6 118 143 995.1814844225263 1.0289203688915114e-11 1
6 118 144 995.3436707467234 1.0279403099486205e-11 1
6 118 145 995.5045345497759 1.0269317194896448e-11 1
6 118 146 995.6653983528378 1.0259251063003154e-11 1
6 118 147 995.854903771117 1.0249065464165478e-11 1
6 118 148 996.1637131352353 1.02383477962177e-11 1
6 118 149 996.4815927398854 1.022776089558417e-11 1
6 118 150 996.7994723445418 1.0217195866973116e-11 1
6 118 151 997.1114859023257 1.0206151914822286e-11 1
6 118 152 997.2837745554518 1.0195111471659306e-11 1
6 118 153 997.4434756972939 1.0184100021857743e-11 1
6 118 154 997.6031768391235 1.0172924138624452e-11 1
6 118 155 997.7628779809548 1.0161465161025073e-11 1
6 118 156 997.9478065329002 1.0150031969605585e-11 1
6 118 157 998.1394262258673 1.013848277789772e-11 1
6 118 158 998.3310459188397 1.0126557813338801e-11 1
6 118 159 998.5226656118103 1.0114788971716803e-11 1
6 118 160 998.6830997339976 1.0103047453269093e-11 1
6 118 161 998.8246807611334 1.0091072146848743e-11 1
6 119 54 975.3716495917863 1.138557970057825e-11 1
6 119 55 977.4722508274908 1.127549225881073e-11 1
6 119 56 978.9649414131944 1.1166040856219055e-11 1
6 119 57 979.6174783720369 1.1060102450899321e-11 1
6 119 58 981.0215577942516 1.095942199193282e-11 1
6 119 59 982.9617907294648 1.0865548963671218e-11 1
6 119 60 984.6249318309657 1.0779773031103998e-11 1
6 119 61 985.8247905746138 1.0708591296472148e-11 1
6 119 62 987.4603103510079 1.0659758845903422e-11 1
6 119 63 988.6052628556109 1.0630185775492689e-11 1
6 119 64 989.2055434555031 1.061186280399358e-11 1
6 119 65 989.7896104292121 1.0600186203404314e-11 1
6 119 66 989.8492682199034 1.0592716592537556e-11 1
6 119 67 989.968583801287 1.0587760281624443e-11 1
6 119 68 990.0783945076387 1.0583954836034466e-11 1
6 119 69 990.3050709703539 1.058017489276308e-11 1
6 119 70 990.531747433083 1.057639764845827e-11 1
6 119 71 990.758423895798 1.057274266497996e-11 1
6 119 72 990.9544301773352 1.0569139440146909e-11 1
6 119 73 991.0487137874908 1.0565538698647436e-11 1
6 119 74 991.1314871229215 1.0561997318897858e-11 1
6 119 75 991.2142604583506 1.0558551475856412e-11 1
6 119 76 991.2999108547644 1.0555107880488653e-11 1
6 119 77 991.3988118918616 1.0551686242484143e-11 1
6 119 78 991.5012587792402 1.0548408891970636e-11 1
6 119 79 991.6037056666197 1.0545121561293786e-11 1
6 120 48 967.639126784303 1.184607937015121e-11 1
6 120 49 968.6251810303368 1.1772481987303479e-11 1
6 120 50 969.7474162215673 1.1690778861171886e-11 1
6 120 51 971.212345838195 1.1601809411707585e-11 1
6 120 52 973.0316952773213 1.1506781743828891e-11 1
6 120 53 975.074897430541 1.1407119998289978e-11 1
6 120 54 977.2980742635295 1.1304516832435836e-11 1
6 120 55 978.8888073874554 1.1200733426835944e-11 1
6 120 56 980.2179388343612 1.1097561534075478e-11 1
6 120 57 982.1462650138784 1.099752302929308e-11 1
6 121 48 967.9446416123197 1.1748293712020087e-11 1
6 121 49 969.4055198322924 1.1675344231799142e-11 1
6 121 50 970.4984669141918 1.1595692270086926e-11 1
6 121 51 971.7426321424532 1.1516556279753315e-11 1
