2 19 27 1016.9651190235332 3.1351201793252124e-10 1
2 20 17 940.1983343555733 1.86218191297687e-10 1
2 20 18 948.0766302540032 1.8464022906941621e-10 1
2 20 19 955.5057074024432 1.9766020944635173e-10 1
2 20 20 966.8023382618233 2.2434893003946843e-10 1
2 20 21 971.3871771290032 2.554288094682041e-10 1
2 20 22 991.0094915821333 2.767110880162794e-10 1
2 20 23 1019.9817205860332 2.830114595474337e-10 1
2 20 24 1031.8891302540032 2.8269137906288287e-10 1
2 20 25 1035.8879095508833 2.9108968591064874e-10 1
2 20 26 1041.4370428516631 2.8241918725190666e-10 1
2 20 27 1051.5813299610331 2.6121777980122466e-10 1
2 21 11 985.6257635547832 2.2368257687503054e-10 1
2 21 12 991.7638250782232 2.277061364630045e-10 1
2 21 13 998.6061712696333 2.0938762469381843e-10 1
2 21 14 1003.2737738086932 2.0328187962949494e-10 1
2 21 15 1006.5425726368233 2.0486672395384064e-10 1
2 21 16 1011.1057440235332 2.0391283755053223e-10 1
2 21 17 1014.5356146290032 1.9647858610462982e-10 1
2 21 18 1017.6276556446333 1.9068198526201937e-10 1
