6 19 27 1009.1234250306496 3.5316349092853453e-11 1
6 20 17 932.3566403626896 4.788639325370883e-11 1
6 20 18 940.2349362611196 4.7583550765063536e-11 1
6 20 19 947.6640134095596 4.6713329486355564e-11 1
6 20 20 958.9606442689396 4.519754137531937e-11 1
6 20 21 963.5454831361196 4.350578429900998e-11 1
6 20 22 983.1677975892496 4.2041955030462854e-11 1
6 20 23 1012.1400265931496 4.102158416690468e-11 1
6 20 24 1024.0474362611196 4.040635361005011e-11 1
6 20 25 1028.0462155579996 3.949360040836433e-11 1
6 20 26 1033.5953488587797 3.6921717875468634e-11 1
6 20 27 1043.7396359681497 3.4566462308148866e-11 1
6 21 11 977.7840695618996 5.3272066583406884e-11 1
6 21 12 983.9221310853396 5.15707414074902e-11 1
6 21 13 990.7644772767496 4.986673998419241e-11 1
6 21 14 995.4320798158096 4.885648341730387e-11 1
6 21 15 998.7008786439396 4.8180897941686646e-11 1
6 21 16 1003.2640500306496 4.765510548171294e-11 1
6 21 17 1006.6939206361196 4.7287789247106445e-11 1
6 21 18 1009.7859616517496 4.7003036824082835e-11 1
