2 55 104 971.6624975761357 1.2882203858808065e-10 1
2 55 105 992.2642431816057 1.1898291960161562e-10 1
2 55 106 1015.7575293144157 1.292073155228986e-10 1
2 55 107 1008.7142553886357 1.6860563836846748e-10 1
2 56 79 951.2859106620757 1.1541024505989865e-10 1
2 56 80 951.2859106620757 1.168150609367819e-10 1
2 56 81 954.2721167167657 1.1811754666156431e-10 1
2 56 82 957.0799170097357 1.1931390892623914e-10 1
2 56 83 959.0781469902057 1.2039757164077744e-10 1
2 56 84 965.9941626152057 1.2136722787339685e-10 1
2 56 85 965.9941626152057 1.2222203215407405e-10 1
2 56 86 969.0074682792657 1.2296684860873398e-10 1
2 56 87 973.3374243339557 1.236041456871767e-10 1
2 56 88 978.2156591972357 1.241459056051941e-10 1
2 56 89 987.8961401542657 1.2459607990951078e-10 1
2 56 90 987.8961401542657 1.2497142635638727e-10 1
2 56 91 991.5602636894157 1.2527608223894353e-10 1
2 56 92 994.7450171073857 1.255046323430792e-10 1
2 56 93 997.9796972831657 1.2565546935426987e-10 1
2 56 94 1002.9619970878557 1.2576125813431524e-10 1
2 56 95 1002.9619970878557 1.2580806272237224e-10 1
2 56 96 1005.1748266777057 1.2581628801164767e-10 1
2 56 97 1007.4310522636357 1.2579696783469923e-10 1
2 56 98 1007.8063574394157 1.2575319259457552e-10 1
2 56 99 1008.7682104667657 1.2569882898176574e-10 1
2 56 100 1010.2785254081657 1.2585847129815094e-10 1
2 56 101 1011.7845678886357 1.2721117947159413e-10 1
2 56 102 1014.6748266777057 1.3160907972955489e-10 1
2 56 103 1017.6145849784857 1.3266557893416811e-10 1
2 56 104 1020.0145483573857 1.2326466278831854e-10 1
2 56 105 1024.4066992362957 1.1191935303456004e-10 1
2 57 32 967.6759863456657 9.201583040010145e-11 1
2 57 33 969.9528418144157 9.182292293909261e-11 1
2 57 34 968.6541357597357 9.157084843133458e-11 1
2 57 35 968.6541357597357 9.131010309773213e-11 1
2 57 36 966.3649511894157 9.095152438669302e-11 1
2 57 37 965.3108740409857 9.050216275248719e-11 1
2 57 38 968.1803808769157 8.999257653028161e-11 1
2 57 39 969.3394384941057 8.940074910865597e-11 1
2 57 40 969.3394384941057 8.875440789806736e-11 1
2 57 41 969.1665869316057 8.809793778098304e-11 1
2 57 42 968.6450415214557 8.743025867901864e-11 1
2 57 43 967.0934057792657 8.677949557269574e-11 1
2 57 44 970.2045507987957 8.61457856381387e-11 1
2 57 45 970.2045507987957 8.555248985611782e-11 1
2 57 46 971.9065161308257 8.497949291038863e-11 1
2 57 47 971.1030493339557 8.442986816498e-11 1
2 57 48 967.2015600761357 8.389477347311403e-11 1
2 57 49 969.8526831230157 8.339986258133116e-11 1
2 57 50 969.8526831230157 8.295100752508871e-11 1
2 57 51 972.2660742362957 8.257084932673986e-11 1
2 57 52 975.6998510917657 8.230237438203943e-11 1
2 57 53 978.6280737480157 8.219004679626044e-11 1
2 57 54 978.8632422050457 8.225021785492928e-11 1
2 57 55 978.8632422050457 8.248103061410713e-11 1
2 57 56 979.9229956230157 8.286349787163746e-11 1
2 57 57 979.7627783378557 8.339575712307654e-11 1
2 57 58 981.0652685722357 8.409560252077812e-11 1
2 57 59 982.0769873222357 8.494335617842267e-11 1
2 57 60 982.0769873222357 8.589661112039067e-11 1
2 57 61 983.3258276542657 8.693207703502966e-11 1
2 57 62 983.9903174003557 8.80408656386844e-11 1
2 57 63 985.1162329277057 8.920770188797063e-11 1
2 57 64 988.8274756034857 9.040999543286987e-11 1
2 57 65 988.8274756034857 9.164613603571849e-11 1
2 57 66 990.7154760917657 9.29003127095801e-11 1
2 57 67 991.4281836112957 9.421827231370469e-11 1
2 57 68 992.0787573417657 9.559967235225166e-11 1
2 57 69 991.8479834159857 9.704761672304198e-11 1
2 57 70 991.8479834159857 9.859290964369992e-11 1
2 57 71 990.8151465019157 1.0016503104790974e-10 1
2 57 72 989.2183447441057 1.0170248723120288e-10 1
2 57 73 986.8697729667657 1.0318951926017026e-10 1
2 57 74 984.6278296073857 1.0463388053823188e-10 1
2 57 75 984.6278296073857 1.0605027078655042e-10 1
2 57 76 986.1051855644157 1.0741968723967701e-10 1
2 57 77 985.4059057792657 1.0873909082090025e-10 1
2 57 78 984.3149023612957 1.099953786252491e-10 1
2 57 79 989.7042456230157 1.1121172831614568e-10 1
2 57 80 989.7042456230157 1.1234170622069179e-10 1
2 57 81 991.9479590019157 1.1340091437943332e-10 1
2 57 82 995.0240088066057 1.1526542213216281e-10 1
2 57 83 997.2154150566057 1.1612209333744519e-10 1
2 57 84 1002.4183569511357 1.1685318731439067e-10 1
2 57 85 1002.4183569511357 1.1746918575837317e-10 1
2 57 86 1003.6104956230157 1.179871113627607e-10 1
2 57 87 1004.2943335136357 1.1841679691381569e-10 1
2 57 88 1005.2717505058257 1.1875959861371993e-10 1
2 57 89 1006.1955175956657 1.1875959861371993e-10 1
2 57 90 1006.1955175956657 1.2076016845541137e-10 1
2 57 91 1007.3340674003557 1.2094279872147872e-10 1
2 58 24 963.2688818534857 9.849946768491547e-11 1
2 58 25 964.5751562675457 1.0069703659704535e-10 1
2 58 26 967.6279516777057 1.0160733099324526e-10 1
2 58 27 971.2530737480157 1.0079146073551636e-10 1
2 58 28 975.2717505058257 9.697546725219942e-11 1
2 58 29 977.1112890800457 9.196729661597941e-11 1
2 58 30 980.4062719902057 9.072648573170657e-11 1
2 58 31 982.3202124198857 9.106896836082203e-11 1
2 58 32 982.9385595878557 9.111471083729038e-11 1
2 58 33 984.6215429862957 9.107633546115684e-11 1
2 58 34 985.1814795097357 9.102261923935008e-11 1
2 58 35 985.1814795097357 9.119923740872158e-11 1
2 58 36 985.3352270683257 9.104979007532319e-11 1
2 58 37 985.7327490409857 9.08554016098168e-11 1
2 58 38 986.9826880058257 9.062792780023656e-11 1
2 58 39 987.2249975761357 9.037709295935868e-11 1
2 58 40 987.2249975761357 9.011543565098674e-11 1
2 58 41 987.5725927909857 8.944641247357811e-11 1
2 58 42 988.0982275566057 9.020182410396183e-11 1
2 58 43 988.6498022636357 8.901052259863635e-11 1
2 59 24 964.1911840995757 9.942954242019663e-11 1
2 59 25 966.3352270683257 1.0188492395087527e-10 1
2 59 26 968.7636328300457 1.0129407446047214e-10 1
