3 19 27 986.7509279958349 3.135120179325225e-10 1
3 20 17 909.9841433278749 1.8621819129768744e-10 1
3 20 18 917.8624392263049 1.8464022906941621e-10 1
3 20 19 925.2915163747449 1.9766020944635124e-10 1
3 20 20 936.5881472341249 2.243489300394678e-10 1
3 20 21 941.1729861013049 2.554288094682041e-10 1
3 20 22 960.7953005544349 2.767110880162784e-10 1
3 20 23 989.7675295583349 2.8301145954743473e-10 1
3 20 24 1001.6749392263049 2.8269137906288184e-10 1
3 20 25 1005.6737185231849 2.910896859106498e-10 1
3 20 26 1011.2228518239649 2.824191872519056e-10 1
3 20 27 1021.3671389333349 2.6121777980122554e-10 1
3 21 11 955.4115725270849 2.236825768750299e-10 1
3 21 12 961.5496340505249 2.277061364630045e-10 1
3 21 13 968.3919802419349 2.0938762469381843e-10 1
3 21 14 973.0595827809949 2.0328187962949494e-10 1
3 21 15 976.3283816091249 2.048667239538401e-10 1
3 21 16 980.8915529958349 2.0391283755053274e-10 1
3 21 17 984.3214236013049 1.9647858610462982e-10 1
3 21 18 987.4134646169349 1.906819852620189e-10 1
