5 55 104 993.6645208790032 1.8372260423062438e-11 1
5 55 105 1014.2662664844732 1.984564033334244e-11 1
5 55 106 1037.7595526172831 2.0534329000000472e-11 1
5 55 107 1030.7162786915032 2.1952718715721555e-11 1
5 56 79 973.2879339649432 1.0020482248458632e-11 1
5 56 80 973.2879339649432 1.0185222143759698e-11 1
5 56 81 976.2741400196333 1.0353140904696391e-11 1
5 56 82 979.0819403126033 1.0522515991026294e-11 1
5 56 83 981.0801702930733 1.0694181001144625e-11 1
5 56 84 987.9961859180733 1.0865354169971832e-11 1
5 56 85 987.9961859180733 1.1035238596841421e-11 1
5 56 86 991.0094915821333 1.1204755074438205e-11 1
5 56 87 995.3394476368233 1.1373548368175522e-11 1
5 56 88 1000.2176825001033 1.1537502226478173e-11 1
5 56 89 1009.8981634571333 1.1700128936264492e-11 1
5 56 90 1009.8981634571333 1.1856838229305778e-11 1
5 56 91 1013.5622869922832 1.2007093911450899e-11 1
5 56 92 1016.7470404102532 1.2152843435368535e-11 1
5 56 93 1019.9817205860332 1.2293584026110095e-11 1
5 56 94 1024.9640203907231 1.2424095230033501e-11 1
5 56 95 1024.9640203907231 1.2547428946740697e-11 1
5 56 96 1027.1768499805733 1.2660942093321015e-11 1
5 56 97 1029.4330755665032 1.2763950635535481e-11 1
5 56 98 1029.8083807422831 1.2878388617573299e-11 1
5 56 99 1030.7702337696333 1.301949906705244e-11 1
5 56 100 1032.2805487110331 1.3180530586286235e-11 1
5 56 101 1033.7865911915032 1.3389455824813566e-11 1
5 56 102 1036.6768499805733 1.3870949959786778e-11 1
5 56 103 1039.6166082813531 1.5018946707444842e-11 1
5 56 104 1042.0165716602532 1.6887979529096187e-11 1
5 56 105 1046.4087225391631 1.8809833717694135e-11 1
5 57 32 989.6780096485332 7.8472769779528e-12 1
5 57 33 991.9548651172832 7.821272425048337e-12 1
5 57 34 990.6561590626033 7.803611380741793e-12 1
5 57 35 990.6561590626033 7.788621829192087e-12 1
5 57 36 988.3669744922832 7.774795363989072e-12 1
5 57 37 987.3128973438533 7.762247519389707e-12 1
5 57 38 990.1824041797832 7.750460664094542e-12 1
5 57 39 991.3414617969732 7.740740118502473e-12 1
5 57 40 991.3414617969732 7.733223591696811e-12 1
5 57 41 991.1686102344732 7.728125194439856e-12 1
5 57 42 990.6470648243233 7.725877146482185e-12 1
5 57 43 989.0954290821333 7.726624841508825e-12 1
5 57 44 992.2065741016633 7.730485541544824e-12 1
5 57 45 992.2065741016633 7.737288156448678e-12 1
5 57 46 993.9085394336932 7.746901412735656e-12 1
5 57 47 993.1050726368233 7.758982341305278e-12 1
5 57 48 989.2035833790032 7.772444028004332e-12 1
5 57 49 991.8547064258833 7.78672084418307e-12 1
5 57 50 991.8547064258833 7.801008390035311e-12 1
5 57 51 994.2680975391633 7.807792136805232e-12 1
5 57 52 997.7018743946333 7.807152769620161e-12 1
5 57 53 1000.6300970508833 7.796061218945337e-12 1
5 57 54 1000.8652655079133 7.780712697657719e-12 1
5 57 55 1000.8652655079133 7.766759978827352e-12 1
5 57 56 1001.9250189258833 7.759315550083503e-12 1
5 57 57 1001.7648016407232 7.759542560253826e-12 1
5 57 58 1003.0672918751033 7.764996934507424e-12 1
5 57 59 1004.0790106251033 7.777195682073385e-12 1
5 57 60 1004.0790106251033 7.798966588574049e-12 1
5 57 61 1005.3278509571333 7.830003961627755e-12 1
5 57 62 1005.9923407032232 7.869520549271755e-12 1
5 57 63 1007.1182562305733 7.9178651297985e-12 1
5 57 64 1010.8294989063533 7.97623937063418e-12 1
5 57 65 1010.8294989063533 8.042308394204849e-12 1
5 57 66 1012.7174993946333 8.117713333465624e-12 1
5 57 67 1013.4302069141633 8.198703340563599e-12 1
5 57 68 1014.0807806446333 8.28666041135295e-12 1
5 57 69 1013.8500067188533 8.381083078369089e-12 1
5 57 70 1013.8500067188533 8.479668990358088e-12 1
5 57 71 1012.8171698047832 8.58414941860395e-12 1
5 57 72 1011.2203680469732 8.697732697749533e-12 1
5 57 73 1008.8717962696333 8.820792449625822e-12 1
5 57 74 1006.6298529102532 8.95308115971634e-12 1
5 57 75 1006.6298529102532 9.093510260538158e-12 1
5 57 76 1008.1072088672832 9.242046320070433e-12 1
5 57 77 1007.4079290821333 9.398156501977538e-12 1
5 57 78 1006.3169256641633 9.561624981948835e-12 1
5 57 79 1011.7062689258833 9.72985786534169e-12 1
5 57 80 1011.7062689258833 9.90507834198931e-12 1
5 57 81 1013.9499823047832 1.0085024307856674e-11 1
5 57 82 1017.0260321094732 1.031207171371261e-11 1
5 57 83 1019.2174383594732 1.0502547271559205e-11 1
5 57 84 1024.4203802540032 1.0698480017892103e-11 1
5 57 85 1024.4203802540032 1.089843581104603e-11 1
5 57 86 1025.6125189258833 1.1100477820555986e-11 1
5 57 87 1026.2963568165032 1.1302788875541652e-11 1
5 57 88 1027.2737738086932 1.1504497016179679e-11 1
5 57 89 1028.1975408985331 1.1504497016179679e-11 1
5 57 90 1028.1975408985331 1.1832924223316503e-11 1
5 57 91 1029.3360907032231 1.2014890279977605e-11 1
5 58 24 985.2709051563533 8.396055338460146e-12 1
5 58 25 986.5771795704133 8.366170373170636e-12 1
5 58 26 989.6299749805733 8.333350066139275e-12 1
5 58 27 993.2550970508833 8.254824535017892e-12 1
5 58 28 997.2737738086932 8.131890057293443e-12 1
5 58 29 999.1133123829133 8.016367056711579e-12 1
5 58 30 1002.4082952930733 7.936908412684573e-12 1
5 58 31 1004.3222357227532 7.863167216582545e-12 1
5 58 32 1004.9405828907232 7.805218345762342e-12 1
5 58 33 1006.6235662891633 7.765220841284987e-12 1
5 58 34 1007.1835028126033 7.738672714637476e-12 1
5 58 35 1007.1835028126033 7.693197138763542e-12 1
5 58 36 1007.3372503711932 7.67371265145107e-12 1
5 58 37 1007.7347723438533 7.655207295435164e-12 1
5 58 38 1008.9847113086932 7.637814500729356e-12 1
5 58 39 1009.2270208790032 7.621586198434921e-12 1
5 58 40 1009.2270208790032 7.606658147246865e-12 1
5 58 41 1009.5746160938533 7.606658147246865e-12 1
5 58 42 1010.1002508594732 7.571453163070964e-12 1
5 58 43 1010.6518255665032 7.562580596769575e-12 1
5 59 24 986.1932074024432 8.783002766800983e-12 1
5 59 25 988.3372503711932 8.698866649278383e-12 1
5 59 26 990.7656561329133 8.682438385237923e-12 1
