3 113 272 1023.8216314485809 8.454411023420913e-11 1
3 113 273 1014.3452207930342 9.621629874971682e-11 1
3 113 274 999.4675273002839 9.621629874971682e-11 1
3 114 266 998.2990098322404 6.642782373579309e-11 1
3 114 267 1004.4249558349367 6.268341116044766e-11 1
3 114 268 1011.5200436905744 5.984726088640311e-11 1
3 114 269 1026.7677923712772 5.83517332006485e-11 1
3 114 270 1031.3749449255668 5.973437253905326e-11 1
3 114 271 1032.760723143318 6.53144813244859e-11 1
3 114 272 1031.2149238749778 7.543363472936213e-11 1
3 114 273 1026.7956257294727 8.080150516474462e-11 1
3 114 274 1015.414569860227 8.080150516474462e-11 1
3 115 260 1023.450382652295 6.282302319949792e-11 1
3 115 261 1024.7792897921984 6.359381653386679e-11 1
3 115 262 1026.1817058777917 6.527582018821481e-11 1
3 115 263 1028.3085659994902 6.727919894355275e-11 1
3 115 264 1029.1260569402752 6.83474224112994e-11 1
3 115 265 1029.7951804047198 6.742996592232429e-11 1
3 115 266 1025.7362706363494 6.456387907107484e-11 1
3 115 267 1033.0981839922963 6.099713760662033e-11 1
3 115 268 1034.151275869893 5.788113116800752e-11 1
3 115 269 1037.0749000436103 5.606064330397192e-11 1
3 116 199 969.8476807005727 5.749030874618514e-11 1
3 116 200 970.305399830473 5.772327823817076e-11 1
3 116 201 970.7684405532127 5.794109259628406e-11 1
3 116 202 971.3437497336303 5.815880268401247e-11 1
3 116 203 971.9305992507159 5.837830302885134e-11 1
3 116 204 972.5174487678174 5.859185261439688e-11 1
3 116 205 973.1042982849125 5.879441028853523e-11 1
3 116 206 973.8814112464559 5.899837334396458e-11 1
3 116 207 974.7107264527477 5.91977139835101e-11 1
3 116 208 975.5400416590169 5.938280285853833e-11 1
3 116 209 976.3693568653505 5.956905276958543e-11 1
3 116 210 977.1521284788329 5.975368715767722e-11 1
3 116 211 977.9060772252251 5.992474826704133e-11 1
3 116 212 978.6600259716586 6.009219389433536e-11 1
3 116 213 979.413974718051 6.025986365516569e-11 1
3 116 214 980.1755631075916 6.04150672500393e-11 1
3 116 215 980.9464728227022 6.056126647477942e-11 1
3 116 216 981.7173825378308 6.07101661400396e-11 1
3 116 217 982.4882922529414 6.08586059504822e-11 1
3 116 218 983.4161747636714 6.098428080631084e-11 1
3 116 219 984.741198447531 6.111397712319068e-11 1
3 116 220 986.0662221312881 6.12442262705519e-11 1
3 116 221 987.3912458149578 6.136035583439668e-11 1
3 116 222 988.6072164149331 6.147098103258562e-11 1
3 116 223 989.4068287916408 6.158163183698871e-11 1
3 116 224 990.1634110287036 6.16830896850713e-11 1
3 116 225 990.9199932657576 6.177532759794492e-11 1
3 116 226 991.7489760585844 6.186877138928633e-11 1
3 116 227 992.9481871803017 6.196170838560544e-11 1
3 116 228 994.2474720814229 6.203839374871638e-11 1
3 116 229 995.5467569826448 6.211526916249335e-11 1
3 116 230 996.9125369569373 6.219207102501403e-11 1
3 116 231 998.8346630343818 6.225880534375955e-11 1
3 116 232 1001.0155990083789 6.231967532672939e-11 1
3 116 233 1003.1965349822592 6.238060794850971e-11 1
3 116 234 1005.3579964089929 6.243734380877912e-11 1
3 116 235 1006.8891074809376 6.248447397608052e-11 1
3 116 236 1007.9812752264021 6.253018953530685e-11 1
3 116 237 1009.0734429719249 6.25753540809828e-11 1
3 116 238 1010.1656107174185 6.260767077850345e-11 1
3 116 239 1011.0083602775209 6.264002087283294e-11 1
3 116 240 1011.5744456372524 6.267426705066091e-11 1
3 116 241 1012.1308957669982 6.269967848558341e-11 1
3 116 242 1012.6873458967585 6.272061462772303e-11 1
3 116 243 1013.3250817960046 6.2742092398068e-11 1
3 116 244 1014.120518873463 6.276391115931567e-11 1
3 116 245 1014.9270934925271 6.277741832040752e-11 1
3 116 246 1015.73366811157 6.278954386845813e-11 1
3 116 247 1016.5987588812276 6.280147102878783e-11 1
3 116 248 1017.6992735313594 6.280816925664171e-11 1
3 116 249 1018.8224309293456 6.281261187920838e-11 1
3 116 250 1019.9455883273912 6.281705513030149e-11 1
3 116 251 1021.0250896093283 6.281770261619474e-11 1
3 116 252 1021.2769200588814 6.281681750999578e-11 1
3 116 253 1021.4330444575743 6.281624847376833e-11 1
3 116 254 1021.589168856271 6.281611521304087e-11 1
3 116 255 1021.7452932549639 6.280941808681526e-11 1
3 116 256 1021.9151944087191 6.279721752641975e-11 1
3 116 257 1022.1517560689123 6.277188356404447e-11 1
3 116 258 1022.5757245996714 6.273004571038389e-11 1
3 116 259 1023.8485872323101 6.266927000197749e-11 1
3 116 260 1025.0156113817798 6.267584299690909e-11 1
3 116 261 1026.5305391117167 6.304250998430494e-11 1
3 116 262 1027.9391821628622 6.391522549882335e-11 1
3 116 263 1030.5485641916423 6.558131668982314e-11 1
3 117 121 978.6067735463113 4.114911858786043e-11 1
3 117 122 978.5897892233666 4.122383170702657e-11 1
3 117 123 978.3512111764363 4.129878863281838e-11 1
3 117 124 978.0882276950209 4.1381852808478556e-11 1
3 117 125 977.8252442135849 4.147814340564878e-11 1
3 117 126 977.584748442644 4.1574883161246737e-11 1
3 117 127 977.451194724744 4.167314936926049e-11 1
3 117 128 977.3464025952961 4.1788352502315764e-11 1
3 117 129 977.2416104658625 4.1905115145472375e-11 1
3 117 130 977.1915545237798 4.202253212002758e-11 1
3 117 131 977.5848678975857 4.2150288080239004e-11 1
3 117 132 978.1770511853011 4.2284180656879315e-11 1
3 117 133 978.7692344730054 4.241896724433293e-11 1
3 117 134 979.352754352341 4.255935489578789e-11 1
3 117 135 979.6005943562221 4.270849194028686e-11 1
3 117 136 979.6289253256017 4.285867787626382e-11 1
3 117 137 979.6572562949815 4.30099415675024e-11 1
3 117 138 979.6855872643623 4.317163339890952e-11 1
3 117 139 979.6878749437226 4.333425312111767e-11 1
3 117 140 979.6621620950472 4.349810259364049e-11 1
3 117 141 979.6355984058815 4.3667175144473395e-11 1
3 117 142 979.6090347167166 4.383875874112781e-11 1
3 117 143 979.9665565444358 4.401168385251205e-11 1
3 117 144 981.0676940825264 4.418686959898273e-11 1
3 117 145 982.2114389914027 4.436492689539536e-11 1
3 117 146 983.3551839003454 4.454442501236855e-11 1
3 117 147 984.4996841136781 4.472597259647042e-11 1
3 117 148 985.6473304764929 4.4911046025253727e-11 1
3 117 149 986.7952160294761 4.509574436438392e-11 1
3 117 150 987.943101582482 4.528196813441759e-11 1
3 117 151 989.0621751884509 4.547161747251144e-11 1
3 117 152 989.4949694922925 4.5663627985913135e-11 1
3 117 153 989.8659383936752 4.5858056425282536e-11 1
3 117 154 990.2369072950289 4.60639625622806e-11 1
3 117 155 990.6078761963867 4.6270929183835836e-11 1
3 117 156 991.1966054734926 4.6475616938491716e-11 1
3 117 157 991.8430919828451 4.6683079271506915e-11 1
3 117 158 992.4895784922159 4.690910004890216e-11 1
3 117 159 993.1360650015805 4.712944801749511e-11 1
3 117 160 993.5580852511292 4.735187585436894e-11 1
3 117 161 993.8444054436342 4.758186867179636e-11 1
3 117 162 994.1307256361309 4.781633104021788e-11 1
3 117 163 994.4170458286499 4.805395973870825e-11 1
3 117 164 994.4640353415764 4.829782111612511e-11 1
3 117 165 994.2256118701231 4.8540111324678963e-11 1
3 117 166 993.9871883986563 4.878484472942921e-11 1
3 117 167 993.748764927203 4.902966481732043e-11 1
3 117 168 993.4064955504771 4.9266091189792456e-11 1
3 117 169 992.8086837989971 4.9507737388935423e-11 1
3 117 170 992.2108720475343 4.97517657827395e-11 1
3 117 171 991.6130602960251 4.998752669345271e-11 1
3 117 172 991.006825806826 5.022303149121179e-11 1
3 117 173 990.3699875066284 5.0460818893661616e-11 1
3 117 174 989.7298787901676 5.0696408649431116e-11 1
3 117 175 989.0897700737926 5.092683545596178e-11 1
3 117 176 988.4944931761968 5.115936651217625e-11 1
3 117 177 988.1199713694464 5.139473352224097e-11 1
3 117 178 987.8050193627384 5.162351021070071e-11 1
3 117 179 987.4900673560372 5.185236740224072e-11 1
3 117 180 987.1611519506043 5.2083262767444594e-11 1
3 117 181 986.7174861689017 5.230906639842681e-11 1
3 117 182 986.2213649452112 5.2533922237769384e-11 1
3 117 183 985.7252437215152 5.2761265586293974e-11 1
3 117 184 985.2379197982514 5.2989000143108806e-11 1
3 117 185 985.0593859007846 5.320935614962373e-11 1
3 117 186 985.0893549657923 5.3431552520635485e-11 1
3 117 187 985.1193240307995 5.36606234177893e-11 1
3 117 188 985.1492930958074 5.3881887852220264e-11 1
3 117 189 985.1934730790668 5.409918931399461e-11 1
3 117 190 985.2531628856992 5.4318250592753295e-11 1
3 117 191 985.3133617283681 5.453146996637571e-11 1
3 117 192 985.3735605710323 5.474326849120168e-11 1
3 117 193 985.5083965644795 5.4957877214545686e-11 1
3 117 194 985.7877976207835 5.517797962623594e-11 1
3 117 195 986.0764662776369 5.538612698742584e-11 1
3 117 196 986.3651349344982 5.559258775746171e-11 1
3 117 197 986.8296458775684 5.5799941818149386e-11 1
3 117 198 988.0134666822639 5.599514841224456e-11 1
3 117 199 989.2592518839926 5.6191725595165656e-11 1
3 117 200 990.5050370856874 5.639335568475138e-11 1
3 117 201 991.7185713453912 5.658978679890008e-11 1
3 117 202 992.2517146654238 5.677389991770782e-11 1
3 117 203 992.7149190136095 5.695895320585901e-11 1
3 117 204 993.1781233618079 5.7138627566963245e-11 1
3 117 205 993.6413277100012 5.7308579938265496e-11 1
3 117 206 994.4023635043529 5.7479546333797965e-11 1
3 117 207 995.2451147858028 5.7659085168459616e-11 1
3 117 208 996.0878660672298 5.7820993486591146e-11 1
3 117 209 996.9306173487221 5.7977873463402253e-11 1
3 117 210 997.7856121928667 5.8135607050045606e-11 1
3 117 211 998.6481890598066 5.828023045403818e-11 1
3 117 212 999.5107659267937 5.841990857921149e-11 1
3 117 213 1000.373342793734 5.856160693231469e-11 1
3 117 214 1001.423323141321 5.870266098032324e-11 1
3 117 215 1002.7019593080598 5.882569159235047e-11 1
3 117 216 1003.9805954748289 5.894923898918498e-11 1
3 117 217 1005.259231641568 5.908297442241329e-11 1
3 117 218 1006.4085789993894 5.919919023496878e-11 1
3 117 219 1007.2308256707544 5.930688679594243e-11 1
3 117 220 1008.0530723420555 5.941497591931463e-11 1
3 117 221 1008.8753190133026 5.951172312840605e-11 1
3 117 222 1009.7017115001953 5.960403338700972e-11 1
3 117 223 1010.5439324655205 5.969793339154983e-11 1
3 117 224 1011.3877892857681 5.979520979528857e-11 1
3 117 225 1012.2316461060059 5.987576784158141e-11 1
3 117 226 1013.0267927635444 5.995303344607584e-11 1
3 117 227 1013.5728545631315 6.00298568542795e-11 1
3 117 228 1014.0515880110156 6.009344985045889e-11 1
3 117 229 1014.5303214589368 6.015717772478131e-11 1
3 117 230 1015.0388650017745 6.022447303972719e-11 1
3 117 231 1015.796821461554 6.028561693532615e-11 1
3 117 232 1016.6708037744206 6.033626626791899e-11 1
3 117 233 1017.5447860872404 6.038681937434885e-11 1
3 117 234 1018.4097980885638 6.043278012675092e-11 1
3 117 235 1018.9844598707326 6.047113902295309e-11 1
3 117 236 1019.3569368043197 6.050954664567295e-11 1
3 117 237 1019.729413737927 6.055158924347356e-11 1
3 117 238 1020.1018906715241 6.05823529556758e-11 1
3 117 239 1020.4430721890781 6.060990221949261e-11 1
3 118 61 990.470009109162 4.611439574862343e-11 1
3 118 62 991.0964657955645 4.5994549336495706e-11 1
3 118 63 989.8317288102355 4.576177641372474e-11 1
3 118 64 989.7888092783371 4.551138376091688e-11 1
3 118 65 991.1610365146689 4.531245480817762e-11 1
3 118 66 991.4990208724113 4.5164834314948244e-11 1
3 118 67 992.1749895879012 4.506137952169684e-11 1
3 118 68 992.4352341334786 4.49696042139822e-11 1
3 118 69 992.5143302488752 4.48827085218999e-11 1
3 118 70 992.5934263642766 4.479614800282574e-11 1
3 118 71 992.6725224796733 4.470608148619815e-11 1
3 118 72 992.6965867083458 4.461483281590513e-11 1
3 118 73 992.5381286853501 4.452326568406413e-11 1
3 118 74 992.3590176335639 4.442529843285812e-11 1
3 118 75 992.1799065817806 4.4328129233090265e-11 1
3 118 76 992.0094969259314 4.423313936442577e-11 1
3 118 77 991.8791625661272 4.413830087634169e-11 1
3 118 78 991.7595522915744 4.403857260500131e-11 1
3 118 79 991.6399420170208 4.393929397973687e-11 1
3 118 80 991.5599104977379 4.383935954985354e-11 1
3 118 81 991.7969322410908 4.3739273868670935e-11 1
3 118 82 992.1732879344003 4.363951112402572e-11 1
3 118 83 992.5496436276777 4.354019046369892e-11 1
3 118 84 992.9250780757565 4.3442119875225785e-11 1
3 118 85 993.2602276606914 4.334480378038233e-11 1
3 118 86 993.5698974534324 4.3247366496199196e-11 1
3 118 87 993.8795672461977 4.3150590385179314e-11 1
3 118 88 994.1892370389389 4.3058350231876816e-11 1
3 118 89 994.3290316139888 4.296525395324895e-11 1
3 118 90 994.288685475321 4.287255937226022e-11 1
3 118 91 994.2433812339447 4.278397645812245e-11 1
3 118 92 994.1980769925668 4.26972517140808e-11 1
3 118 93 994.1237556265564 4.261092632355762e-11 1
3 118 94 993.9932124383381 4.252617899776277e-11 1
3 118 95 993.8598462030084 4.244397153059985e-11 1
3 118 96 993.7264799676828 4.236252008191902e-11 1
3 118 97 993.6194112197126 4.228167475372984e-11 1
3 118 98 993.6240511311084 4.220725315908791e-11 1
3 118 99 993.6360462562619 4.2133093088723654e-11 1
3 118 100 993.6480413814164 4.2058475211624305e-11 1
3 118 101 993.6707078205668 4.199286207584898e-11 1
3 118 102 993.9857168008318 4.1931321098853574e-11 1
3 118 103 994.323390939812 4.186955332397194e-11 1
3 118 104 994.6610650787819 4.180988393334375e-11 1
3 118 105 994.9987392177779 4.1761932438034576e-11 1
3 118 106 995.3848201093037 4.1716068783971946e-11 1
3 118 107 995.7833041545148 4.1671115872245284e-11 1
3 118 108 996.1817881997495 4.164313834948571e-11 1
3 118 109 996.5802722449604 4.161519836911452e-11 1
3 118 110 996.9628086030002 4.158483202581637e-11 1
3 118 111 997.3359343888693 4.1566564692907956e-11 1
3 118 112 997.709060174745 4.1558677462856636e-11 1
3 118 113 998.082185960614 4.15509150788611e-11 1
3 118 114 998.4711144695273 4.1550023428688325e-11 1
3 118 115 998.8784633305685 4.156269605278292e-11 1
3 118 116 999.285812191578 4.157668152448336e-11 1
3 118 117 999.693161052591 4.159166157030653e-11 1
3 118 118 1000.0066997531417 4.162592940010983e-11 1
3 118 119 1000.0956352809285 4.1657275481971446e-11 1
3 118 120 1000.1845708087178 4.1688668809256365e-11 1
3 118 121 1000.2735063365064 4.173052772716666e-11 1
3 118 122 1000.3736767953543 4.177668684284264e-11 1
3 118 123 1000.51280029709 4.18239470150886e-11 1
3 118 124 1000.6562139290626 4.188640767279093e-11 1
3 118 125 1000.7996275610465 4.1954334423643635e-11 1
3 118 126 1000.9474424914563 4.201831899302214e-11 1
3 118 127 1001.1161881382898 4.2084029547121864e-11 1
3 118 128 1001.290563008014 4.217793608142411e-11 1
3 118 129 1001.4649378777144 4.2262962581890195e-11 1
3 118 130 1001.6662537579726 4.234833258466369e-11 1
3 118 131 1002.08579487436 4.244858641451601e-11 1
3 118 132 1002.6032192505244 4.2555216241515656e-11 1
3 118 133 1003.1206436266789 4.2664040314745e-11 1
3 118 134 1003.633425379234 4.279158455097513e-11 1
3 118 135 1003.9663200431033 4.292173095125781e-11 1
3 118 136 1004.181582271868 4.3048256047514363e-11 1
3 118 137 1004.3968445006348 4.317658355077709e-11 1
3 118 138 1004.6121067294077 4.332485645394158e-11 1
3 118 139 1004.8187950115168 4.346736499578551e-11 1
3 118 140 1005.0162649869679 4.361081413884639e-11 1
3 118 141 1005.2134548495347 4.376247546141588e-11 1
3 118 142 1005.4106447120959 4.391814844519363e-11 1
3 118 143 1005.5959126650436 4.407583579266389e-11 1
3 118 144 1005.7580989892407 4.424100439465605e-11 1
3 118 145 1005.9189627922932 4.440677654632464e-11 1
3 118 146 1006.079826595355 4.4573795675257695e-11 1
3 118 147 1006.2693320136343 4.474650771032639e-11 1
3 118 148 1006.5781413777526 4.4922144579679864e-11 1
3 118 149 1006.8960209824027 4.509641224019641e-11 1
3 118 150 1007.213900587059 4.527203724857347e-11 1
3 118 151 1007.525914144843 4.545168970179615e-11 1
3 118 152 1007.6982027979691 4.5630507726507546e-11 1
3 118 153 1007.8579039398112 4.5810642681220396e-11 1
3 118 154 1008.0176050816408 4.599124388058967e-11 1
3 118 155 1008.1773062234721 4.6171687025436106e-11 1
3 118 156 1008.3622347754175 4.6353551657268107e-11 1
3 118 157 1008.5538544683845 4.653891639132121e-11 1
3 118 158 1008.7454741613569 4.67224199895819e-11 1
3 118 159 1008.9370938543276 4.6903712595255517e-11 1
3 118 160 1009.0975279765148 4.7086417586520816e-11 1
3 118 161 1009.2391090036507 4.7268278142990134e-11 1
3 119 54 985.7860778343036 5.047679805603366e-11 1
3 119 55 987.8866790700081 4.974133270461875e-11 1
3 119 56 989.3793696557117 4.843494349244549e-11 1
3 119 57 990.0319066145541 4.6982271592989194e-11 1
3 119 58 991.4359860367689 4.596838246760125e-11 1
3 119 59 993.3762189719821 4.560881382306522e-11 1
3 119 60 995.039360073483 4.576137329103683e-11 1
3 119 61 996.239218817131 4.5858073737847694e-11 1
3 119 62 997.8747385935252 4.5827148782013514e-11 1
3 119 63 999.0196910981282 4.56947313804617e-11 1
3 119 64 999.6199716980203 4.554147147032457e-11 1
3 119 65 1000.2040386717293 4.541488090501493e-11 1
3 119 66 1000.2636964624206 4.532160975210509e-11 1
3 119 67 1000.3830120438042 4.5261981359484e-11 1
3 119 68 1000.4928227501559 4.520496694425213e-11 1
3 119 69 1000.7194992128711 4.5155209856072754e-11 1
3 119 70 1000.9461756756002 4.510556218267304e-11 1
3 119 71 1001.1728521383153 4.5046161771894396e-11 1
3 119 72 1001.3688584198525 4.49947503654341e-11 1
3 119 73 1001.463142030008 4.4943790275081975e-11 1
3 119 74 1001.5459153654388 4.4890312366316965e-11 1
3 119 75 1001.6286887008679 4.483265908785096e-11 1
3 119 76 1001.7143390972817 4.4775153709316474e-11 1
3 119 77 1001.8132401343788 4.470816752391915e-11 1
3 119 78 1001.9156870217574 4.4633192911390235e-11 1
3 119 79 1002.018133909137 4.4565903545696324e-11 1
3 120 48 978.0535550268203 4.985848028599116e-11 1
3 120 49 979.039609272854 5.053262264656096e-11 1
3 120 50 980.1618444640845 5.091163691293989e-11 1
3 120 51 981.6267740807123 5.1003720171872945e-11 1
3 120 52 983.4461235198386 5.080144189089031e-11 1
3 120 53 985.4893256730583 5.0322989994860605e-11 1
3 120 54 987.7125025060468 4.953672941818419e-11 1
3 120 55 989.3032356299726 4.836684038733715e-11 1
3 120 56 990.6323670768785 4.691968403200014e-11 1
3 120 57 992.5606932563957 4.5763896178979944e-11 1
3 121 48 978.359069854837 5.002390227690831e-11 1
3 121 49 979.8199480748096 5.071938686424999e-11 1
3 121 50 980.912895156709 5.100657955784175e-11 1
3 121 51 982.1570603849705 5.089514602766e-11 1
