1 113 272 1005.9154010711303 1.527067235830073e-11 1
1 113 273 996.4389904155836 1.5618640525435177e-11 1
1 113 274 981.5612969228333 1.7671837150601038e-11 1
1 114 266 980.3927794547898 2.111102719650229e-11 1
1 114 267 986.5187254574861 2.108147879603878e-11 1
1 114 268 993.6138133131238 2.0636284286491045e-11 1
1 114 269 1008.8615619938265 1.8305580023115162e-11 1
1 114 270 1013.468714548116 1.737847094233314e-11 1
1 114 271 1014.8544927658675 1.6322740893232148e-11 1
1 114 272 1013.3086934975271 1.5342754599044593e-11 1
1 114 273 1008.8893953520221 1.524453690386873e-11 1
1 114 274 997.5083394827764 1.6692612035736417e-11 1
1 115 260 1005.5441522748445 1.5780288829238933e-11 1
1 115 261 1006.8730594147477 1.5634256893169114e-11 1
1 115 262 1008.2754755003411 1.5446114925966355e-11 1
1 115 263 1010.4023356220396 1.5204321712639698e-11 1
1 115 264 1011.2198265628247 1.5267856492501733e-11 1
1 115 265 1011.8889500272692 1.5588618678393065e-11 1
1 115 266 1007.8300402588989 1.6793146925052934e-11 1
1 115 267 1015.1919536148456 1.6578060933410055e-11 1
1 115 268 1016.2450454924424 1.7161729395985733e-11 1
1 115 269 1019.1686696661598 1.718289347125047e-11 1
1 116 199 951.9414503231221 3.242906177652327e-11 1
1 116 200 952.3991694530224 3.199457742915531e-11 1
1 116 201 952.8622101757621 3.1578298807516606e-11 1
1 116 202 953.4375193561797 3.111911614282981e-11 1
1 116 203 954.0243688732653 3.0667590606836545e-11 1
1 116 204 954.6112183903668 3.0232773787751905e-11 1
1 116 205 955.1980679074619 2.981615783437879e-11 1
1 116 206 955.9751808690053 2.932880870449494e-11 1
1 116 207 956.8044960752972 2.8837978765681104e-11 1
1 116 208 957.6338112815663 2.8370116747799072e-11 1
1 116 209 958.4631264878999 2.7917193381158972e-11 1
1 116 210 959.2458981013823 2.749737128363755e-11 1
1 116 211 959.9998468477745 2.71063192246291e-11 1
1 116 212 960.753795594208 2.6727898491408278e-11 1
1 116 213 961.5077443406004 2.6360245806550815e-11 1
1 116 214 962.2693327301411 2.6005604754111023e-11 1
1 116 215 963.0402424452516 2.56603862767172e-11 1
1 116 216 963.8111521603802 2.5323172689758146e-11 1
1 116 217 964.5820618754908 2.4995178067284502e-11 1
1 116 218 965.5099443862208 2.4636502802314092e-11 1
1 116 219 966.8349680700804 2.4169391163917793e-11 1
1 116 220 968.1599917538375 2.3719662941252543e-11 1
1 116 221 969.4850154375072 2.3290772985282213e-11 1
1 116 222 970.7009860374825 2.2907411929437303e-11 1
1 116 223 971.5005984141902 2.264299088113359e-11 1
1 116 224 972.2571806512531 2.23995949344653e-11 1
1 116 225 973.013762888307 2.21632068508871e-11 1
1 116 226 973.8427456811338 2.1913525915354642e-11 1
1 116 227 975.0419568028511 2.1583052917582357e-11 1
1 116 228 976.3412417039723 2.1244260916107135e-11 1
1 116 229 977.6405266051942 2.0915940662830555e-11 1
1 116 230 979.0063065794867 2.0584407692416372e-11 1
1 116 231 980.9284326569312 2.0153454252893534e-11 1
1 116 232 983.1093686309283 1.968925100067523e-11 1
1 116 233 985.2903046048086 1.924590465285937e-11 1
1 116 234 987.4517660315423 1.8827348989102906e-11 1
1 116 235 988.982877103487 1.8536275325827868e-11 1
1 116 236 990.0750448489515 1.8327016422978928e-11 1
1 116 237 991.1672125944743 1.8122562434075056e-11 1
1 116 238 992.259380339968 1.792533403959184e-11 1
1 116 239 993.1021299000703 1.777165228903672e-11 1
1 116 240 993.6682152598019 1.7664188760586238e-11 1
1 116 241 994.2246653895476 1.756121488394926e-11 1
1 116 242 994.781115519308 1.7459855235635992e-11 1
1 116 243 995.418851418554 1.7347543145771484e-11 1
1 116 244 996.2142884960124 1.7215065477683738e-11 1
1 116 245 997.0208631150765 1.7083823270513358e-11 1
1 116 246 997.8274377341194 1.695424028277286e-11 1
1 116 247 998.692528503777 1.6818473923451395e-11 1
1 116 248 999.7930431539088 1.665488296041666e-11 1
1 116 249 1000.916200551895 1.649079723219929e-11 1
1 116 250 1002.0393579499406 1.6329913142160383e-11 1
1 116 251 1003.1188592318778 1.6179248624967386e-11 1
1 116 252 1003.3706896814308 1.6138968823483937e-11 1
1 116 253 1003.5268140801237 1.6111393415450842e-11 1
1 116 254 1003.6829384788205 1.6085315382393596e-11 1
1 116 255 1003.8390628775134 1.6058683491709954e-11 1
1 116 256 1004.0089640312685 1.6027051911879606e-11 1
1 116 257 1004.2455256914617 1.5986855351698396e-11 1
1 116 258 1004.6694942222208 1.5925610996759116e-11 1
1 116 259 1005.9423568548596 1.5766326556297357e-11 1
1 116 260 1007.1093810043291 1.5641070470506007e-11 1
1 116 261 1008.6243087342662 1.549318240727905e-11 1
1 116 262 1010.0329517854115 1.5376991631912878e-11 1
1 116 263 1012.6423338141917 1.5153641872140385e-11 1
1 117 121 960.7005431688607 4.9668072594613284e-11 1
1 117 122 960.683558845916 4.968695712308476e-11 1
1 117 123 960.4449807989857 4.998094874841643e-11 1
1 117 124 960.1819973175703 5.027695986523798e-11 1
1 117 125 959.9190138361344 5.052296793573872e-11 1
1 117 126 959.6785180651934 5.0742428169295505e-11 1
1 117 127 959.5449643472934 5.082804243048331e-11 1
1 117 128 959.4401722178455 5.079916747823264e-11 1
1 117 129 959.335380088412 5.076252797450562e-11 1
1 117 130 959.2853241463292 5.065561749478072e-11 1
1 117 131 959.6786375201351 4.994602375879247e-11 1
1 117 132 960.2708208078506 4.898810695693489e-11 1
1 117 133 960.8630040955549 4.8065937431280716e-11 1
1 117 134 961.4465239748904 4.716571492267038e-11 1
1 117 135 961.6943639787715 4.6626319117659113e-11 1
1 117 136 961.7226949481511 4.633354969183298e-11 1
1 117 137 961.7510259175309 4.605028898126401e-11 1
1 117 138 961.7793568869117 4.572598303065084e-11 1
1 117 139 961.781644566272 4.542792032738174e-11 1
1 117 140 961.7559317175966 4.516225557994178e-11 1
1 117 141 961.7293680284309 4.4882438820292256e-11 1
1 117 142 961.702804339266 4.459189670677626e-11 1
1 117 143 962.0603261669852 4.393111219168705e-11 1
1 117 144 963.1614637050758 4.259512488403916e-11 1
1 117 145 964.3052086139521 4.128812022398996e-11 1
1 117 146 965.4489535228948 4.0058936899623496e-11 1
1 117 147 966.5934537362275 3.890543777472317e-11 1
1 117 148 967.7411000990423 3.780009698615696e-11 1
1 117 149 968.8889856520256 3.675187207731702e-11 1
1 117 150 970.0368712050314 3.576021462908466e-11 1
1 117 151 971.1559448110003 3.483010098514661e-11 1
1 117 152 971.5887391148419 3.434408665604347e-11 1
1 117 153 971.9597080162246 3.390725996622958e-11 1
1 117 154 972.3306769175783 3.3477954449167123e-11 1
1 117 155 972.7016458189361 3.305094785278105e-11 1
1 117 156 973.290375096042 3.25194899547082e-11 1
1 117 157 973.9368616053945 3.197467628636183e-11 1
1 117 158 974.5833481147653 3.1435595387068873e-11 1
1 117 159 975.2298346241299 3.091518627822446e-11 1
1 117 160 975.6518548736786 3.051588399207573e-11 1
1 117 161 975.9381750661836 3.018204338851951e-11 1
1 117 162 976.2244952586803 2.985288881084051e-11 1
1 117 163 976.5108154511993 2.953083606744435e-11 1
1 117 164 976.5578049641258 2.931630173628652e-11 1
1 117 165 976.3193814926725 2.92232318012824e-11 1
1 117 166 976.0809580212057 2.9130750931082666e-11 1
1 117 167 975.8425345497524 2.9040705521592226e-11 1
1 117 168 975.5002651730265 2.899389998593031e-11 1
1 117 169 974.9024534215465 2.9053124747787688e-11 1
1 117 170 974.3046416700837 2.9112591957316266e-11 1
1 117 171 973.7068299185745 2.9173757403909926e-11 1
1 117 172 973.1005954293754 2.9237748967606716e-11 1
1 117 173 972.4637571291778 2.931511989102231e-11 1
1 117 174 971.823648412717 2.939450908602815e-11 1
1 117 175 971.183539696342 2.947465045946548e-11 1
1 117 176 970.5882627987462 2.953566242978304e-11 1
1 117 177 970.2137409919958 2.950106773943656e-11 1
1 117 178 969.8987889852879 2.9440782060143304e-11 1
1 117 179 969.5838369785866 2.938056120670557e-11 1
1 117 180 969.2549215731538 2.932658958615709e-11 1
1 117 181 968.8112557914511 2.932288761640734e-11 1
1 117 182 968.3151345677607 2.9342082916185336e-11 1
1 117 183 967.8190133440646 2.9361334365272907e-11 1
1 117 184 967.3316894208008 2.937782897970545e-11 1
1 117 185 967.153155523334 2.92628186856445e-11 1
1 117 186 967.1831245883417 2.9060396770912757e-11 1
1 117 187 967.2130936533489 2.8861322664313873e-11 1
1 117 188 967.2430627183568 2.8668447266021645e-11 1
1 117 189 967.2872427016163 2.8471783878271906e-11 1
1 117 190 967.3469325082486 2.8271600567852756e-11 1
1 117 191 967.4071313509176 2.8077127391249668e-11 1
1 117 192 967.4673301935817 2.7886552248663336e-11 1
1 117 193 967.602166187029 2.7670027742344904e-11 1
1 117 194 967.8815672433329 2.7405145207641156e-11 1
1 117 195 968.1702359001863 2.7144450738938836e-11 1
1 117 196 968.4589045570476 2.6888236903177324e-11 1
1 117 197 968.9234155001178 2.65748307176474e-11 1
1 117 198 970.1072363048133 2.6027839843486096e-11 1
1 117 199 971.3530215065421 2.5482777444317768e-11 1
1 117 200 972.5988067082368 2.4960666518217497e-11 1
1 117 201 973.8123409679406 2.4473698986299954e-11 1
1 117 202 974.3454842879732 2.4203261696660397e-11 1
1 117 203 974.8086886361589 2.3958756811344262e-11 1
1 117 204 975.2718929843574 2.3721124438869514e-11 1
1 117 205 975.7350973325506 2.3491343439166896e-11 1
1 117 206 976.4961331269024 2.3185640830812123e-11 1
1 117 207 977.3388844083522 2.2867769999215865e-11 1
1 117 208 978.1816356897792 2.25634053190388e-11 1
1 117 209 979.0243869712715 2.2265949065582532e-11 1
1 117 210 979.8793818154161 2.1973277426008647e-11 1
1 117 211 980.741958682356 2.168993569776408e-11 1
1 117 212 981.6045355493432 2.1415193248318537e-11 1
1 117 213 982.4671124162834 2.114749940580527e-11 1
1 117 214 983.5170927638704 2.0848115647460168e-11 1
1 117 215 984.7957289306092 2.051084781611318e-11 1
1 117 216 986.0743650973783 2.018431848191066e-11 1
1 117 217 987.3530012641174 1.9869293806469688e-11 1
1 117 218 988.5023486219388 1.959261881876188e-11 1
1 117 219 989.3245952933038 1.9383789063914338e-11 1
1 117 220 990.146841964605 1.9179364023849523e-11 1
1 117 221 990.969088635852 1.898197841451798e-11 1
1 117 222 991.7954811227447 1.8788979326908976e-11 1
1 117 223 992.6377020880699 1.859729438821924e-11 1
1 117 224 993.4815589083175 1.8411799041087272e-11 1
1 117 225 994.3254157285553 1.823133563165955e-11 1
1 117 226 995.1205623860939 1.806184132965122e-11 1
1 117 227 995.6666241856809 1.7935595227499385e-11 1
1 117 228 996.145357633565 1.7824923779218036e-11 1
1 117 229 996.6240910814862 1.7715609749579807e-11 1
1 117 230 997.1326346243239 1.7603598879724607e-11 1
1 117 231 997.8905910841034 1.745783265292572e-11 1
1 117 232 998.76457339697 1.7296785877910762e-11 1
1 117 233 999.6385557097898 1.71386504399417e-11 1
1 117 234 1000.5035677111132 1.6985773389356622e-11 1
1 117 235 1001.078229493282 1.6878626524457905e-11 1
1 117 236 1001.4507064268691 1.6801311351643158e-11 1
1 117 237 1001.8231833604764 1.6725711605364537e-11 1
1 117 238 1002.1956602940735 1.6653213910290023e-11 1
1 117 239 1002.5368418116275 1.6584928467684352e-11 1
1 118 61 972.5637787317114 3.057176916065255e-11 1
1 118 62 973.190235418114 3.1148028646319254e-11 1
1 118 63 971.9254984327849 3.250597963097311e-11 1
1 118 64 971.8825789008865 3.310257043929521e-11 1
1 118 65 973.2548061372183 3.2762951996912274e-11 1
1 118 66 973.5927904949607 3.285501898908887e-11 1
1 118 67 974.2687592104506 3.267911491155571e-11 1
1 118 68 974.529003756028 3.269164617166314e-11 1
1 118 69 974.6080998714247 3.2797212907795676e-11 1
1 118 70 974.687195986826 3.2903463637580024e-11 1
1 118 71 974.7662921022227 3.300888418733251e-11 1
1 118 72 974.7903563308952 3.314456494377484e-11 1
1 118 73 974.6318983078995 3.338341600782109e-11 1
1 118 74 974.4527872561133 3.364087577568446e-11 1
1 118 75 974.2736762043301 3.389744704205172e-11 1
1 118 76 974.1032665484809 3.4151491358790516e-11 1
1 118 77 973.9729321886766 3.438557537522855e-11 1
1 118 78 973.8533219141239 3.461459009341336e-11 1
1 118 79 973.7337116395702 3.484667583163924e-11 1
1 118 80 973.6536801202873 3.5057718992138373e-11 1
1 118 81 973.8907018636402 3.506804571697568e-11 1
1 118 82 974.2670575569497 3.4994198120383227e-11 1
1 118 83 974.6434132502271 3.4920782219601763e-11 1
1 118 84 975.0188476983059 3.4842574059412686e-11 1
1 118 85 975.3539972832408 3.4784474935183303e-11 1
1 118 86 975.6636670759818 3.4744552041895113e-11 1
1 118 87 975.9733368687471 3.470389435860387e-11 1
1 118 88 976.2830066614883 3.464888695343746e-11 1
1 118 89 976.4228012365382 3.470226986101349e-11 1
1 118 90 976.3824550978704 3.486496119078826e-11 1
1 118 91 976.3371508564941 3.5025809047224993e-11 1
1 118 92 976.2918466151162 3.518553327699008e-11 1
1 118 93 976.2175252491058 3.5363629158901656e-11 1
1 118 94 976.0869820608875 3.5568089466146605e-11 1
1 118 95 975.9536158255578 3.5780379249756255e-11 1
1 118 96 975.8202495902323 3.599900763876042e-11 1
1 118 97 975.713180842262 3.6202875595667306e-11 1
1 118 98 975.7178207536579 3.6330826419194065e-11 1
1 118 99 975.7298158788113 3.6454796857548394e-11 1
1 118 100 975.7418110039658 3.657416965441289e-11 1
1 118 101 975.7644774431162 3.668310040554732e-11 1
1 118 102 976.0794864233812 3.659690851174585e-11 1
1 118 103 976.4171605623615 3.649492554292592e-11 1
1 118 104 976.7548347013313 3.638395408417535e-11 1
1 118 105 977.0925088403274 3.627360373182045e-11 1
1 118 106 977.4785897318532 3.613363619345864e-11 1
1 118 107 977.8770737770642 3.598609845424253e-11 1
1 118 108 978.2755578222989 3.5827072885797646e-11 1
1 118 109 978.6740418675098 3.5669446628179674e-11 1
1 118 110 979.0565782255496 3.552420138582574e-11 1
1 118 111 979.4297040114187 3.5376328586269065e-11 1
1 118 112 979.8028297972944 3.5218821378832836e-11 1
1 118 113 980.1759555831634 3.506252703062641e-11 1
1 118 114 980.5648840920767 3.48911343233376e-11 1
1 118 115 980.9722329531179 3.4692518955746844e-11 1
1 118 116 981.3795818141274 3.44924208957833e-11 1
1 118 117 981.7869306751404 3.429323049975909e-11 1
1 118 118 982.1004693756911 3.412193236049995e-11 1
1 118 119 982.1894049034779 3.408155850463647e-11 1
1 118 120 982.2783404312672 3.404128007840827e-11 1
1 118 121 982.3672759590559 3.3977881683256724e-11 1
1 118 122 982.4674464179037 3.389893375055121e-11 1
1 118 123 982.6065699196395 3.379790595733701e-11 1
1 118 124 982.749983551612 3.368156673782798e-11 1
1 118 125 982.8933971835959 3.3547178860039673e-11 1
1 118 126 983.0412121140057 3.341188921703571e-11 1
1 118 127 983.2099577608392 3.326457518475924e-11 1
1 118 128 983.3843326305634 3.308459068108683e-11 1
1 118 129 983.5587075002638 3.2908009432169255e-11 1
1 118 130 983.7600233805221 3.2718876229098865e-11 1
1 118 131 984.1795644969094 3.239674680474354e-11 1
1 118 132 984.6969888730738 3.202268596035847e-11 1
1 118 133 985.2144132492283 3.16567888366633e-11 1
1 118 134 985.7271950017835 3.1290027898177394e-11 1
1 118 135 986.0600896656528 3.100564849047539e-11 1
1 118 136 986.2753518944174 3.078294491788324e-11 1
1 118 137 986.4906141231842 3.05624828235119e-11 1
1 118 138 986.7058763519572 3.032631118786562e-11 1
1 118 139 986.9125646340663 3.0098490938318337e-11 1
1 118 140 987.1100346095174 2.987818212445892e-11 1
1 118 141 987.3072244720842 2.965001320956465e-11 1
1 118 142 987.5044143346453 2.942085761762483e-11 1
1 118 143 987.689682287593 2.9200237444990904e-11 1
1 118 144 987.8518686117901 2.8987467640876067e-11 1
1 118 145 988.0127324148426 2.87707643974079e-11 1
1 118 146 988.1735962179044 2.8557277153178978e-11 1
1 118 147 988.3631016361837 2.8334997206009664e-11 1
1 118 148 988.671911000302 2.805980290798004e-11 1
1 118 149 988.9897906049521 2.778584129358362e-11 1
1 118 150 989.3076702096084 2.7517177596170343e-11 1
1 118 151 989.6196837673924 2.725130885145975e-11 1
1 118 152 989.7919724205185 2.7038442751776844e-11 1
1 118 153 989.9516735623606 2.6833371668702653e-11 1
1 118 154 990.1113747041902 2.6629450969955345e-11 1
1 118 155 990.2710758460215 2.642548168562052e-11 1
1 118 156 990.4560043979669 2.6215941311825064e-11 1
1 118 157 990.647624090934 2.6009038127716395e-11 1
1 118 158 990.8392437839063 2.580224124214636e-11 1
1 118 159 991.030863476877 2.5597682318475092e-11 1
1 118 160 991.1912975990642 2.5406402277258527e-11 1
1 118 161 991.3328786262001 2.5222258821437238e-11 1
1 119 54 967.879847456853 2.411878059295927e-11 1
1 119 55 969.9804486925575 2.4564627847258954e-11 1
1 119 56 971.4731392782611 2.5518456972834908e-11 1
1 119 57 972.1256762371036 2.6922759792801647e-11 1
1 119 58 973.5297556593183 2.7870050949715468e-11 1
1 119 59 975.4699885945315 2.8223930032740165e-11 1
1 119 60 977.1331296960324 2.838437850325448e-11 1
1 119 61 978.3329884396804 2.8736029696626772e-11 1
1 119 62 979.9685082160746 2.876671974107512e-11 1
1 119 63 981.1134607206776 2.8818785136814016e-11 1
1 119 64 981.7137413205697 2.8951976670528277e-11 1
1 119 65 982.2978082942788 2.8974229007966983e-11 1
1 119 66 982.35746608497 2.912948623871607e-11 1
1 119 67 982.4767816663536 2.919839050758722e-11 1
1 119 68 982.5865923727054 2.9250093945341054e-11 1
1 119 69 982.8132688354206 2.9247708555711107e-11 1
1 119 70 983.0399452981496 2.9245323555107814e-11 1
1 119 71 983.2666217608647 2.924604587916398e-11 1
1 119 72 983.4626280424019 2.925428066809045e-11 1
1 119 73 983.5569116525575 2.930594191941402e-11 1
1 119 74 983.6396849879882 2.936353096554531e-11 1
1 119 75 983.7224583234173 2.9422636138084785e-11 1
1 119 76 983.8081087198311 2.948072943424775e-11 1
1 119 77 983.9070097569282 2.953849101600888e-11 1
1 119 78 984.0094566443069 2.959849979422081e-11 1
1 119 79 984.1119035316864 2.9655186239371746e-11 1
1 120 48 960.1473246493697 2.3629557583325758e-11 1
1 120 49 961.1333788954034 2.339383724288371e-11 1
1 120 50 962.255614086634 2.3240326351372388e-11 1
1 120 51 963.7205437032617 2.31390574869761e-11 1
1 120 52 965.539893142388 2.3113899247904485e-11 1
1 120 53 967.5830952956077 2.3220159053466476e-11 1
1 120 54 969.8062721285962 2.3512019126528264e-11 1
1 120 55 971.397005252522 2.4297996456608732e-11 1
1 120 56 972.7261366994279 2.547915262276329e-11 1
1 120 57 974.6544628789451 2.642970230185086e-11 1
1 121 48 960.4528394773864 2.313513497989822e-11 1
1 121 49 961.9137176973591 2.275153451387258e-11 1
1 121 50 963.0066647792585 2.25894725553831e-11 1
1 121 51 964.2508300075199 2.2697093491066568e-11 1
