3 19 27 1001.528713525731 3.135120179325225e-10 1
3 20 17 924.761928857771 1.8621819129768744e-10 1
3 20 18 932.640224756201 1.8464022906941621e-10 1
3 20 19 940.069301904641 1.9766020944635124e-10 1
3 20 20 951.365932764021 2.243489300394678e-10 1
3 20 21 955.950771631201 2.554288094682041e-10 1
3 20 22 975.573086084331 2.767110880162784e-10 1
3 20 23 1004.545315088231 2.8301145954743473e-10 1
3 20 24 1016.452724756201 2.8269137906288184e-10 1
3 20 25 1020.451504053081 2.910896859106498e-10 1
3 20 26 1026.0006373538608 2.824191872519056e-10 1
3 20 27 1036.1449244632308 2.6121777980122554e-10 1
3 21 11 970.189358056981 2.236825768750299e-10 1
3 21 12 976.327419580421 2.277061364630045e-10 1
3 21 13 983.169765771831 2.0938762469381843e-10 1
3 21 14 987.837368310891 2.0328187962949494e-10 1
3 21 15 991.106167139021 2.048667239538401e-10 1
3 21 16 995.669338525731 2.0391283755053274e-10 1
3 21 17 999.099209131201 1.9647858610462982e-10 1
3 21 18 1002.191250146831 1.906819852620189e-10 1
