1 19 27 1009.1234250306496 8.025265765914338e-09 1
1 20 17 932.3566403626896 9.000000000000001e-07 1
1 20 18 940.2349362611196 1.6143736820163768e-07 1
1 20 19 947.6640134095596 5.339263459249444e-08 1
1 20 20 958.9606442689396 2.340047091986865e-08 1
1 20 21 963.5454831361196 1.6476161909824505e-08 1
1 20 22 983.1677975892496 1.093139158965714e-08 1
1 20 23 1012.1400265931496 7.837335980624142e-09 1
1 20 24 1024.0474362611196 7.080239920902328e-09 1
1 20 25 1028.0462155579996 6.904690488359578e-09 1
1 20 26 1033.5953488587797 7.171014814144638e-09 1
1 20 27 1043.7396359681497 7.156911756854627e-09 1
1 21 11 977.7840695618996 1.0642035279192093e-08 1
1 21 12 983.9221310853396 1.036982568711014e-08 1
1 21 13 990.7644772767496 1.1379525096831459e-08 1
1 21 14 995.4320798158096 1.2278974953409665e-08 1
1 21 15 998.7008786439396 1.2434236988851996e-08 1
1 21 16 1003.2640500306496 1.2506955093842877e-08 1
1 21 17 1006.6939206361196 1.2997363612564518e-08 1
1 21 18 1009.7859616517496 1.326379531499846e-08 1
