2 98 267 974.8912775008716 1.3008478458616857e-10 1
2 98 268 994.6105768172716 1.1932245759540626e-10 1
2 98 269 1016.8975641219616 1.2705867499591648e-10 1
2 98 270 1011.0605890243016 1.6910120221127004e-10 1
2 99 206 953.6322442977416 1.1546178451676881e-10 1
2 99 207 953.6322442977416 1.1589315955349976e-10 1
2 99 208 953.6322442977416 1.1630712418426384e-10 1
2 99 209 953.6322442977416 1.1672405673865577e-10 1
2 99 210 956.6184503524316 1.171393618417111e-10 1
2 99 211 956.6184503524316 1.1752089963957334e-10 1
2 99 212 956.6184503524316 1.179049309935191e-10 1
2 99 213 956.6184503524316 1.1829172089147072e-10 1
2 99 214 959.4262506454016 1.186507919391163e-10 1
2 99 215 959.4262506454016 1.1900182286706034e-10 1
2 99 216 959.4262506454016 1.1935493702342886e-10 1
2 99 217 959.4262506454016 1.196929472266996e-10 1
2 99 218 959.4262506454016 1.2000968717020987e-10 1
2 99 219 961.4244806258716 1.203281079208776e-10 1
2 99 220 961.4244806258716 1.2064453152284243e-10 1
2 99 221 961.4244806258716 1.2092682696790818e-10 1
2 99 222 961.4244806258716 1.2121044659439415e-10 1
2 99 223 968.3404962508716 1.214953997413402e-10 1
2 99 224 968.3404962508716 1.2175210164589215e-10 1
2 99 225 968.3404962508716 1.2200106788637215e-10 1
2 99 226 968.3404962508716 1.2225105441638987e-10 1
2 99 227 971.3538019149316 1.2248692530820502e-10 1
2 99 228 971.3538019149316 1.2270297995130583e-10 1
2 99 229 971.3538019149316 1.2291963591034491e-10 1
2 99 230 971.3538019149316 1.2313385176632579e-10 1
2 99 231 975.6837579696216 1.233177740309194e-10 1
2 99 232 975.6837579696216 1.235022465585274e-10 1
2 99 233 975.6837579696216 1.2368785020404243e-10 1
2 99 234 975.6837579696216 1.2385263183694656e-10 1
2 99 235 980.5619928329016 1.2400811508832474e-10 1
2 99 236 980.5619928329016 1.241639892143797e-10 1
2 99 237 980.5619928329016 1.2430863462356169e-10 1
2 99 238 980.5619928329016 1.2443800481086845e-10 1
2 99 239 990.2424737899316 1.2456764455437546e-10 1
2 99 240 990.2424737899316 1.2469839100633546e-10 1
2 99 241 990.2424737899316 1.2480518244228448e-10 1
2 99 242 990.2424737899316 1.249121569469293e-10 1
2 99 243 990.2424737899316 1.2502196516147795e-10 1
2 99 244 993.9065973250816 1.2511879056883579e-10 1
2 99 245 993.9065973250816 1.2520222442076652e-10 1
2 99 246 993.9065973250816 1.252857696205245e-10 1
2 99 247 993.9065973250816 1.2536487718396844e-10 1
2 99 248 997.0913507430516 1.254298856313547e-10 1
2 99 249 997.0913507430516 1.2549127532669378e-10 1
2 99 250 997.0913507430516 1.2555078052498293e-10 1
2 99 251 997.0913507430516 1.2559156263133432e-10 1
2 99 252 1000.3260309188316 1.2563237124043753e-10 1
2 99 253 1000.3260309188316 1.256791595778776e-10 1
2 99 254 1000.3260309188316 1.257176906216789e-10 1
2 99 255 1000.3260309188316 1.2574081046233444e-10 1
2 99 256 1005.3083307235216 1.2576393880816205e-10 1
2 99 257 1005.3083307235216 1.2578453829493481e-10 1
2 99 258 1005.3083307235216 1.2579884593003943e-10 1
2 99 259 1007.5211603133716 1.2581579011844608e-10 1
2 99 260 1007.5211603133716 1.2581582563846654e-10 1
2 99 261 1009.7773858993016 1.2578432138541192e-10 1
2 99 262 1011.1145441024316 1.2571675366281353e-10 1
2 99 263 1012.2334405868016 1.257686801686079e-10 1
2 99 264 1014.1309015243016 1.2686519989842164e-10 1
2 99 265 1017.0211603133716 1.3107624407839333e-10 1
2 99 266 1019.9609186141516 1.3268132564080683e-10 1
2 99 267 1022.0236017196216 1.2499022560263224e-10 1
2 99 268 1026.7530328719618 1.1289227896464085e-10 1
2 100 43 969.8247491805516 9.203075056389074e-11 1
2 100 44 970.0223199813316 9.202700789361159e-11 1
2 100 45 970.0223199813316 9.201939063792715e-11 1
2 100 46 970.0223199813316 9.200895915530837e-11 1
2 100 47 970.0223199813316 9.197746396964277e-11 1
2 100 48 972.4659845321216 9.194745238606351e-11 1
2 100 49 972.4659845321216 9.192241974031372e-11 1
2 100 50 972.4659845321216 9.189576359432864e-11 1
2 100 51 972.4659845321216 9.1853337398168e-11 1
2 100 52 972.2991754500816 9.181095035836064e-11 1
2 100 53 972.2991754500816 9.176007439047549e-11 1
2 100 54 972.2991754500816 9.168533053420381e-11 1
2 100 55 972.2991754500816 9.162453315984865e-11 1
2 100 56 971.0004693954016 9.156381636264314e-11 1
2 100 57 971.0004693954016 9.149378993670739e-11 1
2 100 58 971.0004693954016 9.141130410742316e-11 1
2 100 59 971.0004693954016 9.132896687365571e-11 1
2 100 60 968.7112848250816 9.123012778722005e-11 1
2 100 61 968.7112848250816 9.112100849218794e-11 1
2 100 62 968.7112848250816 9.101214991795041e-11 1
2 100 63 968.7112848250816 9.089595926776951e-11 1
2 100 64 967.6572076766516 9.075399593526325e-11 1
2 100 65 967.6572076766516 9.062016037789816e-11 1
2 100 66 967.6572076766516 9.048671897574906e-11 1
2 100 67 967.6572076766516 9.034280638462287e-11 1
2 100 68 967.6572076766516 9.018483693255128e-11 1
2 100 69 970.5267145125816 9.002741895305121e-11 1
2 100 70 970.5267145125816 8.985848547027302e-11 1
2 100 71 970.5267145125816 8.967869146550827e-11 1
2 100 72 970.5267145125816 8.949961550831875e-11 1
2 100 73 971.6857721297716 8.931599796959855e-11 1
2 100 74 971.6857721297716 8.911767160419555e-11 1
2 100 75 971.6857721297716 8.892449870721037e-11 1
2 100 76 971.6857721297716 8.87321614482335e-11 1
2 100 77 971.5129205672716 8.853726622797436e-11 1
2 100 78 971.5129205672716 8.833870323190186e-11 1
2 100 79 971.5129205672716 8.814102887943014e-11 1
2 100 80 971.5129205672716 8.794055289590958e-11 1
2 100 81 970.9913751571216 8.773975580976892e-11 1
2 100 82 970.9913751571216 8.753987360568557e-11 1
2 100 83 970.9913751571216 8.734175651935955e-11 1
2 100 84 970.9913751571216 8.714979327052471e-11 1
2 100 85 969.4397394149316 8.695286391019452e-11 1
2 100 86 969.4397394149316 8.675682253219042e-11 1
2 100 87 969.4397394149316 8.656381734291715e-11 1
2 100 88 969.4397394149316 8.637454436079582e-11 1
2 100 89 972.5508844344616 8.618609726883324e-11 1
2 100 90 972.5508844344616 8.600796033546751e-11 1
2 100 91 972.5508844344616 8.583304791424632e-11 1
2 100 92 972.5508844344616 8.565192363380273e-11 1
2 100 93 972.5508844344616 8.547156215800278e-11 1
2 100 94 974.2528497664916 8.530420116312354e-11 1
2 100 95 974.2528497664916 8.513155281180915e-11 1
2 100 96 974.2528497664916 8.495960189970525e-11 1
2 100 97 974.2528497664916 8.479398959020521e-11 1
2 100 98 973.4493829696216 8.463082680705039e-11 1
2 100 99 973.4493829696216 8.446569127646752e-11 1
2 100 100 973.4493829696216 8.430155022764339e-11 1
2 100 101 973.4493829696216 8.41414227826948e-11 1
2 100 102 969.5478937118016 8.398190249591188e-11 1
2 100 103 969.5478937118016 8.38275986009924e-11 1
2 100 104 969.5478937118016 8.367865429963788e-11 1
2 100 105 969.5478937118016 8.353030334882028e-11 1
2 100 106 972.1990167586816 8.338339279991681e-11 1
2 100 107 972.1990167586816 8.32450919735128e-11 1
2 100 108 972.1990167586816 8.311216787047582e-11 1
2 100 109 972.1990167586816 8.297974645166175e-11 1
2 100 110 974.6124078719616 8.284982488123148e-11 1
2 100 111 974.6124078719616 8.274030940741684e-11 1
2 100 112 974.6124078719616 8.26310830785965e-11 1
2 100 113 974.6124078719616 8.252022557601652e-11 1
2 100 114 978.0461847274316 8.243838522263838e-11 1
2 100 115 978.0461847274316 8.23663352242949e-11 1
2 100 116 978.0461847274316 8.229322143959476e-11 1
2 100 117 978.0461847274316 8.223739041203835e-11 1
2 100 118 978.0461847274316 8.221533452288715e-11 1
2 100 119 980.9744073836816 8.2194562286491e-11 1
2 100 120 980.9744073836816 8.217836499519407e-11 1
2 100 121 980.9744073836816 8.220622802457112e-11 1
2 100 122 980.9744073836816 8.22341099545851e-11 1
2 100 123 981.2095758407116 8.226926012188892e-11 1
2 100 124 981.2095758407116 8.23466775610226e-11 1
2 100 125 981.2095758407116 8.241793133299644e-11 1
2 100 126 981.2095758407116 8.248930852214103e-11 1
2 100 127 982.2693292586816 8.258878015655896e-11 1
2 100 128 982.2693292586816 8.271517519253091e-11 1
2 100 129 982.2693292586816 8.283696700619482e-11 1
2 100 130 982.2693292586816 8.29634313641528e-11 1
2 100 131 982.1091119735216 8.313205526269363e-11 1
2 100 132 982.1091119735216 8.330136601636537e-11 1
2 100 133 982.1091119735216 8.347960629369378e-11 1
2 100 134 982.1091119735216 8.368765066491423e-11 1
2 100 135 983.4116022079016 8.390331183700484e-11 1
2 100 136 983.4116022079016 8.412234868738978e-11 1
2 100 137 983.4116022079016 8.436822662109232e-11 1
2 100 138 983.4116022079016 8.462828564279732e-11 1
2 100 139 984.4233209579016 8.488690957279861e-11 1
2 100 140 984.4233209579016 8.515041161373085e-11 1
2 100 141 984.4233209579016 8.544462807641195e-11 1
2 100 142 984.4233209579016 8.573553659692005e-11 1
2 100 143 984.4233209579016 8.602843276442124e-11 1
2 100 144 985.6721612899316 8.633673911862984e-11 1
2 100 145 985.6721612899316 8.665151359521594e-11 1
2 100 146 985.6721612899316 8.696972932253622e-11 1
2 100 147 985.6721612899316 8.729795154561278e-11 1
2 100 148 986.3366510360216 8.763129808349901e-11 1
2 100 149 986.3366510360216 8.796720014185939e-11 1
2 100 150 986.3366510360216 8.831089430653569e-11 1
2 100 151 986.3366510360216 8.866217007725847e-11 1
2 100 152 987.4625665633716 8.901318171193336e-11 1
2 100 153 987.4625665633716 8.936698368861825e-11 1
2 100 154 987.4625665633716 8.972544528405412e-11 1
2 100 155 987.4625665633716 9.00873767539317e-11 1
2 100 156 991.1738092391516 9.045285677739347e-11 1
2 100 157 991.1738092391516 9.082412948766119e-11 1
2 100 158 991.1738092391516 9.119401238263407e-11 1
2 100 159 991.1738092391516 9.1565053836632e-11 1
2 100 160 993.0618097274316 9.193886170717488e-11 1
2 100 161 993.0618097274316 9.231315382129553e-11 1
2 100 162 993.0618097274316 9.269050595278617e-11 1
2 100 163 993.0618097274316 9.307729750609881e-11 1
2 100 164 993.7745172469616 9.348149477259798e-11 1
2 100 165 993.7745172469616 9.387110095793509e-11 1
2 100 166 993.7745172469616 9.426396828625666e-11 1
2 100 167 993.7745172469616 9.467680642162521e-11 1
2 100 168 993.7745172469616 9.509578205610019e-11 1
2 100 169 994.4250909774316 9.550928135495426e-11 1
2 100 170 994.4250909774316 9.592775102365627e-11 1
2 100 171 994.4250909774316 9.636313221368083e-11 1
2 100 172 994.4250909774316 9.680248349641424e-11 1
2 100 173 994.1943170516516 9.725988070533072e-11 1
2 100 174 994.1943170516516 9.772076919029118e-11 1
2 100 175 994.1943170516516 9.818128661192894e-11 1
2 100 176 994.1943170516516 9.864891349884558e-11 1
2 100 177 993.1614801375816 9.912507614939855e-11 1
2 100 178 993.1614801375816 9.959163087935352e-11 1
2 100 179 993.1614801375816 1.0006213241943492e-10 1
2 100 180 993.1614801375816 1.0053478715057965e-10 1
2 100 181 991.5646783797716 1.0098939708880203e-10 1
2 100 182 991.5646783797716 1.0144813711954996e-10 1
2 100 183 991.5646783797716 1.0191008811643752e-10 1
2 100 184 991.5646783797716 1.0235434219860352e-10 1
2 100 185 989.2161066024316 1.0279583809382575e-10 1
2 100 186 989.2161066024316 1.032416935583287e-10 1
2 100 187 989.2161066024316 1.0368172331415038e-10 1
2 100 188 989.2161066024316 1.0410876494382576e-10 1
2 100 189 986.9741632430516 1.0453933889863127e-10 1
2 100 190 986.9741632430516 1.0497863069209698e-10 1
2 100 191 986.9741632430516 1.0539960721590482e-10 1
2 100 192 986.9741632430516 1.0581826077547716e-10 1
2 100 193 986.9741632430516 1.0624025343222549e-10 1
2 100 194 988.4515192000816 1.0665472895372812e-10 1
2 100 195 988.4515192000816 1.0705937122241767e-10 1
2 100 196 988.4515192000816 1.0746709556606298e-10 1
2 100 197 988.4515192000816 1.078719631703855e-10 1
2 100 198 987.7522394149316 1.0826339753534171e-10 1
2 100 199 987.7522394149316 1.0865382102306439e-10 1
2 100 200 987.7522394149316 1.0904468112112824e-10 1
2 100 201 987.7522394149316 1.09415144314072e-10 1
2 100 202 986.6612359969616 1.0978813327586805e-10 1
2 100 203 986.6612359969616 1.1017073737697592e-10 1
2 100 204 986.6612359969616 1.1054294180920072e-10 1
2 100 205 986.6612359969616 1.1089689758045669e-10 1
2 100 206 992.0505792586816 1.1125312734828e-10 1
2 100 207 992.0505792586816 1.1159988714970262e-10 1
2 100 208 992.0505792586816 1.1193294652676623e-10 1
2 100 209 992.0505792586816 1.1226799982332717e-10 1
2 100 210 994.2942926375816 1.1261146918859107e-10 1
2 100 211 994.2942926375816 1.1292433592296467e-10 1
2 100 212 994.2942926375816 1.132311910500452e-10 1
2 100 213 994.2942926375816 1.1353971838766305e-10 1
2 100 214 997.3703424422716 1.134203854174739e-10 1
2 100 215 997.3703424422716 1.134203854174739e-10 1
2 100 216 997.3703424422716 1.1526542213216281e-10 1
2 100 217 997.3703424422716 1.1526542213216281e-10 1
2 100 218 997.3703424422716 1.1526542213216281e-10 1
2 100 219 999.5617486922716 1.1612209333744519e-10 1
2 100 220 999.5617486922716 1.1612209333744519e-10 1
2 100 221 999.5617486922716 1.1612209333744519e-10 1
2 100 222 999.5617486922716 1.1685318731439067e-10 1
2 100 223 1004.7646905868016 1.1685318731439067e-10 1
2 100 224 1004.7646905868016 1.1685318731439067e-10 1
2 100 225 1004.7646905868016 1.1746918575837317e-10 1
2 100 226 1004.7646905868016 1.1746918575837317e-10 1
2 100 227 1005.9568292586816 1.1746918575837317e-10 1
2 100 228 1005.9568292586816 1.1746918575837317e-10 1
2 100 229 1005.9568292586816 1.179871113627607e-10 1
2 100 230 1005.9568292586816 1.179871113627607e-10 1
2 100 231 1006.6406671493016 1.179871113627607e-10 1
2 100 232 1006.6406671493016 1.1841679691381569e-10 1
2 100 233 1006.6406671493016 1.1841679691381569e-10 1
2 100 234 1006.6406671493016 1.1841679691381569e-10 1
2 100 235 1007.6180841414916 1.1875959861371993e-10 1
2 100 236 1007.6180841414916 1.1875959861371993e-10 1
2 100 237 1007.6180841414916 1.1875959861371993e-10 1
2 100 238 1007.6180841414916 1.1875959861371993e-10 1
2 100 239 1008.5418512313316 1.1875959861371993e-10 1
2 100 240 1008.5418512313316 1.1875959861371993e-10 1
2 100 241 1008.5418512313316 1.1875959861371993e-10 1
2 100 242 1008.5418512313316 1.1875959861371993e-10 1
2 100 243 1008.5418512313316 1.2076016845541137e-10 1
2 100 244 1009.6804010360216 1.2076016845541137e-10 1
2 100 245 1009.6804010360216 1.2094279872147872e-10 1
2 100 246 1009.6804010360216 1.2094279872147872e-10 1
2 101 24 965.6152154891516 9.849946768491547e-11 1
2 101 25 966.9214899032116 1.0069703659704535e-10 1
2 101 26 969.9742853133716 1.0160733099324526e-10 1
2 101 27 973.5994073836816 1.0079146073551636e-10 1
2 101 28 977.6180841414916 9.708924198997966e-11 1
2 101 29 979.1882745711816 9.272402737842754e-11 1
2 101 30 981.0684015243016 9.107504590515298e-11 1
2 101 31 982.7526056258716 9.072130663203944e-11 1
2 101 32 983.0021783797716 9.078214572023811e-11 1
2 101 33 983.4300348250816 9.091199827793352e-11 1
2 101 34 983.7672540633716 9.099599949874331e-11 1
2 101 35 984.6665460555516 9.104227006436372e-11 1
2 101 36 984.6665460555516 9.106712927581821e-11 1
2 101 37 984.6665460555516 9.108264553100395e-11 1
2 101 38 984.6665460555516 9.109229253168503e-11 1
2 101 39 985.0440484969616 9.110194157610298e-11 1
2 101 40 985.0440484969616 9.111405234901137e-11 1
2 101 41 985.0440484969616 9.11156104777337e-11 1
2 101 42 985.0440484969616 9.111716865974714e-11 1
2 101 43 985.0440484969616 9.11199729612475e-11 1
2 101 44 985.2848932235216 9.112017637819504e-11 1
2 101 45 985.2848932235216 9.111645178580998e-11 1
2 101 46 985.2848932235216 9.111272749790242e-11 1
2 101 47 985.2848932235216 9.11091333876787e-11 1
2 101 48 985.5131647079016 9.110314161522174e-11 1
2 101 49 985.5131647079016 9.109598042440052e-11 1
2 101 50 985.5131647079016 9.108896658434942e-11 1
2 101 51 985.5131647079016 9.108237001691249e-11 1
2 101 52 986.9678766219616 9.107395909514182e-11 1
2 101 53 986.9678766219616 9.106554972662589e-11 1
2 101 54 986.9678766219616 9.105171517582559e-11 1
2 101 55 986.9678766219616 9.10361770951049e-11 1
2 101 56 987.5278131454016 9.102121502654191e-11 1
2 101 57 987.5278131454016 9.100272589153206e-11 1
2 101 58 987.5278131454016 9.093595936078081e-11 1
2 101 59 987.5278131454016 9.093595936078081e-11 1
2 101 60 987.6815607039916 9.119923740872158e-11 1
2 101 61 987.6815607039916 9.119923740872158e-11 1
2 101 62 987.6815607039916 9.104979007532319e-11 1
2 101 63 987.6815607039916 9.104979007532319e-11 1
2 101 64 988.0790826766516 9.104979007532319e-11 1
2 101 65 988.0790826766516 9.08554016098168e-11 1
2 101 66 988.0790826766516 9.08554016098168e-11 1
2 101 67 988.0790826766516 9.08554016098168e-11 1
2 101 68 988.0790826766516 9.08554016098168e-11 1
2 101 69 989.3290216414916 9.062792780023656e-11 1
2 101 70 989.3290216414916 9.062792780023656e-11 1
2 101 71 989.3290216414916 9.062792780023656e-11 1
2 101 72 989.3290216414916 9.037709295935868e-11 1
2 101 73 989.5713312118016 9.037709295935868e-11 1
2 101 74 989.5713312118016 9.037709295935868e-11 1
2 101 75 989.5713312118016 9.011543565098674e-11 1
2 101 76 989.5713312118016 9.011543565098674e-11 1
2 101 77 989.9189264266516 9.011543565098674e-11 1
2 101 78 989.9189264266516 9.011543565098674e-11 1
2 101 79 989.9189264266516 8.944641247357811e-11 1
2 101 80 989.9189264266516 8.944641247357811e-11 1
2 101 81 990.4445611922716 8.944641247357811e-11 1
2 101 82 990.4445611922716 8.944641247357811e-11 1
2 101 83 990.4445611922716 9.020182410396183e-11 1
2 101 84 990.4445611922716 9.020182410396183e-11 1
2 101 85 990.9961358993016 9.052946531310568e-11 1
2 101 86 990.9961358993016 8.901052259863635e-11 1
2 102 24 966.5375177352416 9.942954242019663e-11 1
2 102 25 968.6815607039916 1.0188492395087527e-10 1
2 102 26 971.1099664657116 1.0129407446047214e-10 1
