1 98 267 982.1566790218372 4.8906941504865306e-11 1
1 98 268 1001.8759783382372 4.3456486766929615e-11 1
1 98 269 1024.1629656429272 3.4062214759519676e-11 1
1 98 270 1018.3259905452672 3.092874486475607e-11 1
1 99 206 960.8976458187072 6.799148611694095e-11 1
1 99 207 960.8976458187072 6.758101306040419e-11 1
1 99 208 960.8976458187072 6.718632950494957e-11 1
1 99 209 960.8976458187072 6.679622920841546e-11 1
1 99 210 963.8838518733972 6.328029709131783e-11 1
1 99 211 963.8838518733972 6.295788031823573e-11 1
1 99 212 963.8838518733972 6.263873235458784e-11 1
1 99 213 963.8838518733972 6.232616798646495e-11 1
1 99 214 966.6916521663672 5.944980704662133e-11 1
1 99 215 966.6916521663672 5.918669845663407e-11 1
1 99 216 966.6916521663672 5.892590849836615e-11 1
1 99 217 966.6916521663672 5.867678488530815e-11 1
1 99 218 966.6916521663672 5.844223071992524e-11 1
1 99 219 968.6898821468372 5.6564698627447024e-11 1
1 99 220 968.6898821468372 5.635385413136067e-11 1
1 99 221 968.6898821468372 5.6157326696400596e-11 1
1 99 222 968.6898821468372 5.596216523039147e-11 1
1 99 223 975.6058977718372 5.0866884051208334e-11 1
1 99 224 975.6058977718372 5.072473434318444e-11 1
1 99 225 975.6058977718372 5.0580801426161104e-11 1
1 99 226 975.6058977718372 5.0437683025645497e-11 1
1 99 227 978.6192034358972 4.846766115132367e-11 1
1 99 228 978.6192034358972 4.835159353838546e-11 1
1 99 229 978.6192034358972 4.823422191115009e-11 1
1 99 230 978.6192034358972 4.8118593102462326e-11 1
1 99 231 982.9491594905872 4.5642506623134726e-11 1
1 99 232 982.9491594905872 4.55491088010597e-11 1
1 99 233 982.9491594905872 4.5458649143616616e-11 1
1 99 234 982.9491594905872 4.537862904107814e-11 1
1 99 235 987.8273943538672 4.2925205699692524e-11 1
1 99 236 987.8273943538672 4.285168065521875e-11 1
1 99 237 987.8273943538672 4.27820400002041e-11 1
1 99 238 987.8273943538672 4.2717480977338646e-11 1
1 99 239 997.5078753108972 3.8662186389183496e-11 1
1 99 240 997.5078753108972 3.861246235739157e-11 1
1 99 241 997.5078753108972 3.8566333430652113e-11 1
1 99 242 997.5078753108972 3.85203145895527e-11 1
1 99 243 997.5078753108972 3.8475796103733485e-11 1
1 99 244 1001.1719988460472 3.712985033347534e-11 1
1 99 245 1001.1719988460472 3.709297484269809e-11 1
1 99 246 1001.1719988460472 3.705617252499644e-11 1
1 99 247 1001.1719988460472 3.702256317165426e-11 1
1 99 248 1004.3567522640172 3.593351645967267e-11 1
1 99 249 1004.3567522640172 3.590400482360898e-11 1
1 99 250 1004.3567522640172 3.587501295264701e-11 1
1 99 251 1004.3567522640172 3.585060932067136e-11 1
1 99 252 1007.5914324397972 3.4817519407108756e-11 1
1 99 253 1007.5914324397972 3.479530398812556e-11 1
1 99 254 1007.5914324397972 3.4777238405312526e-11 1
1 99 255 1007.5914324397972 3.47589224019589e-11 1
1 99 256 1012.5737322444872 3.329968015231187e-11 1
1 99 257 1012.5737322444872 3.3285196666624586e-11 1
1 99 258 1012.5737322444872 3.3269884639758614e-11 1
1 99 259 1014.7865618343372 3.264706959341344e-11 1
1 99 260 1014.7865618343372 3.2624368922859955e-11 1
1 99 261 1017.0427874202672 3.2017623149496786e-11 1
1 99 262 1018.3799456233972 3.168173820728337e-11 1
1 99 263 1019.4988421077672 3.144589631238691e-11 1
1 99 264 1021.3963030452672 3.104955916637985e-11 1
1 99 265 1024.2865618343374 3.0450099409905147e-11 1
1 99 266 1027.2263201351172 3.057403399537252e-11 1
1 99 267 1029.2890032405874 3.217619925519779e-11 1
1 99 268 1034.0184343929272 3.366183965939612e-11 1
1 100 43 977.0901507015172 6.854436677272719e-11 1
1 100 44 977.2877215022972 6.850447624413491e-11 1
1 100 45 977.2877215022972 6.870143136489279e-11 1
1 100 46 977.2877215022972 6.88995840395918e-11 1
1 100 47 977.2877215022972 6.910760703940534e-11 1
1 100 48 979.7313860530872 6.651078323728678e-11 1
1 100 49 979.7313860530872 6.671445195256589e-11 1
1 100 50 979.7313860530872 6.69209483838006e-11 1
1 100 51 979.7313860530872 6.714403857249278e-11 1
1 100 52 979.5645769710472 6.755842142171107e-11 1
1 100 53 979.5645769710472 6.778803187192255e-11 1
1 100 54 979.5645769710472 6.8037904748191e-11 1
1 100 55 979.5645769710472 6.828601573776704e-11 1
1 100 56 978.2658709163672 7.009571349012568e-11 1
1 100 57 978.2658709163672 7.03678032557876e-11 1
1 100 58 978.2658709163672 7.06537912777293e-11 1
1 100 59 978.2658709163672 7.09421134044149e-11 1
1 100 60 975.9766863460472 7.427275806923855e-11 1
1 100 61 975.9766863460472 7.46185999218983e-11 1
1 100 62 975.9766863460472 7.496767758076175e-11 1
1 100 63 975.9766863460472 7.532641957046839e-11 1
1 100 64 974.9226091976172 7.725544421135225e-11 1
1 100 65 974.9226091976172 7.765543756792599e-11 1
1 100 66 974.9226091976172 7.805959444663165e-11 1
1 100 67 974.9226091976172 7.847785571378178e-11 1
1 100 68 974.9226091976172 7.891400991976315e-11 1
1 100 69 977.7921160335472 7.508087589901125e-11 1
1 100 70 977.7921160335472 7.549325221754723e-11 1
1 100 71 977.7921160335472 7.591360400827674e-11 1
1 100 72 977.7921160335472 7.633866310688906e-11 1
1 100 73 978.9511736507372 7.510518234443423e-11 1
1 100 74 978.9511736507372 7.553714570606841e-11 1
1 100 75 978.9511736507372 7.596276853456032e-11 1
1 100 76 978.9511736507372 7.639321498492023e-11 1
1 100 77 978.7783220882372 7.70801059872965e-11 1
1 100 78 978.7783220882372 7.751297513805775e-11 1
1 100 79 978.7783220882372 7.795073358971023e-11 1
1 100 80 978.7783220882372 7.839873440501507e-11 1
1 100 81 978.2567766780872 7.964844994072344e-11 1
1 100 82 978.2567766780872 8.0093403689405e-11 1
1 100 83 978.2567766780872 8.054335680927316e-11 1
1 100 84 978.2567766780872 8.096978059621564e-11 1
1 100 85 976.7051409358972 8.405548360763689e-11 1
1 100 86 976.7051409358972 8.452063816616655e-11 1
1 100 87 976.7051409358972 8.497409111550446e-11 1
1 100 88 976.7051409358972 8.540957374773671e-11 1
1 100 89 979.8162859554272 8.047595468206967e-11 1
1 100 90 979.8162859554272 8.084904439747834e-11 1
1 100 91 979.8162859554272 8.11957298678944e-11 1
1 100 92 979.8162859554272 8.155828476652565e-11 1
1 100 93 979.8162859554272 8.192409194504288e-11 1
1 100 94 981.5182512874572 7.946852480776499e-11 1
1 100 95 981.5182512874572 7.978284657629973e-11 1
1 100 96 981.5182512874572 8.009966469172164e-11 1
1 100 97 981.5182512874572 8.039684307371705e-11 1
1 100 98 980.7147844905872 8.20125587232395e-11 1
1 100 99 980.7147844905872 8.231888373003668e-11 1
1 100 100 980.7147844905872 8.26255834731091e-11 1
1 100 101 980.7147844905872 8.291589475859291e-11 1
1 100 102 976.8132952327672 9.055783939542892e-11 1
1 100 103 976.8132952327672 9.088466884472106e-11 1
1 100 104 976.8132952327672 9.120738541496575e-11 1
1 100 105 976.8132952327672 9.153736096554437e-11 1
1 100 106 979.4644182796472 8.658908668191848e-11 1
1 100 107 979.4644182796472 8.683150063046412e-11 1
1 100 108 979.4644182796472 8.710128294969219e-11 1
1 100 109 979.4644182796472 8.738958056329494e-11 1
1 100 110 981.8778093929272 8.327440925349006e-11 1
1 100 111 981.8778093929272 8.353738071323227e-11 1
1 100 112 981.8778093929272 8.380201830454626e-11 1
1 100 113 981.8778093929272 8.404021903051861e-11 1
1 100 114 985.3115862483972 7.860603359699476e-11 1
1 100 115 985.3115862483972 7.883982188749822e-11 1
1 100 116 985.3115862483972 7.90697503503915e-11 1
1 100 117 985.3115862483972 7.928277285770468e-11 1
1 100 118 985.3115862483972 7.94964037538366e-11 1
1 100 119 988.2398089046472 7.531159634229326e-11 1
1 100 120 988.2398089046472 7.549407318116918e-11 1
1 100 121 988.2398089046472 7.562338552659971e-11 1
1 100 122 988.2398089046472 7.575314162538347e-11 1
1 100 123 988.4749773616772 7.554608353529213e-11 1
1 100 124 988.4749773616772 7.561825047385237e-11 1
1 100 125 988.4749773616772 7.566804281735525e-11 1
1 100 126 988.4749773616772 7.571790077758586e-11 1
1 100 127 989.5347307796472 7.424552931143888e-11 1
1 100 128 989.5347307796472 7.420839059865878e-11 1
1 100 129 989.5347307796472 7.416586300263366e-11 1
1 100 130 989.5347307796472 7.411553243190533e-11 1
1 100 131 989.3745134944872 7.420962035123519e-11 1
1 100 132 989.3745134944872 7.408346069410014e-11 1
1 100 133 989.3745134944872 7.39644975572194e-11 1
1 100 134 989.3745134944872 7.377929020787861e-11 1
1 100 135 990.6770037288672 7.185075071893272e-11 1
1 100 136 990.6770037288672 7.165593838388446e-11 1
1 100 137 990.6770037288672 7.143955026998927e-11 1
1 100 138 990.6770037288672 7.117633872169443e-11 1
1 100 139 991.6887224788672 6.966266105065072e-11 1
1 100 140 991.6887224788672 6.940478816638812e-11 1
1 100 141 991.6887224788672 6.910121189946142e-11 1
1 100 142 991.6887224788672 6.879637420286781e-11 1
1 100 143 991.6887224788672 6.84942142561763e-11 1
1 100 144 992.9375628108972 6.674073947105122e-11 1
1 100 145 992.9375628108972 6.641428479765533e-11 1
1 100 146 992.9375628108972 6.609166350313602e-11 1
1 100 147 992.9375628108972 6.575849278680242e-11 1
1 100 148 993.6020525569872 6.470321678114304e-11 1
1 100 149 993.6020525569872 6.436215552065606e-11 1
1 100 150 993.6020525569872 6.402589132913967e-11 1
1 100 151 993.6020525569872 6.36668477422405e-11 1
1 100 152 994.7279680843372 6.219991213345254e-11 1
1 100 153 994.7279680843372 6.185766319743543e-11 1
1 100 154 994.7279680843372 6.150275968844064e-11 1
1 100 155 994.7279680843372 6.114680295695648e-11 1
1 100 156 998.4392107601172 5.7549911983723327e-11 1
1 100 157 998.4392107601172 5.723906054407604e-11 1
1 100 158 998.4392107601172 5.691981258336112e-11 1
1 100 159 998.4392107601172 5.660207871743477e-11 1
1 100 160 1000.3272112483972 5.483023384741365e-11 1
1 100 161 1000.3272112483972 5.452594765498656e-11 1
1 100 162 1000.3272112483972 5.4225020160044466e-11 1
1 100 163 1000.3272112483972 5.3929148595708756e-11 1
1 100 164 1001.0399187679272 5.3120309710222745e-11 1
1 100 165 1001.0399187679272 5.282504928840589e-11 1
1 100 166 1001.0399187679272 5.253305303531256e-11 1
1 100 167 1001.0399187679272 5.223813974075118e-11 1
1 100 168 1001.0399187679272 5.194034176823299e-11 1
1 100 169 1001.6904924983972 5.121657452656975e-11 1
1 100 170 1001.6904924983972 5.0930107250124065e-11 1
1 100 171 1001.6904924983972 5.063708279476507e-11 1
1 100 172 1001.6904924983972 5.0347410861150985e-11 1
1 100 173 1001.4597185726172 5.020509192425617e-11 1
1 100 174 1001.4597185726172 4.991461366948326e-11 1
1 100 175 1001.4597185726172 4.96262815818924e-11 1
1 100 176 1001.4597185726172 4.9341565206388484e-11 1
1 100 177 1000.4268816585472 4.9691488087279476e-11 1
1 100 178 1000.4268816585472 4.940632685502163e-11 1
1 100 179 1000.4268816585472 4.912345596225732e-11 1
1 100 180 1000.4268816585472 4.8844057995636324e-11 1
1 100 181 998.8300799007372 4.95305885388594e-11 1
1 100 182 998.8300799007372 4.9249028218637044e-11 1
1 100 183 998.8300799007372 4.897182132180316e-11 1
1 100 184 998.8300799007372 4.869941745230448e-11 1
1 100 185 996.4815081233972 4.984763686742935e-11 1
1 100 186 996.4815081233972 4.9565792562912166e-11 1
1 100 187 996.4815081233972 4.92887234840683e-11 1
1 100 188 996.4815081233972 4.901566074917225e-11 1
1 100 189 994.2395647640172 5.011480464004593e-11 1
1 100 190 994.2395647640172 4.983299621419791e-11 1
1 100 191 994.2395647640172 4.955713923597607e-11 1
1 100 192 994.2395647640172 4.9284204591700516e-11 1
1 100 193 994.2395647640172 4.9014259841448525e-11 1
1 100 194 995.7169207210472 4.7888513836242554e-11 1
1 100 195 995.7169207210472 4.76376845456289e-11 1
1 100 196 995.7169207210472 4.738946913916667e-11 1
1 100 197 995.7169207210472 4.714646119589936e-11 1
1 100 198 995.0176409358972 4.729683549884215e-11 1
1 100 199 995.0176409358972 4.7057623480898776e-11 1
1 100 200 995.0176409358972 4.6821422073693016e-11 1
1 100 201 995.0176409358972 4.6593342247580755e-11 1
1 100 202 993.9266375179272 4.696138345201156e-11 1
1 100 203 993.9266375179272 4.673259686581323e-11 1
1 100 204 993.9266375179272 4.651257275203462e-11 1
1 100 205 993.9266375179272 4.6295361693725957e-11 1
1 100 206 999.3159807796472 4.338649903690421e-11 1
1 100 207 999.3159807796472 4.320049212514964e-11 1
1 100 208 999.3159807796472 4.3020124731551895e-11 1
1 100 209 999.3159807796472 4.284125718821226e-11 1
1 100 210 1001.5596941585472 4.166888669847169e-11 1
1 100 211 1001.5596941585472 4.150993606015943e-11 1
1 100 212 1001.5596941585472 4.135094942436403e-11 1
1 100 213 1001.5596941585472 4.119317600689659e-11 1
1 100 214 1004.6357439632372 3.994039656396602e-11 1
1 100 215 1004.6357439632372 3.994039656396602e-11 1
1 100 216 1004.6357439632372 3.927681657374407e-11 1
1 100 217 1004.6357439632372 3.927681657374407e-11 1
1 100 218 1004.6357439632372 3.927681657374407e-11 1
1 100 219 1006.8271502132372 3.8051155626186356e-11 1
1 100 220 1006.8271502132372 3.8051155626186356e-11 1
1 100 221 1006.8271502132372 3.8051155626186356e-11 1
1 100 222 1006.8271502132372 3.768583141318065e-11 1
1 100 223 1012.0300921077672 3.592482187239519e-11 1
1 100 224 1012.0300921077672 3.592482187239519e-11 1
1 100 225 1012.0300921077672 3.562153424365739e-11 1
1 100 226 1012.0300921077672 3.562153424365739e-11 1
1 100 227 1013.2222307796472 3.524733262411194e-11 1
1 100 228 1013.2222307796472 3.524733262411194e-11 1
1 100 229 1013.2222307796472 3.4976727901912105e-11 1
1 100 230 1013.2222307796472 3.4976727901912105e-11 1
1 100 231 1013.9060686702672 3.476882413827276e-11 1
1 100 232 1013.9060686702672 3.452663122475002e-11 1
1 100 233 1013.9060686702672 3.452663122475002e-11 1
1 100 234 1013.9060686702672 3.452663122475002e-11 1
1 100 235 1014.8834856624572 3.402314795106338e-11 1
1 100 236 1014.8834856624572 3.402314795106338e-11 1
1 100 237 1014.8834856624572 3.402314795106338e-11 1
1 100 238 1014.8834856624572 3.402314795106338e-11 1
1 100 239 1015.8072527522972 3.375789977402536e-11 1
1 100 240 1015.8072527522972 3.375789977402536e-11 1
1 100 241 1015.8072527522972 3.375789977402536e-11 1
1 100 242 1015.8072527522972 3.375789977402536e-11 1
1 100 243 1015.8072527522972 3.3301202199011177e-11 1
1 100 244 1016.9458025569872 3.2988511706503137e-11 1
1 100 245 1016.9458025569872 3.2850075914672475e-11 1
1 100 246 1016.9458025569872 3.2850075914672475e-11 1
1 101 24 972.8806170101172 4.770294088069093e-11 1
1 101 25 974.1868914241772 4.7344283215779755e-11 1
1 101 26 977.2396868343372 4.693193993227221e-11 1
1 101 27 980.8648089046472 4.749434680231474e-11 1
1 101 28 984.8834856624572 4.969114222100192e-11 1
1 101 29 986.4536760921472 5.384963390702791e-11 1
1 101 30 988.3338030452672 5.538317776326991e-11 1
1 101 31 990.0180071468372 5.553993076542046e-11 1
1 101 32 990.2675799007372 5.612846436270707e-11 1
1 101 33 990.6954363460472 5.626699976112709e-11 1
1 101 34 991.0326555843372 5.632747777068023e-11 1
1 101 35 991.9319475765172 5.5847079847497745e-11 1
1 101 36 991.9319475765172 5.6001897636914115e-11 1
1 101 37 991.9319475765172 5.612980306535098e-11 1
1 101 38 991.9319475765172 5.626291665505752e-11 1
1 101 39 992.3094500179272 5.609808277698206e-11 1
1 101 40 992.3094500179272 5.6229845169775005e-11 1
1 101 41 992.3094500179272 5.636938272411935e-11 1
1 101 42 992.3094500179272 5.6509614542050593e-11 1
1 101 43 992.3094500179272 5.665018550477066e-11 1
1 101 44 992.5502947444872 5.660032165093942e-11 1
1 101 45 992.5502947444872 5.674533213382669e-11 1
1 101 46 992.5502947444872 5.689108756133342e-11 1
1 101 47 992.5502947444872 5.703749188853937e-11 1
1 101 48 992.7785662288672 5.6999507326762085e-11 1
1 101 49 992.7785662288672 5.7147798985093126e-11 1
1 101 50 992.7785662288672 5.729667939811803e-11 1
1 101 51 992.7785662288672 5.744498287864094e-11 1
1 101 52 994.2332781429272 5.641322999342973e-11 1
1 101 53 994.2332781429272 5.655776539025512e-11 1
1 101 54 994.2332781429272 5.6705248647512583e-11 1
1 101 55 994.2332781429272 5.6854201017321373e-11 1
1 101 56 994.7932146663672 5.655226621499648e-11 1
1 101 57 994.7932146663672 5.670108853566766e-11 1
1 101 58 994.7932146663672 5.666307277161434e-11 1
1 101 59 994.7932146663672 5.666307277161434e-11 1
1 101 60 994.9469622249572 5.692777965502576e-11 1
1 101 61 994.9469622249572 5.692777965502576e-11 1
1 101 62 994.9469622249572 5.747914784637585e-11 1
1 101 63 994.9469622249572 5.747914784637585e-11 1
1 101 64 995.3444841976172 5.7152674278766526e-11 1
1 101 65 995.3444841976172 5.7725914651333224e-11 1
1 101 66 995.3444841976172 5.7725914651333224e-11 1
1 101 67 995.3444841976172 5.7725914651333224e-11 1
1 101 68 995.3444841976172 5.7725914651333224e-11 1
1 101 69 996.5944231624572 5.727464756113134e-11 1
1 101 70 996.5944231624572 5.727464756113134e-11 1
1 101 71 996.5944231624572 5.727464756113134e-11 1
1 101 72 996.5944231624572 5.7857040070695855e-11 1
1 101 73 996.8367327327672 5.7654969283703856e-11 1
1 101 74 996.8367327327672 5.7654969283703856e-11 1
1 101 75 996.8367327327672 5.823160247974893e-11 1
1 101 76 996.8367327327672 5.823160247974893e-11 1
1 101 77 997.1843279476172 5.793841921190034e-11 1
1 101 78 997.1843279476172 5.793841921190034e-11 1
1 101 79 997.1843279476172 5.850107074027135e-11 1
1 101 80 997.1843279476172 5.850107074027135e-11 1
1 101 81 997.7099627132372 5.8054771828346127e-11 1
1 101 82 997.7099627132372 5.8054771828346127e-11 1
1 101 83 997.7099627132372 5.8054771828346127e-11 1
1 101 84 997.7099627132372 5.8054771828346127e-11 1
1 101 85 998.2615374202672 5.759371193653503e-11 1
1 101 86 998.2615374202672 5.887198559102295e-11 1
1 102 24 973.8029192562072 4.592504244857009e-11 1
1 102 25 975.9469622249572 4.520718696043973e-11 1
1 102 26 978.3753679866772 4.544323028587353e-11 1
