5 19 27 1014.7216947578527 5.1003088278201924e-11 1
5 20 17 937.9549100898927 1.8495888104119526e-11 1
5 20 18 945.8332059883227 1.8255565855051855e-11 1
5 20 19 953.2622831367627 1.8433970252612886e-11 1
5 20 20 964.5589139961427 1.9627136506441836e-11 1
5 20 21 969.1437528633227 2.191107033014144e-11 1
5 20 22 988.7660673164527 2.4902343258559568e-11 1
5 20 23 1017.7382963203527 2.7745815462468582e-11 1
5 20 24 1029.6457059883226 2.946467908827323e-11 1
5 20 25 1033.6444852852026 3.07448840775889e-11 1
5 20 26 1039.1936185859827 3.5180985623983445e-11 1
5 20 27 1049.3379056953527 4.582602358491166e-11 1
5 21 11 983.3823392891027 1.9074575773860805e-11 1
5 21 12 989.5204008125427 1.91218879265004e-11 1
5 21 13 996.3627470039527 1.8789733029720065e-11 1
5 21 14 1001.0303495430127 1.8010091103290164e-11 1
5 21 15 1004.2991483711427 1.7607359325968274e-11 1
5 21 16 1008.8623197578527 1.718508262664105e-11 1
5 21 17 1012.2921903633227 1.6968323058202036e-11 1
5 21 18 1015.3842313789527 1.6881594372801875e-11 1
