1 113 272 1009.9082846265618 1.527067235830073e-11 1
1 113 273 1000.4318739710151 1.5618640525435177e-11 1
1 113 274 985.5541804782648 1.7671837150601038e-11 1
1 114 266 984.3856630102213 2.111102719650229e-11 1
1 114 267 990.5116090129176 2.108147879603878e-11 1
1 114 268 997.6066968685553 2.0636284286491045e-11 1
1 114 269 1012.854445549258 1.8305580023115162e-11 1
1 114 270 1017.4615981035475 1.737847094233314e-11 1
1 114 271 1018.847376321299 1.6322740893232148e-11 1
1 114 272 1017.3015770529586 1.5342754599044593e-11 1
1 114 273 1012.8822789074536 1.524453690386873e-11 1
1 114 274 1001.5012230382079 1.6692612035736417e-11 1
1 115 260 1009.537035830276 1.5780288829238933e-11 1
1 115 261 1010.8659429701792 1.5634256893169114e-11 1
1 115 262 1012.2683590557726 1.5446114925966355e-11 1
1 115 263 1014.3952191774711 1.5204321712639698e-11 1
1 115 264 1015.2127101182562 1.5267856492501733e-11 1
1 115 265 1015.8818335827007 1.5588618678393065e-11 1
1 115 266 1011.8229238143304 1.6793146925052934e-11 1
1 115 267 1019.1848371702771 1.6578060933410055e-11 1
1 115 268 1020.2379290478739 1.7161729395985733e-11 1
1 115 269 1023.1615532215912 1.718289347125047e-11 1
1 116 199 955.9343338785536 3.242906177652327e-11 1
1 116 200 956.3920530084539 3.199457742915531e-11 1
1 116 201 956.8550937311936 3.1578298807516606e-11 1
1 116 202 957.4304029116112 3.111911614282981e-11 1
1 116 203 958.0172524286968 3.0667590606836545e-11 1
1 116 204 958.6041019457983 3.0232773787751905e-11 1
1 116 205 959.1909514628934 2.981615783437879e-11 1
1 116 206 959.9680644244368 2.932880870449494e-11 1
1 116 207 960.7973796307286 2.8837978765681104e-11 1
1 116 208 961.6266948369978 2.8370116747799072e-11 1
1 116 209 962.4560100433314 2.7917193381158972e-11 1
1 116 210 963.2387816568138 2.749737128363755e-11 1
1 116 211 963.992730403206 2.71063192246291e-11 1
1 116 212 964.7466791496395 2.6727898491408278e-11 1
1 116 213 965.5006278960319 2.6360245806550815e-11 1
1 116 214 966.2622162855725 2.6005604754111023e-11 1
1 116 215 967.0331260006831 2.56603862767172e-11 1
1 116 216 967.8040357158117 2.5323172689758146e-11 1
1 116 217 968.5749454309223 2.4995178067284502e-11 1
1 116 218 969.5028279416523 2.4636502802314092e-11 1
1 116 219 970.8278516255119 2.4169391163917793e-11 1
1 116 220 972.152875309269 2.3719662941252543e-11 1
1 116 221 973.4778989929387 2.3290772985282213e-11 1
1 116 222 974.693869592914 2.2907411929437303e-11 1
1 116 223 975.4934819696217 2.264299088113359e-11 1
1 116 224 976.2500642066846 2.23995949344653e-11 1
1 116 225 977.0066464437385 2.21632068508871e-11 1
1 116 226 977.8356292365653 2.1913525915354642e-11 1
1 116 227 979.0348403582826 2.1583052917582357e-11 1
1 116 228 980.3341252594038 2.1244260916107135e-11 1
1 116 229 981.6334101606257 2.0915940662830555e-11 1
1 116 230 982.9991901349182 2.0584407692416372e-11 1
1 116 231 984.9213162123627 2.0153454252893534e-11 1
1 116 232 987.1022521863598 1.968925100067523e-11 1
1 116 233 989.2831881602401 1.924590465285937e-11 1
1 116 234 991.4446495869738 1.8827348989102906e-11 1
1 116 235 992.9757606589185 1.8536275325827868e-11 1
1 116 236 994.067928404383 1.8327016422978928e-11 1
1 116 237 995.1600961499058 1.8122562434075056e-11 1
1 116 238 996.2522638953994 1.792533403959184e-11 1
1 116 239 997.0950134555018 1.777165228903672e-11 1
1 116 240 997.6610988152333 1.7664188760586238e-11 1
1 116 241 998.2175489449791 1.756121488394926e-11 1
1 116 242 998.7739990747394 1.7459855235635992e-11 1
1 116 243 999.4117349739855 1.7347543145771484e-11 1
1 116 244 1000.2071720514439 1.7215065477683738e-11 1
1 116 245 1001.013746670508 1.7083823270513358e-11 1
1 116 246 1001.8203212895509 1.695424028277286e-11 1
1 116 247 1002.6854120592085 1.6818473923451395e-11 1
1 116 248 1003.7859267093403 1.665488296041666e-11 1
1 116 249 1004.9090841073265 1.649079723219929e-11 1
1 116 250 1006.0322415053721 1.6329913142160383e-11 1
1 116 251 1007.1117427873093 1.6179248624967386e-11 1
1 116 252 1007.3635732368623 1.6138968823483937e-11 1
1 116 253 1007.5196976355552 1.6111393415450842e-11 1
1 116 254 1007.675822034252 1.6085315382393596e-11 1
1 116 255 1007.8319464329448 1.6058683491709954e-11 1
1 116 256 1008.0018475867 1.6027051911879606e-11 1
1 116 257 1008.2384092468932 1.5986855351698396e-11 1
1 116 258 1008.6623777776523 1.5925610996759116e-11 1
1 116 259 1009.935240410291 1.5766326556297357e-11 1
1 116 260 1011.1022645597606 1.5641070470506007e-11 1
1 116 261 1012.6171922896976 1.549318240727905e-11 1
1 116 262 1014.025835340843 1.5376991631912878e-11 1
1 116 263 1016.6352173696232 1.5153641872140385e-11 1
1 117 121 964.6934267242922 4.9668072594613284e-11 1
1 117 122 964.6764424013475 4.968695712308476e-11 1
1 117 123 964.4378643544172 4.998094874841643e-11 1
1 117 124 964.1748808730018 5.027695986523798e-11 1
1 117 125 963.9118973915658 5.052296793573872e-11 1
1 117 126 963.6714016206249 5.0742428169295505e-11 1
1 117 127 963.5378479027249 5.082804243048331e-11 1
1 117 128 963.433055773277 5.079916747823264e-11 1
1 117 129 963.3282636438435 5.076252797450562e-11 1
1 117 130 963.2782077017607 5.065561749478072e-11 1
1 117 131 963.6715210755666 4.994602375879247e-11 1
1 117 132 964.263704363282 4.898810695693489e-11 1
1 117 133 964.8558876509863 4.8065937431280716e-11 1
1 117 134 965.4394075303219 4.716571492267038e-11 1
1 117 135 965.687247534203 4.6626319117659113e-11 1
1 117 136 965.7155785035826 4.633354969183298e-11 1
1 117 137 965.7439094729624 4.605028898126401e-11 1
1 117 138 965.7722404423432 4.572598303065084e-11 1
1 117 139 965.7745281217035 4.542792032738174e-11 1
1 117 140 965.7488152730281 4.516225557994178e-11 1
1 117 141 965.7222515838624 4.4882438820292256e-11 1
1 117 142 965.6956878946975 4.459189670677626e-11 1
1 117 143 966.0532097224167 4.393111219168705e-11 1
1 117 144 967.1543472605073 4.259512488403916e-11 1
1 117 145 968.2980921693836 4.128812022398996e-11 1
1 117 146 969.4418370783263 4.0058936899623496e-11 1
1 117 147 970.586337291659 3.890543777472317e-11 1
1 117 148 971.7339836544738 3.780009698615696e-11 1
1 117 149 972.881869207457 3.675187207731702e-11 1
1 117 150 974.0297547604629 3.576021462908466e-11 1
1 117 151 975.1488283664318 3.483010098514661e-11 1
1 117 152 975.5816226702734 3.434408665604347e-11 1
1 117 153 975.9525915716561 3.390725996622958e-11 1
1 117 154 976.3235604730098 3.3477954449167123e-11 1
1 117 155 976.6945293743676 3.305094785278105e-11 1
1 117 156 977.2832586514735 3.25194899547082e-11 1
1 117 157 977.929745160826 3.197467628636183e-11 1
1 117 158 978.5762316701968 3.1435595387068873e-11 1
1 117 159 979.2227181795614 3.091518627822446e-11 1
1 117 160 979.6447384291101 3.051588399207573e-11 1
1 117 161 979.9310586216151 3.018204338851951e-11 1
1 117 162 980.2173788141118 2.985288881084051e-11 1
1 117 163 980.5036990066308 2.953083606744435e-11 1
1 117 164 980.5506885195573 2.931630173628652e-11 1
1 117 165 980.312265048104 2.92232318012824e-11 1
1 117 166 980.0738415766372 2.9130750931082666e-11 1
1 117 167 979.8354181051839 2.9040705521592226e-11 1
1 117 168 979.493148728458 2.899389998593031e-11 1
1 117 169 978.895336976978 2.9053124747787688e-11 1
1 117 170 978.2975252255152 2.9112591957316266e-11 1
1 117 171 977.699713474006 2.9173757403909926e-11 1
1 117 172 977.0934789848069 2.9237748967606716e-11 1
1 117 173 976.4566406846093 2.931511989102231e-11 1
1 117 174 975.8165319681485 2.939450908602815e-11 1
1 117 175 975.1764232517735 2.947465045946548e-11 1
1 117 176 974.5811463541777 2.953566242978304e-11 1
1 117 177 974.2066245474273 2.950106773943656e-11 1
1 117 178 973.8916725407194 2.9440782060143304e-11 1
1 117 179 973.5767205340181 2.938056120670557e-11 1
1 117 180 973.2478051285852 2.932658958615709e-11 1
1 117 181 972.8041393468826 2.932288761640734e-11 1
1 117 182 972.3080181231921 2.9342082916185336e-11 1
1 117 183 971.8118968994961 2.9361334365272907e-11 1
1 117 184 971.3245729762323 2.937782897970545e-11 1
1 117 185 971.1460390787655 2.92628186856445e-11 1
1 117 186 971.1760081437732 2.9060396770912757e-11 1
1 117 187 971.2059772087804 2.8861322664313873e-11 1
1 117 188 971.2359462737883 2.8668447266021645e-11 1
1 117 189 971.2801262570478 2.8471783878271906e-11 1
1 117 190 971.3398160636801 2.8271600567852756e-11 1
1 117 191 971.400014906349 2.8077127391249668e-11 1
1 117 192 971.4602137490132 2.7886552248663336e-11 1
1 117 193 971.5950497424604 2.7670027742344904e-11 1
1 117 194 971.8744507987644 2.7405145207641156e-11 1
1 117 195 972.1631194556178 2.7144450738938836e-11 1
1 117 196 972.4517881124791 2.6888236903177324e-11 1
1 117 197 972.9162990555493 2.65748307176474e-11 1
1 117 198 974.1001198602448 2.6027839843486096e-11 1
1 117 199 975.3459050619736 2.5482777444317768e-11 1
1 117 200 976.5916902636683 2.4960666518217497e-11 1
1 117 201 977.8052245233721 2.4473698986299954e-11 1
1 117 202 978.3383678434047 2.4203261696660397e-11 1
1 117 203 978.8015721915904 2.3958756811344262e-11 1
1 117 204 979.2647765397888 2.3721124438869514e-11 1
1 117 205 979.7279808879821 2.3491343439166896e-11 1
1 117 206 980.4890166823338 2.3185640830812123e-11 1
1 117 207 981.3317679637837 2.2867769999215865e-11 1
1 117 208 982.1745192452107 2.25634053190388e-11 1
1 117 209 983.017270526703 2.2265949065582532e-11 1
1 117 210 983.8722653708476 2.1973277426008647e-11 1
1 117 211 984.7348422377875 2.168993569776408e-11 1
1 117 212 985.5974191047746 2.1415193248318537e-11 1
1 117 213 986.4599959717149 2.114749940580527e-11 1
1 117 214 987.5099763193019 2.0848115647460168e-11 1
1 117 215 988.7886124860407 2.051084781611318e-11 1
1 117 216 990.0672486528098 2.018431848191066e-11 1
1 117 217 991.3458848195489 1.9869293806469688e-11 1
1 117 218 992.4952321773703 1.959261881876188e-11 1
1 117 219 993.3174788487353 1.9383789063914338e-11 1
1 117 220 994.1397255200364 1.9179364023849523e-11 1
1 117 221 994.9619721912835 1.898197841451798e-11 1
1 117 222 995.7883646781762 1.8788979326908976e-11 1
1 117 223 996.6305856435014 1.859729438821924e-11 1
1 117 224 997.474442463749 1.8411799041087272e-11 1
1 117 225 998.3182992839868 1.823133563165955e-11 1
1 117 226 999.1134459415254 1.806184132965122e-11 1
1 117 227 999.6595077411124 1.7935595227499385e-11 1
1 117 228 1000.1382411889965 1.7824923779218036e-11 1
1 117 229 1000.6169746369177 1.7715609749579807e-11 1
1 117 230 1001.1255181797554 1.7603598879724607e-11 1
1 117 231 1001.8834746395349 1.745783265292572e-11 1
1 117 232 1002.7574569524015 1.7296785877910762e-11 1
1 117 233 1003.6314392652213 1.71386504399417e-11 1
1 117 234 1004.4964512665447 1.6985773389356622e-11 1
1 117 235 1005.0711130487135 1.6878626524457905e-11 1
1 117 236 1005.4435899823006 1.6801311351643158e-11 1
1 117 237 1005.8160669159079 1.6725711605364537e-11 1
1 117 238 1006.188543849505 1.6653213910290023e-11 1
1 117 239 1006.529725367059 1.6584928467684352e-11 1
1 118 61 976.5566622871429 3.057176916065255e-11 1
1 118 62 977.1831189735454 3.1148028646319254e-11 1
1 118 63 975.9183819882164 3.250597963097311e-11 1
1 118 64 975.875462456318 3.310257043929521e-11 1
1 118 65 977.2476896926498 3.2762951996912274e-11 1
1 118 66 977.5856740503922 3.285501898908887e-11 1
1 118 67 978.2616427658821 3.267911491155571e-11 1
1 118 68 978.5218873114595 3.269164617166314e-11 1
1 118 69 978.6009834268561 3.2797212907795676e-11 1
1 118 70 978.6800795422575 3.2903463637580024e-11 1
1 118 71 978.7591756576542 3.300888418733251e-11 1
1 118 72 978.7832398863267 3.314456494377484e-11 1
1 118 73 978.624781863331 3.338341600782109e-11 1
1 118 74 978.4456708115448 3.364087577568446e-11 1
1 118 75 978.2665597597615 3.389744704205172e-11 1
1 118 76 978.0961501039124 3.4151491358790516e-11 1
1 118 77 977.9658157441081 3.438557537522855e-11 1
1 118 78 977.8462054695553 3.461459009341336e-11 1
1 118 79 977.7265951950017 3.484667583163924e-11 1
1 118 80 977.6465636757188 3.5057718992138373e-11 1
1 118 81 977.8835854190717 3.506804571697568e-11 1
1 118 82 978.2599411123812 3.4994198120383227e-11 1
1 118 83 978.6362968056586 3.4920782219601763e-11 1
1 118 84 979.0117312537374 3.4842574059412686e-11 1
1 118 85 979.3468808386723 3.4784474935183303e-11 1
1 118 86 979.6565506314133 3.4744552041895113e-11 1
1 118 87 979.9662204241786 3.470389435860387e-11 1
1 118 88 980.2758902169198 3.464888695343746e-11 1
1 118 89 980.4156847919697 3.470226986101349e-11 1
1 118 90 980.3753386533019 3.486496119078826e-11 1
1 118 91 980.3300344119256 3.5025809047224993e-11 1
1 118 92 980.2847301705477 3.518553327699008e-11 1
1 118 93 980.2104088045373 3.5363629158901656e-11 1
1 118 94 980.079865616319 3.5568089466146605e-11 1
1 118 95 979.9464993809893 3.5780379249756255e-11 1
1 118 96 979.8131331456638 3.599900763876042e-11 1
1 118 97 979.7060643976935 3.6202875595667306e-11 1
1 118 98 979.7107043090894 3.6330826419194065e-11 1
1 118 99 979.7226994342428 3.6454796857548394e-11 1
1 118 100 979.7346945593973 3.657416965441289e-11 1
1 118 101 979.7573609985477 3.668310040554732e-11 1
1 118 102 980.0723699788127 3.659690851174585e-11 1
1 118 103 980.410044117793 3.649492554292592e-11 1
1 118 104 980.7477182567628 3.638395408417535e-11 1
1 118 105 981.0853923957588 3.627360373182045e-11 1
1 118 106 981.4714732872847 3.613363619345864e-11 1
1 118 107 981.8699573324957 3.598609845424253e-11 1
1 118 108 982.2684413777304 3.5827072885797646e-11 1
1 118 109 982.6669254229413 3.5669446628179674e-11 1
1 118 110 983.0494617809811 3.552420138582574e-11 1
1 118 111 983.4225875668502 3.5376328586269065e-11 1
1 118 112 983.7957133527259 3.5218821378832836e-11 1
1 118 113 984.1688391385949 3.506252703062641e-11 1
1 118 114 984.5577676475082 3.48911343233376e-11 1
1 118 115 984.9651165085494 3.4692518955746844e-11 1
1 118 116 985.3724653695589 3.44924208957833e-11 1
1 118 117 985.7798142305719 3.429323049975909e-11 1
1 118 118 986.0933529311226 3.412193236049995e-11 1
1 118 119 986.1822884589094 3.408155850463647e-11 1
1 118 120 986.2712239866987 3.404128007840827e-11 1
1 118 121 986.3601595144873 3.3977881683256724e-11 1
1 118 122 986.4603299733352 3.389893375055121e-11 1
1 118 123 986.599453475071 3.379790595733701e-11 1
1 118 124 986.7428671070435 3.368156673782798e-11 1
1 118 125 986.8862807390274 3.3547178860039673e-11 1
1 118 126 987.0340956694372 3.341188921703571e-11 1
1 118 127 987.2028413162707 3.326457518475924e-11 1
1 118 128 987.3772161859949 3.308459068108683e-11 1
1 118 129 987.5515910556953 3.2908009432169255e-11 1
1 118 130 987.7529069359535 3.2718876229098865e-11 1
1 118 131 988.1724480523409 3.239674680474354e-11 1
1 118 132 988.6898724285053 3.202268596035847e-11 1
1 118 133 989.2072968046598 3.16567888366633e-11 1
1 118 134 989.720078557215 3.1290027898177394e-11 1
1 118 135 990.0529732210842 3.100564849047539e-11 1
1 118 136 990.2682354498489 3.078294491788324e-11 1
1 118 137 990.4834976786157 3.05624828235119e-11 1
1 118 138 990.6987599073886 3.032631118786562e-11 1
1 118 139 990.9054481894977 3.0098490938318337e-11 1
1 118 140 991.1029181649488 2.987818212445892e-11 1
1 118 141 991.3001080275156 2.965001320956465e-11 1
1 118 142 991.4972978900768 2.942085761762483e-11 1
1 118 143 991.6825658430245 2.9200237444990904e-11 1
1 118 144 991.8447521672216 2.8987467640876067e-11 1
1 118 145 992.0056159702741 2.87707643974079e-11 1
1 118 146 992.1664797733359 2.8557277153178978e-11 1
1 118 147 992.3559851916152 2.8334997206009664e-11 1
1 118 148 992.6647945557335 2.805980290798004e-11 1
1 118 149 992.9826741603836 2.778584129358362e-11 1
1 118 150 993.3005537650399 2.7517177596170343e-11 1
1 118 151 993.6125673228239 2.725130885145975e-11 1
1 118 152 993.78485597595 2.7038442751776844e-11 1
1 118 153 993.9445571177921 2.6833371668702653e-11 1
1 118 154 994.1042582596217 2.6629450969955345e-11 1
1 118 155 994.263959401453 2.642548168562052e-11 1
1 118 156 994.4488879533984 2.6215941311825064e-11 1
1 118 157 994.6405076463654 2.6009038127716395e-11 1
1 118 158 994.8321273393378 2.580224124214636e-11 1
1 118 159 995.0237470323085 2.5597682318475092e-11 1
1 118 160 995.1841811544957 2.5406402277258527e-11 1
1 118 161 995.3257621816316 2.5222258821437238e-11 1
1 119 54 971.8727310122845 2.411878059295927e-11 1
1 119 55 973.973332247989 2.4564627847258954e-11 1
1 119 56 975.4660228336926 2.5518456972834908e-11 1
1 119 57 976.118559792535 2.6922759792801647e-11 1
1 119 58 977.5226392147498 2.7870050949715468e-11 1
1 119 59 979.462872149963 2.8223930032740165e-11 1
1 119 60 981.1260132514639 2.838437850325448e-11 1
1 119 61 982.3258719951119 2.8736029696626772e-11 1
1 119 62 983.9613917715061 2.876671974107512e-11 1
1 119 63 985.1063442761091 2.8818785136814016e-11 1
1 119 64 985.7066248760012 2.8951976670528277e-11 1
1 119 65 986.2906918497102 2.8974229007966983e-11 1
1 119 66 986.3503496404015 2.912948623871607e-11 1
1 119 67 986.4696652217851 2.919839050758722e-11 1
1 119 68 986.5794759281368 2.9250093945341054e-11 1
1 119 69 986.806152390852 2.9247708555711107e-11 1
1 119 70 987.0328288535811 2.9245323555107814e-11 1
1 119 71 987.2595053162962 2.924604587916398e-11 1
1 119 72 987.4555115978334 2.925428066809045e-11 1
1 119 73 987.549795207989 2.930594191941402e-11 1
1 119 74 987.6325685434197 2.936353096554531e-11 1
1 119 75 987.7153418788488 2.9422636138084785e-11 1
1 119 76 987.8009922752626 2.948072943424775e-11 1
1 119 77 987.8998933123597 2.953849101600888e-11 1
1 119 78 988.0023401997383 2.959849979422081e-11 1
1 119 79 988.1047870871179 2.9655186239371746e-11 1
1 120 48 964.1402082048012 2.3629557583325758e-11 1
1 120 49 965.1262624508349 2.339383724288371e-11 1
1 120 50 966.2484976420654 2.3240326351372388e-11 1
1 120 51 967.7134272586932 2.31390574869761e-11 1
1 120 52 969.5327766978195 2.3113899247904485e-11 1
1 120 53 971.5759788510392 2.3220159053466476e-11 1
1 120 54 973.7991556840277 2.3512019126528264e-11 1
1 120 55 975.3898888079535 2.4297996456608732e-11 1
1 120 56 976.7190202548594 2.547915262276329e-11 1
1 120 57 978.6473464343766 2.642970230185086e-11 1
1 121 48 964.4457230328179 2.313513497989822e-11 1
1 121 49 965.9066012527906 2.275153451387258e-11 1
1 121 50 966.99954833469 2.25894725553831e-11 1
1 121 51 968.2437135629514 2.2697093491066568e-11 1
