2 19 27 1014.6805310098584 3.1351201793252124e-10 1
2 20 17 937.9137463418984 1.86218191297687e-10 1
2 20 18 945.7920422403284 1.8464022906941621e-10 1
2 20 19 953.2211193887684 1.9766020944635173e-10 1
2 20 20 964.5177502481484 2.2434893003946843e-10 1
2 20 21 969.1025891153284 2.554288094682041e-10 1
2 20 22 988.7249035684584 2.767110880162794e-10 1
2 20 23 1017.6971325723584 2.830114595474337e-10 1
2 20 24 1029.6045422403286 2.8269137906288287e-10 1
2 20 25 1033.6033215372086 2.9108968591064874e-10 1
2 20 26 1039.1524548379884 2.8241918725190666e-10 1
2 20 27 1049.2967419473584 2.6121777980122466e-10 1
2 21 11 983.3411755411084 2.2368257687503054e-10 1
2 21 12 989.4792370645484 2.277061364630045e-10 1
2 21 13 996.3215832559584 2.0938762469381843e-10 1
2 21 14 1000.9891857950184 2.0328187962949494e-10 1
2 21 15 1004.2579846231484 2.0486672395384064e-10 1
2 21 16 1008.8211560098584 2.0391283755053223e-10 1
2 21 17 1012.2510266153284 1.9647858610462982e-10 1
2 21 18 1015.3430676309584 1.9068198526201937e-10 1
