4 19 27 1002.3725703596108 5.1003088278201924e-11 1
4 20 17 925.6057856916508 1.8495888104119484e-11 1
4 20 18 933.4840815900808 1.8255565855051855e-11 1
4 20 19 940.9131587385208 1.843397025261293e-11 1
4 20 20 952.2097895979008 1.9627136506441836e-11 1
4 20 21 956.7946284650808 2.19110703301415e-11 1
4 20 22 976.4169429182108 2.4902343258559568e-11 1
4 20 23 1005.3891719221108 2.7745815462468485e-11 1
4 20 24 1017.2965815900808 2.946467908827312e-11 1
4 20 25 1021.2953608869608 3.074488407758902e-11 1
4 20 26 1026.8444941877408 3.518098562398329e-11 1
4 20 27 1036.9887812971108 4.5826023584911396e-11 1
4 21 11 971.0332148908608 1.9074575773860805e-11 1
4 21 12 977.1712764143008 1.91218879265004e-11 1
4 21 13 984.0136226057108 1.8789733029720065e-11 1
4 21 14 988.6812251447708 1.8010091103290164e-11 1
4 21 15 991.9500239729008 1.7607359325968274e-11 1
4 21 16 996.5131953596108 1.718508262664109e-11 1
4 21 17 999.9430659650808 1.696832305820207e-11 1
4 21 18 1003.0351069807108 1.6881594372801875e-11 1
