4 55 104 972.0741350560771 1.8372260423062345e-11 1
4 55 105 992.6758806615471 1.9845640333342327e-11 1
4 55 106 1016.1691667943571 2.0534329000000592e-11 1
4 55 107 1009.1258928685771 2.195271871572142e-11 1
4 56 79 951.6975481420171 1.002048224845866e-11 1
4 56 80 951.6975481420171 1.0185222143759727e-11 1
4 56 81 954.6837541967071 1.0353140904696422e-11 1
4 56 82 957.4915544896771 1.0522515991026294e-11 1
4 56 83 959.4897844701471 1.0694181001144592e-11 1
4 56 84 966.4058000951471 1.0865354169971832e-11 1
4 56 85 966.4058000951471 1.1035238596841455e-11 1
4 56 86 969.4191057592071 1.1204755074438205e-11 1
4 56 87 973.7490618138971 1.1373548368175559e-11 1
4 56 88 978.6272966771771 1.1537502226478173e-11 1
4 56 89 988.3077776342071 1.1700128936264492e-11 1
4 56 90 988.3077776342071 1.1856838229305817e-11 1
4 56 91 991.9719011693571 1.2007093911450899e-11 1
4 56 92 995.1566545873271 1.2152843435368577e-11 1
4 56 93 998.3913347631071 1.2293584026110095e-11 1
4 56 94 1003.3736345677971 1.2424095230033457e-11 1
4 56 95 1003.3736345677971 1.2547428946740697e-11 1
4 56 96 1005.5864641576471 1.2660942093321015e-11 1
4 56 97 1007.8426897435771 1.2763950635535526e-11 1
4 56 98 1008.2179949193571 1.2878388617573252e-11 1
4 56 99 1009.1798479467071 1.301949906705244e-11 1
4 56 100 1010.6901628881071 1.3180530586286186e-11 1
4 56 101 1012.1962053685771 1.3389455824813516e-11 1
4 56 102 1015.0864641576471 1.3870949959786833e-11 1
4 56 103 1018.0262224584271 1.5018946707444906e-11 1
4 56 104 1020.4261858373271 1.6887979529096187e-11 1
4 56 105 1024.8183367162371 1.880983371769403e-11 1
4 57 32 968.0876238256071 7.847276977952783e-12 1
4 57 33 970.3644792943571 7.821272425048337e-12 1
4 57 34 969.0657732396771 7.803611380741793e-12 1
4 57 35 969.0657732396771 7.78862182919207e-12 1
4 57 36 966.7765886693571 7.774795363989054e-12 1
4 57 37 965.7225115209271 7.762247519389725e-12 1
4 57 38 968.5920183568571 7.750460664094526e-12 1
4 57 39 969.7510759740471 7.740740118502455e-12 1
4 57 40 969.7510759740471 7.733223591696811e-12 1
4 57 41 969.5782244115471 7.728125194439856e-12 1
4 57 42 969.0566790013971 7.725877146482203e-12 1
4 57 43 967.5050432592071 7.726624841508825e-12 1
4 57 44 970.6161882787371 7.730485541544824e-12 1
4 57 45 970.6161882787371 7.737288156448678e-12 1
4 57 46 972.3181536107671 7.746901412735638e-12 1
4 57 47 971.5146868138971 7.758982341305278e-12 1
4 57 48 967.6131975560771 7.772444028004332e-12 1
4 57 49 970.2643206029571 7.78672084418307e-12 1
4 57 50 970.2643206029571 7.801008390035311e-12 1
4 57 51 972.6777117162371 7.807792136805232e-12 1
4 57 52 976.1114885717071 7.807152769620161e-12 1
4 57 53 979.0397112279571 7.796061218945337e-12 1
4 57 54 979.2748796849871 7.780712697657719e-12 1
4 57 55 979.2748796849871 7.766759978827352e-12 1
4 57 56 980.3346331029571 7.759315550083485e-12 1
4 57 57 980.1744158177971 7.759542560253826e-12 1
4 57 58 981.4769060521771 7.764996934507406e-12 1
4 57 59 982.4886248021771 7.777195682073385e-12 1
4 57 60 982.4886248021771 7.798966588574031e-12 1
4 57 61 983.7374651342071 7.830003961627755e-12 1
4 57 62 984.4019548802971 7.869520549271755e-12 1
4 57 63 985.5278704076471 7.9178651297985e-12 1
4 57 64 989.2391130834271 7.97623937063418e-12 1
4 57 65 989.2391130834271 8.04230839420483e-12 1
4 57 66 991.1271135717071 8.117713333465605e-12 1
4 57 67 991.8398210912371 8.198703340563599e-12 1
4 57 68 992.4903948217071 8.286660411352969e-12 1
4 57 69 992.2596208959271 8.381083078369089e-12 1
4 57 70 992.2596208959271 8.479668990358088e-12 1
4 57 71 991.2267839818571 8.584149418603971e-12 1
4 57 72 989.6299822240471 8.697732697749512e-12 1
4 57 73 987.2814104467071 8.820792449625822e-12 1
4 57 74 985.0394670873271 8.95308115971634e-12 1
4 57 75 985.0394670873271 9.093510260538158e-12 1
4 57 76 986.5168230443571 9.242046320070433e-12 1
4 57 77 985.8175432592071 9.398156501977564e-12 1
4 57 78 984.7265398412371 9.561624981948809e-12 1
4 57 79 990.1158831029571 9.729857865341717e-12 1
4 57 80 990.1158831029571 9.905078341989281e-12 1
4 57 81 992.3595964818571 1.0085024307856674e-11 1
4 57 82 995.4356462865471 1.031207171371261e-11 1
4 57 83 997.6270525365471 1.0502547271559205e-11 1
4 57 84 1002.8299944310771 1.0698480017892103e-11 1
4 57 85 1002.8299944310771 1.089843581104603e-11 1
4 57 86 1004.0221331029571 1.1100477820555986e-11 1
4 57 87 1004.7059709935771 1.1302788875541688e-11 1
4 57 88 1005.6833879857671 1.1504497016179716e-11 1
4 57 89 1006.6071550756071 1.1504497016179716e-11 1
4 57 90 1006.6071550756071 1.1832924223316465e-11 1
4 57 91 1007.7457048802971 1.2014890279977645e-11 1
4 58 24 963.6805193334271 8.396055338460146e-12 1
4 58 25 964.9867937474871 8.366170373170636e-12 1
4 58 26 968.0395891576471 8.333350066139275e-12 1
4 58 27 971.6647112279571 8.254824535017892e-12 1
4 58 28 975.6833879857671 8.131890057293462e-12 1
4 58 29 977.5229265599871 8.016367056711579e-12 1
4 58 30 980.8179094701471 7.936908412684556e-12 1
4 58 31 982.7318498998271 7.863167216582527e-12 1
4 58 32 983.3501970677971 7.805218345762342e-12 1
4 58 33 985.0331804662371 7.765220841284987e-12 1
4 58 34 985.5931169896771 7.738672714637493e-12 1
4 58 35 985.5931169896771 7.693197138763524e-12 1
4 58 36 985.7468645482671 7.673712651451087e-12 1
4 58 37 986.1443865209271 7.655207295435164e-12 1
4 58 38 987.3943254857671 7.637814500729372e-12 1
4 58 39 987.6366350560771 7.621586198434903e-12 1
4 58 40 987.6366350560771 7.606658147246865e-12 1
4 58 41 987.9842302709271 7.606658147246865e-12 1
4 58 42 988.5098650365471 7.571453163070964e-12 1
4 58 43 989.0614397435771 7.562580596769593e-12 1
4 59 24 964.6028215795171 8.78300276680096e-12 1
4 59 25 966.7468645482671 8.698866649278362e-12 1
4 59 26 969.1752703099871 8.682438385237923e-12 1
