4 19 27 1008.938188164676 5.1003088278201924e-11 1
4 20 17 932.171403496716 1.8495888104119484e-11 1
4 20 18 940.049699395146 1.8255565855051855e-11 1
4 20 19 947.478776543586 1.843397025261293e-11 1
4 20 20 958.775407402966 1.9627136506441836e-11 1
4 20 21 963.360246270146 2.19110703301415e-11 1
4 20 22 982.982560723276 2.4902343258559568e-11 1
4 20 23 1011.954789727176 2.7745815462468485e-11 1
4 20 24 1023.862199395146 2.946467908827312e-11 1
4 20 25 1027.860978692026 3.074488407758902e-11 1
4 20 26 1033.4101119928062 3.518098562398329e-11 1
4 20 27 1043.5543991021761 4.5826023584911396e-11 1
4 21 11 977.598832695926 1.9074575773860805e-11 1
4 21 12 983.736894219366 1.91218879265004e-11 1
4 21 13 990.579240410776 1.8789733029720065e-11 1
4 21 14 995.246842949836 1.8010091103290164e-11 1
4 21 15 998.515641777966 1.7607359325968274e-11 1
4 21 16 1003.078813164676 1.718508262664109e-11 1
4 21 17 1006.508683770146 1.696832305820207e-11 1
4 21 18 1009.600724785776 1.6881594372801875e-11 1
