4 98 267 992.2623791543984 1.821252149981353e-11 1
4 98 268 1011.9816784707984 1.9768134176170344e-11 1
4 98 269 1034.2686657754884 2.047880734507865e-11 1
4 98 270 1028.4316906778286 2.1825366763030495e-11 1
4 99 206 971.0033459512684 1.002614492363583e-11 1
4 99 207 971.0033459512684 1.0075163399283268e-11 1
4 99 208 971.0033459512684 1.0124510342471673e-11 1
4 99 209 971.0033459512684 1.0174343055734247e-11 1
4 99 210 973.9895520059584 1.0224287138427208e-11 1
4 99 211 973.9895520059584 1.0274432785487394e-11 1
4 99 212 973.9895520059584 1.0325072741757102e-11 1
4 99 213 973.9895520059584 1.0375850493289626e-11 1
4 99 214 976.7973522989284 1.0425852893744369e-11 1
4 99 215 976.7973522989284 1.0476934911895205e-11 1
4 99 216 976.7973522989284 1.0528519952736338e-11 1
4 99 217 976.7973522989284 1.0580021090064078e-11 1
4 99 218 976.7973522989284 1.0631223933085695e-11 1
4 99 219 978.7955822793984 1.0682924786628875e-11 1
4 99 220 978.7955822793984 1.0734212105240782e-11 1
4 99 221 978.7955822793984 1.0785268376595297e-11 1
4 99 222 978.7955822793984 1.083681265783846e-11 1
4 99 223 985.7115979043984 1.088827335156151e-11 1
4 99 224 985.7115979043984 1.093826835387048e-11 1
4 99 225 985.7115979043984 1.0989522412830875e-11 1
4 99 226 985.7115979043984 1.1041259061138315e-11 1
4 99 227 988.7249035684584 1.1092044855809356e-11 1
4 99 228 988.7249035684584 1.1142343795810394e-11 1
4 99 229 988.7249035684584 1.1193556583963283e-11 1
4 99 230 988.7249035684584 1.1245046640579516e-11 1
4 99 231 993.0548596231484 1.1295107245761474e-11 1
4 99 232 993.0548596231484 1.1345615562835748e-11 1
4 99 233 993.0548596231484 1.1395797975972416e-11 1
4 99 234 993.0548596231484 1.1443844869039319e-11 1
4 99 235 997.9330944864284 1.1493363649332787e-11 1
4 99 236 997.9330944864284 1.1543312838512688e-11 1
4 99 237 997.9330944864284 1.1592621696551838e-11 1
4 99 238 997.9330944864284 1.1640898496232105e-11 1
4 99 239 1007.6135754434584 1.1689579069259135e-11 1
4 99 240 1007.6135754434584 1.1737107280119268e-11 1
4 99 241 1007.6135754434584 1.1783790531575438e-11 1
4 99 242 1007.6135754434584 1.1830846622538701e-11 1
4 99 243 1007.6135754434584 1.1877429858490644e-11 1
4 99 244 1011.2776989786084 1.192133534995708e-11 1
4 99 245 1011.2776989786084 1.1966698857924034e-11 1
4 99 246 1011.2776989786084 1.2012408922430941e-11 1
4 99 247 1011.2776989786084 1.2056398216611714e-11 1
4 99 248 1014.4624523965784 1.2099344533223443e-11 1
4 99 249 1014.4624523965784 1.2143253339642447e-11 1
4 99 250 1014.4624523965784 1.2187200124566548e-11 1
4 99 251 1014.4624523965784 1.2228727054027232e-11 1
4 99 252 1017.6971325723584 1.227053795059986e-11 1
4 99 253 1017.6971325723584 1.231160937175674e-11 1
4 99 254 1017.6971325723584 1.2349618425517456e-11 1
4 99 255 1017.6971325723584 1.238903568768941e-11 1
4 99 256 1022.6794323770484 1.2428705377995715e-11 1
4 99 257 1022.6794323770484 1.2466412284179437e-11 1
4 99 258 1022.6794323770484 1.2511720930225605e-11 1
4 99 259 1024.8922619668986 1.2579943977246493e-11 1
4 99 260 1024.8922619668986 1.2674091513262014e-11 1
4 99 261 1027.1484875528286 1.2800968276317561e-11 1
4 99 262 1028.4856457559586 1.2959819203079977e-11 1
4 99 263 1029.6045422403286 1.313854381766798e-11 1
4 99 264 1031.5020031778286 1.3350154962615249e-11 1
4 99 265 1034.3922619668986 1.3801751710109388e-11 1
4 99 266 1037.3320202676784 1.4730252917739603e-11 1
4 99 267 1039.3947033731486 1.6651739150870746e-11 1
4 99 268 1044.1241345254884 1.8566648818479336e-11 1
4 100 43 987.1958508340784 7.857712003832472e-12 1
4 100 44 987.3934216348584 7.853515768051484e-12 1
4 100 45 987.3934216348584 7.849263236050275e-12 1
4 100 46 987.3934216348584 7.845231294696759e-12 1
4 100 47 987.3934216348584 7.842150237955064e-12 1
4 100 48 989.8370861856484 7.83806013211454e-12 1
4 100 49 989.8370861856484 7.833592561489627e-12 1
4 100 50 989.8370861856484 7.829119410261385e-12 1
4 100 51 989.8370861856484 7.824548516437739e-12 1
4 100 52 989.6702771036084 7.819982956771935e-12 1
4 100 53 989.6702771036084 7.815938484341618e-12 1
4 100 54 989.6702771036084 7.812271326784075e-12 1
4 100 55 989.6702771036084 7.807672639929689e-12 1
4 100 56 988.3715710489284 7.803079363916406e-12 1
4 100 57 988.3715710489284 7.798531334281045e-12 1
4 100 58 988.3715710489284 7.794041959580112e-12 1
4 100 59 988.3715710489284 7.78955775069538e-12 1
4 100 60 986.0823864786084 7.78565219041466e-12 1
4 100 61 986.0823864786084 7.781381346074264e-12 1
4 100 62 986.0823864786084 7.777115184735526e-12 1
4 100 63 986.0823864786084 7.77312572903056e-12 1
4 100 64 985.0283093301784 7.769576515032688e-12 1
4 100 65 985.0283093301784 7.765684903963014e-12 1
4 100 66 985.0283093301784 7.761797189387552e-12 1
4 100 67 985.0283093301784 7.758096401650034e-12 1
4 100 68 985.0283093301784 7.754644306828024e-12 1
4 100 69 987.8978161661084 7.751195282774344e-12 1
4 100 70 987.8978161661084 7.74801982648528e-12 1
4 100 71 987.8978161661084 7.74516154752378e-12 1
4 100 72 987.8978161661084 7.742305376648262e-12 1
4 100 73 989.0568737832984 7.73951924877438e-12 1
4 100 74 989.0568737832984 7.737279798140365e-12 1
4 100 75 989.0568737832984 7.735126423527737e-12 1
4 100 76 989.0568737832984 7.732974247199837e-12 1
4 100 77 988.8840222207984 7.731157573090627e-12 1
4 100 78 988.8840222207984 7.729789770141208e-12 1
4 100 79 988.8840222207984 7.728422451091874e-12 1
4 100 80 988.8840222207984 7.727137615071656e-12 1
4 100 81 988.3624768106484 7.726644295782859e-12 1
4 100 82 988.3624768106484 7.726151039479452e-12 1
4 100 83 988.3624768106484 7.725635965093195e-12 1
4 100 84 988.3624768106484 7.725780487297888e-12 1
4 100 85 986.8108410684584 7.72622860808555e-12 1
4 100 86 986.8108410684584 7.726676780861199e-12 1
4 100 87 986.8108410684584 7.727507456068292e-12 1
4 100 88 986.8108410684584 7.728851208383916e-12 1
4 100 89 989.9219860879884 7.73019542811658e-12 1
4 100 90 989.9219860879884 7.73159405192377e-12 1
4 100 91 989.9219860879884 7.73384309598898e-12 1
4 100 92 989.9219860879884 7.736064244527979e-12 1
4 100 93 989.9219860879884 7.738286669254736e-12 1
4 100 94 991.6239514200184 7.741224779032626e-12 1
4 100 95 991.6239514200184 7.744236634630765e-12 1
4 100 96 991.6239514200184 7.747250834768699e-12 1
4 100 97 991.6239514200184 7.750710282534392e-12 1
4 100 98 990.8204846231484 7.754504234905162e-12 1
4 100 99 990.8204846231484 7.75818212904362e-12 1
4 100 100 990.8204846231484 7.761903782703584e-12 1
4 100 101 990.8204846231484 7.76601798473607e-12 1
4 100 102 986.9189953653284 7.770136550552402e-12 1
4 100 103 986.9189953653284 7.774622329651097e-12 1
4 100 104 986.9189953653284 7.77890693779863e-12 1
4 100 105 986.9189953653284 7.78301700601776e-12 1
4 100 106 989.5701184122084 7.787347945243867e-12 1
4 100 107 989.5701184122084 7.792783129865293e-12 1
4 100 108 989.5701184122084 7.796842449165983e-12 1
4 100 109 989.5701184122084 7.800263986368048e-12 1
4 100 110 991.9835095254884 7.80351904054504e-12 1
4 100 111 991.9835095254884 7.805140336329825e-12 1
4 100 112 991.9835095254884 7.806762305950636e-12 1
4 100 113 991.9835095254884 7.809713737027669e-12 1
4 100 114 995.4172863809584 7.809676459285796e-12 1
4 100 115 995.4172863809584 7.808280734503087e-12 1
4 100 116 995.4172863809584 7.807229562923899e-12 1
4 100 117 995.4172863809584 7.805558527330737e-12 1
4 100 118 995.4172863809584 7.801170785521149e-12 1
4 100 119 998.3455090372084 7.796973345682469e-12 1
4 100 120 998.3455090372084 7.79273343502157e-12 1
4 100 121 998.3455090372084 7.788045264570606e-12 1
4 100 122 998.3455090372084 7.783362731609409e-12 1
4 100 123 998.5806774942384 7.777970505242665e-12 1
4 100 124 998.5806774942384 7.772687768373249e-12 1
4 100 125 998.5806774942384 7.769540448287915e-12 1
4 100 126 998.5806774942384 7.766395675999338e-12 1
4 100 127 999.6404309122084 7.76301123829249e-12 1
4 100 128 999.6404309122084 7.760936525360114e-12 1
4 100 129 999.6404309122084 7.759605022199129e-12 1
4 100 130 999.6404309122084 7.75844344397736e-12 1
4 100 131 999.4802136270484 7.758917408132922e-12 1
4 100 132 999.4802136270484 7.759391430201065e-12 1
4 100 133 999.4802136270484 7.758792936003007e-12 1
4 100 134 999.4802136270484 7.760316696838443e-12 1
4 100 135 1000.7827038614284 7.762846856110853e-12 1
4 100 136 1000.7827038614284 7.765091132848707e-12 1
4 100 137 1000.7827038614284 7.767045399876971e-12 1
4 100 138 1000.7827038614284 7.771402161253414e-12 1
4 100 139 1001.7944226114284 7.776160269936224e-12 1
4 100 140 1001.7944226114284 7.78106695131252e-12 1
4 100 141 1001.7944226114284 7.787698232957135e-12 1
4 100 142 1001.7944226114284 7.794960745167952e-12 1
4 100 143 1001.7944226114284 7.802236815509832e-12 1
4 100 144 1003.0432629434584 7.81145711294458e-12 1
4 100 145 1003.0432629434584 7.821308645639591e-12 1
4 100 146 1003.0432629434584 7.831070056616783e-12 1
4 100 147 1003.0432629434584 7.841689098612936e-12 1
4 100 148 1003.7077526895484 7.854229727676765e-12 1
4 100 149 1003.7077526895484 7.866810531576465e-12 1
4 100 150 1003.7077526895484 7.879171908251823e-12 1
4 100 151 1003.7077526895484 7.894057812112397e-12 1
4 100 152 1004.8336682168984 7.909393208022828e-12 1
4 100 153 1004.8336682168984 7.924788302538011e-12 1
4 100 154 1004.8336682168984 7.9421689788075e-12 1
4 100 155 1004.8336682168984 7.960235098887028e-12 1
4 100 156 1008.5449108926784 7.978263500111429e-12 1
4 100 157 1008.5449108926784 7.996696401899553e-12 1
4 100 158 1008.5449108926784 8.017053249858168e-12 1
4 100 159 1008.5449108926784 8.037785917048065e-12 1
4 100 160 1010.4329113809584 8.058818429702198e-12 1
4 100 161 1010.4329113809584 8.081827491434315e-12 1
4 100 162 1010.4329113809584 8.104968317596794e-12 1
4 100 163 1010.4329113809584 8.127682728374365e-12 1
4 100 164 1011.1456189004884 8.151108588511708e-12 1
4 100 165 1011.1456189004884 8.176300634296291e-12 1
4 100 166 1011.1456189004884 8.201648881333366e-12 1
4 100 167 1011.1456189004884 8.227056830611747e-12 1
4 100 168 1011.1456189004884 8.25356197463308e-12 1
4 100 169 1011.7961926309584 8.28072925311514e-12 1
4 100 170 1011.7961926309584 8.308163346037682e-12 1
4 100 171 1011.7961926309584 8.336628688313988e-12 1
4 100 172 1011.7961926309584 8.36528975649975e-12 1
4 100 173 1011.5654187051784 8.39339549025548e-12 1
4 100 174 1011.5654187051784 8.422755503967558e-12 1
4 100 175 1011.5654187051784 8.452899164200402e-12 1
4 100 176 1011.5654187051784 8.483060789033267e-12 1
4 100 177 1010.5325817911084 8.513301342972887e-12 1
4 100 178 1010.5325817911084 8.54506870953084e-12 1
4 100 179 1010.5325817911084 8.577143027310637e-12 1
4 100 180 1010.5325817911084 8.609623442880811e-12 1
4 100 181 1008.9357800332984 8.643949653970235e-12 1
4 100 182 1008.9357800332984 8.678550675071721e-12 1
4 100 183 1008.9357800332984 8.71348722773909e-12 1
4 100 184 1008.9357800332984 8.750117900400364e-12 1
4 100 185 1006.5872082559584 8.787487787063359e-12 1
4 100 186 1006.5872082559584 8.825173471426801e-12 1
4 100 187 1006.5872082559584 8.863876579371155e-12 1
4 100 188 1006.5872082559584 8.903890228816208e-12 1
4 100 189 1004.3452648965784 8.94426677876292e-12 1
4 100 190 1004.3452648965784 8.984896970807619e-12 1
4 100 191 1004.3452648965784 9.02705829355757e-12 1
4 100 192 1004.3452648965784 9.06979719096813e-12 1
4 100 193 1004.3452648965784 9.112942710910999e-12 1
4 100 194 1005.8226208536084 9.156960941751793e-12 1
4 100 195 1005.8226208536084 9.201924237358715e-12 1
4 100 196 1005.8226208536084 9.247331277143468e-12 1
4 100 197 1005.8226208536084 9.293258757721631e-12 1
4 100 198 1005.1233410684584 9.340166393145767e-12 1
4 100 199 1005.1233410684584 9.38774614772476e-12 1
4 100 200 1005.1233410684584 9.43584738885805e-12 1
4 100 201 1005.1233410684584 9.484778042620148e-12 1
4 100 202 1004.0323376504884 9.534218812524779e-12 1
4 100 203 1004.0323376504884 9.583730491606494e-12 1
4 100 204 1004.0323376504884 9.633301682788697e-12 1
4 100 205 1004.0323376504884 9.684309287644502e-12 1
4 100 206 1009.4216809122084 9.735859930677143e-12 1
4 100 207 1009.4216809122084 9.787901436641094e-12 1
4 100 208 1009.4216809122084 9.84041977679303e-12 1
4 100 209 1009.4216809122084 9.893504746121206e-12 1
4 100 210 1011.6653942911084 9.94640628113432e-12 1
4 100 211 1011.6653942911084 9.99992625814272e-12 1
4 100 212 1011.6653942911084 1.0054635215126531e-11 1
4 100 213 1011.6653942911084 1.0109946083538413e-11 1
4 100 214 1014.7414440957984 1.0122226315224676e-11 1
4 100 215 1014.7414440957984 1.0122226315224676e-11 1
4 100 216 1014.7414440957984 1.031207171371261e-11 1
4 100 217 1014.7414440957984 1.031207171371261e-11 1
4 100 218 1014.7414440957984 1.031207171371261e-11 1
4 100 219 1016.9328503457984 1.0502547271559205e-11 1
4 100 220 1016.9328503457984 1.0502547271559205e-11 1
4 100 221 1016.9328503457984 1.0502547271559205e-11 1
4 100 222 1016.9328503457984 1.0698480017892103e-11 1
4 100 223 1022.1357922403284 1.0698480017892103e-11 1
4 100 224 1022.1357922403284 1.0698480017892103e-11 1
4 100 225 1022.1357922403284 1.089843581104603e-11 1
4 100 226 1022.1357922403284 1.089843581104603e-11 1
4 100 227 1023.3279309122084 1.089843581104603e-11 1
4 100 228 1023.3279309122084 1.089843581104603e-11 1
4 100 229 1023.3279309122084 1.1100477820555986e-11 1
4 100 230 1023.3279309122084 1.1100477820555986e-11 1
4 100 231 1024.0117688028286 1.1100477820555986e-11 1
4 100 232 1024.0117688028286 1.1302788875541688e-11 1
4 100 233 1024.0117688028286 1.1302788875541688e-11 1
4 100 234 1024.0117688028286 1.1302788875541688e-11 1
4 100 235 1024.9891857950186 1.1504497016179716e-11 1
4 100 236 1024.9891857950186 1.1504497016179716e-11 1
4 100 237 1024.9891857950186 1.1504497016179716e-11 1
4 100 238 1024.9891857950186 1.1504497016179716e-11 1
4 100 239 1025.9129528848584 1.1504497016179716e-11 1
4 100 240 1025.9129528848584 1.1504497016179716e-11 1
4 100 241 1025.9129528848584 1.1504497016179716e-11 1
4 100 242 1025.9129528848584 1.1504497016179716e-11 1
4 100 243 1025.9129528848584 1.1832924223316465e-11 1
4 100 244 1027.0515026895484 1.1832924223316465e-11 1
4 100 245 1027.0515026895484 1.2014890279977645e-11 1
4 100 246 1027.0515026895484 1.2014890279977645e-11 1
4 101 24 982.9863171426784 8.396055338460146e-12 1
4 101 25 984.2925915567384 8.366170373170636e-12 1
4 101 26 987.3453869668984 8.333350066139275e-12 1
4 101 27 990.9705090372084 8.254824535017892e-12 1
4 101 28 994.9891857950184 8.134554040427526e-12 1
4 101 29 996.5593762247084 8.035675563835927e-12 1
4 101 30 998.4395031778284 7.98353152272608e-12 1
4 101 31 1000.1237072793984 7.947773391838911e-12 1
4 101 32 1000.3732800332984 7.91914877442045e-12 1
4 101 33 1000.8011364786084 7.897520697403273e-12 1
4 101 34 1001.1383557168984 7.881850288223728e-12 1
4 101 35 1002.0376477090784 7.871019250058793e-12 1
4 101 36 1002.0376477090784 7.863707445962687e-12 1
4 101 37 1002.0376477090784 7.857759095664801e-12 1
4 101 38 1002.0376477090784 7.851674260660933e-12 1
4 101 39 1002.4151501504884 7.845598842226727e-12 1
4 101 40 1002.4151501504884 7.839534415006407e-12 1
4 101 41 1002.4151501504884 7.83331765249635e-12 1
4 101 42 1002.4151501504884 7.827110741977574e-12 1
4 101 43 1002.4151501504884 7.820901747304624e-12 1
4 101 44 1002.6559948770484 7.814551896145392e-12 1
4 101 45 1002.6559948770484 7.808189078966994e-12 1
4 101 46 1002.6559948770484 7.801836614910685e-12 1
4 101 47 1002.6559948770484 7.795446345370152e-12 1
4 101 48 1002.8842663614284 7.789034559649226e-12 1
4 101 49 1002.8842663614284 7.782648053636674e-12 1
4 101 50 1002.8842663614284 7.776265513942259e-12 1
4 101 51 1002.8842663614284 7.76983083289063e-12 1
4 101 52 1004.3389782754884 7.763406792135902e-12 1
4 101 53 1004.3389782754884 7.756993365307855e-12 1
4 101 54 1004.3389782754884 7.750623989523837e-12 1
4 101 55 1004.3389782754884 7.744275582488396e-12 1
4 101 56 1004.8989147989284 7.73794146216125e-12 1
4 101 57 1004.8989147989284 7.731714226289226e-12 1
4 101 58 1004.8989147989284 7.74030940686852e-12 1
4 101 59 1004.8989147989284 7.74030940686852e-12 1
4 101 60 1005.0526623575184 7.693197138763524e-12 1
4 101 61 1005.0526623575184 7.693197138763524e-12 1
4 101 62 1005.0526623575184 7.673712651451087e-12 1
4 101 63 1005.0526623575184 7.673712651451087e-12 1
4 101 64 1005.4501843301784 7.673712651451087e-12 1
4 101 65 1005.4501843301784 7.655207295435164e-12 1
4 101 66 1005.4501843301784 7.655207295435164e-12 1
4 101 67 1005.4501843301784 7.655207295435164e-12 1
4 101 68 1005.4501843301784 7.655207295435164e-12 1
4 101 69 1006.7001232950184 7.637814500729372e-12 1
4 101 70 1006.7001232950184 7.637814500729372e-12 1
4 101 71 1006.7001232950184 7.637814500729372e-12 1
4 101 72 1006.7001232950184 7.621586198434903e-12 1
4 101 73 1006.9424328653284 7.621586198434903e-12 1
4 101 74 1006.9424328653284 7.621586198434903e-12 1
4 101 75 1006.9424328653284 7.606658147246865e-12 1
4 101 76 1006.9424328653284 7.606658147246865e-12 1
4 101 77 1007.2900280801784 7.606658147246865e-12 1
4 101 78 1007.2900280801784 7.606658147246865e-12 1
4 101 79 1007.2900280801784 7.606658147246865e-12 1
4 101 80 1007.2900280801784 7.606658147246865e-12 1
4 101 81 1007.8156628457984 7.606658147246865e-12 1
4 101 82 1007.8156628457984 7.606658147246865e-12 1
4 101 83 1007.8156628457984 7.571453163070964e-12 1
4 101 84 1007.8156628457984 7.571453163070964e-12 1
4 101 85 1008.3672375528284 7.562580596769593e-12 1
4 101 86 1008.3672375528284 7.562580596769593e-12 1
4 102 24 983.9086193887684 8.78300276680096e-12 1
4 102 25 986.0526623575184 8.698866649278362e-12 1
4 102 26 988.4810681192384 8.682438385237923e-12 1
