4 113 272 1034.2566415650952 1.089027005910594e-11 1
4 113 273 1024.7802309095484 1.1176923037567443e-11 1
4 113 274 1009.9025374167983 1.1176923037567443e-11 1
4 114 266 1008.7340199487547 8.635516283967733e-12 1
4 114 267 1014.859965951451 9.105985659809389e-12 1
4 114 268 1021.9550538070888 9.502402261922715e-12 1
4 114 269 1037.2028024877914 9.813379864656342e-12 1
4 114 270 1041.809955042081 1.0029157776198447e-11 1
4 114 271 1043.1957332598324 1.0248567111594699e-11 1
4 114 272 1041.649933991492 1.0603022938525631e-11 1
4 114 273 1037.230635845987 1.097635935786071e-11 1
4 114 274 1025.8495799767413 1.097635935786071e-11 1
4 115 260 1033.8853927688094 6.628902972373803e-12 1
4 115 261 1035.2142999087125 6.722462606190182e-12 1
4 115 262 1036.616715994306 6.8697415715771935e-12 1
4 115 263 1038.7435761160045 7.094127650609024e-12 1
4 115 264 1039.5610670567896 7.392711963664138e-12 1
4 115 265 1040.2301905212341 7.75685851480002e-12 1
4 115 266 1036.1712807528638 8.185295915468066e-12 1
4 115 267 1043.5331941088104 8.656507595616443e-12 1
4 115 268 1044.5862859864073 9.134841748935693e-12 1
4 115 269 1047.5099101601247 9.586290182046833e-12 1
4 116 199 980.2826908170871 4.9257212377896635e-12 1
4 116 200 980.7404099469874 4.949141480193886e-12 1
4 116 201 981.2034506697271 4.9727604995058426e-12 1
4 116 202 981.7787598501446 4.996431375211549e-12 1
4 116 203 982.3656093672303 5.020323970901161e-12 1
4 116 204 982.9524588843318 5.044366252247936e-12 1
4 116 205 983.5393084014269 5.068507744895845e-12 1
4 116 206 984.3164213629702 5.0928814230315125e-12 1
4 116 207 985.1457365692621 5.117637791648527e-12 1
4 116 208 985.9750517755313 5.1421908648520594e-12 1
4 116 209 986.8043669818649 5.166980672151749e-12 1
4 116 210 987.5871385953473 5.192065359100243e-12 1
4 116 211 988.3410873417395 5.217112821707207e-12 1
4 116 212 989.095036088173 5.242260926757214e-12 1
4 116 213 989.8489848345654 5.2676550685294695e-12 1
4 116 214 990.610573224106 5.293083584353209e-12 1
4 116 215 991.3814829392165 5.3184306559715424e-12 1
4 116 216 992.1523926543451 5.3440523244684655e-12 1
4 116 217 992.9233023694558 5.3698855396442086e-12 1
4 116 218 993.8511848801858 5.395260627538782e-12 1
4 116 219 995.1762085640454 5.421014890255323e-12 1
4 116 220 996.5012322478025 5.447016208102468e-12 1
4 116 221 997.8262559314721 5.4727543493149145e-12 1
4 116 222 999.0422265314475 5.4985274973124475e-12 1
4 116 223 999.8418389081552 5.5245036351626095e-12 1
4 116 224 1000.598421145218 5.550052974727462e-12 1
4 116 225 1001.355003382272 5.575500065388173e-12 1
4 116 226 1002.1839861750988 5.6013344929731735e-12 1
4 116 227 1003.3831972968161 5.627363844586613e-12 1
4 116 228 1004.6824821979372 5.652675766706339e-12 1
4 116 229 1005.9817670991591 5.678216424086024e-12 1
4 116 230 1007.3475470734517 5.703724842529444e-12 1
4 116 231 1009.2696731508962 5.7282633317933815e-12 1
4 116 232 1011.4506091248933 5.753455108608617e-12 1
4 116 233 1013.6315450987736 5.778892294655719e-12 1
4 116 234 1015.7930065255073 5.803759245203201e-12 1
4 116 235 1017.324117597452 5.828129211831249e-12 1
4 116 236 1018.4162853429165 5.853048237637948e-12 1
4 116 237 1019.5084530884393 5.878123195597482e-12 1
4 116 238 1020.6006208339329 5.9021917086449976e-12 1
4 116 239 1021.4433703940352 5.926458133516618e-12 1
4 116 240 1022.0094557537668 5.950481293775072e-12 1
4 116 241 1022.5659058835125 5.9738141555967924e-12 1
4 116 242 1023.1223560132729 5.997190555845947e-12 1
4 116 243 1023.760091912519 6.0206340961162124e-12 1
4 116 244 1024.5555289899773 6.042810810375752e-12 1
4 116 245 1025.3621036090415 6.064756634390863e-12 1
4 116 246 1026.1686782280842 6.0871838195291435e-12 1
4 116 247 1027.0337689977418 6.109658497676561e-12 1
4 116 248 1028.1342836478736 6.130074496556842e-12 1
4 116 249 1029.2574410458599 6.151257440965257e-12 1
4 116 250 1030.3805984439055 6.172587291610277e-12 1
4 116 251 1031.4600997258426 6.192710879432293e-12 1
4 116 252 1031.7119301753958 6.21241576492738e-12 1
4 116 253 1031.8680545740885 6.23214973674704e-12 1
4 116 254 1032.0241789727854 6.250577278650952e-12 1
4 116 255 1032.1803033714782 6.2730869238892585e-12 1
4 116 256 1032.3502045252335 6.3073219023328574e-12 1
4 116 257 1032.5867661854265 6.354142644867185e-12 1
4 116 258 1033.0107347161857 6.416582155624591e-12 1
4 116 259 1034.2835973488245 6.4967825628902915e-12 1
4 116 260 1035.450621498294 6.588151155411417e-12 1
4 116 261 1036.965549228231 6.680520602726497e-12 1
4 116 262 1038.3741922793763 6.792508727289686e-12 1
4 116 263 1040.9835743081567 6.9878754986123946e-12 1
4 117 121 989.0417836628257 3.951800153719169e-12 1
4 117 122 989.0247993398809 3.9486343239456145e-12 1
4 117 123 988.7862212929507 3.945480009193474e-12 1
4 117 124 988.5232378115353 3.942873943333112e-12 1
4 117 125 988.2602543300993 3.941160320980976e-12 1
4 117 126 988.0197585591584 3.93944818750517e-12 1
4 117 127 987.8862048412584 3.937616970313746e-12 1
4 117 128 987.7814127118105 3.93727852227699e-12 1
4 117 129 987.6766205823769 3.937069191770092e-12 1
4 117 130 987.6265646402942 3.9368598835206645e-12 1
4 117 131 988.0198780141001 3.9376196373989104e-12 1
4 117 132 988.6120613018155 3.9389749302202845e-12 1
4 117 133 989.2042445895198 3.94033693933435e-12 1
4 117 134 989.7877644688554 3.942274212089398e-12 1
4 117 135 990.0356044727365 3.945155492208276e-12 1
4 117 136 990.0639354421161 3.9480409870756196e-12 1
4 117 137 990.0922664114959 3.950795475965863e-12 1
4 117 138 990.1205973808767 3.954975561059777e-12 1
4 117 139 990.122885060237 3.95934384437063e-12 1
4 117 140 990.0971722115615 3.963721787917362e-12 1
4 117 141 990.0706085223959 3.96891729718962e-12 1
4 117 142 990.0440448332309 3.974708111764749e-12 1
4 117 143 990.4015666609502 3.9805230910335935e-12 1
4 117 144 991.5027041990407 3.986856189150322e-12 1
4 117 145 992.6464491079171 3.994033196585565e-12 1
4 117 146 993.7901940168598 4.00123609024599e-12 1
4 117 147 994.9346942301925 4.008230887155468e-12 1
4 117 148 996.0823405930073 4.016340389725639e-12 1
4 117 149 997.2302261459905 4.024803473443757e-12 1
4 117 150 998.3781116989963 4.0333022986681725e-12 1
4 117 151 999.4971853049652 4.042552157844465e-12 1
4 117 152 999.9299796088069 4.052134632794735e-12 1
4 117 153 1000.3009485101895 4.06169037280015e-12 1
4 117 154 1000.6719174115433 4.071023079494306e-12 1
4 117 155 1001.042886312901 4.081296391502063e-12 1
4 117 156 1001.631615590007 4.091879759889876e-12 1
4 117 157 1002.2781020993594 4.10251819449602e-12 1
4 117 158 1002.9245886087302 4.113410799830894e-12 1
4 117 159 1003.5710751180949 4.124813385708304e-12 1
4 117 160 1003.9930953676436 4.136279364420594e-12 1
4 117 161 1004.2794155601485 4.1482407533476215e-12 1
4 117 162 1004.5657357526453 4.160446763613302e-12 1
4 117 163 1004.8520559451642 4.172676623676991e-12 1
4 117 164 1004.8990454580908 4.1850628840616566e-12 1
4 117 165 1004.6606219866375 4.19825321797043e-12 1
4 117 166 1004.4221985151706 4.211526960423683e-12 1
4 117 167 1004.1837750437173 4.224984177484583e-12 1
4 117 168 1003.8415056669915 4.2396732227416225e-12 1
4 117 169 1003.2436939155115 4.25432383525283e-12 1
4 117 170 1002.6458821640487 4.269076052165623e-12 1
4 117 171 1002.0480704125395 4.284824040474208e-12 1
4 117 172 1001.4418359233404 4.3009424771199454e-12 1
4 117 173 1000.8049976231428 4.317179508909524e-12 1
4 117 174 1000.164888906682 4.3339137213774265e-12 1
4 117 175 999.524780190307 4.3513959446160804e-12 1
4 117 176 998.9295032927112 4.369019779336116e-12 1
4 117 177 998.5549814859608 4.3868205782201685e-12 1
4 117 178 998.2400294792528 4.405511603942429e-12 1
4 117 179 997.9250774725516 4.424414220357989e-12 1
4 117 180 997.5961620671187 4.443479745712263e-12 1
4 117 181 997.1524962854161 4.463189002768564e-12 1
4 117 182 996.6563750617256 4.483268903625081e-12 1
4 117 183 996.1602538380296 4.503508640522991e-12 1
4 117 184 995.6729299147657 4.524042919407181e-12 1
4 117 185 995.494396017299 4.5452162550702845e-12 1
4 117 186 995.5243650823066 4.566588712708702e-12 1
4 117 187 995.5543341473139 4.587873562263361e-12 1
4 117 188 995.5843032123217 4.609594205622583e-12 1
4 117 189 995.6284831955812 4.631901922951764e-12 1
4 117 190 995.6881730022136 4.654426602641451e-12 1
4 117 191 995.7483718448825 4.677252039560352e-12 1
4 117 192 995.8085706875466 4.700335321350704e-12 1
4 117 193 995.9434066809939 4.723571956926199e-12 1
4 117 194 996.2228077372979 4.746480553052156e-12 1
4 117 195 996.5114763941513 4.7700381116846655e-12 1
4 117 196 996.8001450510126 4.794067605604394e-12 1
4 117 197 997.2646559940828 4.818340329574203e-12 1
4 117 198 998.4484767987783 4.84285804453582e-12 1
4 117 199 999.694262000507 4.867626548229199e-12 1
4 117 200 1000.9400472022018 4.892349831037888e-12 1
4 117 201 1002.1535814619056 4.916894187778012e-12 1
4 117 202 1002.6867247819382 4.942371799680973e-12 1
4 117 203 1003.1499291301238 4.968135231152928e-12 1
4 117 204 1003.6131334783223 4.994140536799995e-12 1
4 117 205 1004.0763378265156 5.0203729528693785e-12 1
4 117 206 1004.8373736208673 5.046882402908036e-12 1
4 117 207 1005.6801249023172 5.072858306829855e-12 1
4 117 208 1006.5228761837442 5.0989269209234825e-12 1
4 117 209 1007.3656274652365 5.125880174601995e-12 1
4 117 210 1008.220622309381 5.153119895810303e-12 1
4 117 211 1009.0831991763209 5.180464256378677e-12 1
4 117 212 1009.9457760433081 5.20802429988046e-12 1
4 117 213 1010.8083529102483 5.235742030477034e-12 1
4 117 214 1011.8583332578354 5.262983150159137e-12 1
4 117 215 1013.1369694245742 5.290926935814388e-12 1
4 117 216 1014.4156055913433 5.319169040203258e-12 1
4 117 217 1015.6942417580824 5.346606093454561e-12 1
4 117 218 1016.8435891159038 5.3738255444946055e-12 1
4 117 219 1017.6658357872687 5.402326011605525e-12 1
4 117 220 1018.4880824585699 5.431130399100607e-12 1
4 117 221 1019.310329129817 5.4596554397683384e-12 1
4 117 222 1020.1367216167097 5.488241766111612e-12 1
4 117 223 1020.9789425820348 5.516968647077161e-12 1
4 117 224 1021.8227994022825 5.544474825409238e-12 1
4 117 225 1022.6666562225203 5.572554825375506e-12 1
4 117 226 1023.4618028800588 5.601396518051898e-12 1
4 117 227 1024.0078646796458 5.630486092898201e-12 1
4 117 228 1024.48659812753 5.65877830131984e-12 1
4 117 229 1024.965331575451 5.687356272452956e-12 1
4 117 230 1025.4738751182888 5.715693259992322e-12 1
4 117 231 1026.2318315780683 5.742835423662398e-12 1
4 117 232 1027.105813890935 5.770968799630517e-12 1
4 117 233 1027.9797962037546 5.799409835557141e-12 1
4 117 234 1028.8448082050782 5.827620455301981e-12 1
4 117 235 1029.4194699872469 5.855259900879104e-12 1
4 117 236 1029.791946920834 5.883162774543542e-12 1
4 117 237 1030.1644238544413 5.910424873468697e-12 1
4 117 238 1030.5369007880383 5.93667712289617e-12 1
4 117 239 1030.8780823055924 5.96386661486065e-12 1
4 118 61 1000.9050192256764 3.887665885589919e-12 1
4 118 62 1001.5314759120789 3.861256159022476e-12 1
4 118 63 1000.2667389267499 3.84560939731981e-12 1
4 118 64 1000.2238193948515 3.836693735550905e-12 1
4 118 65 1001.5960466311833 3.83152153463872e-12 1
4 118 66 1001.9340309889257 3.828550140863838e-12 1
4 118 67 1002.6099997044156 3.826674232581317e-12 1
4 118 68 1002.870244249993 3.825520857927881e-12 1
4 118 69 1002.9493403653896 3.8242919509608805e-12 1
4 118 70 1003.028436480791 3.823063833286304e-12 1
4 118 71 1003.1075325961876 3.822117556389108e-12 1
4 118 72 1003.1315968248601 3.821285171543141e-12 1
4 118 73 1002.9731388018645 3.820464839812393e-12 1
4 118 74 1002.7940277500783 3.819897438492525e-12 1
4 118 75 1002.614916698295 3.8195040627758384e-12 1
4 118 76 1002.4445070424458 3.819055344740421e-12 1
4 118 77 1002.3141726826416 3.818624769565179e-12 1
4 118 78 1002.1945624080888 3.818570702329734e-12 1
4 118 79 1002.0749521335351 3.8185166366253315e-12 1
4 118 80 1001.9949206142522 3.818546510342358e-12 1
4 118 81 1002.2319423576051 3.8189581204692885e-12 1
4 118 82 1002.6082980509146 3.819258918727081e-12 1
4 118 83 1002.9846537441921 3.8195534094392546e-12 1
4 118 84 1003.3600881922708 3.8200765848868044e-12 1
4 118 85 1003.6952377772058 3.820778996433748e-12 1
4 118 86 1004.0049075699468 3.821371166139535e-12 1
4 118 87 1004.314577362712 3.821991005422597e-12 1
4 118 88 1004.6242471554533 3.823067758454122e-12 1
4 118 89 1004.7640417305032 3.823878831672992e-12 1
4 118 90 1004.7236955918354 3.82469024910725e-12 1
4 118 91 1004.678391350459 3.82552539582157e-12 1
4 118 92 1004.6330871090812 3.8263703526167776e-12 1
4 118 93 1004.5587657430708 3.827279771016633e-12 1
4 118 94 1004.4282225548525 3.828677228961284e-12 1
4 118 95 1004.2948563195228 3.829688456737777e-12 1
4 118 96 1004.1614900841972 3.830469430575336e-12 1
4 118 97 1004.0544213362269 3.831237174421549e-12 1
4 118 98 1004.0590612476228 3.8317223641446765e-12 1
4 118 99 1004.0710563727763 3.832207676772681e-12 1
4 118 100 1004.0830514979308 3.8330265257574675e-12 1
4 118 101 1004.1057179370812 3.833370071901546e-12 1
4 118 102 1004.4207269173462 3.833358636525596e-12 1
4 118 103 1004.7584010563264 3.833433834189678e-12 1
4 118 104 1005.0960751952963 3.8338453304889835e-12 1
4 118 105 1005.4337493342923 3.833384003812486e-12 1
4 118 106 1005.8198302258181 3.832712118204558e-12 1
4 118 107 1006.2183142710292 3.832012745153167e-12 1
4 118 108 1006.6167983162638 3.830735328620062e-12 1
4 118 109 1007.0152823614748 3.829458763466806e-12 1
4 118 110 1007.3978187195146 3.828287444470116e-12 1
4 118 111 1007.7709445053837 3.826758378846348e-12 1
4 118 112 1008.1440702912594 3.825173083516614e-12 1
4 118 113 1008.5171960771283 3.8235930144251025e-12 1
4 118 114 1008.9061245860416 3.82193567551902e-12 1
4 118 115 1009.3134734470829 3.820431265016825e-12 1
4 118 116 1009.7208223080924 3.8190861090842835e-12 1
4 118 117 1010.1281711691054 3.817761820741943e-12 1
4 118 118 1010.441709869656 3.817011186006915e-12 1
4 118 119 1010.5306453974429 3.816617730677756e-12 1
4 118 120 1010.6195809252322 3.8162243564545284e-12 1
4 118 121 1010.7085164530208 3.816788083589303e-12 1
4 118 122 1010.8086869118687 3.817738601763871e-12 1
4 118 123 1010.9478104136044 3.818614192644599e-12 1
4 118 124 1011.091224045577 3.819292346159232e-12 1
4 118 125 1011.2346376775608 3.821107717102857e-12 1
4 118 126 1011.3824526079707 3.823233661854057e-12 1
4 118 127 1011.5511982548041 3.825362494218841e-12 1
4 118 128 1011.7255731245284 3.827790016471854e-12 1
4 118 129 1011.8999479942288 3.830869729303546e-12 1
4 118 130 1012.101263874487 3.833954401795129e-12 1
4 118 131 1012.5208049908744 3.837641411880332e-12 1
4 118 132 1013.0382293670388 3.8415772098523866e-12 1
4 118 133 1013.5556537431933 3.845420775806604e-12 1
4 118 134 1014.0684354957484 3.84891559683903e-12 1
4 118 135 1014.4013301596177 3.853508267253933e-12 1
4 118 136 1014.6165923883824 3.858369899793643e-12 1
4 118 137 1014.8318546171491 3.863260214706712e-12 1
4 118 138 1015.0471168459221 3.868687940648823e-12 1
4 118 139 1015.2538051280312 3.874545006950826e-12 1
4 118 140 1015.4512751034823 3.88041983495495e-12 1
4 118 141 1015.6484649660491 3.88704750211625e-12 1
4 118 142 1015.8456548286102 3.8939956805491065e-12 1
4 118 143 1016.0309227815579 3.900914351801696e-12 1
4 118 144 1016.1931091057551 3.9080437812348086e-12 1
4 118 145 1016.3539729088076 3.916169893487239e-12 1
4 118 146 1016.5148367118694 3.924329869890622e-12 1
4 118 147 1016.7043421301487 3.9323259303733125e-12 1
4 118 148 1017.0131514942669 3.94155613687449e-12 1
4 118 149 1017.331031098917 3.951016799726432e-12 1
4 118 150 1017.6489107035734 3.9605229874859834e-12 1
4 118 151 1017.9609242613574 3.970732019983682e-12 1
4 118 152 1018.1332129144835 3.981515223506958e-12 1
4 118 153 1018.2929140563256 3.992364418741258e-12 1
4 118 154 1018.4526151981552 4.0037103746173194e-12 1
4 118 155 1018.6123163399865 4.015841940111624e-12 1
4 118 156 1018.7972448919319 4.028047248296911e-12 1
4 118 157 1018.9888645848989 4.040090636465973e-12 1
4 118 158 1019.1804842778713 4.053166724852948e-12 1
4 118 159 1019.372103970842 4.066628857511333e-12 1
4 118 160 1019.5325380930292 4.080180714064907e-12 1
4 118 161 1019.6741191201651 4.094432123787193e-12 1
4 119 54 996.221087950818 4.05984452873977e-12 1
4 119 55 998.3216891865225 4.030435905456666e-12 1
4 119 56 999.8143797722261 4.005081429143031e-12 1
4 119 57 1000.4669167310685 3.986263777006939e-12 1
4 119 58 1001.8709961532833 3.970831107202489e-12 1
4 119 59 1003.8112290884965 3.9482024827293585e-12 1
4 119 60 1005.4743701899973 3.913765646685771e-12 1
4 119 61 1006.6742289336454 3.875348287842139e-12 1
4 119 62 1008.3097487100396 3.8457151511251594e-12 1
4 119 63 1009.4547012146426 3.827475667167401e-12 1
4 119 64 1010.0549818145347 3.816516278396594e-12 1
4 119 65 1010.6390487882437 3.80980276003326e-12 1
4 119 66 1010.698706578935 3.805697539798717e-12 1
4 119 67 1010.8180221603186 3.802922927557952e-12 1
4 119 68 1010.9278328666703 3.801061507616673e-12 1
4 119 69 1011.1545093293855 3.7990367794885765e-12 1
4 119 70 1011.3811857921146 3.797014207253725e-12 1
4 119 71 1011.6078622548297 3.795354988279321e-12 1
4 119 72 1011.8038685363668 3.793580269319219e-12 1
4 119 73 1011.8981521465224 3.791799766421887e-12 1
4 119 74 1011.9809254819531 3.790106676656991e-12 1
4 119 75 1012.0636988173823 3.788555438754392e-12 1
4 119 76 1012.1493492137961 3.78700547013246e-12 1
4 119 77 1012.2482502508932 3.785705619649353e-12 1
4 119 78 1012.3506971382718 3.784611709681691e-12 1
4 119 79 1012.4531440256513 3.7832805163910175e-12 1
4 120 48 988.4885651433347 4.21396783258732e-12 1
4 120 49 989.4746193893684 4.20740696185661e-12 1
4 120 50 990.5968545805989 4.209199158021821e-12 1
4 120 51 992.0617841972266 4.212823641540734e-12 1
4 120 52 993.881133636353 4.213295831630439e-12 1
4 120 53 995.9243357895726 4.20567580185376e-12 1
4 120 54 998.1475126225612 4.186335971918213e-12 1
4 120 55 999.738245746487 4.15373734885939e-12 1
4 120 56 1001.0673771933929 4.1138337294686354e-12 1
4 120 57 1002.99570337291 4.073655867036927e-12 1
4 121 48 988.7940799713514 4.334674611926331e-12 1
4 121 49 990.254958191324 4.332978856300825e-12 1
4 121 50 991.3479052732234 4.3457052362619765e-12 1
4 121 51 992.5920705014848 4.3312548121562415e-12 1
