3 113 272 1006.5946029130336 8.454411023420913e-11 1
3 113 273 997.1181922574868 9.621629874971682e-11 1
3 113 274 982.2404987647366 9.621629874971682e-11 1
3 114 266 981.071981296693 6.642782373579309e-11 1
3 114 267 987.1979272993893 6.268341116044766e-11 1
3 114 268 994.2930151550271 5.984726088640311e-11 1
3 114 269 1009.5407638357298 5.83517332006485e-11 1
3 114 270 1014.1479163900193 5.973437253905326e-11 1
3 114 271 1015.5336946077707 6.53144813244859e-11 1
3 114 272 1013.9878953394303 7.543363472936213e-11 1
3 114 273 1009.5685971939254 8.080150516474462e-11 1
3 114 274 998.1875413246796 8.080150516474462e-11 1
3 115 260 1006.2233541167477 6.282302319949792e-11 1
3 115 261 1007.5522612566509 6.359381653386679e-11 1
3 115 262 1008.9546773422444 6.527582018821481e-11 1
3 115 263 1011.0815374639428 6.727919894355275e-11 1
3 115 264 1011.8990284047279 6.83474224112994e-11 1
3 115 265 1012.5681518691724 6.742996592232429e-11 1
3 115 266 1008.5092421008021 6.456387907107484e-11 1
3 115 267 1015.8711554567489 6.099713760662033e-11 1
3 115 268 1016.9242473343456 5.788113116800752e-11 1
3 115 269 1019.847871508063 5.606064330397192e-11 1
3 116 199 952.6206521650254 5.749030874618514e-11 1
3 116 200 953.0783712949257 5.772327823817076e-11 1
3 116 201 953.5414120176654 5.794109259628406e-11 1
3 116 202 954.1167211980829 5.815880268401247e-11 1
3 116 203 954.7035707151686 5.837830302885134e-11 1
3 116 204 955.2904202322701 5.859185261439688e-11 1
3 116 205 955.8772697493652 5.879441028853523e-11 1
3 116 206 956.6543827109085 5.899837334396458e-11 1
3 116 207 957.4836979172004 5.91977139835101e-11 1
3 116 208 958.3130131234695 5.938280285853833e-11 1
3 116 209 959.1423283298031 5.956905276958543e-11 1
3 116 210 959.9250999432855 5.975368715767722e-11 1
3 116 211 960.6790486896778 5.992474826704133e-11 1
3 116 212 961.4329974361112 6.009219389433536e-11 1
3 116 213 962.1869461825037 6.025986365516569e-11 1
3 116 214 962.9485345720443 6.04150672500393e-11 1
3 116 215 963.7194442871548 6.056126647477942e-11 1
3 116 216 964.4903540022834 6.07101661400396e-11 1
3 116 217 965.2612637173941 6.08586059504822e-11 1
3 116 218 966.1891462281241 6.098428080631084e-11 1
3 116 219 967.5141699119837 6.111397712319068e-11 1
3 116 220 968.8391935957408 6.12442262705519e-11 1
3 116 221 970.1642172794104 6.136035583439668e-11 1
3 116 222 971.3801878793857 6.147098103258562e-11 1
3 116 223 972.1798002560935 6.158163183698871e-11 1
3 116 224 972.9363824931563 6.16830896850713e-11 1
3 116 225 973.6929647302103 6.177532759794492e-11 1
3 116 226 974.521947523037 6.186877138928633e-11 1
3 116 227 975.7211586447544 6.196170838560544e-11 1
3 116 228 977.0204435458755 6.203839374871638e-11 1
3 116 229 978.3197284470974 6.211526916249335e-11 1
3 116 230 979.68550842139 6.219207102501403e-11 1
3 116 231 981.6076344988345 6.225880534375955e-11 1
3 116 232 983.7885704728316 6.231967532672939e-11 1
3 116 233 985.9695064467119 6.238060794850971e-11 1
3 116 234 988.1309678734456 6.243734380877912e-11 1
3 116 235 989.6620789453902 6.248447397608052e-11 1
3 116 236 990.7542466908548 6.253018953530685e-11 1
3 116 237 991.8464144363776 6.25753540809828e-11 1
3 116 238 992.9385821818712 6.260767077850345e-11 1
3 116 239 993.7813317419735 6.264002087283294e-11 1
3 116 240 994.3474171017051 6.267426705066091e-11 1
3 116 241 994.9038672314508 6.269967848558341e-11 1
3 116 242 995.4603173612112 6.272061462772303e-11 1
3 116 243 996.0980532604573 6.2742092398068e-11 1
3 116 244 996.8934903379156 6.276391115931567e-11 1
3 116 245 997.7000649569798 6.277741832040752e-11 1
3 116 246 998.5066395760226 6.278954386845813e-11 1
3 116 247 999.3717303456802 6.280147102878783e-11 1
3 116 248 1000.472244995812 6.280816925664171e-11 1
3 116 249 1001.5954023937983 6.281261187920838e-11 1
3 116 250 1002.7185597918439 6.281705513030149e-11 1
3 116 251 1003.798061073781 6.281770261619474e-11 1
3 116 252 1004.049891523334 6.281681750999578e-11 1
3 116 253 1004.206015922027 6.281624847376833e-11 1
3 116 254 1004.3621403207237 6.281611521304087e-11 1
3 116 255 1004.5182647194166 6.280941808681526e-11 1
3 116 256 1004.6881658731718 6.279721752641975e-11 1
3 116 257 1004.924727533365 6.277188356404447e-11 1
3 116 258 1005.348696064124 6.273004571038389e-11 1
3 116 259 1006.6215586967628 6.266927000197749e-11 1
3 116 260 1007.7885828462323 6.267584299690909e-11 1
3 116 261 1009.3035105761694 6.304250998430494e-11 1
3 116 262 1010.7121536273147 6.391522549882335e-11 1
3 116 263 1013.321535656095 6.558131668982314e-11 1
3 117 121 961.3797450107639 4.114911858786043e-11 1
3 117 122 961.3627606878192 4.122383170702657e-11 1
3 117 123 961.124182640889 4.129878863281838e-11 1
3 117 124 960.8611991594736 4.1381852808478556e-11 1
3 117 125 960.5982156780376 4.147814340564878e-11 1
3 117 126 960.3577199070967 4.1574883161246737e-11 1
3 117 127 960.2241661891967 4.167314936926049e-11 1
3 117 128 960.1193740597488 4.1788352502315764e-11 1
3 117 129 960.0145819303152 4.1905115145472375e-11 1
3 117 130 959.9645259882325 4.202253212002758e-11 1
3 117 131 960.3578393620384 4.2150288080239004e-11 1
3 117 132 960.9500226497538 4.2284180656879315e-11 1
3 117 133 961.5422059374581 4.241896724433293e-11 1
3 117 134 962.1257258167936 4.255935489578789e-11 1
3 117 135 962.3735658206748 4.270849194028686e-11 1
3 117 136 962.4018967900544 4.285867787626382e-11 1
3 117 137 962.4302277594342 4.30099415675024e-11 1
3 117 138 962.458558728815 4.317163339890952e-11 1
3 117 139 962.4608464081753 4.333425312111767e-11 1
3 117 140 962.4351335594998 4.349810259364049e-11 1
3 117 141 962.4085698703342 4.3667175144473395e-11 1
3 117 142 962.3820061811692 4.383875874112781e-11 1
3 117 143 962.7395280088884 4.401168385251205e-11 1
3 117 144 963.840665546979 4.418686959898273e-11 1
3 117 145 964.9844104558554 4.436492689539536e-11 1
3 117 146 966.1281553647981 4.454442501236855e-11 1
3 117 147 967.2726555781308 4.472597259647042e-11 1
3 117 148 968.4203019409456 4.4911046025253727e-11 1
3 117 149 969.5681874939288 4.509574436438392e-11 1
3 117 150 970.7160730469346 4.528196813441759e-11 1
3 117 151 971.8351466529035 4.547161747251144e-11 1
3 117 152 972.2679409567452 4.5663627985913135e-11 1
3 117 153 972.6389098581278 4.5858056425282536e-11 1
3 117 154 973.0098787594816 4.60639625622806e-11 1
3 117 155 973.3808476608393 4.6270929183835836e-11 1
3 117 156 973.9695769379452 4.6475616938491716e-11 1
3 117 157 974.6160634472977 4.6683079271506915e-11 1
3 117 158 975.2625499566685 4.690910004890216e-11 1
3 117 159 975.9090364660332 4.712944801749511e-11 1
3 117 160 976.3310567155819 4.735187585436894e-11 1
3 117 161 976.6173769080868 4.758186867179636e-11 1
3 117 162 976.9036971005836 4.781633104021788e-11 1
3 117 163 977.1900172931025 4.805395973870825e-11 1
3 117 164 977.2370068060291 4.829782111612511e-11 1
3 117 165 976.9985833345758 4.8540111324678963e-11 1
3 117 166 976.7601598631089 4.878484472942921e-11 1
3 117 167 976.5217363916556 4.902966481732043e-11 1
3 117 168 976.1794670149297 4.9266091189792456e-11 1
3 117 169 975.5816552634498 4.9507737388935423e-11 1
3 117 170 974.983843511987 4.97517657827395e-11 1
3 117 171 974.3860317604777 4.998752669345271e-11 1
3 117 172 973.7797972712787 5.022303149121179e-11 1
3 117 173 973.142958971081 5.0460818893661616e-11 1
3 117 174 972.5028502546203 5.0696408649431116e-11 1
3 117 175 971.8627415382452 5.092683545596178e-11 1
3 117 176 971.2674646406495 5.115936651217625e-11 1
3 117 177 970.892942833899 5.139473352224097e-11 1
3 117 178 970.5779908271911 5.162351021070071e-11 1
3 117 179 970.2630388204899 5.185236740224072e-11 1
3 117 180 969.934123415057 5.2083262767444594e-11 1
3 117 181 969.4904576333544 5.230906639842681e-11 1
3 117 182 968.9943364096639 5.2533922237769384e-11 1
3 117 183 968.4982151859679 5.2761265586293974e-11 1
3 117 184 968.010891262704 5.2989000143108806e-11 1
3 117 185 967.8323573652373 5.320935614962373e-11 1
3 117 186 967.8623264302449 5.3431552520635485e-11 1
3 117 187 967.8922954952521 5.36606234177893e-11 1
3 117 188 967.92226456026 5.3881887852220264e-11 1
3 117 189 967.9664445435195 5.409918931399461e-11 1
3 117 190 968.0261343501519 5.4318250592753295e-11 1
3 117 191 968.0863331928208 5.453146996637571e-11 1
3 117 192 968.1465320354849 5.474326849120168e-11 1
3 117 193 968.2813680289322 5.4957877214545686e-11 1
3 117 194 968.5607690852362 5.517797962623594e-11 1
3 117 195 968.8494377420895 5.538612698742584e-11 1
3 117 196 969.1381063989509 5.559258775746171e-11 1
3 117 197 969.6026173420211 5.5799941818149386e-11 1
3 117 198 970.7864381467166 5.599514841224456e-11 1
3 117 199 972.0322233484453 5.6191725595165656e-11 1
3 117 200 973.27800855014 5.639335568475138e-11 1
3 117 201 974.4915428098438 5.658978679890008e-11 1
3 117 202 975.0246861298765 5.677389991770782e-11 1
3 117 203 975.4878904780621 5.695895320585901e-11 1
3 117 204 975.9510948262606 5.7138627566963245e-11 1
3 117 205 976.4142991744538 5.7308579938265496e-11 1
3 117 206 977.1753349688056 5.7479546333797965e-11 1
3 117 207 978.0180862502555 5.7659085168459616e-11 1
3 117 208 978.8608375316825 5.7820993486591146e-11 1
3 117 209 979.7035888131747 5.7977873463402253e-11 1
3 117 210 980.5585836573193 5.8135607050045606e-11 1
3 117 211 981.4211605242592 5.828023045403818e-11 1
3 117 212 982.2837373912464 5.841990857921149e-11 1
3 117 213 983.1463142581866 5.856160693231469e-11 1
3 117 214 984.1962946057737 5.870266098032324e-11 1
3 117 215 985.4749307725125 5.882569159235047e-11 1
3 117 216 986.7535669392815 5.894923898918498e-11 1
3 117 217 988.0322031060207 5.908297442241329e-11 1
3 117 218 989.1815504638421 5.919919023496878e-11 1
3 117 219 990.003797135207 5.930688679594243e-11 1
3 117 220 990.8260438065082 5.941497591931463e-11 1
3 117 221 991.6482904777553 5.951172312840605e-11 1
3 117 222 992.474682964648 5.960403338700972e-11 1
3 117 223 993.3169039299731 5.969793339154983e-11 1
3 117 224 994.1607607502208 5.979520979528857e-11 1
3 117 225 995.0046175704585 5.987576784158141e-11 1
3 117 226 995.7997642279971 5.995303344607584e-11 1
3 117 227 996.3458260275842 6.00298568542795e-11 1
3 117 228 996.8245594754683 6.009344985045889e-11 1
3 117 229 997.3032929233894 6.015717772478131e-11 1
3 117 230 997.8118364662272 6.022447303972719e-11 1
3 117 231 998.5697929260067 6.028561693532615e-11 1
3 117 232 999.4437752388733 6.033626626791899e-11 1
3 117 233 1000.317757551693 6.038681937434885e-11 1
3 117 234 1001.1827695530164 6.043278012675092e-11 1
3 117 235 1001.7574313351853 6.047113902295309e-11 1
3 117 236 1002.1299082687724 6.050954664567295e-11 1
3 117 237 1002.5023852023796 6.055158924347356e-11 1
3 117 238 1002.8748621359767 6.05823529556758e-11 1
3 117 239 1003.2160436535307 6.060990221949261e-11 1
3 118 61 973.2429805736147 4.611439574862343e-11 1
3 118 62 973.8694372600172 4.5994549336495706e-11 1
3 118 63 972.6047002746882 4.576177641372474e-11 1
3 118 64 972.5617807427898 4.551138376091688e-11 1
3 118 65 973.9340079791216 4.531245480817762e-11 1
3 118 66 974.271992336864 4.5164834314948244e-11 1
3 118 67 974.9479610523539 4.506137952169684e-11 1
3 118 68 975.2082055979313 4.49696042139822e-11 1
3 118 69 975.2873017133279 4.48827085218999e-11 1
3 118 70 975.3663978287293 4.479614800282574e-11 1
3 118 71 975.4454939441259 4.470608148619815e-11 1
3 118 72 975.4695581727984 4.461483281590513e-11 1
3 118 73 975.3111001498028 4.452326568406413e-11 1
3 118 74 975.1319890980166 4.442529843285812e-11 1
3 118 75 974.9528780462333 4.4328129233090265e-11 1
3 118 76 974.7824683903841 4.423313936442577e-11 1
3 118 77 974.6521340305799 4.413830087634169e-11 1
3 118 78 974.5325237560271 4.403857260500131e-11 1
3 118 79 974.4129134814734 4.393929397973687e-11 1
3 118 80 974.3328819621905 4.383935954985354e-11 1
3 118 81 974.5699037055434 4.3739273868670935e-11 1
3 118 82 974.9462593988529 4.363951112402572e-11 1
3 118 83 975.3226150921304 4.354019046369892e-11 1
3 118 84 975.6980495402091 4.3442119875225785e-11 1
3 118 85 976.033199125144 4.334480378038233e-11 1
3 118 86 976.3428689178851 4.3247366496199196e-11 1
3 118 87 976.6525387106503 4.3150590385179314e-11 1
3 118 88 976.9622085033916 4.3058350231876816e-11 1
3 118 89 977.1020030784415 4.296525395324895e-11 1
3 118 90 977.0616569397737 4.287255937226022e-11 1
3 118 91 977.0163526983973 4.278397645812245e-11 1
3 118 92 976.9710484570195 4.26972517140808e-11 1
3 118 93 976.8967270910091 4.261092632355762e-11 1
3 118 94 976.7661839027908 4.252617899776277e-11 1
3 118 95 976.632817667461 4.244397153059985e-11 1
3 118 96 976.4994514321355 4.236252008191902e-11 1
3 118 97 976.3923826841652 4.228167475372984e-11 1
3 118 98 976.3970225955611 4.220725315908791e-11 1
3 118 99 976.4090177207146 4.2133093088723654e-11 1
3 118 100 976.4210128458691 4.2058475211624305e-11 1
3 118 101 976.4436792850195 4.199286207584898e-11 1
3 118 102 976.7586882652845 4.1931321098853574e-11 1
3 118 103 977.0963624042647 4.186955332397194e-11 1
3 118 104 977.4340365432346 4.180988393334375e-11 1
3 118 105 977.7717106822306 4.1761932438034576e-11 1
3 118 106 978.1577915737564 4.1716068783971946e-11 1
3 118 107 978.5562756189674 4.1671115872245284e-11 1
3 118 108 978.9547596642021 4.164313834948571e-11 1
3 118 109 979.353243709413 4.161519836911452e-11 1
3 118 110 979.7357800674529 4.158483202581637e-11 1
3 118 111 980.108905853322 4.1566564692907956e-11 1
3 118 112 980.4820316391977 4.1558677462856636e-11 1
3 118 113 980.8551574250666 4.15509150788611e-11 1
3 118 114 981.2440859339799 4.1550023428688325e-11 1
3 118 115 981.6514347950211 4.156269605278292e-11 1
3 118 116 982.0587836560306 4.157668152448336e-11 1
3 118 117 982.4661325170437 4.159166157030653e-11 1
3 118 118 982.7796712175943 4.162592940010983e-11 1
3 118 119 982.8686067453812 4.1657275481971446e-11 1
3 118 120 982.9575422731705 4.1688668809256365e-11 1
3 118 121 983.0464778009591 4.173052772716666e-11 1
3 118 122 983.146648259807 4.177668684284264e-11 1
3 118 123 983.2857717615427 4.18239470150886e-11 1
3 118 124 983.4291853935152 4.188640767279093e-11 1
3 118 125 983.5725990254991 4.1954334423643635e-11 1
3 118 126 983.720413955909 4.201831899302214e-11 1
3 118 127 983.8891596027424 4.2084029547121864e-11 1
3 118 128 984.0635344724667 4.217793608142411e-11 1
3 118 129 984.2379093421671 4.2262962581890195e-11 1
3 118 130 984.4392252224253 4.234833258466369e-11 1
3 118 131 984.8587663388126 4.244858641451601e-11 1
3 118 132 985.376190714977 4.2555216241515656e-11 1
3 118 133 985.8936150911316 4.2664040314745e-11 1
3 118 134 986.4063968436867 4.279158455097513e-11 1
3 118 135 986.739291507556 4.292173095125781e-11 1
3 118 136 986.9545537363207 4.3048256047514363e-11 1
3 118 137 987.1698159650874 4.317658355077709e-11 1
3 118 138 987.3850781938604 4.332485645394158e-11 1
3 118 139 987.5917664759695 4.346736499578551e-11 1
3 118 140 987.7892364514206 4.361081413884639e-11 1
3 118 141 987.9864263139874 4.376247546141588e-11 1
3 118 142 988.1836161765485 4.391814844519363e-11 1
3 118 143 988.3688841294962 4.407583579266389e-11 1
3 118 144 988.5310704536934 4.424100439465605e-11 1
3 118 145 988.6919342567459 4.440677654632464e-11 1
3 118 146 988.8527980598077 4.4573795675257695e-11 1
3 118 147 989.042303478087 4.474650771032639e-11 1
3 118 148 989.3511128422052 4.4922144579679864e-11 1
3 118 149 989.6689924468553 4.509641224019641e-11 1
3 118 150 989.9868720515117 4.527203724857347e-11 1
3 118 151 990.2988856092957 4.545168970179615e-11 1
3 118 152 990.4711742624218 4.5630507726507546e-11 1
3 118 153 990.6308754042639 4.5810642681220396e-11 1
3 118 154 990.7905765460935 4.599124388058967e-11 1
3 118 155 990.9502776879248 4.6171687025436106e-11 1
3 118 156 991.1352062398702 4.6353551657268107e-11 1
3 118 157 991.3268259328372 4.653891639132121e-11 1
3 118 158 991.5184456258096 4.67224199895819e-11 1
3 118 159 991.7100653187803 4.6903712595255517e-11 1
3 118 160 991.8704994409675 4.7086417586520816e-11 1
3 118 161 992.0120804681034 4.7268278142990134e-11 1
3 119 54 968.5590492987562 5.047679805603366e-11 1
3 119 55 970.6596505344608 4.974133270461875e-11 1
3 119 56 972.1523411201644 4.843494349244549e-11 1
3 119 57 972.8048780790068 4.6982271592989194e-11 1
3 119 58 974.2089575012216 4.596838246760125e-11 1
3 119 59 976.1491904364348 4.560881382306522e-11 1
3 119 60 977.8123315379356 4.576137329103683e-11 1
3 119 61 979.0121902815837 4.5858073737847694e-11 1
3 119 62 980.6477100579779 4.5827148782013514e-11 1
3 119 63 981.7926625625809 4.56947313804617e-11 1
3 119 64 982.392943162473 4.554147147032457e-11 1
3 119 65 982.977010136182 4.541488090501493e-11 1
3 119 66 983.0366679268733 4.532160975210509e-11 1
3 119 67 983.1559835082569 4.5261981359484e-11 1
3 119 68 983.2657942146086 4.520496694425213e-11 1
3 119 69 983.4924706773238 4.5155209856072754e-11 1
3 119 70 983.7191471400529 4.510556218267304e-11 1
3 119 71 983.945823602768 4.5046161771894396e-11 1
3 119 72 984.1418298843051 4.49947503654341e-11 1
3 119 73 984.2361134944607 4.4943790275081975e-11 1
3 119 74 984.3188868298914 4.4890312366316965e-11 1
3 119 75 984.4016601653205 4.483265908785096e-11 1
3 119 76 984.4873105617344 4.4775153709316474e-11 1
3 119 77 984.5862115988315 4.470816752391915e-11 1
3 119 78 984.6886584862101 4.4633192911390235e-11 1
3 119 79 984.7911053735896 4.4565903545696324e-11 1
3 120 48 960.826526491273 4.985848028599116e-11 1
3 120 49 961.8125807373067 5.053262264656096e-11 1
3 120 50 962.9348159285372 5.091163691293989e-11 1
3 120 51 964.3997455451649 5.1003720171872945e-11 1
3 120 52 966.2190949842912 5.080144189089031e-11 1
3 120 53 968.2622971375109 5.0322989994860605e-11 1
3 120 54 970.4854739704995 4.953672941818419e-11 1
3 120 55 972.0762070944253 4.836684038733715e-11 1
3 120 56 973.4053385413312 4.691968403200014e-11 1
3 120 57 975.3336647208483 4.5763896178979944e-11 1
3 121 48 961.1320413192897 5.002390227690831e-11 1
3 121 49 962.5929195392623 5.071938686424999e-11 1
3 121 50 963.6858666211617 5.100657955784175e-11 1
3 121 51 964.9300318494231 5.089514602766e-11 1
