3 55 104 972.0741350560771 1.288220385880811e-10 1
3 55 105 992.6758806615471 1.1898291960161562e-10 1
3 55 106 1016.1691667943571 1.292073155228986e-10 1
3 55 107 1009.1258928685771 1.6860563836846748e-10 1
3 56 79 951.6975481420171 1.1541024505989828e-10 1
3 56 80 951.6975481420171 1.168150609367819e-10 1
3 56 81 954.6837541967071 1.1811754666156431e-10 1
3 56 82 957.4915544896771 1.1931390892623914e-10 1
3 56 83 959.4897844701471 1.2039757164077703e-10 1
3 56 84 966.4058000951471 1.2136722787339726e-10 1
3 56 85 966.4058000951471 1.2222203215407405e-10 1
3 56 86 969.4191057592071 1.2296684860873398e-10 1
3 56 87 973.7490618138971 1.236041456871767e-10 1
3 56 88 978.6272966771771 1.241459056051941e-10 1
3 56 89 988.3077776342071 1.2459607990951078e-10 1
3 56 90 988.3077776342071 1.2497142635638727e-10 1
3 56 91 991.9719011693571 1.2527608223894307e-10 1
3 56 92 995.1566545873271 1.255046323430792e-10 1
3 56 93 998.3913347631071 1.2565546935426987e-10 1
3 56 94 1003.3736345677971 1.2576125813431568e-10 1
3 56 95 1003.3736345677971 1.2580806272237224e-10 1
3 56 96 1005.5864641576471 1.2581628801164814e-10 1
3 56 97 1007.8426897435771 1.2579696783469923e-10 1
3 56 98 1008.2179949193571 1.2575319259457552e-10 1
3 56 99 1009.1798479467071 1.2569882898176527e-10 1
3 56 100 1010.6901628881071 1.2585847129815047e-10 1
3 56 101 1012.1962053685771 1.2721117947159413e-10 1
3 56 102 1015.0864641576471 1.3160907972955489e-10 1
3 56 103 1018.0262224584271 1.3266557893416811e-10 1
3 56 104 1020.4261858373271 1.2326466278831854e-10 1
3 56 105 1024.8183367162371 1.119193530345604e-10 1
3 57 32 968.0876238256071 9.201583040010168e-11 1
3 57 33 970.3644792943571 9.182292293909261e-11 1
3 57 34 969.0657732396771 9.157084843133434e-11 1
3 57 35 969.0657732396771 9.131010309773213e-11 1
3 57 36 966.7765886693571 9.095152438669302e-11 1
3 57 37 965.7225115209271 9.050216275248696e-11 1
3 57 38 968.5920183568571 8.999257653028161e-11 1
3 57 39 969.7510759740471 8.940074910865597e-11 1
3 57 40 969.7510759740471 8.875440789806736e-11 1
3 57 41 969.5782244115471 8.809793778098304e-11 1
3 57 42 969.0566790013971 8.743025867901864e-11 1
3 57 43 967.5050432592071 8.677949557269574e-11 1
3 57 44 970.6161882787371 8.61457856381387e-11 1
3 57 45 970.6161882787371 8.555248985611803e-11 1
3 57 46 972.3181536107671 8.497949291038883e-11 1
3 57 47 971.5146868138971 8.442986816498019e-11 1
3 57 48 967.6131975560771 8.389477347311403e-11 1
3 57 49 970.2643206029571 8.339986258133116e-11 1
3 57 50 970.2643206029571 8.295100752508871e-11 1
3 57 51 972.6777117162371 8.257084932673986e-11 1
3 57 52 976.1114885717071 8.230237438203943e-11 1
3 57 53 979.0397112279571 8.219004679626044e-11 1
3 57 54 979.2748796849871 8.225021785492947e-11 1
3 57 55 979.2748796849871 8.248103061410693e-11 1
3 57 56 980.3346331029571 8.286349787163746e-11 1
3 57 57 980.1744158177971 8.339575712307635e-11 1
3 57 58 981.4769060521771 8.409560252077812e-11 1
3 57 59 982.4886248021771 8.494335617842267e-11 1
3 57 60 982.4886248021771 8.589661112039088e-11 1
3 57 61 983.7374651342071 8.693207703502944e-11 1
3 57 62 984.4019548802971 8.80408656386844e-11 1
3 57 63 985.5278704076471 8.92077018879704e-11 1
3 57 64 989.2391130834271 9.040999543287011e-11 1
3 57 65 989.2391130834271 9.164613603571873e-11 1
3 57 66 991.1271135717071 9.29003127095801e-11 1
3 57 67 991.8398210912371 9.421827231370469e-11 1
3 57 68 992.4903948217071 9.559967235225166e-11 1
3 57 69 992.2596208959271 9.704761672304224e-11 1
3 57 70 992.2596208959271 9.859290964369965e-11 1
3 57 71 991.2267839818571 1.0016503104790974e-10 1
3 57 72 989.6299822240471 1.0170248723120288e-10 1
3 57 73 987.2814104467071 1.0318951926017055e-10 1
3 57 74 985.0394670873271 1.0463388053823188e-10 1
3 57 75 985.0394670873271 1.060502707865501e-10 1
3 57 76 986.5168230443571 1.0741968723967701e-10 1
3 57 77 985.8175432592071 1.0873909082090059e-10 1
3 57 78 984.7265398412371 1.099953786252491e-10 1
3 57 79 990.1158831029571 1.1121172831614568e-10 1
3 57 80 990.1158831029571 1.1234170622069179e-10 1
3 57 81 992.3595964818571 1.1340091437943294e-10 1
3 57 82 995.4356462865471 1.1526542213216281e-10 1
3 57 83 997.6270525365471 1.1612209333744557e-10 1
3 57 84 1002.8299944310771 1.1685318731439028e-10 1
3 57 85 1002.8299944310771 1.1746918575837356e-10 1
3 57 86 1004.0221331029571 1.1798711136276108e-10 1
3 57 87 1004.7059709935771 1.1841679691381569e-10 1
3 57 88 1005.6833879857671 1.1875959861372035e-10 1
3 57 89 1006.6071550756071 1.1875959861372035e-10 1
3 57 90 1006.6071550756071 1.2076016845541178e-10 1
3 57 91 1007.7457048802971 1.2094279872147872e-10 1
3 58 24 963.6805193334271 9.849946768491547e-11 1
3 58 25 964.9867937474871 1.0069703659704535e-10 1
3 58 26 968.0395891576471 1.0160733099324496e-10 1
3 58 27 971.6647112279571 1.0079146073551606e-10 1
3 58 28 975.6833879857671 9.697546725219969e-11 1
3 58 29 977.5229265599871 9.196729661597917e-11 1
3 58 30 980.8179094701471 9.072648573170657e-11 1
3 58 31 982.7318498998271 9.106896836082179e-11 1
3 58 32 983.3501970677971 9.111471083729061e-11 1
3 58 33 985.0331804662371 9.107633546115708e-11 1
3 58 34 985.5931169896771 9.102261923935008e-11 1
3 58 35 985.5931169896771 9.119923740872182e-11 1
3 58 36 985.7468645482671 9.104979007532319e-11 1
3 58 37 986.1443865209271 9.08554016098168e-11 1
3 58 38 987.3943254857671 9.06279278002368e-11 1
3 58 39 987.6366350560771 9.037709295935844e-11 1
3 58 40 987.6366350560771 9.011543565098674e-11 1
3 58 41 987.9842302709271 8.944641247357788e-11 1
3 58 42 988.5098650365471 9.02018241039616e-11 1
3 58 43 989.0614397435771 8.901052259863657e-11 1
3 59 24 964.6028215795171 9.942954242019663e-11 1
3 59 25 966.7468645482671 1.0188492395087497e-10 1
3 59 26 969.1752703099871 1.0129407446047244e-10 1
