1 55 104 984.6908238162808 5.003528887733262e-11 1
1 55 105 1005.2925694217508 4.364633795739214e-11 1
1 55 106 1028.7858555545608 3.341105817578202e-11 1
1 55 107 1021.7425816287808 3.092874486475607e-11 1
1 56 79 964.3142369022208 6.804033975770371e-11 1
1 56 80 964.3142369022208 6.6712344508914e-11 1
1 56 81 967.3004429569108 6.246467613491871e-11 1
1 56 82 970.1082432498808 5.895601245907813e-11 1
1 56 83 972.1064732303508 5.651751920138212e-11 1
1 56 84 979.0224888553508 5.093645689102921e-11 1
1 56 85 979.0224888553508 5.0454226857594435e-11 1
1 56 86 982.0357945194108 4.820877508154395e-11 1
1 56 87 986.3657505741008 4.549809269474973e-11 1
1 56 88 991.2439854373808 4.286018822992719e-11 1
1 56 89 1000.9244663944108 3.865087448819795e-11 1
1 56 90 1000.9244663944108 3.8495157877008866e-11 1
1 56 91 1004.5885899295608 3.706043363541583e-11 1
1 56 92 1007.7733433475308 3.589759399509956e-11 1
1 56 93 1011.0080235233108 3.480493417740161e-11 1
1 56 94 1015.9903233280008 3.330162732120486e-11 1
1 56 95 1015.9903233280008 3.32577615610879e-11 1
1 56 96 1018.2031529178508 3.2627579869768866e-11 1
1 56 97 1020.4593785037808 3.2021501388601526e-11 1
1 56 98 1020.8346836795608 3.191926014654935e-11 1
1 56 99 1021.7965367069108 3.169120370473025e-11 1
1 56 100 1023.3068516483108 3.136410779232521e-11 1
1 56 101 1024.8128941287807 3.1058152311063874e-11 1
1 56 102 1027.7031529178507 3.0468451273472673e-11 1
1 56 103 1030.6429112186308 3.072673107452424e-11 1
1 56 104 1033.0428745975307 3.246600125631509e-11 1
1 56 105 1037.4350254764408 3.388855909503504e-11 1
1 57 32 980.7043125858108 6.87938865773912e-11 1
1 57 33 982.9811680545608 6.749445426878218e-11 1
1 57 34 981.6824619998808 7.006531957469707e-11 1
1 57 35 981.6824619998808 7.100576216133952e-11 1
1 57 36 979.3932774295608 7.516199308613712e-11 1
1 57 37 978.3392002811308 7.801254317924067e-11 1
1 57 38 981.2087071170608 7.516810785945479e-11 1
1 57 39 982.3677647342508 7.491334241863496e-11 1
1 57 40 982.3677647342508 7.634308277773833e-11 1
1 57 41 982.1949131717508 7.804704790562029e-11 1
1 57 42 981.6733677616008 8.034060558120399e-11 1
1 57 43 980.1217320194108 8.446646997152407e-11 1
1 57 44 983.2328770389408 8.055969595451032e-11 1
1 57 45 983.2328770389408 8.175935936706659e-11 1
1 57 46 984.9348423709708 8.006282125320897e-11 1
1 57 47 984.1313755741008 8.238579660445531e-11 1
1 57 48 980.2298863162808 9.074739519003257e-11 1
1 57 49 982.8810093631608 8.656016492700535e-11 1
1 57 50 982.8810093631608 8.745252307805675e-11 1
1 57 51 985.2944004764408 8.394561740418799e-11 1
1 57 52 988.7281773319108 7.90460670951744e-11 1
1 57 53 991.6563999881608 7.53524088631208e-11 1
1 57 54 991.8915684451908 7.54882572152884e-11 1
1 57 55 991.8915684451908 7.571211960150445e-11 1
1 57 56 992.9513218631608 7.415662191667217e-11 1
1 57 57 992.7911045780008 7.401485228882573e-11 1
1 57 58 994.0935948123808 7.167745465515695e-11 1
1 57 59 995.1053135623808 6.960746263849314e-11 1
1 57 60 995.1053135623808 6.862962116436678e-11 1
1 57 61 996.3541538944108 6.61285112912212e-11 1
1 57 62 997.0186436405008 6.428870669754727e-11 1
1 57 63 998.1445591678508 6.201094074052568e-11 1
1 57 64 1001.8558018436308 5.7585513991909424e-11 1
1 57 65 1001.8558018436308 5.6533457117314415e-11 1
1 57 66 1003.7438023319108 5.4060869776699624e-11 1
1 57 67 1004.4565098514408 5.2566725668574283e-11 1
1 57 68 1005.1070835819108 5.1154233000519954e-11 1
1 57 69 1004.8763096561308 5.0334928117086935e-11 1
1 57 70 1004.8763096561308 4.937421666250664e-11 1
1 57 71 1003.8434727420608 4.906237448834775e-11 1
1 57 72 1002.2466709842508 4.9095433513136605e-11 1
1 57 73 999.8980992069108 4.9598184324459715e-11 1
1 57 74 997.6561558475308 5.0053164692274694e-11 1
1 57 75 997.6561558475308 4.913515735260925e-11 1
1 57 76 999.1335118045608 4.7418101096277715e-11 1
1 57 77 998.4342320194108 4.7005927261270395e-11 1
1 57 78 997.3432286014408 4.68348005790822e-11 1
1 57 79 1002.7325718631608 4.340851473230615e-11 1
1 57 80 1002.7325718631608 4.280265118713331e-11 1
1 57 81 1004.9762852420608 4.126390158585803e-11 1
1 57 82 1008.0523350467508 3.927681657374407e-11 1
1 57 83 1010.2437412967508 3.8051155626186356e-11 1
1 57 84 1015.4466831912808 3.592482187239519e-11 1
1 57 85 1015.4466831912808 3.562153424365739e-11 1
1 57 86 1016.6388218631608 3.4976727901912105e-11 1
1 57 87 1017.3226597537808 3.452663122475002e-11 1
1 57 88 1018.3000767459708 3.402314795106338e-11 1
1 57 89 1019.2238438358108 3.375789977402536e-11 1
1 57 90 1019.2238438358108 3.3301202199011177e-11 1
1 57 91 1020.3623936405008 3.2850075914672475e-11 1
1 58 24 976.2972080936308 4.770294088069093e-11 1
1 58 25 977.6034825076908 4.7344283215779755e-11 1
1 58 26 980.6562779178508 4.693193993227221e-11 1
1 58 27 984.2813999881608 4.749434680231474e-11 1
1 58 28 988.3000767459708 4.9811836799052155e-11 1
1 58 29 990.1396153201908 5.4819500932797037e-11 1
1 58 30 993.4345982303508 5.5859995115651946e-11 1
1 58 31 995.3485386600308 5.601338179870128e-11 1
1 58 32 995.9668858280008 5.6813372132343854e-11 1
1 58 33 997.6498692264408 5.637252497285574e-11 1
1 58 34 998.2098057498808 5.6535426051492305e-11 1
1 58 35 998.2098057498808 5.7052618016632513e-11 1
1 58 36 998.3635533084708 5.747914784637585e-11 1
1 58 37 998.7610752811308 5.7725914651333224e-11 1
1 58 38 1000.0110142459708 5.727464756113134e-11 1
1 58 39 1000.2533238162808 5.7654969283703856e-11 1
1 58 40 1000.2533238162808 5.823160247974893e-11 1
1 58 41 1000.6009190311308 5.850107074027135e-11 1
1 58 42 1001.1265537967508 5.8054771828346127e-11 1
1 58 43 1001.6781285037808 5.887198559102295e-11 1
1 59 24 977.2195103397208 4.592504244857009e-11 1
1 59 25 979.3635533084708 4.520718696043973e-11 1
1 59 26 981.7919590701908 4.544323028587353e-11 1
