6 19 27 1010.687647454427 3.5316349092853453e-11 1
6 20 17 933.920862786467 4.788639325370883e-11 1
6 20 18 941.799158684897 4.7583550765063536e-11 1
6 20 19 949.228235833337 4.6713329486355564e-11 1
6 20 20 960.524866692717 4.519754137531937e-11 1
6 20 21 965.109705559897 4.350578429900998e-11 1
6 20 22 984.732020013027 4.2041955030462854e-11 1
6 20 23 1013.704249016927 4.102158416690468e-11 1
6 20 24 1025.611658684897 4.040635361005011e-11 1
6 20 25 1029.610437981777 3.949360040836433e-11 1
6 20 26 1035.159571282557 3.6921717875468634e-11 1
6 20 27 1045.303858391927 3.4566462308148866e-11 1
6 21 11 979.348291985677 5.3272066583406884e-11 1
6 21 12 985.486353509117 5.15707414074902e-11 1
6 21 13 992.328699700527 4.986673998419241e-11 1
6 21 14 996.996302239587 4.885648341730387e-11 1
6 21 15 1000.265101067717 4.8180897941686646e-11 1
6 21 16 1004.828272454427 4.765510548171294e-11 1
6 21 17 1008.258143059897 4.7287789247106445e-11 1
6 21 18 1011.350184075527 4.7003036824082835e-11 1
