5 55 104 974.0088312118016 1.8372260423062438e-11 1
5 55 105 994.6105768172716 1.984564033334244e-11 1
5 55 106 1018.1038629500816 2.0534329000000472e-11 1
5 55 107 1011.0605890243016 2.1952718715721555e-11 1
5 56 79 953.6322442977416 1.0020482248458632e-11 1
5 56 80 953.6322442977416 1.0185222143759698e-11 1
5 56 81 956.6184503524316 1.0353140904696391e-11 1
5 56 82 959.4262506454016 1.0522515991026294e-11 1
5 56 83 961.4244806258716 1.0694181001144625e-11 1
5 56 84 968.3404962508716 1.0865354169971832e-11 1
5 56 85 968.3404962508716 1.1035238596841421e-11 1
5 56 86 971.3538019149316 1.1204755074438205e-11 1
5 56 87 975.6837579696216 1.1373548368175522e-11 1
5 56 88 980.5619928329016 1.1537502226478173e-11 1
5 56 89 990.2424737899316 1.1700128936264492e-11 1
5 56 90 990.2424737899316 1.1856838229305778e-11 1
5 56 91 993.9065973250816 1.2007093911450899e-11 1
5 56 92 997.0913507430516 1.2152843435368535e-11 1
5 56 93 1000.3260309188316 1.2293584026110095e-11 1
5 56 94 1005.3083307235216 1.2424095230033501e-11 1
5 56 95 1005.3083307235216 1.2547428946740697e-11 1
5 56 96 1007.5211603133716 1.2660942093321015e-11 1
5 56 97 1009.7773858993016 1.2763950635535481e-11 1
5 56 98 1010.1526910750816 1.2878388617573299e-11 1
5 56 99 1011.1145441024316 1.301949906705244e-11 1
5 56 100 1012.6248590438316 1.3180530586286235e-11 1
5 56 101 1014.1309015243016 1.3389455824813566e-11 1
5 56 102 1017.0211603133716 1.3870949959786778e-11 1
5 56 103 1019.9609186141516 1.5018946707444842e-11 1
5 56 104 1022.3608819930516 1.6887979529096187e-11 1
5 56 105 1026.7530328719618 1.8809833717694135e-11 1
5 57 32 970.0223199813316 7.8472769779528e-12 1
5 57 33 972.2991754500816 7.821272425048337e-12 1
5 57 34 971.0004693954016 7.803611380741793e-12 1
5 57 35 971.0004693954016 7.788621829192087e-12 1
5 57 36 968.7112848250816 7.774795363989072e-12 1
5 57 37 967.6572076766516 7.762247519389707e-12 1
5 57 38 970.5267145125816 7.750460664094542e-12 1
5 57 39 971.6857721297716 7.740740118502473e-12 1
5 57 40 971.6857721297716 7.733223591696811e-12 1
5 57 41 971.5129205672716 7.728125194439856e-12 1
5 57 42 970.9913751571216 7.725877146482185e-12 1
5 57 43 969.4397394149316 7.726624841508825e-12 1
5 57 44 972.5508844344616 7.730485541544824e-12 1
5 57 45 972.5508844344616 7.737288156448678e-12 1
5 57 46 974.2528497664916 7.746901412735656e-12 1
5 57 47 973.4493829696216 7.758982341305278e-12 1
5 57 48 969.5478937118016 7.772444028004332e-12 1
5 57 49 972.1990167586816 7.78672084418307e-12 1
5 57 50 972.1990167586816 7.801008390035311e-12 1
5 57 51 974.6124078719616 7.807792136805232e-12 1
5 57 52 978.0461847274316 7.807152769620161e-12 1
5 57 53 980.9744073836816 7.796061218945337e-12 1
5 57 54 981.2095758407116 7.780712697657719e-12 1
5 57 55 981.2095758407116 7.766759978827352e-12 1
5 57 56 982.2693292586816 7.759315550083503e-12 1
5 57 57 982.1091119735216 7.759542560253826e-12 1
5 57 58 983.4116022079016 7.764996934507424e-12 1
5 57 59 984.4233209579016 7.777195682073385e-12 1
5 57 60 984.4233209579016 7.798966588574049e-12 1
5 57 61 985.6721612899316 7.830003961627755e-12 1
5 57 62 986.3366510360216 7.869520549271755e-12 1
5 57 63 987.4625665633716 7.9178651297985e-12 1
5 57 64 991.1738092391516 7.97623937063418e-12 1
5 57 65 991.1738092391516 8.042308394204849e-12 1
5 57 66 993.0618097274316 8.117713333465624e-12 1
5 57 67 993.7745172469616 8.198703340563599e-12 1
5 57 68 994.4250909774316 8.28666041135295e-12 1
5 57 69 994.1943170516516 8.381083078369089e-12 1
5 57 70 994.1943170516516 8.479668990358088e-12 1
5 57 71 993.1614801375816 8.58414941860395e-12 1
5 57 72 991.5646783797716 8.697732697749533e-12 1
5 57 73 989.2161066024316 8.820792449625822e-12 1
5 57 74 986.9741632430516 8.95308115971634e-12 1
5 57 75 986.9741632430516 9.093510260538158e-12 1
5 57 76 988.4515192000816 9.242046320070433e-12 1
5 57 77 987.7522394149316 9.398156501977538e-12 1
5 57 78 986.6612359969616 9.561624981948835e-12 1
5 57 79 992.0505792586816 9.72985786534169e-12 1
5 57 80 992.0505792586816 9.90507834198931e-12 1
5 57 81 994.2942926375816 1.0085024307856674e-11 1
5 57 82 997.3703424422716 1.031207171371261e-11 1
5 57 83 999.5617486922716 1.0502547271559205e-11 1
5 57 84 1004.7646905868016 1.0698480017892103e-11 1
5 57 85 1004.7646905868016 1.089843581104603e-11 1
5 57 86 1005.9568292586816 1.1100477820555986e-11 1
5 57 87 1006.6406671493016 1.1302788875541652e-11 1
5 57 88 1007.6180841414916 1.1504497016179679e-11 1
5 57 89 1008.5418512313316 1.1504497016179679e-11 1
5 57 90 1008.5418512313316 1.1832924223316503e-11 1
5 57 91 1009.6804010360216 1.2014890279977605e-11 1
5 58 24 965.6152154891516 8.396055338460146e-12 1
5 58 25 966.9214899032116 8.366170373170636e-12 1
5 58 26 969.9742853133716 8.333350066139275e-12 1
5 58 27 973.5994073836816 8.254824535017892e-12 1
5 58 28 977.6180841414916 8.131890057293443e-12 1
5 58 29 979.4576227157116 8.016367056711579e-12 1
5 58 30 982.7526056258716 7.936908412684573e-12 1
5 58 31 984.6665460555516 7.863167216582545e-12 1
5 58 32 985.2848932235216 7.805218345762342e-12 1
5 58 33 986.9678766219616 7.765220841284987e-12 1
5 58 34 987.5278131454016 7.738672714637476e-12 1
5 58 35 987.5278131454016 7.693197138763542e-12 1
5 58 36 987.6815607039916 7.67371265145107e-12 1
5 58 37 988.0790826766516 7.655207295435164e-12 1
5 58 38 989.3290216414916 7.637814500729356e-12 1
5 58 39 989.5713312118016 7.621586198434921e-12 1
5 58 40 989.5713312118016 7.606658147246865e-12 1
5 58 41 989.9189264266516 7.606658147246865e-12 1
5 58 42 990.4445611922716 7.571453163070964e-12 1
5 58 43 990.9961358993016 7.562580596769575e-12 1
5 59 24 966.5375177352416 8.783002766800983e-12 1
5 59 25 968.6815607039916 8.698866649278383e-12 1
5 59 26 971.1099664657116 8.682438385237923e-12 1
