4 113 272 1022.6896283787421 1.089027005910594e-11 1
4 113 273 1013.2132177231954 1.1176923037567443e-11 1
4 113 274 998.3355242304451 1.1176923037567443e-11 1
4 114 266 997.1670067624016 8.635516283967733e-12 1
4 114 267 1003.2929527650979 9.105985659809389e-12 1
4 114 268 1010.3880406207356 9.502402261922715e-12 1
4 114 269 1025.6357893014383 9.813379864656342e-12 1
4 114 270 1030.2429418557278 1.0029157776198447e-11 1
4 114 271 1031.6287200734791 1.0248567111594699e-11 1
4 114 272 1030.0829208051389 1.0603022938525631e-11 1
4 114 273 1025.6636226596338 1.097635935786071e-11 1
4 114 274 1014.2825667903882 1.097635935786071e-11 1
4 115 260 1022.3183795824563 6.628902972373803e-12 1
4 115 261 1023.6472867223595 6.722462606190182e-12 1
4 115 262 1025.0497028079528 6.8697415715771935e-12 1
4 115 263 1027.1765629296513 7.094127650609024e-12 1
4 115 264 1027.9940538704363 7.392711963664138e-12 1
4 115 265 1028.6631773348809 7.75685851480002e-12 1
4 115 266 1024.6042675665105 8.185295915468066e-12 1
4 115 267 1031.9661809224574 8.656507595616443e-12 1
4 115 268 1033.019272800054 9.134841748935693e-12 1
4 115 269 1035.9428969737714 9.586290182046833e-12 1
4 116 199 968.7156776307339 4.9257212377896635e-12 1
4 116 200 969.1733967606342 4.949141480193886e-12 1
4 116 201 969.6364374833739 4.9727604995058426e-12 1
4 116 202 970.2117466637915 4.996431375211549e-12 1
4 116 203 970.7985961808771 5.020323970901161e-12 1
4 116 204 971.3854456979786 5.044366252247936e-12 1
4 116 205 971.9722952150737 5.068507744895845e-12 1
4 116 206 972.7494081766171 5.0928814230315125e-12 1
4 116 207 973.578723382909 5.117637791648527e-12 1
4 116 208 974.4080385891781 5.1421908648520594e-12 1
4 116 209 975.2373537955117 5.166980672151749e-12 1
4 116 210 976.0201254089941 5.192065359100243e-12 1
4 116 211 976.7740741553863 5.217112821707207e-12 1
4 116 212 977.5280229018198 5.242260926757214e-12 1
4 116 213 978.2819716482122 5.2676550685294695e-12 1
4 116 214 979.0435600377529 5.293083584353209e-12 1
4 116 215 979.8144697528634 5.3184306559715424e-12 1
4 116 216 980.585379467992 5.3440523244684655e-12 1
4 116 217 981.3562891831026 5.3698855396442086e-12 1
4 116 218 982.2841716938326 5.395260627538782e-12 1
4 116 219 983.6091953776922 5.421014890255323e-12 1
4 116 220 984.9342190614493 5.447016208102468e-12 1
4 116 221 986.259242745119 5.4727543493149145e-12 1
4 116 222 987.4752133450943 5.4985274973124475e-12 1
4 116 223 988.274825721802 5.5245036351626095e-12 1
4 116 224 989.0314079588649 5.550052974727462e-12 1
4 116 225 989.7879901959188 5.575500065388173e-12 1
4 116 226 990.6169729887456 5.6013344929731735e-12 1
4 116 227 991.8161841104629 5.627363844586613e-12 1
4 116 228 993.1154690115841 5.652675766706339e-12 1
4 116 229 994.414753912806 5.678216424086024e-12 1
4 116 230 995.7805338870985 5.703724842529444e-12 1
4 116 231 997.702659964543 5.7282633317933815e-12 1
4 116 232 999.8835959385401 5.753455108608617e-12 1
4 116 233 1002.0645319124204 5.778892294655719e-12 1
4 116 234 1004.2259933391541 5.803759245203201e-12 1
4 116 235 1005.7571044110988 5.828129211831249e-12 1
4 116 236 1006.8492721565633 5.853048237637948e-12 1
4 116 237 1007.9414399020861 5.878123195597482e-12 1
4 116 238 1009.0336076475797 5.9021917086449976e-12 1
4 116 239 1009.8763572076821 5.926458133516618e-12 1
4 116 240 1010.4424425674137 5.950481293775072e-12 1
4 116 241 1010.9988926971594 5.9738141555967924e-12 1
4 116 242 1011.5553428269197 5.997190555845947e-12 1
4 116 243 1012.1930787261658 6.0206340961162124e-12 1
4 116 244 1012.9885158036242 6.042810810375752e-12 1
4 116 245 1013.7950904226883 6.064756634390863e-12 1
4 116 246 1014.6016650417312 6.0871838195291435e-12 1
4 116 247 1015.4667558113888 6.109658497676561e-12 1
4 116 248 1016.5672704615206 6.130074496556842e-12 1
4 116 249 1017.6904278595068 6.151257440965257e-12 1
4 116 250 1018.8135852575524 6.172587291610277e-12 1
4 116 251 1019.8930865394896 6.192710879432293e-12 1
4 116 252 1020.1449169890426 6.21241576492738e-12 1
4 116 253 1020.3010413877355 6.23214973674704e-12 1
4 116 254 1020.4571657864323 6.250577278650952e-12 1
4 116 255 1020.6132901851252 6.2730869238892585e-12 1
4 116 256 1020.7831913388803 6.3073219023328574e-12 1
4 116 257 1021.0197529990735 6.354142644867185e-12 1
4 116 258 1021.4437215298326 6.416582155624591e-12 1
4 116 259 1022.7165841624713 6.4967825628902915e-12 1
4 116 260 1023.8836083119409 6.588151155411417e-12 1
4 116 261 1025.3985360418778 6.680520602726497e-12 1
4 116 262 1026.8071790930233 6.792508727289686e-12 1
4 116 263 1029.4165611218034 6.9878754986123946e-12 1
4 117 121 977.4747704764725 3.951800153719169e-12 1
4 117 122 977.4577861535278 3.9486343239456145e-12 1
4 117 123 977.2192081065975 3.945480009193474e-12 1
4 117 124 976.9562246251821 3.942873943333112e-12 1
4 117 125 976.6932411437461 3.941160320980976e-12 1
4 117 126 976.4527453728052 3.93944818750517e-12 1
4 117 127 976.3191916549052 3.937616970313746e-12 1
4 117 128 976.2143995254573 3.93727852227699e-12 1
4 117 129 976.1096073960238 3.937069191770092e-12 1
4 117 130 976.059551453941 3.9368598835206645e-12 1
4 117 131 976.4528648277469 3.9376196373989104e-12 1
4 117 132 977.0450481154624 3.9389749302202845e-12 1
4 117 133 977.6372314031667 3.94033693933435e-12 1
4 117 134 978.2207512825022 3.942274212089398e-12 1
4 117 135 978.4685912863833 3.945155492208276e-12 1
4 117 136 978.4969222557629 3.9480409870756196e-12 1
4 117 137 978.5252532251427 3.950795475965863e-12 1
4 117 138 978.5535841945235 3.954975561059777e-12 1
4 117 139 978.5558718738838 3.95934384437063e-12 1
4 117 140 978.5301590252084 3.963721787917362e-12 1
4 117 141 978.5035953360427 3.96891729718962e-12 1
4 117 142 978.4770316468778 3.974708111764749e-12 1
4 117 143 978.834553474597 3.9805230910335935e-12 1
4 117 144 979.9356910126876 3.986856189150322e-12 1
4 117 145 981.0794359215639 3.994033196585565e-12 1
4 117 146 982.2231808305066 4.00123609024599e-12 1
4 117 147 983.3676810438393 4.008230887155468e-12 1
4 117 148 984.5153274066541 4.016340389725639e-12 1
4 117 149 985.6632129596373 4.024803473443757e-12 1
4 117 150 986.8110985126432 4.0333022986681725e-12 1
4 117 151 987.9301721186121 4.042552157844465e-12 1
4 117 152 988.3629664224537 4.052134632794735e-12 1
4 117 153 988.7339353238364 4.06169037280015e-12 1
4 117 154 989.1049042251901 4.071023079494306e-12 1
4 117 155 989.4758731265479 4.081296391502063e-12 1
4 117 156 990.0646024036538 4.091879759889876e-12 1
4 117 157 990.7110889130063 4.10251819449602e-12 1
4 117 158 991.3575754223771 4.113410799830894e-12 1
4 117 159 992.0040619317417 4.124813385708304e-12 1
4 117 160 992.4260821812904 4.136279364420594e-12 1
4 117 161 992.7124023737954 4.1482407533476215e-12 1
4 117 162 992.9987225662921 4.160446763613302e-12 1
4 117 163 993.2850427588111 4.172676623676991e-12 1
4 117 164 993.3320322717376 4.1850628840616566e-12 1
4 117 165 993.0936088002843 4.19825321797043e-12 1
4 117 166 992.8551853288175 4.211526960423683e-12 1
4 117 167 992.6167618573642 4.224984177484583e-12 1
4 117 168 992.2744924806383 4.2396732227416225e-12 1
4 117 169 991.6766807291583 4.25432383525283e-12 1
4 117 170 991.0788689776955 4.269076052165623e-12 1
4 117 171 990.4810572261863 4.284824040474208e-12 1
4 117 172 989.8748227369872 4.3009424771199454e-12 1
4 117 173 989.2379844367896 4.317179508909524e-12 1
4 117 174 988.5978757203288 4.3339137213774265e-12 1
4 117 175 987.9577670039538 4.3513959446160804e-12 1
4 117 176 987.362490106358 4.369019779336116e-12 1
4 117 177 986.9879682996076 4.3868205782201685e-12 1
4 117 178 986.6730162928997 4.405511603942429e-12 1
4 117 179 986.3580642861984 4.424414220357989e-12 1
4 117 180 986.0291488807655 4.443479745712263e-12 1
4 117 181 985.5854830990629 4.463189002768564e-12 1
4 117 182 985.0893618753724 4.483268903625081e-12 1
4 117 183 984.5932406516764 4.503508640522991e-12 1
4 117 184 984.1059167284126 4.524042919407181e-12 1
4 117 185 983.9273828309458 4.5452162550702845e-12 1
4 117 186 983.9573518959535 4.566588712708702e-12 1
4 117 187 983.9873209609607 4.587873562263361e-12 1
4 117 188 984.0172900259686 4.609594205622583e-12 1
4 117 189 984.0614700092281 4.631901922951764e-12 1
4 117 190 984.1211598158604 4.654426602641451e-12 1
4 117 191 984.1813586585293 4.677252039560352e-12 1
4 117 192 984.2415575011935 4.700335321350704e-12 1
4 117 193 984.3763934946408 4.723571956926199e-12 1
4 117 194 984.6557945509447 4.746480553052156e-12 1
4 117 195 984.9444632077981 4.7700381116846655e-12 1
4 117 196 985.2331318646594 4.794067605604394e-12 1
4 117 197 985.6976428077296 4.818340329574203e-12 1
4 117 198 986.8814636124251 4.84285804453582e-12 1
4 117 199 988.1272488141539 4.867626548229199e-12 1
4 117 200 989.3730340158486 4.892349831037888e-12 1
4 117 201 990.5865682755524 4.916894187778012e-12 1
4 117 202 991.119711595585 4.942371799680973e-12 1
4 117 203 991.5829159437707 4.968135231152928e-12 1
4 117 204 992.0461202919691 4.994140536799995e-12 1
4 117 205 992.5093246401624 5.0203729528693785e-12 1
4 117 206 993.2703604345141 5.046882402908036e-12 1
4 117 207 994.113111715964 5.072858306829855e-12 1
4 117 208 994.955862997391 5.0989269209234825e-12 1
4 117 209 995.7986142788833 5.125880174601995e-12 1
4 117 210 996.6536091230279 5.153119895810303e-12 1
4 117 211 997.5161859899678 5.180464256378677e-12 1
4 117 212 998.378762856955 5.20802429988046e-12 1
4 117 213 999.2413397238952 5.235742030477034e-12 1
4 117 214 1000.2913200714822 5.262983150159137e-12 1
4 117 215 1001.569956238221 5.290926935814388e-12 1
4 117 216 1002.8485924049901 5.319169040203258e-12 1
4 117 217 1004.1272285717292 5.346606093454561e-12 1
4 117 218 1005.2765759295506 5.3738255444946055e-12 1
4 117 219 1006.0988226009156 5.402326011605525e-12 1
4 117 220 1006.9210692722168 5.431130399100607e-12 1
4 117 221 1007.7433159434638 5.4596554397683384e-12 1
4 117 222 1008.5697084303565 5.488241766111612e-12 1
4 117 223 1009.4119293956817 5.516968647077161e-12 1
4 117 224 1010.2557862159293 5.544474825409238e-12 1
4 117 225 1011.0996430361671 5.572554825375506e-12 1
4 117 226 1011.8947896937057 5.601396518051898e-12 1
4 117 227 1012.4408514932927 5.630486092898201e-12 1
4 117 228 1012.9195849411768 5.65877830131984e-12 1
4 117 229 1013.398318389098 5.687356272452956e-12 1
4 117 230 1013.9068619319357 5.715693259992322e-12 1
4 117 231 1014.6648183917152 5.742835423662398e-12 1
4 117 232 1015.5388007045818 5.770968799630517e-12 1
4 117 233 1016.4127830174016 5.799409835557141e-12 1
4 117 234 1017.277795018725 5.827620455301981e-12 1
4 117 235 1017.8524568008938 5.855259900879104e-12 1
4 117 236 1018.2249337344809 5.883162774543542e-12 1
4 117 237 1018.5974106680882 5.910424873468697e-12 1
4 117 238 1018.9698876016853 5.93667712289617e-12 1
4 117 239 1019.3110691192393 5.96386661486065e-12 1
4 118 61 989.3380060393232 3.887665885589919e-12 1
4 118 62 989.9644627257258 3.861256159022476e-12 1
4 118 63 988.6997257403967 3.84560939731981e-12 1
4 118 64 988.6568062084983 3.836693735550905e-12 1
4 118 65 990.0290334448301 3.83152153463872e-12 1
4 118 66 990.3670178025725 3.828550140863838e-12 1
4 118 67 991.0429865180624 3.826674232581317e-12 1
4 118 68 991.3032310636398 3.825520857927881e-12 1
4 118 69 991.3823271790365 3.8242919509608805e-12 1
4 118 70 991.4614232944379 3.823063833286304e-12 1
4 118 71 991.5405194098345 3.822117556389108e-12 1
4 118 72 991.564583638507 3.821285171543141e-12 1
4 118 73 991.4061256155113 3.820464839812393e-12 1
4 118 74 991.2270145637251 3.819897438492525e-12 1
4 118 75 991.0479035119419 3.8195040627758384e-12 1
4 118 76 990.8774938560927 3.819055344740421e-12 1
4 118 77 990.7471594962884 3.818624769565179e-12 1
4 118 78 990.6275492217356 3.818570702329734e-12 1
4 118 79 990.507938947182 3.8185166366253315e-12 1
4 118 80 990.4279074278991 3.818546510342358e-12 1
4 118 81 990.664929171252 3.8189581204692885e-12 1
4 118 82 991.0412848645615 3.819258918727081e-12 1
4 118 83 991.4176405578389 3.8195534094392546e-12 1
4 118 84 991.7930750059177 3.8200765848868044e-12 1
4 118 85 992.1282245908526 3.820778996433748e-12 1
4 118 86 992.4378943835936 3.821371166139535e-12 1
4 118 87 992.7475641763589 3.821991005422597e-12 1
4 118 88 993.0572339691001 3.823067758454122e-12 1
4 118 89 993.19702854415 3.823878831672992e-12 1
4 118 90 993.1566824054822 3.82469024910725e-12 1
4 118 91 993.1113781641059 3.82552539582157e-12 1
4 118 92 993.066073922728 3.8263703526167776e-12 1
4 118 93 992.9917525567176 3.827279771016633e-12 1
4 118 94 992.8612093684993 3.828677228961284e-12 1
4 118 95 992.7278431331696 3.829688456737777e-12 1
4 118 96 992.5944768978441 3.830469430575336e-12 1
4 118 97 992.4874081498738 3.831237174421549e-12 1
4 118 98 992.4920480612697 3.8317223641446765e-12 1
4 118 99 992.5040431864231 3.832207676772681e-12 1
4 118 100 992.5160383115776 3.8330265257574675e-12 1
4 118 101 992.538704750728 3.833370071901546e-12 1
4 118 102 992.853713730993 3.833358636525596e-12 1
4 118 103 993.1913878699733 3.833433834189678e-12 1
4 118 104 993.5290620089431 3.8338453304889835e-12 1
4 118 105 993.8667361479392 3.833384003812486e-12 1
4 118 106 994.252817039465 3.832712118204558e-12 1
4 118 107 994.651301084676 3.832012745153167e-12 1
4 118 108 995.0497851299107 3.830735328620062e-12 1
4 118 109 995.4482691751216 3.829458763466806e-12 1
4 118 110 995.8308055331614 3.828287444470116e-12 1
4 118 111 996.2039313190305 3.826758378846348e-12 1
4 118 112 996.5770571049062 3.825173083516614e-12 1
4 118 113 996.9501828907752 3.8235930144251025e-12 1
4 118 114 997.3391113996885 3.82193567551902e-12 1
4 118 115 997.7464602607297 3.820431265016825e-12 1
4 118 116 998.1538091217392 3.8190861090842835e-12 1
4 118 117 998.5611579827522 3.817761820741943e-12 1
4 118 118 998.8746966833029 3.817011186006915e-12 1
4 118 119 998.9636322110897 3.816617730677756e-12 1
4 118 120 999.052567738879 3.8162243564545284e-12 1
4 118 121 999.1415032666677 3.816788083589303e-12 1
4 118 122 999.2416737255155 3.817738601763871e-12 1
4 118 123 999.3807972272513 3.818614192644599e-12 1
4 118 124 999.5242108592238 3.819292346159232e-12 1
4 118 125 999.6676244912077 3.821107717102857e-12 1
4 118 126 999.8154394216175 3.823233661854057e-12 1
4 118 127 999.984185068451 3.825362494218841e-12 1
4 118 128 1000.1585599381752 3.827790016471854e-12 1
4 118 129 1000.3329348078756 3.830869729303546e-12 1
4 118 130 1000.5342506881339 3.833954401795129e-12 1
4 118 131 1000.9537918045212 3.837641411880332e-12 1
4 118 132 1001.4712161806856 3.8415772098523866e-12 1
4 118 133 1001.9886405568401 3.845420775806604e-12 1
4 118 134 1002.5014223093953 3.84891559683903e-12 1
4 118 135 1002.8343169732645 3.853508267253933e-12 1
4 118 136 1003.0495792020292 3.858369899793643e-12 1
4 118 137 1003.264841430796 3.863260214706712e-12 1
4 118 138 1003.480103659569 3.868687940648823e-12 1
4 118 139 1003.686791941678 3.874545006950826e-12 1
4 118 140 1003.8842619171292 3.88041983495495e-12 1
4 118 141 1004.081451779696 3.88704750211625e-12 1
4 118 142 1004.2786416422571 3.8939956805491065e-12 1
4 118 143 1004.4639095952048 3.900914351801696e-12 1
4 118 144 1004.6260959194019 3.9080437812348086e-12 1
4 118 145 1004.7869597224544 3.916169893487239e-12 1
4 118 146 1004.9478235255162 3.924329869890622e-12 1
4 118 147 1005.1373289437955 3.9323259303733125e-12 1
4 118 148 1005.4461383079138 3.94155613687449e-12 1
4 118 149 1005.7640179125639 3.951016799726432e-12 1
4 118 150 1006.0818975172202 3.9605229874859834e-12 1
4 118 151 1006.3939110750042 3.970732019983682e-12 1
4 118 152 1006.5661997281303 3.981515223506958e-12 1
4 118 153 1006.7259008699724 3.992364418741258e-12 1
4 118 154 1006.885602011802 4.0037103746173194e-12 1
4 118 155 1007.0453031536333 4.015841940111624e-12 1
4 118 156 1007.2302317055787 4.028047248296911e-12 1
4 118 157 1007.4218513985458 4.040090636465973e-12 1
4 118 158 1007.6134710915181 4.053166724852948e-12 1
4 118 159 1007.8050907844888 4.066628857511333e-12 1
4 118 160 1007.965524906676 4.080180714064907e-12 1
4 118 161 1008.1071059338119 4.094432123787193e-12 1
4 119 54 984.6540747644648 4.05984452873977e-12 1
4 119 55 986.7546760001693 4.030435905456666e-12 1
4 119 56 988.2473665858729 4.005081429143031e-12 1
4 119 57 988.8999035447154 3.986263777006939e-12 1
4 119 58 990.3039829669301 3.970831107202489e-12 1
4 119 59 992.2442159021433 3.9482024827293585e-12 1
4 119 60 993.9073570036442 3.913765646685771e-12 1
4 119 61 995.1072157472922 3.875348287842139e-12 1
4 119 62 996.7427355236864 3.8457151511251594e-12 1
4 119 63 997.8876880282894 3.827475667167401e-12 1
4 119 64 998.4879686281815 3.816516278396594e-12 1
4 119 65 999.0720356018905 3.80980276003326e-12 1
4 119 66 999.1316933925818 3.805697539798717e-12 1
4 119 67 999.2510089739654 3.802922927557952e-12 1
4 119 68 999.3608196803171 3.801061507616673e-12 1
4 119 69 999.5874961430324 3.7990367794885765e-12 1
4 119 70 999.8141726057614 3.797014207253725e-12 1
4 119 71 1000.0408490684765 3.795354988279321e-12 1
4 119 72 1000.2368553500137 3.793580269319219e-12 1
4 119 73 1000.3311389601693 3.791799766421887e-12 1
4 119 74 1000.4139122956 3.790106676656991e-12 1
4 119 75 1000.4966856310291 3.788555438754392e-12 1
4 119 76 1000.5823360274429 3.78700547013246e-12 1
4 119 77 1000.68123706454 3.785705619649353e-12 1
4 119 78 1000.7836839519186 3.784611709681691e-12 1
4 119 79 1000.8861308392982 3.7832805163910175e-12 1
4 120 48 976.9215519569815 4.21396783258732e-12 1
4 120 49 977.9076062030152 4.20740696185661e-12 1
4 120 50 979.0298413942458 4.209199158021821e-12 1
4 120 51 980.4947710108735 4.212823641540734e-12 1
4 120 52 982.3141204499998 4.213295831630439e-12 1
4 120 53 984.3573226032195 4.20567580185376e-12 1
4 120 54 986.580499436208 4.186335971918213e-12 1
4 120 55 988.1712325601338 4.15373734885939e-12 1
4 120 56 989.5003640070397 4.1138337294686354e-12 1
4 120 57 991.4286901865569 4.073655867036927e-12 1
4 121 48 977.2270667849982 4.334674611926331e-12 1
4 121 49 978.6879450049709 4.332978856300825e-12 1
4 121 50 979.7808920868703 4.3457052362619765e-12 1
4 121 51 981.0250573151317 4.3312548121562415e-12 1
