1 19 27 994.8601863506804 8.025265765914338e-09 1
1 20 17 918.0934016827204 9.000000000000001e-07 1
1 20 18 925.9716975811504 1.6143736820163768e-07 1
1 20 19 933.4007747295904 5.339263459249444e-08 1
1 20 20 944.6974055889704 2.340047091986865e-08 1
1 20 21 949.2822444561504 1.6476161909824505e-08 1
1 20 22 968.9045589092804 1.093139158965714e-08 1
1 20 23 997.8767879131804 7.837335980624142e-09 1
1 20 24 1009.7841975811504 7.080239920902328e-09 1
1 20 25 1013.7829768780304 6.904690488359578e-09 1
1 20 26 1019.3321101788104 7.171014814144638e-09 1
1 20 27 1029.4763972881804 7.156911756854627e-09 1
1 21 11 963.5208308819304 1.0642035279192093e-08 1
1 21 12 969.6588924053704 1.036982568711014e-08 1
1 21 13 976.5012385967804 1.1379525096831459e-08 1
1 21 14 981.1688411358404 1.2278974953409665e-08 1
1 21 15 984.4376399639704 1.2434236988851996e-08 1
1 21 16 989.0008113506804 1.2506955093842877e-08 1
1 21 17 992.4306819561504 1.2997363612564518e-08 1
1 21 18 995.5227229717804 1.326379531499846e-08 1
