6 55 104 974.0088312118016 1.5948830593746977e-11 1
6 55 105 994.6105768172716 1.5515957230795964e-11 1
6 55 106 1018.1038629500816 1.5391139532506605e-11 1
6 55 107 1011.0605890243016 1.537143009935029e-11 1
6 56 79 953.6322442977416 1.9224198535674538e-11 1
6 56 80 953.6322442977416 1.9136398023699248e-11 1
6 56 81 956.6184503524316 1.9050903394055262e-11 1
6 56 82 959.4262506454016 1.8967817993001293e-11 1
6 56 83 961.4244806258716 1.888767451398516e-11 1
6 56 84 968.3404962508716 1.8810338331618962e-11 1
6 56 85 968.3404962508716 1.873598161632089e-11 1
6 56 86 971.3538019149316 1.8664827624221123e-11 1
6 56 87 975.6837579696216 1.8596995626555464e-11 1
6 56 88 980.5619928329016 1.8532434661406764e-11 1
6 56 89 990.2424737899316 1.8471394744736877e-11 1
6 56 90 990.2424737899316 1.8413750150456002e-11 1
6 56 91 993.9065973250816 1.835953363943053e-11 1
6 56 92 997.0913507430516 1.8308789383961913e-11 1
6 56 93 1000.3260309188316 1.826142405662627e-11 1
6 56 94 1005.3083307235216 1.8217226313569886e-11 1
6 56 95 1005.3083307235216 1.8175988725707517e-11 1
6 56 96 1007.5211603133716 1.8137613248881056e-11 1
6 56 97 1009.7773858993016 1.8101826364244083e-11 1
6 56 98 1010.1526910750816 1.8060144434593378e-11 1
6 56 99 1011.1145441024316 1.80027735851613e-11 1
6 56 100 1012.6248590438316 1.79200698744298e-11 1
6 56 101 1014.1309015243016 1.7770977948788172e-11 1
6 56 102 1017.0211603133716 1.741711457506789e-11 1
6 56 103 1019.9609186141516 1.6764812720956176e-11 1
6 56 104 1022.3608819930516 1.6047177762356847e-11 1
6 56 105 1026.7530328719618 1.5558752118567038e-11 1
6 57 32 970.0223199813316 2.1578257337981045e-11 1
6 57 33 972.2991754500816 2.150449745694189e-11 1
6 57 34 971.0004693954016 2.145783283946e-11 1
6 57 35 971.0004693954016 2.142228225029523e-11 1
6 57 36 968.7112848250816 2.1388170124577808e-11 1
6 57 37 967.6572076766516 2.1355348534898063e-11 1
6 57 38 970.5267145125816 2.132438497095449e-11 1
6 57 39 971.6857721297716 2.1294870730530583e-11 1
6 57 40 971.6857721297716 2.1266808368320424e-11 1
6 57 41 971.5129205672716 2.124070358892106e-11 1
6 57 42 970.9913751571216 2.121614644603715e-11 1
6 57 43 969.4397394149316 2.119319629358966e-11 1
6 57 44 972.5508844344616 2.117209075845474e-11 1
6 57 45 972.5508844344616 2.11524383402279e-11 1
6 57 46 974.2528497664916 2.113421584946514e-11 1
6 57 47 973.4493829696216 2.111712353222825e-11 1
6 57 48 969.5478937118016 2.110081554842719e-11 1
6 57 49 972.1990167586816 2.108505049487258e-11 1
6 57 50 972.1990167586816 2.1069430000893793e-11 1
6 57 51 974.6124078719616 2.105305373956626e-11 1
6 57 52 978.0461847274316 2.1035800696031858e-11 1
6 57 53 980.9744073836816 2.101711131375225e-11 1
6 57 54 981.2095758407116 2.0995105759224197e-11 1
6 57 55 981.2095758407116 2.096823567679889e-11 1
6 57 56 982.2693292586816 2.093526639953873e-11 1
6 57 57 982.1091119735216 2.0896368757282708e-11 1
6 57 58 983.4116022079016 2.0851611266942135e-11 1
6 57 59 984.4233209579016 2.080138544706949e-11 1
6 57 60 984.4233209579016 2.0745978711045157e-11 1
6 57 61 985.6721612899316 2.068585599964501e-11 1
6 57 62 986.3366510360216 2.0621287280447957e-11 1
6 57 63 987.4625665633716 2.0552445141949216e-11 1
6 57 64 991.1738092391516 2.0480248789995575e-11 1
6 57 65 991.1738092391516 2.0404524010683544e-11 1
6 57 66 993.0618097274316 2.032630593691193e-11 1
6 57 67 993.7745172469616 2.02452669273457e-11 1
6 57 68 994.4250909774316 2.016239662265706e-11 1
6 57 69 994.1943170516516 2.0078130565728625e-11 1
6 57 70 994.1943170516516 1.999227832496595e-11 1
6 57 71 993.1614801375816 1.9905319391323423e-11 1
6 57 72 991.5646783797716 1.9818284302608948e-11 1
6 57 73 989.2161066024316 1.9730884895454555e-11 1
6 57 74 986.9741632430516 1.964354158648789e-11 1
6 57 75 986.9741632430516 1.9556342392062637e-11 1
6 57 76 988.4515192000816 1.9470186750969176e-11 1
6 57 77 987.7522394149316 1.938502667521068e-11 1
6 57 78 986.6612359969616 1.9301436631039005e-11 1
6 57 79 992.0505792586816 1.921887970069212e-11 1
6 57 80 992.0505792586816 1.9138538028456012e-11 1
6 57 81 994.2942926375816 1.9059647352308046e-11 1
6 57 82 997.3703424422716 1.8963906768507707e-11 1
6 57 83 999.5617486922716 1.888957456087118e-11 1
6 57 84 1004.7646905868016 1.8817859623521877e-11 1
6 57 85 1004.7646905868016 1.874880023527558e-11 1
6 57 86 1005.9568292586816 1.8682509093811647e-11 1
6 57 87 1006.6406671493016 1.861911277382051e-11 1
6 57 88 1007.6180841414916 1.8558730611823738e-11 1
6 57 89 1008.5418512313316 1.8558730611823738e-11 1
6 57 90 1008.5418512313316 1.8437172779287678e-11 1
6 57 91 1009.6804010360216 1.8385227406938076e-11 1
6 58 24 965.6152154891516 2.386018331587628e-11 1
6 58 25 966.9214899032116 2.3564554038835564e-11 1
6 58 26 969.9742853133716 2.320291744451702e-11 1
6 58 27 973.5994073836816 2.279514694740835e-11 1
6 58 28 977.6180841414916 2.2368287455648365e-11 1
6 58 29 979.4576227157116 2.196721571016403e-11 1
6 58 30 982.7526056258716 2.1673768315776346e-11 1
6 58 31 984.6665460555516 2.14994500310011e-11 1
6 58 32 985.2848932235216 2.1394503475326868e-11 1
6 58 33 986.9678766219616 2.132976523913669e-11 1
6 58 34 987.5278131454016 2.128899671677164e-11 1
6 58 35 987.5278131454016 2.1266301563139222e-11 1
6 58 36 987.6815607039916 2.1236270030112594e-11 1
6 58 37 988.0790826766516 2.1207558428706692e-11 1
6 58 38 989.3290216414916 2.1180046880761307e-11 1
6 58 39 989.5713312118016 2.1153726352715395e-11 1
6 58 40 989.5713312118016 2.1128697223795288e-11 1
6 58 41 989.9189264266516 2.1128697223795288e-11 1
6 58 42 990.4445611922716 2.109971851373463e-11 1
6 58 43 990.9961358993016 2.107781288102103e-11 1
6 59 24 966.5375177352416 2.3491138131591726e-11 1
6 59 25 968.6815607039916 2.324284008382704e-11 1
6 59 26 971.1099664657116 2.294209550361443e-11 1
