6 113 272 1003.9601230414087 7.710785887119746e-12 1
6 113 273 994.483712385862 7.707129094412332e-12 1
6 113 274 979.6060188931117 7.707129094412332e-12 1
6 114 266 978.4375014250681 8.077751732291227e-12 1
6 114 267 984.5634474277645 7.924464504275776e-12 1
6 114 268 991.6585352834022 7.805186813360916e-12 1
6 114 269 1006.9062839641049 7.72890324741193e-12 1
6 114 270 1011.5134365183944 7.69197892401517e-12 1
6 114 271 1012.8992147361458 7.676712323788558e-12 1
6 114 272 1011.3534154678055 7.67235010006591e-12 1
6 114 273 1006.9341173223005 7.685715049675145e-12 1
6 114 274 995.5530614530547 7.685715049675145e-12 1
6 115 260 1003.5888742451228 8.957957694331327e-12 1
6 115 261 1004.917781385026 8.88802789615072e-12 1
6 115 262 1006.3201974706195 8.781079040212386e-12 1
6 115 263 1008.447057592318 8.639438140590547e-12 1
6 115 264 1009.264548533103 8.472136652234491e-12 1
6 115 265 1009.9336719975475 8.292688985135013e-12 1
6 115 266 1005.8747622291772 8.117353337638305e-12 1
6 115 267 1013.236675585124 7.96051982457988e-12 1
6 115 268 1014.2897674627208 7.834372405193931e-12 1
6 115 269 1017.2133916364381 7.746820638160683e-12 1
6 116 199 949.9861722934005 9.61727114567997e-12 1
6 116 200 950.4438914233008 9.604095406973806e-12 1
6 116 201 950.9069321460405 9.591043913587318e-12 1
6 116 202 951.482241326458 9.578170347568526e-12 1
6 116 203 952.0690908435437 9.565334320965932e-12 1
6 116 204 952.6559403606452 9.552615938221363e-12 1
6 116 205 953.2427898777403 9.54006740639121e-12 1
6 116 206 954.0199028392836 9.52755179937935e-12 1
6 116 207 954.8492180455755 9.515000418742327e-12 1
6 116 208 955.6785332518447 9.502820794055162e-12 1
6 116 209 956.5078484581783 9.490672310431112e-12 1
6 116 210 957.2906200716607 9.47850610584893e-12 1
6 116 211 958.0445688180529 9.466589819841992e-12 1
6 116 212 958.7985175644864 9.454815265669195e-12 1
6 116 213 959.5524663108788 9.443058887790548e-12 1
6 116 214 960.3140547004194 9.431381116042716e-12 1
6 116 215 961.08496441553 9.419997978927384e-12 1
6 116 216 961.8558741306585 9.408671244174918e-12 1
6 116 217 962.6267838457692 9.39738443233786e-12 1
6 116 218 963.5546663564992 9.386413619493036e-12 1
6 116 219 964.8796900403588 9.37552314426173e-12 1
6 116 220 966.2047137241159 9.364657910833721e-12 1
6 116 221 967.5297374077855 9.354088896217974e-12 1
6 116 222 968.7457080077609 9.343652904985701e-12 1
6 116 223 969.5453203844686 9.333230871129276e-12 1
6 116 224 970.3019026215314 9.322921716570602e-12 1
6 116 225 971.0584848585854 9.312935767985898e-12 1
6 116 226 971.8874676514122 9.302994638338587e-12 1
6 116 227 973.0866787731295 9.29309423121943e-12 1
6 116 228 974.3859636742507 9.283621462843982e-12 1
6 116 229 975.6852485754725 9.274167986636094e-12 1
6 116 230 977.0510285497651 9.264704593959277e-12 1
6 116 231 978.9731546272096 9.255536472385688e-12 1
6 116 232 981.1540906012067 9.246561349354498e-12 1
6 116 233 983.335026575087 9.237605016516146e-12 1
6 116 234 985.4964880018207 9.228821191503283e-12 1
6 116 235 987.0275990737654 9.220332152905941e-12 1
6 116 236 988.1197668192299 9.211872456472808e-12 1
6 116 237 989.2119345647527 9.20344918924154e-12 1
6 116 238 990.3041023102463 9.195477150958943e-12 1
6 116 239 991.1468518703487 9.187518911501262e-12 1
6 116 240 991.7129372300802 9.17955698605842e-12 1
6 116 241 992.2693873598259 9.171938896136117e-12 1
6 116 242 992.8258374895863 9.164474975351745e-12 1
6 116 243 993.4635733888324 9.157020177255261e-12 1
6 116 244 994.2590104662908 9.149721976846782e-12 1
6 116 245 995.0655850853549 9.142723805843618e-12 1
6 116 246 995.8721597043977 9.135745156757762e-12 1
6 116 247 996.7372504740554 9.128795990756221e-12 1
6 116 248 997.8377651241872 9.122246238503373e-12 1
6 116 249 998.9609225221734 9.115697427598336e-12 1
6 116 250 1000.084079920219 9.109158012659369e-12 1
6 116 251 1001.1635812021561 9.102929531630166e-12 1
6 116 252 1001.4154116517092 9.096831148631343e-12 1
6 116 253 1001.5715360504021 9.090739400246527e-12 1
6 116 254 1001.7276604490988 9.084794857678105e-12 1
6 116 255 1001.8837848477917 9.077671117663213e-12 1
6 116 256 1002.0536860015469 9.067060539671043e-12 1
6 116 257 1002.2902476617401 9.0521066394126e-12 1
6 116 258 1002.7142161924992 9.031139954954249e-12 1
6 116 259 1003.9870788251379 9.002204499361862e-12 1
6 116 260 1005.1541029746074 8.961394836249116e-12 1
6 116 261 1006.6690307045445 8.901366682794104e-12 1
6 116 262 1008.0776737556898 8.811684899880476e-12 1
6 116 263 1010.6870557844701 8.661757421097163e-12 1
6 117 121 958.7452651391391 1.049977592756935e-11 1
6 117 122 958.7282808161943 1.0494633113858676e-11 1
6 117 123 958.4897027692641 1.0489497141608682e-11 1
6 117 124 958.2267192878487 1.0483997707680049e-11 1
6 117 125 957.9637358064127 1.0477901096981707e-11 1
6 117 126 957.7232400354718 1.0471811572713838e-11 1
6 117 127 957.5896863175718 1.0465647692283286e-11 1
6 117 128 957.4848941881239 1.0458602910371982e-11 1
6 117 129 957.3801020586903 1.0451601627213603e-11 1
6 117 130 957.3300461166076 1.0444609711496405e-11 1
6 117 131 957.7233594904135 1.0436952168985853e-11 1
6 117 132 958.3155427781289 1.0429081212338926e-11 1
6 117 133 958.9077260658332 1.0421223462186928e-11 1
6 117 134 959.4912459451688 1.0413069346274211e-11 1
6 117 135 959.7390859490499 1.0404423941298385e-11 1
6 117 136 959.7674169184295 1.0395792880032583e-11 1
6 117 137 959.7957478878093 1.0387063071522123e-11 1
6 117 138 959.8240788571901 1.0377597064545355e-11 1
6 117 139 959.8263665365504 1.036820432308355e-11 1
6 117 140 959.800653687875 1.0358828568947985e-11 1
6 117 141 959.7740899987093 1.0348885764136266e-11 1
6 117 142 959.7475263095444 1.0338803806593651e-11 1
6 117 143 960.1050481372636 1.0328743655867444e-11 1
6 117 144 961.2061856753542 1.0318449217556032e-11 1
6 117 145 962.3499305842305 1.0307760300036731e-11 1
6 117 146 963.4936754931732 1.0297093504974548e-11 1
6 117 147 964.6381757065059 1.028633217941365e-11 1
6 117 148 965.7858220693207 1.0274998373141683e-11 1
6 117 149 966.9337076223039 1.026376651593256e-11 1
6 117 150 968.0815931753098 1.0252559187557345e-11 1
6 117 151 969.2006667812786 1.0240962457360476e-11 1
6 117 152 969.6334610851203 1.0229225236304212e-11 1
6 117 153 970.0044299865029 1.0217499985378233e-11 1
6 117 154 970.3753988878567 1.0205495625323387e-11 1
6 117 155 970.7463677892144 1.0193278925573184e-11 1
6 117 156 971.3350970663204 1.0181136307539372e-11 1
6 117 157 971.9815835756729 1.0168994923844105e-11 1
6 117 158 972.6280700850436 1.0156349303452196e-11 1
6 117 159 973.2745565944083 1.0143831888738468e-11 1
6 117 160 973.696576843957 1.0131345290766754e-11 1
6 117 161 973.982897036462 1.0118604915713844e-11 1
6 117 162 974.2692172289587 1.0105781983708949e-11 1
6 117 163 974.5555374214777 1.0092973416125802e-11 1
6 117 164 974.6025269344042 1.0079982591235773e-11 1
6 117 165 974.3641034629509 1.0066892654951813e-11 1
6 117 166 974.125679991484 1.0053836671942528e-11 1
6 117 167 973.8872565200307 1.0040681735241159e-11 1
6 117 168 973.5449871433049 1.0027286847799329e-11 1
6 117 169 972.9471753918249 1.0014032182592141e-11 1
6 117 170 972.3493636403621 1.0000812512738442e-11 1
6 117 171 971.7515518888529 9.987339492656499e-12 1
6 117 172 971.1453173996538 9.973946984731641e-12 1
6 117 173 970.5084790994562 9.960594880697297e-12 1
6 117 174 969.8683703829954 9.947205336897234e-12 1
6 117 175 969.2282616666204 9.933732252123522e-12 1
6 117 176 968.6329847690246 9.920295615472243e-12 1
6 117 177 968.2584629622742 9.906750826246864e-12 1
6 117 178 967.9435109555662 9.893128095572818e-12 1
6 117 179 967.628558948865 9.879654448806036e-12 1
6 117 180 967.2996435434321 9.866217452176595e-12 1
6 117 181 966.8559777617295 9.8527650379486e-12 1
6 117 182 966.359856538039 9.839328354408168e-12 1
6 117 183 965.863735314343 9.825907542640845e-12 1
6 117 184 965.3764113910792 9.812414412056701e-12 1
6 117 185 965.1978774936124 9.79903034312037e-12 1
6 117 186 965.2278465586201 9.785682736014938e-12 1
6 117 187 965.2578156236273 9.772236794304313e-12 1
6 117 188 965.2877846886352 9.758852805734251e-12 1
6 117 189 965.3319646718946 9.74561348526214e-12 1
6 117 190 965.391654478527 9.732410038296808e-12 1
6 117 191 965.4518533211959 9.71928359834409e-12 1
6 117 192 965.5120521638601 9.706209139568915e-12 1
6 117 193 965.6468881573073 9.693151276978632e-12 1
6 117 194 965.9262892136113 9.680023574407996e-12 1
6 117 195 966.2149578704647 9.667090615015893e-12 1
6 117 196 966.503626527326 9.65425253008134e-12 1
6 117 197 966.9681374703962 9.64145429635676e-12 1
6 117 198 968.1519582750917 9.628810640037524e-12 1
6 117 199 969.3977434768204 9.616200101684544e-12 1
6 117 200 970.6435286785152 9.603553415666979e-12 1
6 117 201 971.857062938219 9.59095486440725e-12 1
6 117 202 972.3902062582516 9.57861599390797e-12 1
6 117 203 972.8534106064373 9.566314122814758e-12 1
6 117 204 973.3166149546357 9.554111283247108e-12 1
6 117 205 973.779819302829 9.542049786764927e-12 1
6 117 206 974.5408550971807 9.530018705726997e-12 1
6 117 207 975.3836063786306 9.517944390791514e-12 1
6 117 208 976.2263576600576 9.50616521067722e-12 1
6 117 209 977.0691089415499 9.494509115826031e-12 1
6 117 210 977.9241037856945 9.482881570480627e-12 1
6 117 211 978.7866806526343 9.471473791037304e-12 1
6 117 212 979.6492575196215 9.460170483479446e-12 1
6 117 213 980.5118343865618 9.448878166586828e-12 1
6 117 214 981.5618147341488 9.437667129987536e-12 1
6 117 215 982.8404509008876 9.426764044114416e-12 1
6 117 216 984.1190870676567 9.415886121261485e-12 1
6 117 217 985.3977232343958 9.404944107300491e-12 1
6 117 218 986.5470705922172 9.394351776664825e-12 1
6 117 219 987.3693172635822 9.38386611228515e-12 1
6 117 220 988.1915639348833 9.373403829310673e-12 1
6 117 221 989.0138106061304 9.363217003685375e-12 1
6 117 222 989.8402030930231 9.353153879837447e-12 1
6 117 223 990.6824240583483 9.343098474970732e-12 1
6 117 224 991.5262808785959 9.333110518751473e-12 1
6 117 225 992.3701376988337 9.323445011961668e-12 1
6 117 226 993.1652843563722 9.313832467170317e-12 1
6 117 227 993.7113461559593 9.304258132253212e-12 1
6 117 228 994.1900796038434 9.295086902331769e-12 1
6 117 229 994.6688130517646 9.28593373481356e-12 1
6 117 230 995.1773565946023 9.27675153018474e-12 1
6 117 231 995.9353130543818 9.267833684636536e-12 1
6 117 232 996.8092953672484 9.259142101685994e-12 1
6 117 233 997.6832776800682 9.250469269147535e-12 1
6 117 234 998.5482896813916 9.241963542635761e-12 1
6 117 235 999.1229514635604 9.233720151594154e-12 1
6 117 236 999.4954283971475 9.225491452871604e-12 1
6 117 237 999.8679053307548 9.21724593059328e-12 1
6 117 238 1000.2403822643519 9.209405417612154e-12 1
6 117 239 1000.5815637819059 9.201613750786806e-12 1
6 118 61 970.6085007019898 1.0753394195060379e-11 1
6 118 62 971.2349573883923 1.0701206874477358e-11 1
6 118 63 969.9702204030633 1.0669592149162899e-11 1
6 118 64 969.9273008711649 1.0650084908055313e-11 1
6 118 65 971.2995281074967 1.0637659750846058e-11 1
6 118 66 971.6375124652391 1.062977315644879e-11 1
6 118 67 972.313481180729 1.0624479198046471e-11 1
6 118 68 972.5737257263064 1.0620471853475498e-11 1
6 118 69 972.652821841703 1.0616514095968616e-11 1
6 118 70 972.7319179571044 1.0612559287108403e-11 1
6 118 71 972.811014072501 1.0608763771359156e-11 1
6 118 72 972.8350783011736 1.0605034047397635e-11 1
6 118 73 972.6766202781779 1.0601300943883297e-11 1
6 118 74 972.4975092263917 1.0597609099209872e-11 1
6 118 75 972.3183981746084 1.0594087903250183e-11 1
6 118 76 972.1479885187592 1.0590587206280122e-11 1
6 118 77 972.017654158955 1.0587098816061551e-11 1
6 118 78 971.8980438844022 1.0583821173109694e-11 1
6 118 79 971.7784336098485 1.0580545558970188e-11 1
6 118 80 971.6984020905657 1.0577256681415035e-11 1
6 118 81 971.9354238339185 1.0574106676493972e-11 1
6 118 82 972.311779527228 1.0571022215979187e-11 1
6 118 83 972.6881352205055 1.0567939582611969e-11 1
6 118 84 973.0635696685843 1.056493466752782e-11 1
6 118 85 973.3987192535192 1.0562044664673177e-11 1
6 118 86 973.7083890462602 1.0559149979469443e-11 1
6 118 87 974.0180588390255 1.0556264577284728e-11 1
6 118 88 974.3277286317667 1.0553531016581783e-11 1
6 118 89 974.4675232068166 1.0550775522139476e-11 1
6 118 90 974.4271770681488 1.054802146622379e-11 1
6 118 91 974.3818728267725 1.054536385991831e-11 1
6 118 92 974.3365685853946 1.0542745932545727e-11 1
6 118 93 974.2622472193842 1.0540135236765697e-11 1
6 118 94 974.1317040311659 1.0537600931372729e-11 1
6 118 95 973.9983377958362 1.0535066351288284e-11 1
6 118 96 973.8649715605106 1.0532503299099802e-11 1
6 118 97 973.7579028125404 1.0529942979003275e-11 1
6 118 98 973.7625427239362 1.0527414887403422e-11 1
6 118 99 973.7745378490897 1.0524888009430863e-11 1
6 118 100 973.7865329742442 1.0522400403687113e-11 1
6 118 101 973.8091994133946 1.051986547285919e-11 1
6 118 102 974.1242083936596 1.0517293607642165e-11 1
6 118 103 974.4618825326398 1.051473480670934e-11 1
6 118 104 974.7995566716097 1.051222663111337e-11 1
6 118 105 975.1372308106057 1.0509572828597766e-11 1
6 118 106 975.5233117021315 1.0506872580073798e-11 1
6 118 107 975.9217957473426 1.0504164665911977e-11 1
6 118 108 976.3202797925773 1.0501269307512532e-11 1
6 118 109 976.7187638377882 1.0498375544821163e-11 1
6 118 110 977.101300195828 1.04955581949269e-11 1
6 118 111 977.4744259816971 1.049259736066819e-11 1
6 118 112 977.8475517675728 1.0489366844677888e-11 1
6 118 113 978.2206775534418 1.048613331929446e-11 1
6 118 114 978.609606062355 1.0482764116800342e-11 1
6 118 115 979.0169549233963 1.0479066338251141e-11 1
6 118 116 979.4243037844058 1.047531170318673e-11 1
6 118 117 979.8316526454188 1.0471534236466012e-11 1
6 118 118 980.1451913459695 1.0467186771749507e-11 1
6 118 119 980.2341268737563 1.046275107033433e-11 1
6 118 120 980.3230624015456 1.0458319126779429e-11 1
6 118 121 980.4119979293342 1.045334285070444e-11 1
6 118 122 980.5121683881821 1.0448150258144231e-11 1
6 118 123 980.6512918899178 1.0442968526142682e-11 1
6 118 124 980.7947055218904 1.0437505937823712e-11 1
6 118 125 980.9381191538743 1.0431522265757328e-11 1
6 118 126 981.0859340842841 1.0425551196846697e-11 1
6 118 127 981.2546797311176 1.04195482389634e-11 1
6 118 128 981.4290546008418 1.0412755064574944e-11 1
6 118 129 981.6034294705422 1.0405993454808346e-11 1
6 118 130 981.8047453508004 1.0399240620759095e-11 1
6 118 131 982.2242864671878 1.0391942904557078e-11 1
6 118 132 982.7417108433522 1.0384432234332143e-11 1
6 118 133 983.2591352195067 1.037692279065574e-11 1
6 118 134 983.7719169720618 1.0369059802033807e-11 1
6 118 135 984.1048116359311 1.0360790597382857e-11 1
6 118 136 984.3200738646958 1.0352569276845552e-11 1
6 118 137 984.5353360934625 1.0344323546205829e-11 1
6 118 138 984.7505983222355 1.0335345080077395e-11 1
6 118 139 984.9572866043446 1.0326460130550444e-11 1
6 118 140 985.1547565797957 1.0317590444088578e-11 1
6 118 141 985.3519464423625 1.0308247364743818e-11 1
6 118 142 985.5491363049236 1.0298724293828437e-11 1
6 118 143 985.7344042578713 1.0289203688915114e-11 1
6 118 144 985.8965905820685 1.0279403099486205e-11 1
6 118 145 986.057454385121 1.0269317194896448e-11 1
6 118 146 986.2183181881828 1.0259251063003154e-11 1
6 118 147 986.4078236064621 1.0249065464165478e-11 1
6 118 148 986.7166329705803 1.02383477962177e-11 1
6 118 149 987.0345125752305 1.022776089558417e-11 1
6 118 150 987.3523921798868 1.0217195866973116e-11 1
6 118 151 987.6644057376708 1.0206151914822286e-11 1
6 118 152 987.8366943907969 1.0195111471659306e-11 1
6 118 153 987.996395532639 1.0184100021857743e-11 1
6 118 154 988.1560966744686 1.0172924138624452e-11 1
6 118 155 988.3157978162999 1.0161465161025073e-11 1
6 118 156 988.5007263682453 1.0150031969605585e-11 1
6 118 157 988.6923460612123 1.013848277789772e-11 1
6 118 158 988.8839657541847 1.0126557813338801e-11 1
6 118 159 989.0755854471554 1.0114788971716803e-11 1
6 118 160 989.2360195693426 1.0103047453269093e-11 1
6 118 161 989.3776005964785 1.0091072146848743e-11 1
6 119 54 965.9245694271314 1.138557970057825e-11 1
6 119 55 968.0251706628359 1.127549225881073e-11 1
6 119 56 969.5178612485395 1.1166040856219055e-11 1
6 119 57 970.1703982073819 1.1060102450899321e-11 1
6 119 58 971.5744776295967 1.095942199193282e-11 1
6 119 59 973.5147105648099 1.0865548963671218e-11 1
6 119 60 975.1778516663107 1.0779773031103998e-11 1
6 119 61 976.3777104099588 1.0708591296472148e-11 1
6 119 62 978.013230186353 1.0659758845903422e-11 1
6 119 63 979.158182690956 1.0630185775492689e-11 1
6 119 64 979.7584632908481 1.061186280399358e-11 1
6 119 65 980.3425302645571 1.0600186203404314e-11 1
6 119 66 980.4021880552484 1.0592716592537556e-11 1
6 119 67 980.521503636632 1.0587760281624443e-11 1
6 119 68 980.6313143429837 1.0583954836034466e-11 1
6 119 69 980.8579908056989 1.058017489276308e-11 1
6 119 70 981.084667268428 1.057639764845827e-11 1
6 119 71 981.3113437311431 1.057274266497996e-11 1
6 119 72 981.5073500126803 1.0569139440146909e-11 1
6 119 73 981.6016336228358 1.0565538698647436e-11 1
6 119 74 981.6844069582665 1.0561997318897858e-11 1
6 119 75 981.7671802936957 1.0558551475856412e-11 1
6 119 76 981.8528306901095 1.0555107880488653e-11 1
6 119 77 981.9517317272066 1.0551686242484143e-11 1
6 119 78 982.0541786145852 1.0548408891970636e-11 1
6 119 79 982.1566255019648 1.0545121561293786e-11 1
6 120 48 958.1920466196481 1.184607937015121e-11 1
6 120 49 959.1781008656818 1.1772481987303479e-11 1
6 120 50 960.3003360569123 1.1690778861171886e-11 1
6 120 51 961.7652656735401 1.1601809411707585e-11 1
6 120 52 963.5846151126664 1.1506781743828891e-11 1
6 120 53 965.627817265886 1.1407119998289978e-11 1
6 120 54 967.8509940988746 1.1304516832435836e-11 1
6 120 55 969.4417272228004 1.1200733426835944e-11 1
6 120 56 970.7708586697063 1.1097561534075478e-11 1
6 120 57 972.6991848492235 1.099752302929308e-11 1
6 121 48 958.4975614476648 1.1748293712020087e-11 1
6 121 49 959.9584396676374 1.1675344231799142e-11 1
6 121 50 961.0513867495368 1.1595692270086926e-11 1
6 121 51 962.2955519777983 1.1516556279753315e-11 1
