3 55 104 991.4210966133227 1.288220385880811e-10 1
3 55 105 1012.0228422187927 1.1898291960161562e-10 1
3 55 106 1035.5161283516027 1.292073155228986e-10 1
3 55 107 1028.4728544258226 1.6860563836846748e-10 1
3 56 79 971.0445096992627 1.1541024505989828e-10 1
3 56 80 971.0445096992627 1.168150609367819e-10 1
3 56 81 974.0307157539527 1.1811754666156431e-10 1
3 56 82 976.8385160469227 1.1931390892623914e-10 1
3 56 83 978.8367460273927 1.2039757164077703e-10 1
3 56 84 985.7527616523927 1.2136722787339726e-10 1
3 56 85 985.7527616523927 1.2222203215407405e-10 1
3 56 86 988.7660673164527 1.2296684860873398e-10 1
3 56 87 993.0960233711427 1.236041456871767e-10 1
3 56 88 997.9742582344227 1.241459056051941e-10 1
3 56 89 1007.6547391914527 1.2459607990951078e-10 1
3 56 90 1007.6547391914527 1.2497142635638727e-10 1
3 56 91 1011.3188627266027 1.2527608223894307e-10 1
3 56 92 1014.5036161445727 1.255046323430792e-10 1
3 56 93 1017.7382963203527 1.2565546935426987e-10 1
3 56 94 1022.7205961250427 1.2576125813431568e-10 1
3 56 95 1022.7205961250427 1.2580806272237224e-10 1
3 56 96 1024.9334257148926 1.2581628801164814e-10 1
3 56 97 1027.1896513008226 1.2579696783469923e-10 1
3 56 98 1027.5649564766027 1.2575319259457552e-10 1
3 56 99 1028.5268095039526 1.2569882898176527e-10 1
3 56 100 1030.0371244453527 1.2585847129815047e-10 1
3 56 101 1031.5431669258226 1.2721117947159413e-10 1
3 56 102 1034.4334257148926 1.3160907972955489e-10 1
3 56 103 1037.3731840156727 1.3266557893416811e-10 1
3 56 104 1039.7731473945726 1.2326466278831854e-10 1
3 56 105 1044.1652982734827 1.119193530345604e-10 1
3 57 32 987.4345853828527 9.201583040010168e-11 1
3 57 33 989.7114408516027 9.182292293909261e-11 1
3 57 34 988.4127347969227 9.157084843133434e-11 1
3 57 35 988.4127347969227 9.131010309773213e-11 1
3 57 36 986.1235502266027 9.095152438669302e-11 1
3 57 37 985.0694730781727 9.050216275248696e-11 1
3 57 38 987.9389799141027 8.999257653028161e-11 1
3 57 39 989.0980375312927 8.940074910865597e-11 1
3 57 40 989.0980375312927 8.875440789806736e-11 1
3 57 41 988.9251859687927 8.809793778098304e-11 1
3 57 42 988.4036405586427 8.743025867901864e-11 1
3 57 43 986.8520048164527 8.677949557269574e-11 1
3 57 44 989.9631498359827 8.61457856381387e-11 1
3 57 45 989.9631498359827 8.555248985611803e-11 1
3 57 46 991.6651151680127 8.497949291038883e-11 1
3 57 47 990.8616483711427 8.442986816498019e-11 1
3 57 48 986.9601591133227 8.389477347311403e-11 1
3 57 49 989.6112821602027 8.339986258133116e-11 1
3 57 50 989.6112821602027 8.295100752508871e-11 1
3 57 51 992.0246732734827 8.257084932673986e-11 1
3 57 52 995.4584501289527 8.230237438203943e-11 1
3 57 53 998.3866727852027 8.219004679626044e-11 1
3 57 54 998.6218412422327 8.225021785492947e-11 1
3 57 55 998.6218412422327 8.248103061410693e-11 1
3 57 56 999.6815946602027 8.286349787163746e-11 1
3 57 57 999.5213773750427 8.339575712307635e-11 1
3 57 58 1000.8238676094227 8.409560252077812e-11 1
3 57 59 1001.8355863594227 8.494335617842267e-11 1
3 57 60 1001.8355863594227 8.589661112039088e-11 1
3 57 61 1003.0844266914527 8.693207703502944e-11 1
3 57 62 1003.7489164375427 8.80408656386844e-11 1
3 57 63 1004.8748319648927 8.92077018879704e-11 1
3 57 64 1008.5860746406727 9.040999543287011e-11 1
3 57 65 1008.5860746406727 9.164613603571873e-11 1
3 57 66 1010.4740751289527 9.29003127095801e-11 1
3 57 67 1011.1867826484827 9.421827231370469e-11 1
3 57 68 1011.8373563789527 9.559967235225166e-11 1
3 57 69 1011.6065824531727 9.704761672304224e-11 1
3 57 70 1011.6065824531727 9.859290964369965e-11 1
3 57 71 1010.5737455391027 1.0016503104790974e-10 1
3 57 72 1008.9769437812927 1.0170248723120288e-10 1
3 57 73 1006.6283720039527 1.0318951926017055e-10 1
3 57 74 1004.3864286445727 1.0463388053823188e-10 1
3 57 75 1004.3864286445727 1.060502707865501e-10 1
3 57 76 1005.8637846016027 1.0741968723967701e-10 1
3 57 77 1005.1645048164527 1.0873909082090059e-10 1
3 57 78 1004.0735013984827 1.099953786252491e-10 1
3 57 79 1009.4628446602027 1.1121172831614568e-10 1
3 57 80 1009.4628446602027 1.1234170622069179e-10 1
3 57 81 1011.7065580391027 1.1340091437943294e-10 1
3 57 82 1014.7826078437927 1.1526542213216281e-10 1
3 57 83 1016.9740140937927 1.1612209333744557e-10 1
3 57 84 1022.1769559883227 1.1685318731439028e-10 1
3 57 85 1022.1769559883227 1.1746918575837356e-10 1
3 57 86 1023.3690946602027 1.1798711136276108e-10 1
3 57 87 1024.0529325508226 1.1841679691381569e-10 1
3 57 88 1025.0303495430126 1.1875959861372035e-10 1
3 57 89 1025.9541166328527 1.1875959861372035e-10 1
3 57 90 1025.9541166328527 1.2076016845541178e-10 1
3 57 91 1027.0926664375427 1.2094279872147872e-10 1
3 58 24 983.0274808906727 9.849946768491547e-11 1
3 58 25 984.3337553047327 1.0069703659704535e-10 1
3 58 26 987.3865507148927 1.0160733099324496e-10 1
3 58 27 991.0116727852027 1.0079146073551606e-10 1
3 58 28 995.0303495430127 9.697546725219969e-11 1
3 58 29 996.8698881172327 9.196729661597917e-11 1
3 58 30 1000.1648710273927 9.072648573170657e-11 1
3 58 31 1002.0788114570727 9.106896836082179e-11 1
3 58 32 1002.6971586250427 9.111471083729061e-11 1
3 58 33 1004.3801420234827 9.107633546115708e-11 1
3 58 34 1004.9400785469227 9.102261923935008e-11 1
3 58 35 1004.9400785469227 9.119923740872182e-11 1
3 58 36 1005.0938261055127 9.104979007532319e-11 1
3 58 37 1005.4913480781727 9.08554016098168e-11 1
3 58 38 1006.7412870430127 9.06279278002368e-11 1
3 58 39 1006.9835966133227 9.037709295935844e-11 1
3 58 40 1006.9835966133227 9.011543565098674e-11 1
3 58 41 1007.3311918281727 8.944641247357788e-11 1
3 58 42 1007.8568265937927 9.02018241039616e-11 1
3 58 43 1008.4084013008227 8.901052259863657e-11 1
3 59 24 983.9497831367627 9.942954242019663e-11 1
3 59 25 986.0938261055127 1.0188492395087497e-10 1
3 59 26 988.5222318672327 1.0129407446047244e-10 1
