2 55 104 971.5184244581562 1.2882203858808065e-10 1
2 55 105 992.1201700636262 1.1898291960161562e-10 1
2 55 106 1015.6134561964362 1.292073155228986e-10 1
2 55 107 1008.5701822706562 1.6860563836846748e-10 1
2 56 79 951.1418375440962 1.1541024505989865e-10 1
2 56 80 951.1418375440962 1.168150609367819e-10 1
2 56 81 954.1280435987862 1.1811754666156431e-10 1
2 56 82 956.9358438917562 1.1931390892623914e-10 1
2 56 83 958.9340738722262 1.2039757164077744e-10 1
2 56 84 965.8500894972262 1.2136722787339685e-10 1
2 56 85 965.8500894972262 1.2222203215407405e-10 1
2 56 86 968.8633951612862 1.2296684860873398e-10 1
2 56 87 973.1933512159762 1.236041456871767e-10 1
2 56 88 978.0715860792562 1.241459056051941e-10 1
2 56 89 987.7520670362862 1.2459607990951078e-10 1
2 56 90 987.7520670362862 1.2497142635638727e-10 1
2 56 91 991.4161905714362 1.2527608223894353e-10 1
2 56 92 994.6009439894062 1.255046323430792e-10 1
2 56 93 997.8356241651862 1.2565546935426987e-10 1
2 56 94 1002.8179239698762 1.2576125813431524e-10 1
2 56 95 1002.8179239698762 1.2580806272237224e-10 1
2 56 96 1005.0307535597262 1.2581628801164767e-10 1
2 56 97 1007.2869791456562 1.2579696783469923e-10 1
2 56 98 1007.6622843214362 1.2575319259457552e-10 1
2 56 99 1008.6241373487862 1.2569882898176574e-10 1
2 56 100 1010.1344522901862 1.2585847129815094e-10 1
2 56 101 1011.6404947706562 1.2721117947159413e-10 1
2 56 102 1014.5307535597262 1.3160907972955489e-10 1
2 56 103 1017.4705118605062 1.3266557893416811e-10 1
2 56 104 1019.8704752394062 1.2326466278831854e-10 1
2 56 105 1024.2626261183161 1.1191935303456004e-10 1
2 57 32 967.5319132276862 9.201583040010145e-11 1
2 57 33 969.8087686964362 9.182292293909261e-11 1
2 57 34 968.5100626417562 9.157084843133458e-11 1
2 57 35 968.5100626417562 9.131010309773213e-11 1
2 57 36 966.2208780714362 9.095152438669302e-11 1
2 57 37 965.1668009230062 9.050216275248719e-11 1
2 57 38 968.0363077589362 8.999257653028161e-11 1
2 57 39 969.1953653761262 8.940074910865597e-11 1
2 57 40 969.1953653761262 8.875440789806736e-11 1
2 57 41 969.0225138136262 8.809793778098304e-11 1
2 57 42 968.5009684034762 8.743025867901864e-11 1
2 57 43 966.9493326612862 8.677949557269574e-11 1
2 57 44 970.0604776808162 8.61457856381387e-11 1
2 57 45 970.0604776808162 8.555248985611782e-11 1
2 57 46 971.7624430128462 8.497949291038863e-11 1
2 57 47 970.9589762159762 8.442986816498e-11 1
2 57 48 967.0574869581562 8.389477347311403e-11 1
2 57 49 969.7086100050362 8.339986258133116e-11 1
2 57 50 969.7086100050362 8.295100752508871e-11 1
2 57 51 972.1220011183162 8.257084932673986e-11 1
2 57 52 975.5557779737862 8.230237438203943e-11 1
2 57 53 978.4840006300362 8.219004679626044e-11 1
2 57 54 978.7191690870662 8.225021785492928e-11 1
2 57 55 978.7191690870662 8.248103061410713e-11 1
2 57 56 979.7789225050362 8.286349787163746e-11 1
2 57 57 979.6187052198762 8.339575712307654e-11 1
2 57 58 980.9211954542562 8.409560252077812e-11 1
2 57 59 981.9329142042562 8.494335617842267e-11 1
2 57 60 981.9329142042562 8.589661112039067e-11 1
2 57 61 983.1817545362862 8.693207703502966e-11 1
2 57 62 983.8462442823762 8.80408656386844e-11 1
2 57 63 984.9721598097262 8.920770188797063e-11 1
2 57 64 988.6834024855062 9.040999543286987e-11 1
2 57 65 988.6834024855062 9.164613603571849e-11 1
2 57 66 990.5714029737862 9.29003127095801e-11 1
2 57 67 991.2841104933162 9.421827231370469e-11 1
2 57 68 991.9346842237862 9.559967235225166e-11 1
2 57 69 991.7039102980062 9.704761672304198e-11 1
2 57 70 991.7039102980062 9.859290964369992e-11 1
2 57 71 990.6710733839362 1.0016503104790974e-10 1
2 57 72 989.0742716261262 1.0170248723120288e-10 1
2 57 73 986.7256998487862 1.0318951926017026e-10 1
2 57 74 984.4837564894062 1.0463388053823188e-10 1
2 57 75 984.4837564894062 1.0605027078655042e-10 1
2 57 76 985.9611124464362 1.0741968723967701e-10 1
2 57 77 985.2618326612862 1.0873909082090025e-10 1
2 57 78 984.1708292433162 1.099953786252491e-10 1
2 57 79 989.5601725050362 1.1121172831614568e-10 1
2 57 80 989.5601725050362 1.1234170622069179e-10 1
2 57 81 991.8038858839362 1.1340091437943332e-10 1
2 57 82 994.8799356886262 1.1526542213216281e-10 1
2 57 83 997.0713419386262 1.1612209333744519e-10 1
2 57 84 1002.2742838331562 1.1685318731439067e-10 1
2 57 85 1002.2742838331562 1.1746918575837317e-10 1
2 57 86 1003.4664225050362 1.179871113627607e-10 1
2 57 87 1004.1502603956562 1.1841679691381569e-10 1
2 57 88 1005.1276773878462 1.1875959861371993e-10 1
2 57 89 1006.0514444776862 1.1875959861371993e-10 1
2 57 90 1006.0514444776862 1.2076016845541137e-10 1
2 57 91 1007.1899942823762 1.2094279872147872e-10 1
2 58 24 963.1248087355062 9.849946768491547e-11 1
2 58 25 964.4310831495662 1.0069703659704535e-10 1
2 58 26 967.4838785597262 1.0160733099324526e-10 1
2 58 27 971.1090006300362 1.0079146073551636e-10 1
2 58 28 975.1276773878462 9.697546725219942e-11 1
2 58 29 976.9672159620662 9.196729661597941e-11 1
2 58 30 980.2621988722262 9.072648573170657e-11 1
2 58 31 982.1761393019062 9.106896836082203e-11 1
2 58 32 982.7944864698762 9.111471083729038e-11 1
2 58 33 984.4774698683162 9.107633546115684e-11 1
2 58 34 985.0374063917562 9.102261923935008e-11 1
2 58 35 985.0374063917562 9.119923740872158e-11 1
2 58 36 985.1911539503462 9.104979007532319e-11 1
2 58 37 985.5886759230062 9.08554016098168e-11 1
2 58 38 986.8386148878462 9.062792780023656e-11 1
2 58 39 987.0809244581562 9.037709295935868e-11 1
2 58 40 987.0809244581562 9.011543565098674e-11 1
2 58 41 987.4285196730062 8.944641247357811e-11 1
2 58 42 987.9541544386262 9.020182410396183e-11 1
2 58 43 988.5057291456562 8.901052259863635e-11 1
2 59 24 964.0471109815962 9.942954242019663e-11 1
2 59 25 966.1911539503462 1.0188492395087527e-10 1
2 59 26 968.6195597120662 1.0129407446047214e-10 1
