4 55 104 981.2742327327672 1.8372260423062345e-11 1
4 55 105 1001.8759783382372 1.9845640333342327e-11 1
4 55 106 1025.3692644710472 2.0534329000000592e-11 1
4 55 107 1018.3259905452672 2.195271871572142e-11 1
4 56 79 960.8976458187072 1.002048224845866e-11 1
4 56 80 960.8976458187072 1.0185222143759727e-11 1
4 56 81 963.8838518733972 1.0353140904696422e-11 1
4 56 82 966.6916521663672 1.0522515991026294e-11 1
4 56 83 968.6898821468372 1.0694181001144592e-11 1
4 56 84 975.6058977718372 1.0865354169971832e-11 1
4 56 85 975.6058977718372 1.1035238596841455e-11 1
4 56 86 978.6192034358972 1.1204755074438205e-11 1
4 56 87 982.9491594905872 1.1373548368175559e-11 1
4 56 88 987.8273943538672 1.1537502226478173e-11 1
4 56 89 997.5078753108972 1.1700128936264492e-11 1
4 56 90 997.5078753108972 1.1856838229305817e-11 1
4 56 91 1001.1719988460472 1.2007093911450899e-11 1
4 56 92 1004.3567522640172 1.2152843435368577e-11 1
4 56 93 1007.5914324397972 1.2293584026110095e-11 1
4 56 94 1012.5737322444872 1.2424095230033457e-11 1
4 56 95 1012.5737322444872 1.2547428946740697e-11 1
4 56 96 1014.7865618343372 1.2660942093321015e-11 1
4 56 97 1017.0427874202672 1.2763950635535526e-11 1
4 56 98 1017.4180925960472 1.2878388617573252e-11 1
4 56 99 1018.3799456233972 1.301949906705244e-11 1
4 56 100 1019.8902605647972 1.3180530586286186e-11 1
4 56 101 1021.3963030452672 1.3389455824813516e-11 1
4 56 102 1024.2865618343374 1.3870949959786833e-11 1
4 56 103 1027.2263201351172 1.5018946707444906e-11 1
4 56 104 1029.6262835140174 1.6887979529096187e-11 1
4 56 105 1034.0184343929272 1.880983371769403e-11 1
4 57 32 977.2877215022972 7.847276977952783e-12 1
4 57 33 979.5645769710472 7.821272425048337e-12 1
4 57 34 978.2658709163672 7.803611380741793e-12 1
4 57 35 978.2658709163672 7.78862182919207e-12 1
4 57 36 975.9766863460472 7.774795363989054e-12 1
4 57 37 974.9226091976172 7.762247519389725e-12 1
4 57 38 977.7921160335472 7.750460664094526e-12 1
4 57 39 978.9511736507372 7.740740118502455e-12 1
4 57 40 978.9511736507372 7.733223591696811e-12 1
4 57 41 978.7783220882372 7.728125194439856e-12 1
4 57 42 978.2567766780872 7.725877146482203e-12 1
4 57 43 976.7051409358972 7.726624841508825e-12 1
4 57 44 979.8162859554272 7.730485541544824e-12 1
4 57 45 979.8162859554272 7.737288156448678e-12 1
4 57 46 981.5182512874572 7.746901412735638e-12 1
4 57 47 980.7147844905872 7.758982341305278e-12 1
4 57 48 976.8132952327672 7.772444028004332e-12 1
4 57 49 979.4644182796472 7.78672084418307e-12 1
4 57 50 979.4644182796472 7.801008390035311e-12 1
4 57 51 981.8778093929272 7.807792136805232e-12 1
4 57 52 985.3115862483972 7.807152769620161e-12 1
4 57 53 988.2398089046472 7.796061218945337e-12 1
4 57 54 988.4749773616772 7.780712697657719e-12 1
4 57 55 988.4749773616772 7.766759978827352e-12 1
4 57 56 989.5347307796472 7.759315550083485e-12 1
4 57 57 989.3745134944872 7.759542560253826e-12 1
4 57 58 990.6770037288672 7.764996934507406e-12 1
4 57 59 991.6887224788672 7.777195682073385e-12 1
4 57 60 991.6887224788672 7.798966588574031e-12 1
4 57 61 992.9375628108972 7.830003961627755e-12 1
4 57 62 993.6020525569872 7.869520549271755e-12 1
4 57 63 994.7279680843372 7.9178651297985e-12 1
4 57 64 998.4392107601172 7.97623937063418e-12 1
4 57 65 998.4392107601172 8.04230839420483e-12 1
4 57 66 1000.3272112483972 8.117713333465605e-12 1
4 57 67 1001.0399187679272 8.198703340563599e-12 1
4 57 68 1001.6904924983972 8.286660411352969e-12 1
4 57 69 1001.4597185726172 8.381083078369089e-12 1
4 57 70 1001.4597185726172 8.479668990358088e-12 1
4 57 71 1000.4268816585472 8.584149418603971e-12 1
4 57 72 998.8300799007372 8.697732697749512e-12 1
4 57 73 996.4815081233972 8.820792449625822e-12 1
4 57 74 994.2395647640172 8.95308115971634e-12 1
4 57 75 994.2395647640172 9.093510260538158e-12 1
4 57 76 995.7169207210472 9.242046320070433e-12 1
4 57 77 995.0176409358972 9.398156501977564e-12 1
4 57 78 993.9266375179272 9.561624981948809e-12 1
4 57 79 999.3159807796472 9.729857865341717e-12 1
4 57 80 999.3159807796472 9.905078341989281e-12 1
4 57 81 1001.5596941585472 1.0085024307856674e-11 1
4 57 82 1004.6357439632372 1.031207171371261e-11 1
4 57 83 1006.8271502132372 1.0502547271559205e-11 1
4 57 84 1012.0300921077672 1.0698480017892103e-11 1
4 57 85 1012.0300921077672 1.089843581104603e-11 1
4 57 86 1013.2222307796472 1.1100477820555986e-11 1
4 57 87 1013.9060686702672 1.1302788875541688e-11 1
4 57 88 1014.8834856624572 1.1504497016179716e-11 1
4 57 89 1015.8072527522972 1.1504497016179716e-11 1
4 57 90 1015.8072527522972 1.1832924223316465e-11 1
4 57 91 1016.9458025569872 1.2014890279977645e-11 1
4 58 24 972.8806170101172 8.396055338460146e-12 1
4 58 25 974.1868914241772 8.366170373170636e-12 1
4 58 26 977.2396868343372 8.333350066139275e-12 1
4 58 27 980.8648089046472 8.254824535017892e-12 1
4 58 28 984.8834856624572 8.131890057293462e-12 1
4 58 29 986.7230242366772 8.016367056711579e-12 1
4 58 30 990.0180071468372 7.936908412684556e-12 1
4 58 31 991.9319475765172 7.863167216582527e-12 1
4 58 32 992.5502947444872 7.805218345762342e-12 1
4 58 33 994.2332781429272 7.765220841284987e-12 1
4 58 34 994.7932146663672 7.738672714637493e-12 1
4 58 35 994.7932146663672 7.693197138763524e-12 1
4 58 36 994.9469622249572 7.673712651451087e-12 1
4 58 37 995.3444841976172 7.655207295435164e-12 1
4 58 38 996.5944231624572 7.637814500729372e-12 1
4 58 39 996.8367327327672 7.621586198434903e-12 1
4 58 40 996.8367327327672 7.606658147246865e-12 1
4 58 41 997.1843279476172 7.606658147246865e-12 1
4 58 42 997.7099627132372 7.571453163070964e-12 1
4 58 43 998.2615374202672 7.562580596769593e-12 1
4 59 24 973.8029192562072 8.78300276680096e-12 1
4 59 25 975.9469622249572 8.698866649278362e-12 1
4 59 26 978.3753679866772 8.682438385237923e-12 1
