2 19 27 1001.6110410217192 3.1351201793252124e-10 1
2 20 17 924.8442563537592 1.86218191297687e-10 1
2 20 18 932.7225522521892 1.8464022906941621e-10 1
2 20 19 940.1516294006292 1.9766020944635173e-10 1
2 20 20 951.4482602600092 2.2434893003946843e-10 1
2 20 21 956.0330991271892 2.554288094682041e-10 1
2 20 22 975.6554135803192 2.767110880162794e-10 1
2 20 23 1004.6276425842192 2.830114595474337e-10 1
2 20 24 1016.5350522521892 2.8269137906288287e-10 1
2 20 25 1020.5338315490692 2.9108968591064874e-10 1
2 20 26 1026.0829648498493 2.8241918725190666e-10 1
2 20 27 1036.2272519592193 2.6121777980122466e-10 1
2 21 11 970.2716855529692 2.2368257687503054e-10 1
2 21 12 976.4097470764092 2.277061364630045e-10 1
2 21 13 983.2520932678192 2.0938762469381843e-10 1
2 21 14 987.9196958068792 2.0328187962949494e-10 1
2 21 15 991.1884946350092 2.0486672395384064e-10 1
2 21 16 995.7516660217192 2.0391283755053223e-10 1
2 21 17 999.1815366271892 1.9647858610462982e-10 1
2 21 18 1002.2735776428192 1.9068198526201937e-10 1
