1 19 27 991.8963964951023 8.025265765914338e-09 1
1 20 17 915.1296118271423 9.000000000000001e-07 1
1 20 18 923.0079077255723 1.6143736820163768e-07 1
1 20 19 930.4369848740123 5.339263459249444e-08 1
1 20 20 941.7336157333923 2.340047091986865e-08 1
1 20 21 946.3184546005723 1.6476161909824505e-08 1
1 20 22 965.9407690537023 1.093139158965714e-08 1
1 20 23 994.9129980576023 7.837335980624142e-09 1
1 20 24 1006.8204077255723 7.080239920902328e-09 1
1 20 25 1010.8191870224523 6.904690488359578e-09 1
1 20 26 1016.3683203232323 7.171014814144638e-09 1
1 20 27 1026.5126074326024 7.156911756854627e-09 1
1 21 11 960.5570410263523 1.0642035279192093e-08 1
1 21 12 966.6951025497923 1.036982568711014e-08 1
1 21 13 973.5374487412023 1.1379525096831459e-08 1
1 21 14 978.2050512802623 1.2278974953409665e-08 1
1 21 15 981.4738501083923 1.2434236988851996e-08 1
1 21 16 986.0370214951023 1.2506955093842877e-08 1
1 21 17 989.4668921005723 1.2997363612564518e-08 1
1 21 18 992.5589331162023 1.326379531499846e-08 1
