1 1 5 1.597318508285366e-11 rain_mult
1 2 4 1.7839031051623666e-11 rain_mult
1 2 5 2.413569965433603e-10 rain_mult
1 2 9 1.3829101388592383e-11 rain_mult
1 3 4 8.964087375440907e-11 rain_mult
1 3 5 7.075899932251299e-10 rain_mult
1 3 6 5.351600688465144e-11 rain_mult
1 3 8 8.565849270270296e-13 rain_mult
1 3 9 4.960380996309038e-10 rain_mult
1 4 5 9.259324113309025e-10 rain_mult
1 4 6 1.6040776387530567e-10 rain_mult
1 4 7 1.2590942775025348e-10 rain_mult
1 4 8 3.070902495678763e-10 rain_mult
1 4 9 4.773852763204255e-10 rain_mult
1 4 10 1.1855116127989952e-11 rain_mult
1 5 5 7.282496254591644e-10 rain_mult
1 5 6 3.821097969923248e-12 rain_mult
1 5 7 3.771172841558432e-10 rain_mult
1 5 8 9.024221551088141e-10 rain_mult
1 5 9 1.0122722140150627e-09 rain_mult
1 5 10 5.585643928808967e-10 rain_mult
1 6 4 5.5091444621636855e-12 rain_mult
1 6 5 9.616900231198417e-10 rain_mult
1 6 6 3.938929861323044e-11 rain_mult
1 6 7 5.703705542414998e-10 rain_mult
1 6 8 6.490580416203969e-10 rain_mult
1 6 9 8.640362873656373e-10 rain_mult
1 6 10 7.677849440814272e-10 rain_mult
1 6 11 2.0926936479255363e-10 rain_mult
1 6 12 1.6626531231802964e-10 rain_mult
1 6 13 1.0101753019144717e-10 rain_mult
1 7 4 8.272591530662387e-12 rain_mult
1 7 5 1.087390327126325e-09 rain_mult
1 7 6 2.71939913325109e-10 rain_mult
1 7 7 7.577494607646959e-10 rain_mult
1 7 8 7.952509620897517e-10 rain_mult
1 7 9 2.021145304268581e-10 rain_mult
1 7 10 1.0284242361331694e-09 rain_mult
1 7 11 1.002751626684545e-09 rain_mult
1 7 12 5.236736722595266e-10 rain_mult
1 7 13 7.790194391755457e-10 rain_mult
1 7 14 3.5894005349151377e-10 rain_mult
1 7 15 3.2767402910739775e-10 rain_mult
1 8 4 1.2765969784474215e-10 rain_mult
1 8 5 1.1482702227658028e-09 rain_mult
1 8 6 2.998297655442278e-10 rain_mult
1 8 7 7.644394754884128e-10 rain_mult
1 8 8 6.979154460222403e-10 rain_mult
1 8 9 1.6544988870253155e-10 rain_mult
1 8 10 6.980837115436261e-10 rain_mult
1 8 11 1.3207434968687298e-10 rain_mult
1 8 12 7.053126036939501e-10 rain_mult
1 8 13 7.476587496384178e-10 rain_mult
1 8 14 5.897716104942236e-10 rain_mult
1 8 15 6.901802576365058e-10 rain_mult
1 8 16 3.1269608735297956e-10 rain_mult
1 8 17 1.5313042958375922e-10 rain_mult
1 8 18 8.1918682340223e-11 rain_mult
1 8 19 6.028025900140639e-11 rain_mult
1 8 20 4.853146632751604e-11 rain_mult
1 8 21 1.4732253800057834e-11 rain_mult
1 9 4 5.882907475808425e-10 rain_mult
1 9 5 5.774901405542818e-10 rain_mult
1 9 6 4.933038420984348e-10 rain_mult
1 9 7 7.158292289244214e-10 rain_mult
1 9 8 4.878648857972477e-10 rain_mult
1 9 9 9.658861310924708e-11 rain_mult
1 9 10 2.950738579529688e-11 rain_mult
1 9 11 4.2743706799748895e-10 rain_mult
1 9 12 6.01807580715393e-10 rain_mult
1 9 13 6.552534631482768e-10 rain_mult
1 9 14 7.800169643357673e-10 rain_mult
1 9 15 8.535190075513377e-10 rain_mult
1 9 16 7.246376052147941e-10 rain_mult
1 9 17 4.2850800972964535e-10 rain_mult
1 9 18 4.969184385911395e-10 rain_mult
1 9 19 1.0664553447064079e-09 rain_mult
1 9 20 9.820563850142955e-10 rain_mult
1 9 21 9.245467296790426e-10 rain_mult
1 9 22 8.29148943899205e-10 rain_mult
1 9 23 6.470750872305501e-10 rain_mult
1 9 24 4.989502829999331e-10 rain_mult
1 9 25 5.820421028316391e-10 rain_mult
1 9 26 4.785544643762906e-11 rain_mult
1 10 3 6.227456488018718e-11 rain_mult
1 10 4 1.0941762596922809e-09 rain_mult
1 10 5 6.520826056065363e-10 rain_mult
1 10 6 5.765257772907168e-10 rain_mult
1 10 7 5.2953733046054e-10 rain_mult
1 10 8 1.1574074074074074e-09 rain_mult
1 10 9 5.537819117229966e-10 rain_mult
1 10 11 4.106781061599717e-10 rain_mult
1 10 12 3.2302024287497796e-10 rain_mult
1 10 13 5.780828926672284e-10 rain_mult
1 10 14 3.425480667787718e-10 rain_mult
1 10 15 6.19300898820035e-10 rain_mult
1 10 16 8.42311386807676e-10 rain_mult
1 10 17 7.740777541762552e-10 rain_mult
1 10 18 2.623133906863302e-10 rain_mult
1 10 19 4.779050818061153e-10 rain_mult
1 10 20 6.261640507531675e-10 rain_mult
1 10 21 5.305935493784524e-10 rain_mult
1 10 22 6.883798572130418e-10 rain_mult
1 10 23 9.224584859327337e-10 rain_mult
1 10 24 1.1574074074074074e-09 rain_mult
1 10 25 1.1574074074074074e-09 rain_mult
1 10 26 6.987419311151854e-10 rain_mult
1 10 27 2.2398848002101547e-12 rain_mult
1 11 3 2.4665738003080378e-11 rain_mult
1 11 4 9.747418801500214e-10 rain_mult
1 11 5 7.726867293162814e-10 rain_mult
1 11 6 1.885476083895554e-10 rain_mult
1 11 7 8.491592701852658e-10 rain_mult
1 11 8 1.1574074074074074e-09 rain_mult
1 11 9 7.390544921902793e-10 rain_mult
1 11 10 2.276184500614878e-11 rain_mult
1 11 11 7.985681327105504e-11 rain_mult
1 11 12 2.505440050884124e-10 rain_mult
1 11 13 5.433485487436229e-10 rain_mult
1 11 14 6.162681425374974e-10 rain_mult
1 11 15 5.190839740521088e-10 rain_mult
1 11 16 7.216388628606268e-10 rain_mult
1 11 17 1.0729799872347302e-09 rain_mult
1 11 18 1.0427158269103693e-09 rain_mult
1 11 19 7.7673680448564e-10 rain_mult
1 11 20 8.292429206057609e-10 rain_mult
1 11 21 7.126255131149434e-10 rain_mult
1 11 22 8.820652379506114e-10 rain_mult
1 11 23 1.1415692634943323e-09 rain_mult
1 11 24 1.1574074074074074e-09 rain_mult
1 11 25 1.1574074074074074e-09 rain_mult
1 11 26 1.1574074074074074e-09 rain_mult
1 11 27 2.6237188987926776e-10 rain_mult
1 12 2 7.777916729892159e-11 rain_mult
1 12 3 6.693286964513173e-10 rain_mult
1 12 4 1.1574074074074074e-09 rain_mult
1 12 5 1.127989061811271e-09 rain_mult
1 12 6 6.600378068654634e-10 rain_mult
1 12 7 1.5305521785288611e-10 rain_mult
1 12 8 1.0764678745491905e-09 rain_mult
1 12 9 6.338513782666371e-10 rain_mult
1 12 10 8.468494684826366e-11 rain_mult
1 12 11 2.0986222553771997e-10 rain_mult
1 12 12 3.087367913690287e-10 rain_mult
1 12 13 4.4149735709970873e-10 rain_mult
1 12 14 2.8215866319963936e-10 rain_mult
1 12 15 8.684407990573884e-10 rain_mult
1 12 16 8.49382386186992e-10 rain_mult
1 12 17 2.719179777959709e-10 rain_mult
1 12 18 2.8227919558024033e-10 rain_mult
1 12 19 5.099405146531912e-10 rain_mult
1 12 20 3.69420026336672e-10 rain_mult
1 12 21 4.5425442175003945e-10 rain_mult
1 12 22 6.29590025127417e-10 rain_mult
1 12 23 9.32012194088785e-10 rain_mult
1 12 24 1.0315900932019582e-09 rain_mult
1 12 25 1.1574074074074074e-09 rain_mult
1 12 26 1.1574074074074074e-09 rain_mult
1 12 27 1.866279764486302e-10 rain_mult
1 13 1 9.138438297169469e-12 rain_mult
1 13 2 9.83994440820542e-10 rain_mult
1 13 3 1.1574074074074074e-09 rain_mult
1 13 4 1.1574074074074074e-09 rain_mult
1 13 5 1.1574074074074074e-09 rain_mult
1 13 6 6.539928808067469e-10 rain_mult
1 13 7 2.3224681961733213e-10 rain_mult
1 13 8 2.7518221787419726e-10 rain_mult
1 13 9 5.432955332545319e-10 rain_mult
1 13 10 8.154453179637776e-11 rain_mult
1 13 11 7.758122614093143e-10 rain_mult
1 13 12 4.3034446703528717e-10 rain_mult
1 13 13 4.996650299108122e-10 rain_mult
1 13 14 7.509356198400814e-10 rain_mult
1 13 15 7.068364075331894e-10 rain_mult
1 13 16 1.154767275350061e-09 rain_mult
1 13 17 6.137278915669313e-10 rain_mult
1 13 18 1.6372830522385532e-10 rain_mult
1 13 19 9.801378234994557e-11 rain_mult
1 13 20 2.46187970028223e-10 rain_mult
1 13 21 6.814142213972541e-10 rain_mult
1 13 22 9.882724651295814e-10 rain_mult
1 13 23 1.0159301921521716e-09 rain_mult
1 13 24 1.1448596834802135e-09 rain_mult
1 13 25 1.1574074074074074e-09 rain_mult
1 13 26 1.1571580594400601e-09 rain_mult
1 13 27 1.0460003576789192e-10 rain_mult
1 14 2 4.945122907093419e-10 rain_mult
1 14 3 1.1574074074074074e-09 rain_mult
1 14 4 1.1574074074074074e-09 rain_mult
1 14 5 1.1574074074074074e-09 rain_mult
1 14 6 1.1574074074074074e-09 rain_mult
1 14 7 6.403629851053723e-10 rain_mult
1 14 8 5.432985654609265e-10 rain_mult
1 14 9 6.234552530933881e-10 rain_mult
1 14 10 5.765821454598901e-10 rain_mult
1 14 11 4.586500000638328e-10 rain_mult
1 14 12 8.578398762598674e-10 rain_mult
1 14 13 1.6224709197161838e-10 rain_mult
1 14 14 4.958769297642889e-10 rain_mult
1 14 15 6.092631674520057e-10 rain_mult
1 14 16 1.1561419712262504e-09 rain_mult
1 14 17 7.851890316042356e-10 rain_mult
1 14 18 6.962017238449295e-10 rain_mult
1 14 19 6.596276116252066e-10 rain_mult
1 14 20 4.443163049946745e-10 rain_mult
1 14 21 2.7076281695635425e-10 rain_mult
1 14 22 4.690516978374487e-10 rain_mult
1 14 23 9.966252030928273e-10 rain_mult
1 14 24 7.736627242372765e-10 rain_mult
1 14 25 1.1574074074074074e-09 rain_mult
1 14 26 1.0624498823151688e-09 rain_mult
1 15 2 7.890344784717275e-11 rain_mult
1 15 3 9.784476411327038e-10 rain_mult
1 15 4 1.1574074074074074e-09 rain_mult
1 15 5 1.1574074074074074e-09 rain_mult
1 15 6 1.119538662825554e-09 rain_mult
1 15 7 7.166411613175804e-10 rain_mult
1 15 8 1.1574074074074074e-09 rain_mult
1 15 9 1.1574074074074074e-09 rain_mult
1 15 10 4.988245957352877e-10 rain_mult
1 15 11 5.367208613909552e-10 rain_mult
1 15 12 5.685626799629062e-10 rain_mult
1 15 13 4.618276020898532e-10 rain_mult
1 15 14 8.349840058600435e-10 rain_mult
1 15 15 8.091828450269919e-10 rain_mult
1 15 16 1.1574074074074074e-09 rain_mult
1 15 17 4.4676919332221827e-10 rain_mult
1 15 18 1.2169204575592563e-10 rain_mult
1 15 19 1.9205606181715206e-10 rain_mult
1 15 20 5.607802793784185e-11 rain_mult
1 15 21 1.462381803790448e-10 rain_mult
1 15 22 1.092075897739426e-10 rain_mult
1 15 23 4.977571701675648e-10 rain_mult
1 15 24 7.45488888059951e-10 rain_mult
1 15 25 1.1574074074074074e-09 rain_mult
1 15 26 8.775314297924625e-10 rain_mult
1 16 3 3.5365850298546465e-10 rain_mult
1 16 4 1.1574074074074074e-09 rain_mult
1 16 5 1.1574074074074074e-09 rain_mult
1 16 6 1.1574074074074074e-09 rain_mult
1 16 7 1.1574074074074074e-09 rain_mult
1 16 8 1.1574074074074074e-09 rain_mult
1 16 9 1.1548417789243513e-09 rain_mult
1 16 10 9.568819674923978e-10 rain_mult
1 16 11 6.998596372965463e-10 rain_mult
1 16 12 4.682962477460025e-10 rain_mult
1 16 13 5.835093769443095e-10 rain_mult
1 16 14 5.560415495057123e-10 rain_mult
1 16 15 9.45377153011086e-10 rain_mult
1 16 16 1.1574074074074074e-09 rain_mult
1 16 17 1.0343479147729647e-09 rain_mult
1 16 18 4.2274877522065114e-10 rain_mult
1 16 19 1.442344294633768e-10 rain_mult
1 16 20 1.790175886317687e-10 rain_mult
1 16 21 2.378630254690919e-10 rain_mult
1 16 22 2.1505524976285104e-11 rain_mult
1 16 23 2.789651271836853e-10 rain_mult
1 16 24 4.3961509169426263e-10 rain_mult
1 16 25 1.1574074074074074e-09 rain_mult
1 16 26 6.299382531618859e-10 rain_mult
1 17 3 8.195829519015084e-11 rain_mult
1 17 4 8.025327010227367e-10 rain_mult
1 17 5 1.1542941731127895e-09 rain_mult
1 17 6 1.1574074074074074e-09 rain_mult
1 17 7 1.1574074074074074e-09 rain_mult
1 17 8 1.1574074074074074e-09 rain_mult
1 17 9 8.630968829149404e-10 rain_mult
1 17 10 1.052925841133027e-09 rain_mult
1 17 11 1.0047435971166284e-09 rain_mult
1 17 12 9.932997658723268e-10 rain_mult
1 17 13 1.145616853384209e-09 rain_mult
1 17 14 9.441429714261833e-10 rain_mult
1 17 15 1.1112570626684734e-09 rain_mult
1 17 16 9.24180361855292e-10 rain_mult
1 17 17 1.062488001428307e-09 rain_mult
1 17 18 3.752268997971126e-10 rain_mult
1 17 19 3.1404726535397554e-10 rain_mult
1 17 20 2.0822066582418487e-10 rain_mult
1 17 21 8.404134184555799e-11 rain_mult
1 17 22 2.782513286514239e-10 rain_mult
1 17 23 4.0373250505295254e-10 rain_mult
1 17 24 8.741733637786332e-10 rain_mult
1 17 25 1.1574074074074074e-09 rain_mult
1 17 26 6.076842684393352e-10 rain_mult
1 18 5 8.160293324249642e-10 rain_mult
1 18 6 1.1574074074074074e-09 rain_mult
1 18 7 1.1574074074074074e-09 rain_mult
1 18 8 1.1574074074074074e-09 rain_mult
1 18 9 7.126902665262522e-10 rain_mult
1 18 10 3.1783360815956923e-10 rain_mult
1 18 11 5.727127365944883e-10 rain_mult
1 18 12 5.806570049856707e-10 rain_mult
1 18 13 7.924614777190764e-10 rain_mult
1 18 14 7.718894413659044e-10 rain_mult
1 18 15 5.194155443904244e-10 rain_mult
1 18 16 1.493323941416026e-10 rain_mult
1 18 17 8.107334658015107e-10 rain_mult
1 18 18 6.024001853957059e-10 rain_mult
1 18 19 1.3715230153624632e-10 rain_mult
1 18 20 2.3411066396158625e-10 rain_mult
1 18 21 5.960830866290291e-11 rain_mult
1 18 22 1.4132568660701473e-10 rain_mult
1 18 23 4.1312217290521234e-10 rain_mult
1 18 24 9.852965007543273e-10 rain_mult
1 18 25 1.1449480448640075e-09 rain_mult
1 18 26 9.434334520508065e-10 rain_mult
1 18 27 2.198320770643281e-11 rain_mult
1 19 5 2.838939526840958e-10 rain_mult
1 19 6 9.583017241777258e-10 rain_mult
1 19 7 1.1574074074074074e-09 rain_mult
1 19 8 1.1574074074074074e-09 rain_mult
1 19 9 6.289662274206495e-10 rain_mult
1 19 10 1.833695974726435e-10 rain_mult
1 19 11 2.3659163999621857e-10 rain_mult
1 19 12 5.904028362362215e-10 rain_mult
1 19 13 2.0263500752590195e-10 rain_mult
1 19 14 1.0284826529839808e-10 rain_mult
1 19 15 1.0530803509510627e-10 rain_mult
1 19 16 1.506664600847905e-10 rain_mult
1 19 17 1.5562164531289535e-10 rain_mult
1 19 18 3.5871556217503027e-10 rain_mult
1 19 19 2.1111768665079659e-10 rain_mult
1 19 20 1.3892325102569494e-10 rain_mult
1 19 21 2.5987094929584797e-10 rain_mult
1 19 22 2.507533783251284e-10 rain_mult
1 19 23 6.888890506575009e-10 rain_mult
1 19 24 1.1292003843870386e-09 rain_mult
1 19 25 7.77140087112799e-10 rain_mult
1 19 26 1.1023627989117175e-09 rain_mult
1 19 27 1.7717971376611598e-10 rain_mult
1 20 6 2.9190580532316605e-12 rain_mult
1 20 7 6.505311885633153e-10 rain_mult
1 20 8 1.0602236195565202e-09 rain_mult
1 20 9 7.279554519958054e-10 rain_mult
1 20 10 2.022301930703219e-12 rain_mult
1 20 11 2.161438645339757e-10 rain_mult
1 20 12 5.25073200482823e-10 rain_mult
1 20 13 7.512893782468344e-10 rain_mult
1 20 14 6.853600640114814e-10 rain_mult
1 20 15 5.934813265578944e-10 rain_mult
1 20 16 5.918352911873316e-10 rain_mult
1 20 17 7.878852521353261e-10 rain_mult
1 20 18 4.323526147414675e-10 rain_mult
1 20 19 5.379527497671124e-10 rain_mult
1 20 20 2.8749490651854147e-10 rain_mult
1 20 21 2.6902553811358456e-10 rain_mult
1 20 22 2.0037221173891508e-10 rain_mult
1 20 23 2.472485727850878e-10 rain_mult
1 20 24 3.329739182411604e-10 rain_mult
1 20 25 3.810166585120227e-10 rain_mult
1 20 26 3.479740018559136e-10 rain_mult
1 21 8 3.457145333028539e-11 rain_mult
1 21 9 9.107262715466119e-10 rain_mult
1 21 10 8.595175515750121e-11 rain_mult
1 21 11 3.0295512277406523e-11 rain_mult
1 21 12 1.2627127515327576e-11 rain_mult
1 21 15 5.030053101011537e-12 rain_mult
1 21 16 4.220015992009341e-12 rain_mult
1 21 17 2.0335645706577053e-11 rain_mult
1 21 18 6.2052500881542454e-12 rain_mult
