1 1 5 4.813836600312063e-11 1
1 2 4 5.37614634432494e-11 1
1 2 5 7.273772498567022e-10 1
1 2 9 4.167674391082636e-11 1
1 3 4 2.7015057843794514e-10 1
1 3 5 2.1324629932812135e-09 1
1 3 6 1.6128111663867557e-10 1
1 3 8 2.5814888211773495e-12 1
1 3 9 1.4949093413534086e-09 1
1 4 5 2.7904812396273773e-09 1
1 4 6 4.834206582543459e-10 1
1 4 7 3.7945306993227076e-10 1
1 4 8 9.25477464451134e-10 1
1 4 9 1.438695353294433e-09 1
1 4 10 3.5727747235038215e-11 1
1 5 5 2.194724898644057e-09 1
1 5 6 1.1515637717576911e-11 1
1 5 7 1.1365178426614452e-09 1
1 5 8 2.7196284126567e-09 1
1 5 9 3.0506833847029286e-09 1
1 5 10 1.6833447456684557e-09 1
1 6 4 1.6602901118849463e-11 1
1 6 5 2.8982439052926735e-09 1
1 6 6 1.1870747527274925e-10 1
1 6 7 1.7189249579880815e-09 1
1 6 8 1.956065330910785e-09 1
1 6 9 2.6039449756224687e-09 1
1 6 10 2.3138724342179998e-09 1
1 6 11 6.306747980049562e-10 1
1 6 12 5.010735439721441e-10 1
1 6 13 3.04436392357786e-10 1
1 7 4 2.493109776364007e-11 1
1 7 5 3.277066739284815e-09 1
1 7 6 8.195449442674518e-10 1
1 7 7 2.283628511893604e-09 1
1 7 8 2.3966467350650053e-09 1
1 7 9 6.091122834782025e-10 1
1 7 10 3.099360711634209e-09 1
1 7 11 3.021991203706848e-09 1
1 7 12 1.5781946287273405e-09 1
1 7 13 2.3477298166934255e-09 1
1 7 14 1.0817371475086717e-09 1
1 7 15 9.875107726524317e-10 1
1 8 4 3.84727856518401e-10 1
1 8 5 3.460540397376392e-09 1
1 8 6 9.03596553694933e-10 1
1 8 7 2.303790200102066e-09 1
1 8 8 2.1033068236286694e-09 1
1 8 9 4.986161029391362e-10 1
1 8 10 2.103813925199969e-09 1
1 8 11 3.980322867275624e-10 1
1 8 12 2.1255996275708088e-09 1
1 8 13 2.253218149595232e-09 1
1 8 14 1.7773938946401259e-09 1
1 8 15 2.07999529698673e-09 1
1 8 16 9.4237177010487e-10 1
1 8 17 4.614889658688634e-10 1
1 8 18 2.4687822075135696e-10 1
1 8 19 1.8166653397684115e-10 1
1 8 20 1.4625921358977437e-10 1
1 8 21 4.4398573096064704e-11 1
1 9 4 1.7729310201066488e-09 1
1 9 5 1.7403812455060546e-09 1
1 9 6 1.486669113173365e-09 1
1 9 7 2.157293566621544e-09 1
1 9 8 1.4702777380191027e-09 1
1 9 9 2.9108897101416933e-10 1
1 9 10 8.892636815020976e-11 1
1 9 11 1.2881665062938025e-09 1
1 9 12 1.8136666816080338e-09 1
1 9 13 1.9747364642824783e-09 1
1 9 14 2.3507360569023127e-09 1
1 9 15 2.572249063853346e-09 1
1 9 16 2.1838393581815715e-09 1
1 9 17 1.2913940019249585e-09 1
1 9 18 1.4975624176719274e-09 1
1 9 19 3.213975011443969e-09 1
1 9 20 2.9596219822348632e-09 1
1 9 21 2.786305212731361e-09 1
1 9 22 2.498805036408563e-09 1
1 9 23 1.9500893039824797e-09 1
1 9 24 1.5036857843833598e-09 1
1 9 25 1.7540994879857616e-09 1
1 9 26 1.4422189337367661e-10 1
1 10 3 1.87676770871797e-10 1
1 10 4 3.2975174949630384e-09 1
1 10 5 1.965180455252575e-09 1
1 10 6 1.7374749452596946e-09 1
1 10 7 1.595865927415326e-09 1
1 10 8 3.4880771182141044e-09 1
1 10 9 1.6689317887542363e-09 1
1 10 11 1.2376600459615585e-09 1
1 10 12 9.734856634588378e-10 1
1 10 13 1.7421676217368528e-09 1
1 10 14 1.0323366396072574e-09 1
1 10 15 1.866386270416544e-09 1
1 10 16 2.5384726725710783e-09 1
1 10 17 2.332837067380495e-09 1
1 10 18 7.905335061779815e-10 1
1 10 19 1.4402618903745942e-09 1
1 10 20 1.8870697419958473e-09 1
1 10 21 1.5990490529213634e-09 1
1 10 22 2.0745694326968383e-09 1
1 10 23 2.780011875413718e-09 1
1 10 24 3.4880771182141044e-09 1
1 10 25 3.4880771182141044e-09 1
1 10 26 2.1057976006211067e-09 1
1 10 27 6.750337754058e-12 1
1 11 3 7.433510083120114e-11 1
1 11 4 2.93757826894527e-09 1
1 11 5 2.3286449376655057e-09 1
1 11 6 5.68225669119208e-10 1
1 11 7 2.5591101293254584e-09 1
1 11 8 3.4880771182141044e-09 1
1 11 9 2.2272875107104306e-09 1
1 11 10 6.859734111442098e-11 1
1 11 11 2.406643687620837e-10 1
1 11 12 7.550641249239826e-10 1
1 11 13 1.6374887770355758e-09 1
1 11 14 1.857246456962321e-09 1
1 11 15 1.564362661526903e-09 1
1 11 16 2.1748020524566836e-09 1
1 11 17 3.2336383176937075e-09 1
1 11 18 3.1424312591819346e-09 1
1 11 19 2.3408506436553535e-09 1
1 11 20 2.4990882538803756e-09 1
1 11 21 2.147638532675172e-09 1
1 11 22 2.6582787993032125e-09 1
1 11 23 3.440345725599358e-09 1
1 11 24 3.4880771182141044e-09 1
1 11 25 3.4880771182141044e-09 1
1 11 26 3.4880771182141044e-09 1
1 11 27 7.907098051156014e-10 1
1 12 2 2.344029699419555e-10 1
1 12 3 2.01715497560671e-09 1
1 12 4 3.4880771182141044e-09 1
1 12 5 3.3994190903901316e-09 1
1 12 6 1.9891550343890677e-09 1
1 12 7 4.6126230037856094e-10 1
1 12 8 3.244149758915369e-09 1
1 12 9 1.9102370303926048e-09 1
1 12 10 2.5521490830983565e-10 1
1 12 11 6.32461501620526e-10 1
1 12 12 9.304396452217304e-10 1
1 12 13 1.330539980300492e-09 1
1 12 14 8.503411767660363e-10 1
1 12 15 2.617218846474321e-09 1
1 12 16 2.5597825337142224e-09 1
1 12 17 8.19478837193337e-10 1
1 12 18 8.507044250363407e-10 1
1 12 19 1.536807030461672e-09 1
1 12 20 1.1133206273159978e-09 1
1 12 21 1.3689859285617628e-09 1
1 12 22 1.8973945962744075e-09 1
1 12 23 2.808803872596338e-09 1
1 12 24 3.1089016507456272e-09 1
1 12 25 3.4880771182141044e-09 1
1 12 26 3.4880771182141044e-09 1
1 12 27 5.624404769684745e-10 1
1 13 1 2.7540498977771e-11 1
1 13 2 2.9654626983632774e-09 1
1 13 3 3.4880771182141044e-09 1
1 13 4 3.4880771182141044e-09 1
1 13 5 3.4880771182141044e-09 1
1 13 6 1.9709374490066345e-09 1
1 13 7 6.999219221344256e-10 1
1 13 8 8.293162730455259e-10 1
1 13 9 1.6373290043287262e-09 1
1 13 10 2.457506437699056e-10 1
1 13 11 2.338064349452728e-09 1
1 13 12 1.2969285307912765e-09 1
1 13 13 1.505839816169571e-09 1
1 13 14 2.263093648833122e-09 1
1 13 15 2.1301919131137213e-09 1
1 13 16 3.4801205558494986e-09 1
1 13 17 1.8495909060921216e-09 1
1 13 18 4.934277691677832e-10 1
1 13 19 2.953840016025757e-10 1
1 13 20 7.419363480302611e-10 1
1 13 21 2.0535771055807657e-09 1
1 13 22 2.9783553743631224e-09 1
1 13 23 3.061707428403805e-09 1
1 13 24 3.450262059803383e-09 1
1 13 25 3.4880771182141044e-09 1
1 13 26 3.4873256585864826e-09 1
1 13 27 3.1523298450597565e-10 1
1 14 2 1.4903110130966465e-09 1
1 14 3 3.4880771182141044e-09 1
1 14 4 3.4880771182141044e-09 1
1 14 5 3.4880771182141044e-09 1
1 14 6 3.4880771182141044e-09 1
1 14 7 1.9298610510024917e-09 1
1 14 8 1.6373381424849842e-09 1
1 14 9 1.878906242199252e-09 1
1 14 10 1.7376448219339154e-09 1
1 14 11 1.3822328769047016e-09 1
1 14 12 2.5852708599612443e-09 1
1 14 13 4.88963838818576e-10 1
1 14 14 1.494423623947172e-09 1
1 14 15 1.8361355731430307e-09 1
1 14 16 3.4842634749284257e-09 1
1 14 17 2.3663231089442716e-09 1
1 14 18 2.0981421814504725e-09 1
1 14 19 1.987918829555417e-09 1
1 14 20 1.339035439709978e-09 1
1 14 21 8.159975305533963e-10 1
1 14 22 1.4135804592361464e-09 1
1 14 23 3.003528009320849e-09 1
1 14 24 2.331586292221929e-09 1
1 14 25 3.4880771182141044e-09 1
1 14 26 3.2019037549224263e-09 1
1 15 2 2.3779121269010967e-10 1
1 15 3 2.948746315742395e-09 1
1 15 4 3.4880771182141044e-09 1
1 15 5 3.4880771182141044e-09 1
1 15 6 3.373952134542765e-09 1
1 15 7 2.159740486162571e-09 1
1 15 8 3.4880771182141044e-09 1
1 15 9 3.4880771182141044e-09 1
1 15 10 1.5033070008460725e-09 1
1 15 11 1.617514924739865e-09 1
1 15 12 1.7134765697512244e-09 1
1 15 13 1.3918092117776399e-09 1
1 15 14 2.5163901546467064e-09 1
1 15 15 2.4386332315881946e-09 1
1 15 16 3.4880771182141044e-09 1
1 15 17 1.3464277059025755e-09 1
1 15 18 3.6674315159320056e-10 1
1 15 19 5.787990904078554e-10 1
1 15 20 1.6900227597705764e-10 1
1 15 21 4.407178038820528e-10 1
1 15 22 3.2911876370229277e-10 1
1 15 23 1.5000901018748528e-09 1
1 15 24 2.2466788407286193e-09 1
1 15 25 3.4880771182141044e-09 1
1 15 26 2.644615267867695e-09 1
1 16 3 1.065820145983592e-09 1
1 16 4 3.4880771182141044e-09 1
1 16 5 3.4880771182141044e-09 1
1 16 6 3.4880771182141044e-09 1
1 16 7 3.4880771182141044e-09 1
1 16 8 3.4880771182141044e-09 1
1 16 9 3.4803450871692776e-09 1
1 16 10 2.8837538746346237e-09 1
1 16 11 2.10916603020877e-09 1
1 16 12 1.4113037603304186e-09 1
1 16 13 1.758521409969152e-09 1
1 16 14 1.6757416560446126e-09 1
1 16 15 2.849081830992314e-09 1
1 16 16 3.4880771182141044e-09 1
1 16 17 3.117212893836332e-09 1
1 16 18 1.2740374047745652e-09 1
1 16 19 4.346791024923684e-10 1
1 16 20 5.395050616299879e-10 1
1 16 21 7.168474740164412e-10 1
1 16 22 6.481117116140716e-11 1
1 16 23 8.407168216494625e-10 1
1 16 24 1.324867399626545e-09 1
1 16 25 3.4880771182141044e-09 1
1 16 26 1.8984440506248617e-09 1
1 17 3 2.469976019429203e-10 1
1 17 4 2.418591701712357e-09 1
1 17 5 3.478694768285119e-09 1
1 17 6 3.4880771182141044e-09 1
1 17 7 3.4880771182141044e-09 1
1 17 8 3.4880771182141044e-09 1
1 17 9 2.6011138937162587e-09 1
1 17 10 3.1732011650584373e-09 1
1 17 11 3.027994402269291e-09 1
1 17 12 2.993506143724821e-09 1
1 17 13 3.4525439417058354e-09 1
1 17 14 2.845362379640552e-09 1
1 17 15 3.3489938874940292e-09 1
1 17 16 2.785201090522798e-09 1
1 17 17 3.202018634441473e-09 1
1 17 18 1.1308207939091065e-09 1
1 17 19 9.464438133955426e-10 1
1 17 20 6.275143353605572e-10 1
1 17 21 2.532752767948323e-10 1
1 17 22 8.385656479905926e-10 1
1 17 23 1.216728097419857e-09 1
1 17 24 2.6344950689219083e-09 1
1 17 25 3.4880771182141044e-09 1
1 17 26 1.8313772473514213e-09 1
1 18 5 2.459266481280714e-09 1
1 18 6 3.4880771182141044e-09 1
1 18 7 3.4880771182141044e-09 1
1 18 8 3.4880771182141044e-09 1
1 18 9 2.14783367994213e-09 1
1 18 10 9.578547095219895e-10 1
1 18 11 1.725983589736814e-09 1
1 18 12 1.7499252205047609e-09 1
1 18 13 2.3882400698383124e-09 1
1 18 14 2.32624215206163e-09 1
1 18 15 1.565361914601279e-09 1
1 18 16 4.500428316596243e-10 1
1 18 17 2.443306335292224e-09 1
1 18 18 1.8154526135213056e-09 1
1 18 19 4.133357032599204e-10 1
1 18 20 7.055389872814928e-10 1
1 18 21 1.7964147816217315e-10 1
1 18 22 4.2591302813072933e-10 1
1 18 23 1.2450257265636537e-09 1
1 18 24 2.9693867146020825e-09 1
1 18 25 3.4505283543846805e-09 1
1 18 26 2.843224102070924e-09 1
1 18 27 6.62507629508934e-11 1
1 19 5 8.555708163082339e-10 1
1 19 6 2.888032593412324e-09 1
1 19 7 3.4880771182141044e-09 1
1 19 8 3.4880771182141044e-09 1
1 19 9 1.8955146579800397e-09 1
1 19 10 5.526207047120764e-10 1
1 19 11 7.130159013584669e-10 1
1 19 12 1.7792962187940922e-09 1
1 19 13 6.106808445986086e-10 1
1 19 14 3.0995367624174765e-10 1
1 19 15 3.1736668110853944e-10 1
1 19 16 4.5406330436512205e-10 1
1 19 17 4.689967392991367e-10 1
1 19 18 1.0810605983357076e-09 1
1 19 19 6.362450830571952e-10 1
1 19 20 4.186728113103135e-10 1
1 19 21 7.831727239052952e-10 1
1 19 22 7.55695112760661e-10 1
1 19 23 2.0761039882828794e-09 1
1 19 24 3.4030696515773766e-09 1
1 19 25 2.342066015956381e-09 1
1 19 26 3.3221892569942172e-09 1
1 19 27 5.33966260665007e-10 1
1 20 6 8.797161256314594e-12 1
1 20 7 1.9605049518346493e-09 1
1 20 8 3.1951944698963624e-09 1
1 20 9 2.1938383484805096e-09 1
1 20 10 6.094608558283674e-12 1
1 20 11 6.513924684585569e-10 1
1 20 12 1.5824123850167267e-09 1
1 20 13 2.264159770058953e-09 1
1 20 14 2.0654686860619987e-09 1
1 20 15 1.7885738608594078e-09 1
1 20 16 1.7836132063179857e-09 1
1 20 17 2.3744487050653664e-09 1
1 20 18 1.302980482782505e-09 1
1 20 19 1.6212274650515716e-09 1
1 20 20 8.664230059462894e-10 1
1 20 21 8.107618956847753e-10 1
1 20 22 6.038614600350865e-10 1
1 20 23 7.45132685105744e-10 1
1 20 24 1.00348304127473e-09 1
1 20 25 1.1482693818170548e-09 1
1 20 26 1.0486887727164517e-09 1
1 21 8 1.0418794154332582e-10 1
1 21 9 2.744654516989789e-09 1
1 21 10 2.59032686776031e-10 1
1 21 11 9.130154384971828e-11 1
1 21 12 3.805435689550776e-11 1
1 21 15 1.5159064140034768e-11 1
1 21 16 1.2717856414274728e-11 1
1 21 17 6.128550760886236e-11 1
1 21 18 1.8700753690327864e-11 1
